# Bundle file v0.3
60 2974
0 0 0
0 0 0
0 0 0
0 0 0
0 0 0
0 0 0
0 0 0
0 0 0
0 0 0
0 0 0
0 0 0
0 0 0
0 0 0
0 0 0
0 0 0
0 0 0
0 0 0
0 0 0
0 0 0
0 0 0
0 0 0
0 0 0
0 0 0
0 0 0
0 0 0
0 0 0
0 0 0
0 0 0
0 0 0
0 0 0
0 0 0
0 0 0
0 0 0
0 0 0
0 0 0
0 0 0
0 0 0
0 0 0
0 0 0
0 0 0
0 0 0
0 0 0
0 0 0
0 0 0
0 0 0
0 0 0
0 0 0
0 0 0
0 0 0
0 0 0
0 0 0
0 0 0
0 0 0
0 0 0
0 0 0
0 0 0
0 0 0
0 0 0
0 0 0
0 0 0
0 0 0
0 0 0
0 0 0
0 0 0
0 0 0
0 0 0
0 0 0
0 0 0
0 0 0
0 0 0
0 0 0
0 0 0
0 0 0
0 0 0
0 0 0
0 0 0
0 0 0
0 0 0
0 0 0
0 0 0
0 0 0
0 0 0
0 0 0
0 0 0
0 0 0
0 0 0
0 0 0
0 0 0
0 0 0
0 0 0
0 0 0
0 0 0
0 0 0
0 0 0
0 0 0
0 0 0
0 0 0
0 0 0
0 0 0
0 0 0
0 0 0
0 0 0
0 0 0
0 0 0
0 0 0
0 0 0
0 0 0
0 0 0
0 0 0
0 0 0
0 0 0
0 0 0
0 0 0
0 0 0
0 0 0
0 0 0
0 0 0
0 0 0
0 0 0
0 0 0
0 0 0
0 0 0
0 0 0
0 0 0
0 0 0
0 0 0
0 0 0
0 0 0
0 0 0
0 0 0
0 0 0
0 0 0
0 0 0
0 0 0
0 0 0
0 0 0
0 0 0
0 0 0
0 0 0
0 0 0
0 0 0
0 0 0
0 0 0
0 0 0
0 0 0
0 0 0
0 0 0
0 0 0
0 0 0
0 0 0
0 0 0
0 0 0
0 0 0
0 0 0
0 0 0
0 0 0
0 0 0
0 0 0
0 0 0
0 0 0
0 0 0
0 0 0
0 0 0
0 0 0
0 0 0
0 0 0
0 0 0
0 0 0
0 0 0
0 0 0
0 0 0
0 0 0
0 0 0
0 0 0
0 0 0
0 0 0
0 0 0
0 0 0
0 0 0
0 0 0
5.5213128835e+002 2.2134314208e-002 -3.8409121770e-002
7.2902981610e-001 -6.5941133682e-001 -1.8355439552e-001
6.4392029468e-001 5.6976662804e-001 5.1061986219e-001
-2.3212535694e-001 -4.9045150468e-001 8.3998520238e-001
-1.9593011562e+000 3.8882856199e+000 -1.2496466428e+000
5.5598583662e+002 3.3617222745e-002 -6.8054907392e-002
7.8263174430e-001 -6.0478186661e-001 -1.4739893700e-001
5.9209050458e-001 6.5015884688e-001 4.7615366029e-001
-1.9213637655e-001 -4.5992648069e-001 8.6692055297e-001
-1.4887051722e+000 3.6727275687e+000 -1.0528269381e+000
5.5806057055e+002 -1.7523209847e-003 1.2572093797e-002
8.3600116527e-001 -5.3789683302e-001 -1.0848524647e-001
5.2801916904e-001 7.3477217732e-001 4.2579995840e-001
-1.4932450836e-001 -4.1325155109e-001 8.9829023524e-001
-1.3613459282e+000 3.2924924140e+000 -7.8348077635e-001
5.5914855840e+002 1.9514147626e-002 -2.4143301007e-002
9.0032290886e-001 -4.3339761617e-001 -3.9814144251e-002
4.1873833535e-001 8.3765237631e-001 3.5070885785e-001
-1.1864597042e-001 -3.3242292755e-001 9.3563782039e-001
-8.1688391035e-001 2.7562091661e+000 -3.3404540025e-001
5.5699376133e+002 8.8096437205e-003 1.1213951756e-002
9.2326788843e-001 -3.8357055390e-001 -2.1214060615e-002
3.7216318354e-001 8.7938720358e-001 2.9693890112e-001
-9.5241645337e-002 -2.8204924457e-001 9.5466080502e-001
-8.3092776218e-001 2.2936579036e+000 -4.5162648307e-001
5.5686806224e+002 1.1081450040e-002 -6.9362316430e-003
9.4409806484e-001 -3.2964147886e-001 -3.9165518752e-003
3.1994580297e-001 9.1333668646e-001 2.5189438327e-001
-7.9457706506e-002 -2.3906608413e-001 9.6774680588e-001
-6.4749795468e-001 1.8303931836e+000 -2.6925439619e-001
5.6164002556e+002 1.4168856265e-002 1.3119498386e-002
9.7656870547e-001 -2.1519675999e-001 1.9793894172e-003
2.1216956206e-001 9.6428931985e-001 1.5852502815e-001
-3.6022776511e-002 -1.5439061534e-001 9.8735297511e-001
-4.9271043639e-001 1.1441728922e+000 -2.2735440448e-001
5.5565547314e+002 2.5872864599e-002 -3.0887478355e-002
9.8708771052e-001 -1.6017553994e-001 1.2838023945e-003
1.5941794785e-001 9.8313712464e-001 8.9595268077e-002
-1.5613124235e-002 -8.8233726896e-002 9.9597742936e-001
-3.4112942096e-001 5.3009612255e-001 -2.0801063299e-001
0 0 0
0 0 0
0 0 0
0 0 0
0 0 0
5.5529948593e+002 2.4217538485e-002 -2.3049700552e-002
9.9531630477e-001 -9.6671640619e-002 2.1761165534e-004
9.6588803203e-002 9.9455169006e-001 3.9211463918e-002
-4.0070625876e-003 -3.9006790522e-002 9.9923091112e-001
-4.5344522693e-001 1.4247399516e-001 -2.8972486838e-001
5.5555865635e+002 2.7982729527e-002 -5.8590069668e-002
9.9986629067e-001 -3.1241845437e-003 -1.6051176214e-002
3.1187333878e-003 9.9999507026e-001 -3.6463111251e-004
1.6052236261e-002 3.1452301875e-004 9.9987110509e-001
-8.7369290723e-002 -3.2535449924e-003 -1.9751435362e-001
5.5527166858e+002 2.1592811211e-002 -5.3149372109e-002
9.9528811570e-001 9.4969619991e-002 -1.9553465771e-002
-9.6156417143e-002 9.9268015759e-001 -7.3075633204e-002
1.2470372367e-002 7.4611500486e-002 9.9713470194e-001
3.2284200683e-002 -2.7673975969e-001 3.2252313765e-002
5.5486626126e+002 2.1460042547e-002 -5.9399194946e-002
9.8634370372e-001 1.6381610902e-001 -1.7040556422e-002
-1.6455158708e-001 9.7577429383e-001 -1.4417802428e-001
-6.9909460349e-003 1.4501313707e-001 9.8940503170e-001
-1.1808226371e-001 -6.6465223562e-001 -6.2346428696e-002
5.5526503635e+002 1.8830018002e-002 -5.7689688377e-002
9.7560008242e-001 2.1804943512e-001 -2.5669496023e-002
-2.1889842553e-001 9.5697453466e-001 -1.9048154587e-001
-1.6969339466e-002 1.9145282411e-001 9.8135511292e-001
-1.5019638607e-001 -9.7446562006e-001 5.6125580668e-002
5.5442252843e+002 5.1594399378e-003 -3.1621123535e-002
9.4016140709e-001 3.3687818799e-001 -5.1084391682e-002
-3.3685862293e-001 8.9644043023e-001 -2.8795975970e-001
-5.1213248006e-002 2.8793687070e-001 9.5627901876e-001
-5.3956574053e-001 -1.6967253620e+000 -9.5685692761e-002
5.5708246004e+002 6.2329162786e-003 -5.8525616627e-002
9.1676086606e-001 3.9436778801e-001 -6.3431555561e-002
-3.9192130660e-001 8.5743840586e-001 -3.3346224614e-001
-7.7118116513e-002 3.3056531570e-001 9.4062711430e-001
-6.8614856603e-001 -1.8352861221e+000 -7.9014604116e-002
5.5102200859e+002 -3.1850485847e-002 1.1251636938e-002
8.7741425723e-001 4.7197392431e-001 -8.5935068386e-002
-4.6502586728e-001 7.9274257229e-001 -3.9409409644e-001
-1.1787775008e-001 3.8574580861e-001 9.1504371872e-001
-8.8815655169e-001 -2.3404476660e+000 -1.7611353788e-001
5.5028036964e+002 -3.7338483647e-002 2.2381920043e-002
8.3926220795e-001 5.2742649528e-001 -1.3213719531e-001
-5.2620079693e-001 7.2665624660e-001 -4.4168248843e-001
-1.3693672852e-001 4.4021811793e-001 8.8738736808e-001
-1.0674312944e+000 -2.3222239681e+000 -4.4570677314e-001
5.4899072914e+002 -3.3539796749e-002 -9.9915563677e-003
7.9503442304e-001 5.8084773109e-001 -1.7474604276e-001
-5.8437636959e-001 6.5627102535e-001 -4.7729718201e-001
-1.6255622057e-001 4.8158514779e-001 8.6119174438e-001
-1.3053830057e+000 -2.4057576047e+000 -5.3643104130e-001
0 0 0
0 0 0
0 0 0
0 0 0
0 0 0
0 0 0
0 0 0
0 0 0
0 0 0
0 0 0
0 0 0
0 0 0
0 0 0
0 0 0
0 0 0
0 0 0
0 0 0
0 0 0
0 0 0
0 0 0
0 0 0
0 0 0
0 0 0
0 0 0
0 0 0
9.9571620427e-001 -1.8741739742e+000 -6.7220471635e+000
88 70 55
15 46 1364 82.5600 -150.4800 49 1008 46.9400 -137.6100 45 1546 57.6300 -150.4300 47 1022 79.4300 -143.0700 48 1217 53.3700 -134.8000 43 1464 77.0600 -143.8300 42 1181 74.0100 -128.8500 41 1386 81.2900 -108.3000 50 994 9.4100 -138.7400 40 1298 81.9700 -85.0000 51 377 -6.3200 -126.6500 39 1065 106.3400 -68.9500 38 1341 108.4000 -38.6700 36 1573 109.4500 2.1200 37 1454 126.6500 -15.1700
9.0344522729e-001 -1.8728147407e+000 -6.8371539276e+000
91 68 50
11 46 1200 73.9400 -147.9600 49 845 39.9900 -132.7000 45 1399 49.5100 -149.7500 47 865 71.3100 -139.3300 48 1073 46.4600 -130.3400 43 1314 68.4600 -143.4400 40 1179 73.0500 -88.4500 39 976 96.8000 -73.6500 38 1234 101.3800 -46.8300 36 1480 103.6000 -8.0700 37 1353 120.7700 -25.0800
1.0046556073e+000 -2.4547894125e+000 -6.8422886312e+000
32 23 27
15 46 1430 81.4800 -193.3900 49 1079 34.9800 -174.7100 45 1601 61.1200 -195.0700 47 1080 73.0000 -184.6900 48 1278 44.5100 -172.9300 43 1471 84.4900 -188.9800 42 1249 85.2700 -177.4300 41 1388 99.7000 -157.3800 50 1070 -4.9700 -169.4800 40 1331 103.5500 -132.8900 51 459 -22.4600 -156.3400 39 1068 132.7700 -118.5100 38 1381 142.4900 -82.5900 36 1580 152.1900 -33.0300 37 1459 165.6700 -53.7200
8.0078610535e-001 -2.4057075363e+000 -6.8842977297e+000
122 46 46
13 46 1428 66.0300 -189.2800 49 1078 22.4000 -166.5600 45 1600 45.6800 -192.1700 47 1079 58.6600 -178.3600 48 1277 31.1000 -166.1500 43 1528 67.6500 -188.1200 42 1292 67.5600 -176.9100 41 1423 80.6000 -160.0500 40 1330 84.3700 -136.1100 39 1067 112.6700 -123.0800 38 1380 122.6000 -90.8500 36 1579 133.8600 -44.6800 37 1496 146.7600 -64.5100
1.8380671303e+000 -1.3466299893e+000 -6.0874806240e+000
182 148 104
18 46 1359 165.2300 -119.3000 49 1009 134.7700 -134.9700 45 1537 132.6200 -110.5800 47 1017 168.4200 -122.5700 48 1214 139.3300 -123.7100 43 1452 151.5200 -93.7600 42 1237 145.3400 -66.8800 41 1377 144.6700 -32.2000 50 1001 91.4600 -153.4400 40 1289 138.4700 -1.5300 51 461 74.2000 -147.9400 52 906 53.2200 -158.7600 39 1015 160.1800 24.9700 53 1035 47.6400 -130.8100 38 1331 144.9000 63.1500 54 1033 36.2700 -119.7800 36 1515 124.4900 106.7000 37 1439 152.1000 89.7700
1.3941578972e-001 -5.4262037015e-001 -4.6368131085e+000
145 79 47
17 46 1342 15.0100 -62.9400 49 990 -1.9600 -78.6700 45 1525 -30.2300 -63.5500 47 995 25.5100 -59.7500 48 1199 0.9100 -65.2500 43 1442 -14.6100 -45.7100 42 1154 -29.6700 -8.9500 41 1236 -38.7500 26.0800 50 1058 -42.3700 -105.6200 40 1145 -46.8500 58.5900 51 444 -58.1100 -97.0700 52 895 -74.4400 -118.0000 39 861 -33.3600 91.0800 53 1023 -71.7600 -82.9300 38 1201 -51.3100 116.8100 36 1256 -72.0900 146.9200 37 1211 -41.1600 137.8300
1.4258801139e+000 -1.9369227589e+000 -6.3552843819e+000
197 191 179
11 46 1563 124.0200 -165.3800 49 1204 83.2700 -163.6600 45 1732 97.7800 -161.0900 47 1226 120.7700 -162.1100 48 1418 91.3700 -158.3200 43 1663 119.9800 -148.9800 42 1381 117.8700 -128.1700 41 1505 124.9800 -99.1500 40 1410 123.8200 -68.5700 39 1148 149.7100 -48.7100 37 1586 160.3800 19.4500
2.0767720945e+000 -1.5636592794e+000 -6.1508875571e+000
41 26 31
13 46 1360 185.6700 -137.5500 49 1014 149.6000 -155.2700 45 1464 154.2500 -126.2600 47 1024 186.2400 -142.8300 48 1218 154.9600 -144.0100 43 1458 175.2500 -109.4300 42 1173 170.9400 -82.2000 41 1313 172.0300 -44.8000 40 1171 166.4600 -12.0200 39 960 189.8700 14.9200 38 1216 175.0200 58.2700 36 1403 153.8100 106.4600 37 1327 181.7500 87.1200
1.7823641485e-001 -4.8244193371e-001 -4.6333903332e+000
213 191 149
15 46 1267 19.3500 -55.3200 49 912 4.3200 -71.5200 45 1448 -26.3300 -56.3400 48 1132 6.6300 -58.1900 43 1358 -11.0400 -38.1900 42 1084 -26.4000 -1.4400 41 1234 -36.5900 33.7200 50 988 -35.9500 -101.1200 40 1140 -45.2100 65.8200 39 857 -32.4500 98.9300 53 928 -65.5000 -81.9600 38 1200 -51.0200 124.0200 54 909 -74.2300 -70.1000 36 1255 -72.6500 152.7200 37 1308 -40.8400 144.2200
1.0803869755e+000 -4.6433874533e-001 -5.6764821227e+000
162 163 156
16 46 1504 102.6100 -43.5400 49 1132 93.1000 -58.1000 45 1676 61.5700 -40.6200 47 1169 115.6500 -41.2500 48 1342 92.7000 -47.1600 43 1607 75.0500 -25.0300 42 1328 62.5200 2.9200 41 1458 52.4700 30.9400 50 1197 60.3000 -81.8400 40 1366 43.9500 57.8800 51 588 49.0300 -75.6900 52 1062 33.0300 -94.9500 39 1115 57.2200 82.5600 38 1420 39.2500 104.9600 36 1621 16.5400 129.4500 37 1532 44.6200 122.0600
9.7034770963e-001 -1.1068166404e-001 -5.5674621140e+000
165 166 160
10 46 663 93.7400 -10.3900 49 396 92.4000 -23.5700 45 846 46.4600 -7.6100 47 630 108.9600 -6.0800 48 829 89.7500 -12.0900 43 774 62.6200 6.9800 50 205 61.2400 -52.3300 40 605 24.0100 86.6800 39 606 34.7600 111.6200 36 142 -12.6100 147.1800
1.8159307364e+000 -1.6592322839e+000 -6.2114965907e+000
198 80 86
17 46 1426 159.1000 -143.2100 49 1074 121.9400 -152.8600 45 1595 129.3300 -135.4500 47 1077 159.0700 -144.7700 48 1273 128.5400 -143.4700 43 1523 151.0700 -120.6300 41 1318 152.8600 -62.2300 50 1071 75.3200 -166.5000 40 1238 149.9500 -30.5800 51 460 57.0800 -159.2700 52 993 35.4800 -165.6700 39 962 175.1700 -3.6600 53 1103 30.3100 -135.8300 38 1224 165.5400 38.6300 54 937 16.4300 -122.9400 36 1294 150.0300 89.2700 37 1334 175.0800 69.1000
1.8015808627e+000 -1.7916664157e+000 -6.1325847472e+000
42 29 38
18 46 1491 159.3200 -157.8900 49 1142 119.5100 -167.3200 45 1666 130.9200 -149.9500 47 1157 158.0800 -159.6800 48 1351 126.6700 -157.9600 43 1597 153.4200 -134.7700 42 1288 150.9600 -109.8500 41 1380 155.7000 -74.5500 50 1205 72.6900 -179.5100 40 1326 154.7500 -41.4800 51 600 53.6900 -172.6500 52 1102 31.4000 -177.4500 39 1061 181.3300 -13.1900 53 1205 25.3100 -146.5900 38 1334 171.0200 30.9100 54 1226 13.7300 -133.1000 36 1567 157.5100 87.6600 37 1486 183.5600 65.2100
1.1712275424e+000 -6.7909899543e-001 -5.8024381256e+000
92 60 44
13 46 1480 112.3600 -63.8600 49 1106 98.3700 -76.0900 45 1656 74.1300 -59.3300 47 1145 122.4800 -62.7300 48 1311 99.0900 -66.0400 43 1586 87.0500 -43.9600 42 1309 74.7800 -17.1500 41 1439 65.8300 11.2600 40 1345 57.9300 37.9600 39 1081 72.8500 62.5400 38 1403 55.0800 87.8100 36 1565 33.4200 115.6200 37 1481 61.5000 106.4900
1.6855090710e+000 -2.0324046178e+000 -6.1200909558e+000
199 195 184
18 46 1513 152.1400 -180.5000 49 1177 102.7000 -184.4200 45 1691 126.9500 -172.7100 47 1193 145.4900 -180.8000 48 1382 112.6100 -176.7800 43 1616 151.2400 -158.2800 42 1350 149.0000 -133.9300 41 1465 159.2700 -97.6900 50 1233 57.0200 -195.2600 40 1385 155.9600 -64.5500 51 640 34.9900 -184.1400 52 1125 12.5100 -187.5500 39 1120 184.3200 -37.8400 53 1247 4.9200 -151.9400 38 1445 176.7400 9.0700 54 1243 -6.0500 -139.6200 36 1644 163.7000 65.7900 37 1562 188.7600 42.0300
1.5910503835e+000 1.6682890758e+000 -6.2195911293e+000
232 233 221
17 46 1309 139.1700 145.6400 49 959 186.1000 141.1400 45 1489 81.9400 144.4200 47 959 175.2100 155.3500 48 1171 170.0500 148.5700 43 1407 80.7200 157.7200 42 1127 58.3000 176.8300 41 1276 26.8400 187.6800 50 1023 180.1800 103.8600 40 1188 10.4700 199.2500 52 942 185.2600 70.3300 39 910 11.5100 214.2100 53 1069 197.8400 80.8800 38 1180 -19.3200 207.3100 54 1084 205.6400 74.7200 36 1236 -53.9200 195.3400 37 1187 -25.0800 203.9700
6.6263815071e-001 -2.6266256845e+000 -7.2245017442e+000
115 40 44
12 46 1300 52.9600 -197.1900 49 944 6.9200 -166.2100 45 1477 34.5700 -202.1600 47 949 43.2500 -183.0900 48 1159 16.0600 -167.9500 43 1473 56.3700 -200.7100 42 1186 57.6600 -193.6100 41 1339 73.4500 -181.0700 40 1254 78.7600 -159.7100 39 1038 107.8800 -150.4400 38 1351 123.1000 -121.2600 36 1529 141.1200 -78.4500
-8.7399723860e-001 -1.1324186350e+000 -4.0404399590e+000
148 85 46
12 46 1070 -116.6900 -149.4500 49 939 -155.1600 -146.9300 45 1275 -157.9000 -160.1500 47 942 -117.8100 -138.1800 43 1195 -138.5900 -147.2900 42 1032 -155.6100 -109.2700 41 1173 -157.2200 -72.6400 50 770 -201.2500 -164.4800 40 1087 -159.5400 -32.6000 39 955 -147.2800 5.1100 38 1221 -152.4600 40.4700 37 1330 -128.6200 71.0600
1.1697201315e+000 1.9734384521e+000 -6.4279551334e+000
197 186 132
14 46 1437 99.0800 166.6500 49 1086 150.1700 177.2800 45 1554 41.7000 161.0800 47 1088 135.4400 182.7700 48 1291 133.1300 180.3300 43 1481 39.3900 170.2800 42 1192 17.1500 185.4500 41 1346 -13.5100 188.9700 50 1137 150.4800 147.2700 40 1312 -27.8600 196.9200 51 571 157.6900 154.3400 39 1045 -28.0900 207.3600 38 1311 -56.0100 193.0400 37 1426 -59.1600 185.6000
9.9727726726e-001 2.0091003594e+000 -6.6700503075e+000
227 227 215
9 46 1214 81.5500 163.4100 49 1028 128.6600 181.8500 43 1326 23.8700 163.2300 42 1054 3.0000 175.7900 41 1211 -25.0200 176.7900 40 1121 -39.0500 183.0100 51 474 137.0400 168.0700 39 846 -37.9900 192.4500 38 1188 -61.6100 178.0300
2.6488304141e+000 -1.3630774388e-001 -5.7438252521e+000
152 140 88
10 46 1334 251.1600 -13.1400 49 1062 252.7600 -57.1100 45 1514 202.5200 2.5100 47 990 271.7900 -23.9500 48 1192 247.7300 -38.1900 43 1349 213.5600 26.6800 42 1076 198.2400 61.7400 41 1222 178.1000 102.3800 40 1133 161.9700 132.7000 39 742 173.2700 163.3300
1.3915023784e-001 -5.4329850348e-001 -4.6195733091e+000
145 79 47
10 46 1343 15.0100 -62.9400 49 991 -1.9600 -78.6700 45 1526 -30.2300 -63.5500 47 996 25.5100 -59.7500 48 1200 0.9100 -65.2500 43 1443 -14.6100 -45.7100 42 1155 -29.6700 -8.9500 41 1237 -38.7500 26.0800 40 1146 -46.8500 58.5900 39 862 -33.3600 91.0800
2.5082000667e+000 -1.6231474294e-001 -5.8470015316e+000
91 83 57
10 46 1401 232.9700 -15.9400 49 988 235.0900 -52.2200 45 1575 185.5400 -1.7500 47 1110 252.7600 -26.1700 48 1191 231.0000 -35.4800 43 1503 197.4400 21.2700 42 1210 182.9300 54.3400 41 1359 164.3400 92.8400 40 1268 149.4000 121.8100 39 997 162.0700 150.5500
1.3118766046e+000 4.8889565365e-001 -5.6520238015e+000
180 183 174
13 46 1475 125.1500 46.2800 49 1149 142.6100 28.9600 45 1652 74.5600 49.4300 48 1358 134.6800 40.6200 43 1581 81.2300 67.0200 42 1300 63.0500 94.8600 41 1430 41.0100 118.6800 50 1221 117.8900 -8.3400 40 1342 27.2700 139.5100 51 612 112.2100 -5.7000 52 1114 102.2300 -35.5000 39 1047 34.6700 162.6400 53 1196 106.6200 -15.3700
1.8144892798e+000 -6.3332050880e-001 -6.2835691284e+000
139 124 85
10 46 1414 158.1800 -54.1900 49 1063 146.8700 -69.2600 45 1579 119.4900 -47.6200 47 1064 169.2900 -55.1300 48 1258 146.0000 -58.5700 43 1511 132.9300 -32.0000 42 1275 122.5900 -7.1300 41 1371 113.6800 21.4800 40 1280 105.4100 47.0200 39 1056 121.0800 70.8900
-6.6798733313e-001 -6.2322938868e-001 -4.2512891089e+000
217 184 133
11 46 1539 -85.6600 -78.0500 49 1182 -108.6700 -81.4400 45 1711 -130.9000 -86.9400 48 1392 -102.8100 -70.4500 43 1639 -115.5500 -72.3300 42 1361 -133.3400 -35.5700 41 1475 -141.0300 -3.4400 50 1254 -148.9400 -103.6400 40 1368 -145.6500 30.2700 51 652 -167.0100 -91.1900 39 1101 -136.8200 64.5200
6.9448171703e-001 -1.0206089824e-001 -5.3949476680e+000
154 157 150
9 46 660 69.1500 -9.9000 49 622 67.9900 -20.7900 45 843 23.8200 -10.0700 47 414 85.4100 -5.4600 48 827 65.8700 -10.4900 43 772 35.0500 5.7900 42 214 19.7000 34.4400 41 215 6.0600 60.4900 40 142 -3.2800 84.6600
1.0470416109e+000 -7.4697099600e-001 -5.8756077685e+000
211 206 194
8 46 737 96.9900 -68.2300 49 449 81.0300 -75.7800 45 941 59.6800 -65.9500 48 628 82.4400 -66.6000 43 861 74.2200 -51.9400 42 874 64.5100 -27.1200 41 742 58.2800 0.3100 40 293 51.2700 26.4700
2.3263450448e+000 -8.7457784607e-002 -5.7932564114e+000
145 79 65
8 46 666 218.0400 -7.5600 49 419 220.4000 -45.1000 45 318 171.2000 4.5200 48 582 215.5300 -28.4800 42 207 167.1800 58.9900 41 639 147.3200 95.2500 50 503 184.0700 -85.5700 40 577 132.6000 123.3600
1.3530888556e+000 -7.5063110513e-001 -6.1022103195e+000
144 109 78
8 46 1018 121.0500 -66.5500 49 651 105.6200 -75.5800 47 670 129.2900 -63.8200 48 878 106.7000 -66.2600 43 1123 97.7500 -47.3800 42 875 88.8700 -23.3800 41 743 83.5400 3.6100 40 707 76.1900 29.6000
1.6552719412e+000 2.2365740845e+000 -6.3129466857e+000
205 199 185
9 46 1210 142.6100 192.6000 49 858 204.7100 194.1200 45 1409 81.3300 189.5000 47 875 184.4000 206.0100 48 1084 185.0700 199.7700 43 1208 76.8200 201.1800 42 934 52.0500 217.6800 41 1072 16.0300 222.8900 40 823 -2.6300 230.1000
1.4949605821e+000 1.0260194297e+000 -5.9833474327e+000
235 238 230
9 46 1233 135.9300 92.8800 49 873 166.0200 81.0000 45 1324 82.4300 94.8000 47 891 165.4500 98.8700 48 1103 154.4300 90.3300 43 1243 85.2800 110.3400 41 912 38.7700 150.6600 50 950 149.8800 43.6600 40 852 24.1000 166.8700
2.4168273583e+000 -8.1019191126e-001 -5.9970581763e+000
53 33 34
9 46 1022 220.1400 -72.5500 49 671 202.4300 -105.4200 45 1210 180.1200 -58.7500 47 690 230.7200 -82.1400 48 895 203.4000 -89.6900 43 1125 196.1100 -37.6800 42 865 186.1100 -6.4200 41 970 176.4300 32.1500 40 912 165.7500 62.3000
-1.3766581929e+000 -7.9943551380e-001 -4.0068960468e+000
63 48 15
10 46 782 -183.8500 -105.4800 49 652 -217.6700 -94.2200 45 997 -228.4100 -122.6200 47 687 -183.9400 -88.9800 48 890 -206.9100 -86.0700 43 1183 -213.9500 -112.7700 42 1022 -235.6900 -79.1400 41 1046 -241.7400 -50.4900 50 732 -257.6000 -108.0600 40 961 -243.4700 -15.9800
1.9473442605e-002 -1.1028206581e+000 -4.8336420843e+000
137 91 57
9 46 1188 1.7600 -122.0900 49 680 -27.1700 -126.5300 45 1385 -36.0400 -124.9400 47 860 5.2500 -116.6600 48 929 -20.8900 -116.3200 43 1373 -17.0300 -110.9500 42 1168 -28.6900 -79.5000 41 1310 -30.3700 -46.4600 40 1228 -35.0400 -12.7200
1.7346666229e+000 1.0680316306e+000 -5.7853861061e+000
205 205 193
11 46 1471 162.2200 100.2300 49 1145 196.6000 78.9600 45 1648 106.8500 103.9700 47 1163 194.6100 103.5800 48 1335 183.7000 91.2300 43 1575 109.6700 122.0700 42 1296 88.2800 148.5000 41 1428 58.9900 169.4700 50 1215 178.4500 34.7700 40 1337 41.8600 187.1800 51 578 176.9000 34.8900
2.5160294932e+000 9.6293304828e-001 -5.6757801152e+000
221 221 213
9 46 1518 240.5900 92.3300 49 1163 276.1400 49.3000 45 1694 180.5300 103.4400 47 1181 276.8500 85.9500 48 1369 263.4400 68.1400 43 1621 184.0100 127.1400 42 1340 161.1700 158.1400 41 1470 127.9400 186.9000 40 1359 108.4100 209.2800
1.5429702569e-001 2.4118164209e+000 -7.7731928253e+000
200 193 182
10 46 844 12.5400 168.9400 49 711 57.2000 217.3100 45 662 -36.7200 154.0900 47 525 41.7300 197.4800 48 722 42.6300 209.2700 43 624 -40.2100 151.7600 42 547 -59.5800 154.1900 41 143 -84.3800 140.3000 50 918 66.3900 214.9100 52 829 90.3000 219.6000
-1.4825845585e+000 -7.1017302420e-001 -4.0052512105e+000
138 121 77
6 46 347 -197.9200 -94.4300 49 433 -229.8100 -79.0600 45 542 -243.5400 -113.0400 48 253 -219.7300 -72.5200 43 472 -230.2900 -103.6700 41 387 -260.6500 -43.7700
2.8246000751e+000 -7.6530542661e-001 -5.8278993472e+000
109 107 112
7 46 1024 264.1300 -70.9400 49 688 245.6200 -115.3800 45 1214 222.0500 -52.2900 48 898 246.4600 -96.5300 43 1103 238.5800 -27.3700 42 852 228.1200 7.9500 41 673 215.4000 53.0000
1.5212398397e+000 2.0955591672e+000 -6.2862561776e+000
232 228 215
9 46 1086 131.8100 181.0600 49 717 189.1700 183.9200 45 1293 71.6100 177.3100 47 747 171.3100 194.3900 48 946 170.2200 188.7600 42 750 44.0800 206.1800 41 875 9.7200 211.8500 50 786 190.2600 146.6500 51 319 198.8700 150.5500
1.2848976878e+000 -9.0654609977e-001 -5.9654445095e+000
129 80 57
8 46 1168 117.3600 -81.5700 49 919 98.0500 -91.7700 45 1453 81.3900 -78.3600 47 931 125.1000 -80.9100 48 1144 100.0500 -81.7900 42 1012 88.3000 -37.6800 41 1017 83.5800 -7.7800 50 989 60.5900 -110.2000
-6.9092267778e-001 2.0972472389e+000 -8.7020336597e+000
188 71 73
9 46 1089 -40.3700 131.0600 49 712 -9.8600 195.5500 45 1309 -82.8200 111.6300 47 749 -18.6300 163.9900 48 945 -20.2000 182.9500 43 1242 -84.2800 104.4400 42 963 -100.7500 100.9100 41 1106 -119.1500 81.6200 50 775 -3.0000 208.5100
4.6310355971e-001 9.1585727988e-001 -6.6561832518e+000
247 252 246
12 46 1234 39.3200 74.7700 49 872 59.6500 94.1600 45 1327 -6.4300 66.8000 47 892 60.9700 91.6300 48 1102 51.6700 94.9100 43 1340 -3.2100 73.0000 42 968 -20.4000 86.0500 41 1107 -39.2500 90.4400 50 946 48.5400 78.8600 51 406 47.8900 91.1600 53 987 62.1200 94.8700 54 1068 69.5400 102.1200
-6.0228287946e-001 2.2111007195e+000 -8.6197925557e+000
187 73 76
9 46 1219 -35.2000 139.4700 49 857 -2.2100 203.5200 45 1418 -78.9000 120.5500 47 877 -12.3200 172.4100 48 1086 -13.4500 190.5100 43 1334 -80.7800 113.5200 42 1064 -97.6300 110.3700 41 1224 -116.6900 91.3200 50 917 5.2900 214.7800
2.4109211276e+000 -8.9615875209e-001 -6.0109538515e+000
41 38 38
7 46 1273 219.1300 -80.1600 49 833 199.0900 -112.1300 45 1454 180.0400 -66.3400 48 1053 200.5900 -96.7400 43 1277 196.4900 -45.5700 42 1088 187.4600 -14.8000 41 1241 178.9700 23.9400
-8.6143668874e-001 -6.6938696817e-001 -4.0865391034e+000
210 178 133
8 46 1419 -114.4000 -87.5000 49 1108 -141.4300 -88.0600 45 1589 -159.9700 -98.5900 47 1116 -109.9600 -75.9900 48 1308 -133.8400 -77.3600 43 1516 -144.6600 -84.1500 42 1230 -162.6800 -44.9800 41 1300 -169.2900 -11.1600
-8.6739033749e-001 -6.7052315035e-001 -4.1106959658e+000
210 178 133
13 46 1420 -114.4000 -87.5000 49 1107 -141.4300 -88.0600 45 1590 -159.9700 -98.5900 47 1115 -109.9600 -75.9900 48 1307 -133.8400 -77.3600 43 1517 -144.6600 -84.1500 42 1231 -162.6800 -44.9800 41 1301 -169.2900 -11.1600 50 1164 -182.6100 -109.6500 51 556 -201.6400 -95.3600 52 1064 -215.9800 -113.3500 53 1176 -205.5600 -68.2700 54 1193 -212.3200 -46.6400
7.4144079267e-001 1.8903210637e+000 -6.8079478201e+000
212 214 203
9 46 1379 60.3700 150.9800 49 1088 103.5400 174.6800 47 1036 90.9800 170.7800 48 1229 88.5900 173.6600 43 1484 5.6500 147.0700 42 1195 -14.8800 158.0900 41 1350 -41.3200 156.7800 50 1085 104.3400 155.1200 53 1154 137.6400 158.4900
1.8061726406e+000 8.7258616086e-001 -5.7933342296e+000
238 239 231
9 46 1320 168.9300 81.6100 49 1053 197.8100 57.4800 45 1502 114.7900 86.7700 47 1051 199.5000 82.6400 48 1247 186.3900 70.9500 43 1417 118.6000 105.6100 42 1131 98.2900 132.6400 41 1352 69.7100 156.4200 50 1107 177.0800 14.9900
1.0959632613e+000 1.4145858169e+000 -6.6140907207e+000
231 234 225
11 46 1439 90.6700 116.0400 49 1124 125.1800 126.1400 45 1611 38.6700 111.3200 47 1090 120.0900 130.3100 48 1330 112.7700 129.4300 43 1536 40.5900 120.3900 42 1199 22.5200 135.7500 41 1354 -1.3200 142.9800 50 1180 118.3500 101.5300 51 573 121.1700 109.2500 52 1081 123.6800 82.5700
-2.8552713516e-001 2.1954992754e+000 -8.0840004658e+000
221 215 214
9 46 1378 -16.9100 147.5600 49 1082 19.7600 203.5500 45 1558 -62.9100 130.5200 47 1033 7.7300 178.3000 48 1225 7.3600 193.2100 43 1487 -65.2500 126.4300 42 1201 -83.1100 126.1300 41 1356 -104.6200 110.4400 50 1132 27.1200 207.8000
-1.5536885493e-001 -7.9196499435e-001 -4.8203885377e+000
161 121 88
8 46 1421 -18.2900 -88.1900 49 1064 -39.1500 -89.6700 45 1586 -58.7700 -92.9500 47 1071 -11.8900 -79.9500 48 1263 -35.8800 -80.5300 43 1519 -42.1200 -79.2800 42 1233 -56.4300 -48.9800 41 1375 -60.4100 -18.0300
1.4849617009e-001 1.6806320799e+000 -7.5685197511e+000
237 240 231
7 46 1496 13.6500 119.3100 49 1143 46.6300 162.1600 45 1647 -32.4400 106.9300 47 1161 37.9700 144.6700 43 1576 -33.7200 107.3200 42 1262 -53.1300 111.9800 41 1402 -75.0300 104.5900
2.4910314582e+000 3.5165240243e-002 -5.8567763212e+000
54 49 51
10 46 1443 230.9400 3.5500 49 1100 237.0300 -36.4400 45 1617 181.5300 16.3800 47 1108 253.9200 -4.7700 48 1301 231.6800 -18.4100 43 1544 191.7400 39.1900 42 1265 175.8300 71.4600 41 1403 154.8300 106.9700 50 1162 202.9300 -78.4300 51 559 194.0700 -80.4800
-2.8177554205e-001 -7.1844936741e-001 -4.6680437747e+000
171 136 106
8 46 1458 -33.1500 -82.2300 49 1110 -54.9800 -84.5200 45 1633 -74.7300 -88.2500 47 1117 -26.5500 -74.0100 48 1309 -50.2900 -74.9400 43 1590 -59.0500 -74.7600 42 1312 -74.0700 -41.8700 41 1409 -80.9600 -10.8200
-3.1303821112e-001 -1.1284495428e+000 -4.6111872029e+000
89 37 24
8 46 1425 -37.5900 -129.9700 49 1071 -70.4000 -132.3200 45 1594 -75.2400 -136.0000 47 1074 -35.9200 -122.4300 48 1271 -62.7100 -122.2100 43 1522 -56.0100 -123.0000 42 1287 -68.0900 -90.9500 41 1413 -68.3500 -57.9700
2.0825963898e+000 -2.8157986942e-001 -6.2297193357e+000
165 155 107
8 46 1406 182.6400 -23.5100 49 1056 180.3800 -47.1300 45 1621 139.8200 -15.1400 47 1109 199.0500 -27.1500 48 1302 177.3600 -34.3500 43 1548 151.3400 2.7300 42 1305 138.3400 28.2700 41 1435 124.4400 57.2200
-1.9617994368e-001 -5.5663871125e-001 -4.6598865671e+000
110 61 39
9 46 1481 -23.4500 -64.4300 49 1136 -40.8400 -69.4100 45 1657 -67.1600 -69.3200 47 1142 -14.5500 -56.7000 43 1587 -52.7500 -54.2200 42 1307 -68.2700 -20.1700 41 1437 -77.3900 10.3300 50 1195 -78.8500 -93.1600 52 1096 -108.9600 -100.8000
2.1476027602e+000 -1.0474670324e+000 -5.9337948509e+000
208 87 90
12 46 1530 197.2100 -95.4200 49 1173 172.9500 -120.8700 45 1700 160.5700 -83.2900 47 1192 204.2000 -102.3300 48 1379 175.4600 -108.1400 43 1630 178.0700 -63.1100 42 1349 170.3100 -32.7600 41 1474 164.6400 5.6900 50 1245 129.0500 -146.7800 51 639 112.7600 -144.4300 52 1143 89.3000 -160.9600 53 1224 81.4300 -136.5200
6.0482740291e-002 -9.2584536940e-001 -4.8699734621e+000
231 195 145
8 46 1545 5.6500 -101.4700 49 1195 -18.9000 -107.7500 45 1720 -34.1000 -104.3600 47 1210 10.8900 -96.1200 48 1411 -14.4500 -96.5800 43 1653 -16.2000 -90.1000 42 1372 -27.4600 -58.2400 41 1498 -29.2400 -25.7800
2.3019858894e+000 1.8241714451e+000 -5.6013461143e+000
182 86 80
8 46 841 221.8900 177.1300 49 721 284.9200 144.4400 45 641 155.4400 183.1800 47 748 267.8000 177.7800 48 431 264.5300 159.9800 43 560 152.0700 203.9700 42 2 125.1500 230.8300 50 622 277.8600 84.9000
1.9985749186e+000 1.5485405308e+000 -5.7925579219e+000
198 185 176
9 46 851 186.8700 145.5400 49 528 236.7200 121.3900 45 1070 126.3100 149.1300 47 531 226.9200 148.9100 48 732 219.7900 134.3200 43 594 125.4900 167.7500 42 35 101.3000 194.0400 50 801 224.8800 71.9600 52 714 223.0800 26.6200
-1.2767457799e+000 -5.3230081590e-001 -4.0515132663e+000
93 43 37
6 46 728 -168.7600 -69.1400 49 426 -195.4700 -59.9600 45 480 -216.4000 -86.7600 47 162 -165.5000 -52.9500 48 235 -187.9600 -52.9700 42 323 -224.4200 -39.0200
3.1164820662e-001 -2.0540106127e-001 -4.8654647569e+000
126 129 118
7 46 975 33.3900 -22.6800 49 796 27.3000 -36.4400 45 1180 -13.0300 -24.2200 47 817 47.9300 -17.5200 48 1016 26.9700 -24.2100 43 789 -0.6800 -7.0000 42 630 -17.6300 27.4500
-2.4188451155e-001 -1.7832564284e-001 -4.5677020660e+000
52 51 43
12 46 1144 -30.0300 -21.1200 49 789 -38.2600 -27.8500 45 1350 -77.9800 -27.2800 47 800 -16.5900 -11.7800 48 1014 -37.1500 -17.0000 43 1083 -65.8400 -11.2200 42 839 -83.6100 23.6500 50 854 -73.1800 -56.9700 51 277 -86.3100 -45.8600 52 771 -99.0200 -71.2600 53 910 -91.8700 -37.3500 54 895 -97.4600 -24.7300
-5.4028202293e-001 -5.9610794258e-001 -4.3222536017e+000
155 117 89
8 46 734 -68.1800 -73.4200 49 446 -89.9000 -78.7500 45 1241 -113.5900 -81.5100 47 443 -61.0800 -64.6100 48 626 -84.7000 -67.6400 43 1148 -98.4500 -66.0100 42 873 -115.7200 -29.4300 50 520 -130.1500 -101.1400
-1.3969138269e+000 -5.4501084411e-001 -4.1263735546e+000
160 140 89
8 46 725 -181.4600 -70.8800 49 637 -207.9400 -54.8600 45 477 -227.8600 -88.5400 47 659 -178.2100 -51.0800 48 596 -199.7900 -48.8800 43 1147 -214.8800 -78.6500 42 884 -236.2800 -44.8900 50 466 -245.9000 -70.8800
-1.1476153160e-001 -2.6425649016e-001 -4.6527385882e+000
163 121 97
5 46 971 -14.8800 -30.0100 49 635 -24.5800 -38.6500 48 839 -23.1800 -27.5200 43 1094 -48.0700 -19.1800 42 978 -65.0300 15.0700
1.6056603776e+000 -6.7669843641e-001 -6.0873384509e+000
178 149 117
7 46 1153 143.6700 -59.9100 49 817 131.7900 -74.4900 45 1356 105.5200 -53.8300 47 926 154.7100 -60.3600 48 1031 131.2900 -63.7900 43 1274 119.3600 -38.0900 42 989 108.7300 -12.5200
-7.6272103055e-001 -4.9937053548e-001 -4.3465996602e+000
85 49 51
8 46 1265 -94.9700 -61.4200 49 986 -115.7700 -59.1400 45 1451 -140.5200 -72.2200 47 922 -87.6500 -48.7600 48 1129 -109.9200 -50.2000 43 1362 -126.7300 -58.7200 42 998 -144.8700 -23.8400 50 1053 -153.5200 -80.7700
2.3663029374e+000 -9.8133647991e-001 -5.9572843150e+000
44 35 33
8 46 1281 216.6200 -89.0500 49 837 193.9900 -120.3300 45 1366 178.3800 -74.9800 47 937 224.9200 -98.1500 48 1054 196.1700 -105.0400 43 1365 195.7900 -54.4500 42 1005 187.0400 -22.4700 50 766 150.2600 -147.9100
-1.4405312537e+000 -5.3447302391e-001 -4.1463740085e+000
49 42 34
10 46 1156 -185.9100 -69.8000 49 901 -212.9400 -50.6700 45 1369 -231.9500 -88.0600 47 914 -183.1200 -48.3100 48 1019 -204.0400 -46.7100 43 1291 -219.8500 -78.0500 42 1006 -241.3500 -44.5200 50 970 -249.6200 -66.7200 51 352 -268.7800 -46.5200 53 1003 -264.1100 -16.6600
2.3342505253e+000 1.5456659380e+000 -5.8924086874e+000
189 90 86
12 46 1314 215.9800 143.4200 49 1044 265.2300 113.6400 45 1490 154.5800 149.6800 47 961 256.2100 143.6100 48 1236 248.2600 128.1500 43 1405 153.5300 169.2400 42 1050 129.8000 195.3500 50 1153 253.1800 61.4100 51 546 254.8900 56.8800 52 1056 248.5900 12.6400 53 1164 254.3600 18.5900 54 1182 256.8900 6.7800
2.3174735748e+000 1.3628621534e+000 -5.7490090167e+000
46 41 48
7 46 1224 218.7300 128.8500 49 968 262.4900 95.3300 45 1494 158.7100 136.1400 47 884 257.2100 127.9400 48 1096 247.0400 110.9400 43 1329 158.5000 157.9500 42 1055 135.0400 187.2400
1.7535085551e-001 -4.8023579413e-001 -4.6243202955e+000
213 191 149
12 46 1266 19.3500 -55.3200 49 911 4.3200 -71.5200 45 1447 -26.3300 -56.3400 47 994 31.2200 -52.5100 48 1131 6.6300 -58.1900 43 1359 -11.0400 -38.1900 42 1085 -26.4000 -1.4400 50 987 -35.9500 -101.1200 51 367 -50.6600 -95.3400 52 896 -67.8800 -116.2400 53 927 -65.5000 -81.9600 54 908 -74.2300 -70.1000
7.2112281890e-001 -4.6508626829e-001 -5.4889644518e+000
166 162 159
7 46 1261 71.0200 -45.2400 49 906 60.4400 -54.4700 45 1443 29.7600 -44.7300 47 992 82.7000 -41.3800 48 1190 60.7900 -44.5300 43 1354 43.0800 -29.8900 42 1086 30.2000 -2.3200
-9.2242799088e-001 -4.7492125458e-001 -4.1406631783e+000
90 33 24
8 46 1263 -120.4300 -61.3100 49 985 -141.6600 -59.9400 45 1450 -167.8500 -73.2400 47 917 -113.8900 -48.1400 48 1128 -135.7300 -49.9400 43 1361 -154.6500 -59.6000 42 1089 -175.0700 -22.3900 50 1051 -180.2700 -82.7900
-1.5326816875e+000 -6.2279959146e-001 -4.0656146330e+000
34 28 30
8 46 1276 -200.9400 -81.9600 49 1059 -232.6700 -63.4300 45 1457 -246.5100 -101.2000 47 993 -200.4300 -61.2300 48 1193 -222.0600 -58.1800 43 1367 -233.4100 -92.2000 42 1096 -257.3700 -58.4000 51 506 -291.0000 -56.8900
1.9053343889e+000 -1.4314093536e+000 -6.1340020273e+000
111 34 31
7 46 1190 170.1900 -125.9700 49 498 137.6600 -141.5800 45 1388 138.3400 -116.5400 47 734 171.8800 -129.5400 48 709 142.2700 -130.2600 43 1302 158.0700 -100.0800 42 1103 152.7600 -73.9700
1.4240031569e+000 2.0887604335e+000 -6.3755332875e+000
254 255 213
7 46 1308 121.2700 176.8500 49 859 178.8000 184.6300 45 1488 61.7900 172.6600 47 952 160.6500 192.4700 48 1087 159.8500 188.5700 43 1400 58.6900 184.0800 42 1122 35.2600 200.4200
1.6591691374e+000 1.7580326472e+000 -6.1228342188e+000
201 199 186
7 46 1380 147.4500 156.2400 49 1034 198.5000 148.7500 47 1037 185.0600 165.6200 48 1234 180.9700 157.3900 43 1404 85.5800 168.7600 42 1126 62.7700 188.9400 50 1096 193.2400 108.2000
1.0712325624e+000 1.6810499930e+000 -6.5658247125e+000
227 233 223
12 46 1310 89.0500 138.9100 49 956 130.9500 150.9200 45 1415 35.7100 133.2300 47 958 121.5500 154.4100 48 1170 116.7500 153.5100 43 1412 34.9500 141.9000 42 1128 14.4300 156.4800 50 1016 127.5100 124.9900 51 398 132.0700 133.0000 52 937 136.6700 104.5800 53 1058 153.2100 119.0600 54 1061 164.7600 118.4700
2.4100189526e+000 -6.9917090053e-001 -5.8929750490e+000
47 27 22
8 46 1268 222.9800 -63.8600 49 670 206.5500 -98.8400 45 1359 182.1900 -49.6700 47 831 234.9200 -73.3800 48 894 207.3700 -82.5300 43 1356 197.5900 -27.5400 42 1147 187.3300 4.8800 50 312 163.6500 -131.5600
1.5148465672e+000 2.2572343561e+000 -6.2579384293e+000
222 219 204
9 46 1372 131.7800 196.6000 49 1083 195.0700 202.6800 45 1485 70.8900 189.2300 47 1085 173.5300 212.8600 48 1163 172.8100 203.4200 43 1478 65.7600 203.2100 42 1191 40.6900 219.2900 50 1011 196.5500 161.6800 51 475 207.1600 166.3300
-1.0659246537e+000 1.7124793395e+000 -8.7252126200e+000
191 73 67
10 46 1388 -63.5500 106.5700 49 1087 -39.5700 174.3900 45 1563 -103.9000 85.8500 47 1043 -45.1100 140.5100 48 1227 -48.6400 160.5800 43 1492 -104.2700 77.4600 42 1206 -119.5100 73.0700 50 1135 -35.9900 190.2800 51 525 -31.1400 216.0200 52 1041 -19.6300 219.1600
-7.2989591801e-001 1.5722735381e+000 -8.4265692045e+000
220 228 217
7 46 1317 -44.5100 101.2300 49 953 -21.6300 161.4000 45 1501 -84.8500 82.8600 47 962 -25.6800 132.4800 48 1169 -29.8100 149.9900 43 1419 -84.4800 76.9000 42 1207 -98.9700 75.0900
-1.8938140253e-001 -3.0123490641e-001 -4.5949436838e+000
141 95 68
10 46 1338 -22.6000 -34.8400 49 980 -35.0900 -42.6700 45 1518 -69.7500 -40.3600 47 987 -11.1800 -26.7900 48 1189 -32.8700 -31.4300 43 1437 -55.7600 -24.0600 42 1217 -74.4400 9.7500 50 973 -71.2000 -70.3000 51 433 -86.1800 -60.7300 52 778 -99.3000 -83.2500
-3.3776213949e-001 1.9381309099e+000 -8.4737072015e+000
212 213 201
6 46 1385 -19.0600 124.5800 49 1026 11.0700 180.8400 47 1039 3.0100 154.6300 48 1228 0.6500 170.3600 43 1490 -63.0300 102.7100 42 1261 -78.8500 100.8900
1.0722905598e+000 7.4200639384e-001 -5.7908582502e+000
113 106 80
9 46 1498 100.8900 69.6300 49 1162 120.7100 60.6700 45 1650 51.3600 70.3500 47 1164 125.5600 76.5900 48 1368 112.6900 69.8400 43 1579 55.5500 84.3000 42 1263 36.2800 107.7600 50 1250 100.7300 27.7000 51 647 98.2700 33.0800
-1.2696637350e+000 -6.1692882142e-001 -4.0353134069e+000
82 32 26
12 46 1484 -168.4100 -81.4100 49 1135 -197.1100 -72.5500 45 1637 -214.3200 -96.9800 47 1148 -165.5300 -65.0700 48 1345 -188.1400 -64.4700 43 1591 -200.7300 -85.7100 42 1278 -221.8500 -49.0500 50 1191 -237.0400 -90.9100 51 585 -257.3600 -73.2400 52 1091 -269.7400 -89.0900 53 1198 -255.7500 -41.3100 54 1235 -262.2800 -17.6500
-7.4202493639e-001 -7.2556742281e-001 -4.1807887779e+000
47 36 34
12 46 1457 -96.4900 -92.1900 49 1109 -123.6700 -94.3800 45 1638 -141.0300 -102.0300 47 1122 -92.2600 -81.9600 48 1313 -116.5300 -83.4700 43 1518 -124.1100 -87.3400 42 1279 -141.3000 -50.3800 50 1170 -165.0800 -115.8600 51 560 -185.0300 -103.2800 52 1065 -199.0500 -120.5800 53 1133 -189.8900 -76.7500 54 1152 -198.0100 -56.8200
-9.6259623397e-001 -6.4432169091e-001 -3.9767598796e+000
126 58 39
11 46 1485 -130.7700 -85.5700 49 1139 -159.9600 -87.7500 45 1660 -176.8600 -98.0000 47 1149 -126.6000 -72.7900 48 1346 -151.5300 -76.5700 43 1592 -161.6000 -83.4800 42 1311 -180.6700 -44.3700 50 1198 -201.4300 -110.2400 51 594 -220.9400 -96.2300 52 1098 -234.7200 -116.0900 53 1175 -223.4000 -70.7700
2.0785800559e+000 1.2757131856e+000 -5.5918633000e+000
228 228 220
10 46 1517 200.2300 124.0600 49 1161 243.3100 92.7900 45 1672 140.3900 130.5300 47 1180 238.1000 124.3800 48 1366 227.6300 108.1400 43 1601 141.8700 151.3100 42 1326 119.6900 179.8800 50 1237 228.1600 38.6000 51 627 227.8400 32.8400 52 1131 220.2100 -11.9200
1.3883813674e+000 -1.1692995324e+000 -6.1295913467e+000
63 31 31
11 46 1489 123.4600 -103.5900 49 1113 99.3800 -109.7800 45 1688 89.2800 -98.2700 47 1153 128.1100 -102.3300 48 1350 102.6900 -101.2500 43 1612 106.4900 -84.9200 42 1332 98.2300 -61.6500 50 1171 60.9300 -125.4100 51 562 46.3500 -118.6700 52 1034 28.3500 -129.0700 53 1140 26.0400 -101.0300
1.5275665706e+000 -9.4746384265e-001 -6.0000023582e+000
224 190 142
10 46 1529 138.8400 -84.9000 49 1152 118.1500 -97.6600 45 1681 102.5500 -78.2100 47 1191 146.2200 -85.0400 48 1361 119.7800 -86.6200 43 1628 119.6500 -63.6700 42 1348 111.7200 -38.6100 50 1228 78.7500 -117.4300 51 619 65.1100 -113.4800 52 1119 46.7300 -130.6200
8.8338959116e-001 1.5990751043e+000 -6.6192182336e+000
216 219 208
7 46 1532 74.8800 131.0800 49 1189 110.6100 146.3800 45 1706 22.4500 124.1400 48 1402 96.7100 149.0400 43 1636 22.7900 131.8100 42 1355 2.7900 147.3000 50 1260 104.7200 125.0700
-6.6219801506e-001 -6.2080424067e-001 -4.2394667704e+000
217 184 133
12 46 1538 -85.6600 -78.0500 49 1181 -108.6700 -81.4400 45 1712 -130.9000 -86.9400 47 1199 -79.2500 -68.3300 48 1391 -102.8100 -70.4500 43 1640 -115.5500 -72.3300 42 1362 -133.3400 -35.5700 50 1253 -148.9400 -103.6400 51 651 -167.0100 -91.1900 52 1151 -181.1100 -110.5700 53 1251 -172.7200 -69.6400 54 1261 -180.2700 -52.2400
2.3195635799e+000 1.6716141938e+000 -5.7946885500e+000
93 45 48
7 46 1549 216.9800 157.2300 49 1199 272.8800 126.5000 45 1713 154.0000 162.9300 47 1215 258.0500 158.0000 48 1415 250.8500 141.4800 43 1644 152.8800 184.0100 42 1365 128.0100 209.8400
3.4533853112e-001 8.4408649777e-001 -6.6939207850e+000
236 239 233
5 46 130 27.5800 67.5300 49 318 47.4900 90.1000 47 317 51.4000 86.8900 43 210 -13.6400 64.1000 50 628 38.2300 76.6000
6.2573144796e-001 5.6727108764e-001 -6.4548982433e+000
213 217 202
10 46 602 53.8600 47.5000 49 336 67.6300 59.5400 45 288 9.5800 42.0700 47 100 73.1100 61.2800 48 498 61.4900 62.3600 43 233 14.4200 50.3800 50 71 51.2300 41.9500 52 323 44.6700 33.7200 53 62 55.3900 56.1500 54 63 60.0900 62.7400
4.9872803733e-001 -7.5384972260e-002 -5.3357504027e+000
215 220 214
6 46 255 49.4800 -7.1000 49 372 46.6900 -13.4400 45 341 5.6500 -9.3500 48 562 47.1500 -5.4200 43 270 16.5700 5.6600 50 448 19.3600 -43.0700
2.1201936353e+000 -1.9052737215e-001 -6.0647644319e+000
128 103 81
5 46 261 190.2100 -16.6500 49 418 189.3000 -43.3800 47 640 208.0300 -21.2500 48 218 186.2200 -29.3800 43 278 157.8900 12.4000
4.3079381440e-001 -2.1417293700e-001 -5.0701783999e+000
140 137 132
7 46 683 44.9700 -22.7600 49 636 39.7500 -34.7900 45 863 -0.7300 -23.4100 47 421 59.6300 -17.7800 48 843 38.7900 -23.1800 43 298 11.3800 -7.1100 50 703 6.1700 -63.0600
1.0494976934e-001 -5.7166428825e-001 -4.5403427346e+000
175 125 85
5 46 326 10.8400 -67.3800 49 196 -6.3300 -83.5700 45 450 -34.1300 -68.7000 48 264 -3.8700 -70.1300 43 401 -18.3600 -50.1100
-9.1059595448e-001 -7.1270726458e-001 -4.0476798313e+000
129 73 44
