# Bundle file v0.3
60 8625
0 0 0
0 0 0
0 0 0
0 0 0
0 0 0
0 0 0
0 0 0
0 0 0
0 0 0
0 0 0
0 0 0
0 0 0
0 0 0
0 0 0
0 0 0
0 0 0
0 0 0
0 0 0
0 0 0
0 0 0
0 0 0
0 0 0
0 0 0
0 0 0
0 0 0
0 0 0
0 0 0
0 0 0
0 0 0
0 0 0
5.6995749204e+002 3.7850954634e-002 -3.6002003472e-003
3.1331723833e-002 3.3160780093e-001 -9.4289691348e-001
-5.0253926931e-001 -8.1022424177e-001 -3.0164707998e-001
-8.6398646163e-001 4.8329384893e-001 1.4126021979e-001
-6.5374560143e+000 -1.6030622643e+000 -8.5054622720e+000
5.6522482757e+002 3.0896372724e-002 1.2155585966e-002
-9.1309340298e-004 2.8966450614e-001 -9.5712780763e-001
-4.5716455483e-001 -8.5137354342e-001 -2.5722297597e-001
-8.8938165939e-001 4.3733003949e-001 1.3320172857e-001
-6.7914983211e+000 -1.3093070890e+000 -8.3449687860e+000
5.5876792299e+002 9.0647326580e-003 7.5657781194e-002
-1.9885975271e-002 2.4510931638e-001 -9.6929147887e-001
-3.9685608533e-001 -8.9177228159e-001 -2.1736477479e-001
-9.1766540500e-001 3.8034671131e-001 1.1500688531e-001
-6.9223347704e+000 -1.2511286050e+000 -8.6892311628e+000
5.7035030001e+002 4.7326906734e-002 -9.8721350423e-002
-3.7926364025e-002 1.4458568288e-001 -9.8876517496e-001
-2.8236694402e-001 -9.5070314252e-001 -1.2818909361e-001
-9.5855646669e-001 2.7433285458e-001 7.6882930888e-002
-6.9618641502e+000 -8.2414213594e-001 -9.1104533085e+000
5.6519990277e+002 3.6050810697e-002 -6.0275364299e-002
-5.5564026650e-002 8.9457349637e-002 -9.9443955148e-001
-2.1837895909e-001 -9.7295279303e-001 -7.5322591275e-002
-9.7428089849e-001 2.1297944766e-001 7.3596777818e-002
-7.0400112878e+000 -5.8799383126e-001 -8.8949855677e+000
0 0 0
0 0 0
0 0 0
0 0 0
0 0 0
5.5798575006e+002 6.8648965179e-003 1.3559872211e-002
-7.4515959744e-002 1.5705568471e-002 -9.9709613722e-001
-1.1717404013e-001 -9.9308752483e-001 -6.8856630828e-003
-9.9031187818e-001 1.1632069100e-001 7.5841154933e-002
-6.8609035704e+000 6.1799750973e-002 -8.5736257289e+000
5.6210246907e+002 2.6082101981e-002 -4.2484792111e-002
-9.0104185374e-002 -5.9176062541e-002 -9.9417273620e-001
-5.7478755077e-002 -9.9626034952e-001 6.4509756522e-002
-9.9427231104e-001 6.2956410268e-002 8.6365860809e-002
-6.7510472764e+000 7.7841632955e-001 -8.0922749716e+000
5.6826466556e+002 3.4667572248e-002 -8.0682885838e-002
-7.4655295703e-002 -1.3798467156e-001 -9.8761673601e-001
5.5768255186e-002 -9.8940826186e-001 1.3401937578e-001
-9.9564877770e-001 -4.5072406031e-002 8.1559730735e-002
-6.6023140264e+000 9.9977719634e-001 -8.1474819731e+000
5.7233844809e+002 2.7421653478e-002 -6.0772290841e-002
-5.8737167526e-002 -2.0294961336e-001 -9.7742590491e-001
1.3094847259e-001 -9.7222245212e-001 1.9400000290e-001
-9.8964763561e-001 -1.1659741864e-001 8.3681534924e-002
-6.6150027586e+000 1.3811184685e+000 -8.2897199740e+000
5.7027714517e+002 3.7151586708e-002 -1.0237887297e-001
-7.0423250389e-002 -2.9060052994e-001 -9.5424938973e-001
2.3909643542e-001 -9.3365553105e-001 2.6668379011e-001
-9.6843867146e-001 -2.0937688826e-001 1.3523260808e-001
-6.8956068457e+000 1.6406421379e+000 -7.5814109536e+000
5.7233415894e+002 3.3823016594e-002 -8.6028650002e-002
-6.2068212687e-002 -3.6185176245e-001 -9.3016710272e-001
3.2407579330e-001 -8.8877359821e-001 3.2412400609e-001
-9.4399280568e-001 -2.8132684397e-001 1.7243198570e-001
-6.8713117281e+000 1.6945840780e+000 -7.4463926668e+000
5.7606164861e+002 3.7099706433e-002 -1.2130183478e-001
-4.3807993199e-002 -4.1445959472e-001 -9.0901270843e-001
3.7874789236e-001 -8.4885401128e-001 3.6877757735e-001
-9.2446248910e-001 -3.2813124185e-001 1.9416228872e-001
-6.7329690907e+000 2.1072926771e+000 -7.3069518651e+000
5.7117717982e+002 4.3907022867e-002 -9.7113109196e-002
-1.9465553742e-002 -4.8316817576e-001 -8.7531114819e-001
4.6225862945e-001 -7.8063427481e-001 4.2062701825e-001
-8.8653147249e-001 -3.9643239388e-001 2.3854413715e-001
-6.2100828847e+000 2.3532140864e+000 -6.9391655712e+000
5.7450453041e+002 3.9056982077e-002 -1.0147989050e-001
1.0699654190e-002 -5.5213059799e-001 -8.3368898287e-001
5.0884205845e-001 -7.1470975705e-001 4.7986427532e-001
-8.6079339969e-001 -4.2935039996e-001 2.7330012277e-001
-6.0456167977e+000 2.7740519200e+000 -6.9169853119e+000
5.7106230155e+002 3.6050062522e-002 -8.7555770027e-002
4.0713619442e-002 -6.0053251683e-001 -7.9856314555e-001
5.7855221518e-001 -6.3744347656e-001 5.0886456794e-001
-8.1462858746e-001 -4.8272819518e-001 3.2148678678e-001
-5.8957647849e+000 2.2423310929e+000 -6.6244986274e+000
0 0 0
0 0 0
0 0 0
0 0 0
0 0 0
5.6323518858e+002 4.6107270155e-002 -1.0137589004e-001
6.8910536352e-002 -6.3699737544e-001 -7.6777970907e-001
6.2221327659e-001 -5.7413528359e-001 5.3218353466e-001
-7.7980893584e-001 -5.1439578129e-001 3.5678425382e-001
-5.6929881841e+000 2.4727276742e+000 -6.3737427175e+000
5.7585686704e+002 4.7153482362e-002 -1.4134965939e-001
1.1958859048e-001 -6.9621098817e-001 -7.0780564350e-001
6.4464337241e-001 -4.8774730560e-001 5.8867434825e-001
-7.5507184521e-001 -5.2668095260e-001 3.9047878654e-001
-5.5350468781e+000 2.8021368188e+000 -5.9404157313e+000
5.5877712462e+002 4.4310934412e-002 -9.8185602684e-002
1.5772892921e-001 -7.4052350686e-001 -6.5325838737e-001
6.9423497696e-001 -3.8730010446e-001 6.0666005789e-001
-7.0225307522e-001 -5.4920266284e-001 4.5300888897e-001
-5.5715012762e+000 2.8214643951e+000 -5.6906125134e+000
5.5942043240e+002 4.2503867908e-002 -9.5802338136e-002
2.0481011586e-001 -7.5749245505e-001 -6.1988547086e-001
7.2488819666e-001 -3.0817476928e-001 6.1608880360e-001
-6.5771568233e-001 -5.7552888036e-001 4.8598002952e-001
-5.2228814410e+000 3.2025521832e+000 -5.5947125808e+000
5.6187160055e+002 5.1993709459e-002 -1.1892610358e-001
2.6971535392e-001 -7.8235447688e-001 -5.6140457814e-001
7.4937114872e-001 -1.9559940765e-001 6.3260078501e-001
-6.0472845917e-001 -5.9132253824e-001 5.3351770959e-001
-4.9153314215e+000 3.7915246451e+000 -5.2525738737e+000
5.6229804486e+002 3.9105592114e-002 -9.2259027181e-002
3.2899327185e-001 -7.9259617730e-001 -5.1337581439e-001
7.6231806140e-001 -9.7948425129e-002 6.3974782476e-001
-5.5734603286e-001 -6.0182838562e-001 5.7198600850e-001
-4.6289704102e+000 3.8227552348e+000 -4.9617124281e+000
5.5935069842e+002 5.3377608412e-002 -1.1235675064e-001
3.8266666449e-001 -7.8601189604e-001 -4.8554250398e-001
7.5402444062e-001 -3.7980600404e-002 6.5574737281e-001
-5.3386643165e-001 -6.1704357486e-001 5.7813827056e-001
-4.1382621853e+000 4.0865462097e+000 -5.1097758234e+000
5.6089662341e+002 6.1291117956e-002 -1.3006466541e-001
4.6508660213e-001 -7.8659855961e-001 -4.0614918263e-001
7.5401683317e-001 1.1159475183e-001 6.4730613056e-001
-4.6384595268e-001 -6.0729672928e-001 6.4500977884e-001
-3.6050767891e+000 4.0666058952e+000 -4.6387192978e+000
5.6241998971e+002 5.5731215805e-002 -1.2729795524e-001
5.2049058057e-001 -7.8105104954e-001 -3.4503451065e-001
7.5187348340e-001 2.2771704415e-001 6.1873355555e-001
-4.0469225406e-001 -5.8146728697e-001 7.0577614985e-001
-3.2978652103e+000 4.2729238217e+000 -3.8496127549e+000
5.5862315411e+002 5.2873612632e-002 -1.2673303565e-001
5.7655583301e-001 -7.5597040373e-001 -3.0998729023e-001
7.3616772669e-001 3.1604737512e-001 5.9847400517e-001
-3.5445796591e-001 -5.7325631734e-001 7.3873997119e-001
-2.8393639373e+000 4.4038238817e+000 -3.5840716560e+000
0 0 0
0 0 0
0 0 0
0 0 0
0 0 0
5.6114917354e+002 5.1048881447e-002 -1.0796433389e-001
6.4167301592e-001 -7.2515408455e-001 -2.4981451978e-001
7.0134940802e-001 4.2294029997e-001 5.7378611915e-001
-3.1042672003e-001 -5.4339033514e-001 7.7997576576e-001
-2.1128129904e+000 3.9155756543e+000 -2.9477256014e+000
5.5739262382e+002 2.6245150649e-002 -4.1545492488e-002
6.8936265227e-001 -6.9415966842e-001 -2.0717501876e-001
6.7308599098e-001 5.0802719207e-001 5.3746034352e-001
-2.6783275080e-001 -5.0995169071e-001 8.1744412087e-001
-1.9664056395e+000 3.8595436077e+000 -2.7730066184e+000
5.6047540340e+002 1.7074258334e-002 -2.8698426262e-002
7.2536514502e-001 -6.6509207854e-001 -1.7747657156e-001
6.4766071036e-001 5.7205761873e-001 5.0327495974e-001
-2.3319736414e-001 -4.8000271657e-001 8.4570466562e-001
-1.8694213217e+000 3.9592589510e+000 -2.6899688031e+000
5.6594991593e+002 2.0545801108e-002 -3.4102457328e-002
7.7896619211e-001 -6.1069093938e-001 -1.4236659760e-001
5.9676153851e-001 6.5223631911e-001 4.6740073833e-001
-1.9258073038e-001 -4.4904828314e-001 8.7250690639e-001
-1.3582419194e+000 3.7162487623e+000 -2.5014326248e+000
5.6846724300e+002 -1.9625753826e-002 6.0855729030e-002
8.3276883804e-001 -5.4358346225e-001 -1.0494323209e-001
5.3333928873e-001 7.3687762473e-001 4.1540410357e-001
-1.4847648126e-001 -4.0190594141e-001 9.0356314045e-001
-1.2703690914e+000 3.2910093473e+000 -2.2222274738e+000
5.6861718583e+002 8.2004580236e-003 -4.9931125825e-003
8.9773333699e-001 -4.3890237366e-001 -3.7941561084e-002
4.2481330366e-001 8.3966412990e-001 3.3837524435e-001
-1.1665553006e-001 -3.1988881718e-001 9.4024604862e-001
-7.2384626366e-001 2.6994554930e+000 -1.7277299106e+000
5.6622570898e+002 2.3933662833e-003 2.1523102393e-002
9.2098772004e-001 -3.8905192564e-001 -2.0499236075e-002
3.7851054491e-001 8.8109276020e-001 2.8355831027e-001
-9.2257178147e-002 -2.6891289869e-001 9.5873586873e-001
-7.7879331203e-001 2.1924919417e+000 -1.9100656003e+000
5.6604891030e+002 8.0066689838e-003 -5.5190422772e-003
9.4218221289e-001 -3.3507690043e-001 -4.0185219866e-003
3.2637371392e-001 9.1485927075e-001 2.3772402820e-001
-7.5979448433e-002 -2.2529089089e-001 9.7132442464e-001
-5.9157718202e-001 1.6747183292e+000 -1.7140606726e+000
5.7177500045e+002 1.3137806095e-002 2.2404011290e-002
9.7528270487e-001 -2.2096058419e-001 -2.5654891550e-004
2.1871177350e-001 9.6519030041e-001 1.4343236775e-001
-3.1445281245e-002 -1.3994321786e-001 9.8966008814e-001
-4.4006169951e-001 9.4114941334e-001 -1.7217930709e+000
5.6593474246e+002 2.7778443164e-002 -2.8182593717e-002
9.8611746475e-001 -1.6604341594e-001 -1.3891525339e-003
1.6569476168e-001 9.8343162356e-001 7.3535622257e-002
-1.0843969381e-002 -7.2744936686e-002 9.9729162361e-001
-2.6605293077e-001 2.7491589470e-001 -1.7301180054e+000
0 0 0
0 0 0
0 0 0
0 0 0
0 0 0
5.6586084679e+002 2.6209858006e-002 -1.8893944136e-002
9.9472247206e-001 -1.0252942292e-001 -3.8627723298e-003
1.0259087048e-001 9.9446640185e-001 2.2620541328e-002
1.5221262515e-003 -2.2897445965e-002 9.9973666038e-001
-4.1903759775e-001 -1.3954148085e-001 -1.8521081271e+000
5.6684283875e+002 3.2012264731e-002 -5.6677748337e-002
9.9975609324e-001 -9.2793648431e-003 -2.0041143257e-002
8.9517642507e-003 9.9982585215e-001 -1.6374714886e-002
2.0189600088e-002 1.6191317392e-002 9.9966505455e-001
3.1612222644e-002 -2.7255068322e-001 -1.7564534502e+000
5.6642094397e+002 2.5636185694e-002 -5.0154852335e-002
9.9572987046e-001 8.9023949838e-002 -2.4428700977e-002
-9.0852732212e-002 9.9193587083e-001 -8.8368598528e-002
1.6364783095e-002 9.0210667393e-002 9.9578824524e-001
1.5825496690e-001 -5.1248911363e-001 -1.4866859217e+000
5.6634805112e+002 2.3824995513e-002 -5.1914580414e-002
9.8713915223e-001 1.5810738033e-001 -2.3629439580e-002
-1.5984867793e-001 9.7420321602e-001 -1.5930001276e-001
-2.1666316721e-003 1.6102841423e-001 9.8694739248e-001
-5.0788296644e-002 -8.9031924436e-001 -1.6176815321e+000
5.6664127403e+002 2.1143933809e-002 -5.0806327768e-002
9.7663043569e-001 2.1236577538e-001 -3.3072186605e-002
-2.1458663790e-001 9.5483892791e-001 -2.0551203510e-001
-1.2065111484e-002 2.0780615772e-001 9.7809561593e-001
-9.3657147860e-002 -1.2058089799e+000 -1.4718972901e+000
5.6560055626e+002 7.6174885337e-003 -2.1852653270e-002
9.4165361785e-001 3.3093317246e-001 -6.1414162454e-002
-3.3349485989e-001 8.9268760579e-001 -3.0313366178e-001
-4.5493322728e-002 3.0592821681e-001 9.5096702558e-001
-5.7342337422e-001 -1.9529847369e+000 -1.6552624937e+000
5.6813108095e+002 8.3053478030e-003 -5.0753240607e-002
9.1847431675e-001 3.8831068234e-001 -7.4964948203e-002
-3.8904973046e-001 8.5311350263e-001 -3.4761711533e-001
-7.1029829709e-002 3.4844248538e-001 9.3463500773e-001
-7.5435924100e-001 -2.0531122330e+000 -1.6237622405e+000
5.6210820851e+002 -3.1080265403e-002 2.4642841606e-002
8.7945759051e-001 4.6551832624e-001 -9.9232224709e-002
-4.6264174621e-001 7.8703051396e-001 -4.0809996907e-001
-1.1187922573e-001 4.0481558520e-001 9.0752817082e-001
-9.9755416360e-001 -2.5795440906e+000 -1.7319966926e+000
5.6173203367e+002 -3.6183972441e-002 3.7597569713e-002
8.4125327277e-001 5.2057094682e-001 -1.4594115384e-001
-5.2455380840e-001 7.2055938531e-001 -4.5347268312e-001
-1.3090543591e-001 4.5803936684e-001 8.7924041381e-001
-1.1692435208e+000 -2.4759282522e+000 -2.0440048688e+000
5.6027599458e+002 -3.3546205351e-002 4.4608745733e-003
7.9706798326e-001 5.7340707443e-001 -1.8943853107e-001
-5.8325921515e-001 6.4968491606e-001 -4.8756353206e-001
-1.5649702236e-001 4.9911305016e-001 8.5228800599e-001
-1.4195006043e+000 -2.5148146264e+000 -2.1294716588e+000
0 0 0
0 0 0
0 0 0
0 0 0
0 0 0
0 0 0
0 0 0
0 0 0
0 0 0
0 0 0
0 0 0
0 0 0
0 0 0
0 0 0
0 0 0
0 0 0
0 0 0
0 0 0
0 0 0
0 0 0
0 0 0
0 0 0
0 0 0
0 0 0
0 0 0
1.0537625457e+000 -2.1268048104e+000 -6.7599886991e+000
88 70 55
34 46 1364 82.5600 -150.4800 49 1008 46.9400 -137.6100 45 1546 57.6300 -150.4300 47 1022 79.4300 -143.0700 48 1217 53.3700 -134.8000 43 1464 77.0600 -143.8300 42 1181 74.0100 -128.8500 41 1386 81.2900 -108.3000 50 994 9.4100 -138.7400 40 1298 81.9700 -85.0000 51 377 -6.3200 -126.6500 39 1065 106.3400 -68.9500 38 1341 108.4000 -38.6700 36 1573 109.4500 2.1200 37 1454 126.6500 -15.1700 35 1300 121.2900 -10.8100 31 2296 89.9600 28.5900 32 2008 106.8200 33.0400 30 2445 89.2600 17.1500 28 2952 60.2900 35.7300 29 2225 82.9100 36.1100 26 2537 53.6400 30.8200 27 2687 56.7700 49.5700 25 2637 39.5100 18.8200 23 1783 61.9200 50.2800 24 1906 59.8800 38.0000 21 1708 54.9200 51.5500 18 1465 16.7000 119.4100 19 1570 47.9700 110.8000 20 1161 51.4900 105.5500 17 1544 7.6900 111.3000 16 1535 6.6400 132.2600 14 1462 17.5900 135.5400 15 1255 21.9100 137.5300
9.2717971684e-001 -2.0914118403e+000 -6.8579548815e+000
91 68 50
31 46 1200 73.9400 -147.9600 49 845 39.9900 -132.7000 45 1399 49.5100 -149.7500 47 865 71.3100 -139.3300 48 1073 46.4600 -130.3400 43 1314 68.4600 -143.4400 40 1179 73.0500 -88.4500 39 976 96.8000 -73.6500 38 1234 101.3800 -46.8300 36 1480 103.6000 -8.0700 37 1353 120.7700 -25.0800 34 1575 131.6700 -20.0200 35 1264 115.6900 -20.6700 31 2297 86.6400 17.9000 32 2054 100.1100 23.4400 30 2447 86.3600 6.3400 28 3009 58.0000 23.7800 29 2274 79.7400 24.9900 26 2601 52.5800 19.0800 27 2752 54.8200 37.7200 25 2699 39.0700 6.6400 23 1855 63.2900 38.3200 24 2058 60.1700 25.5600 21 1845 56.5800 39.6700 18 1532 20.7400 110.0900 19 1653 51.6100 100.3800 20 1254 54.1800 94.4500 17 1703 12.8500 103.4400 16 1636 11.8700 125.4800 14 1586 23.6100 131.5500 15 1370 27.0800 131.9600
1.0682107066e+000 -2.8324790645e+000 -6.9263792812e+000
32 23 27
32 46 1430 81.4800 -193.3900 49 1079 34.9800 -174.7100 45 1601 61.1200 -195.0700 47 1080 73.0000 -184.6900 48 1278 44.5100 -172.9300 43 1471 84.4900 -188.9800 42 1249 85.2700 -177.4300 41 1388 99.7000 -157.3800 50 1070 -4.9700 -169.4800 40 1331 103.5500 -132.8900 51 459 -22.4600 -156.3400 39 1068 132.7700 -118.5100 38 1381 142.4900 -82.5900 36 1580 152.1900 -33.0300 37 1459 165.6700 -53.7200 34 1671 185.8000 -38.5800 35 1353 166.4900 -43.1300 31 2382 139.4800 12.0200 32 2097 155.2500 12.3600 30 2567 138.3800 5.4200 28 3083 110.4500 34.7400 29 2361 132.0300 32.3400 26 2641 100.7200 40.6200 27 2794 105.5900 54.5100 25 2772 85.7900 31.9100 23 1913 103.8800 73.5700 24 2052 106.1700 57.0900 21 1839 94.9100 77.9800 18 1526 47.6200 159.2000 19 1647 82.7300 146.9300 20 1308 89.0900 137.4900 17 1694 36.0900 152.7800
8.0817855821e-001 -2.7545057408e+000 -6.9282277867e+000
122 46 46
26 46 1428 66.0300 -189.2800 49 1078 22.4000 -166.5600 45 1600 45.6800 -192.1700 47 1079 58.6600 -178.3600 48 1277 31.1000 -166.1500 43 1528 67.6500 -188.1200 42 1292 67.5600 -176.9100 41 1423 80.6000 -160.0500 40 1330 84.3700 -136.1100 39 1067 112.6700 -123.0800 38 1380 122.6000 -90.8500 36 1579 133.8600 -44.6800 37 1496 146.7600 -64.5100 34 1674 168.9100 -51.9700 35 1355 148.7400 -55.7300 31 2383 125.2700 -2.5600 32 2099 139.9900 -1.2300 30 2538 125.7000 -8.2500 28 3052 100.0600 20.0900 29 2326 121.1900 18.4500 26 2602 93.6800 26.0000 27 2753 97.1100 39.7000 25 2697 79.9200 17.4600 23 1784 101.0500 61.6200 24 1992 102.1000 43.5700 21 1700 92.8700 66.7200
2.0761346396e+000 -1.4690503799e+000 -5.9968536836e+000
182 148 104
30 46 1359 165.2300 -119.3000 49 1009 134.7700 -134.9700 45 1537 132.6200 -110.5800 47 1017 168.4200 -122.5700 48 1214 139.3300 -123.7100 43 1452 151.5200 -93.7600 42 1237 145.3400 -66.8800 41 1377 144.6700 -32.2000 50 1001 91.4600 -153.4400 40 1289 138.4700 -1.5300 51 461 74.2000 -147.9400 52 906 53.2200 -158.7600 39 1015 160.1800 24.9700 53 1035 47.6400 -130.8100 38 1331 144.9000 63.1500 54 1033 36.2700 -119.7800 36 1515 124.4900 106.7000 37 1439 152.1000 89.7700 34 1608 134.2900 97.9900 35 1290 128.8100 95.2900 31 2327 69.2800 124.6300 32 2045 93.6000 132.4800 30 2431 62.5300 103.5000 28 2933 19.0100 110.9400 29 2201 46.1600 113.1000 26 2521 1.8600 90.5300 27 2673 9.9300 116.8300 25 2526 -15.0700 73.5000 23 1686 -0.9200 84.9600 24 1816 -1.9100 84.5100
3.8365395105e-002 -4.6219475083e-001 -4.2423444561e+000
145 79 47
21 46 1342 15.0100 -62.9400 49 990 -1.9600 -78.6700 45 1525 -30.2300 -63.5500 47 995 25.5100 -59.7500 48 1199 0.9100 -65.2500 43 1442 -14.6100 -45.7100 42 1154 -29.6700 -8.9500 41 1236 -38.7500 26.0800 50 1058 -42.3700 -105.6200 40 1145 -46.8500 58.5900 51 444 -58.1100 -97.0700 52 895 -74.4400 -118.0000 39 861 -33.3600 91.0800 53 1023 -71.7600 -82.9300 38 1201 -51.3100 116.8100 36 1256 -72.0900 146.9200 37 1211 -41.1600 137.8300 34 1376 -63.5600 123.3500 35 1071 -67.5800 127.0100 31 1710 -122.6800 136.1300 28 627 -162.0200 95.9000
1.5706446440e+000 -2.1859922508e+000 -6.3756618960e+000
197 191 179
17 46 1563 124.0200 -165.3800 49 1204 83.2700 -163.6600 45 1732 97.7800 -161.0900 47 1226 120.7700 -162.1100 48 1418 91.3700 -158.3200 43 1663 119.9800 -148.9800 42 1381 117.8700 -128.1700 41 1505 124.9800 -99.1500 40 1410 123.8200 -68.5700 39 1148 149.7100 -48.7100 37 1586 160.3800 19.4500 34 1778 160.3800 32.6300 35 1439 148.1200 28.6700 31 2492 102.3600 72.4800 32 2200 122.6200 73.5200 30 2634 98.2300 55.2100 29 2434 83.5800 78.5400
2.3657889029e+000 -1.7341511596e+000 -6.0825720126e+000
41 26 31
17 46 1360 185.6700 -137.5500 49 1014 149.6000 -155.2700 45 1464 154.2500 -126.2600 47 1024 186.2400 -142.8300 48 1218 154.9600 -144.0100 43 1458 175.2500 -109.4300 42 1173 170.9400 -82.2000 41 1313 172.0300 -44.8000 40 1171 166.4600 -12.0200 39 960 189.8700 14.9200 38 1216 175.0200 58.2700 36 1403 153.8100 106.4600 37 1327 181.7500 87.1200 34 1387 163.5900 100.7300 35 1079 158.0300 96.1400 31 1712 95.5400 131.4400 32 1491 121.3100 137.2000
8.8301294466e-002 -3.9022425920e-001 -4.2392446298e+000
213 191 149
19 46 1267 19.3500 -55.3200 49 912 4.3200 -71.5200 45 1448 -26.3300 -56.3400 48 1132 6.6300 -58.1900 43 1358 -11.0400 -38.1900 42 1084 -26.4000 -1.4400 41 1234 -36.5900 33.7200 50 988 -35.9500 -101.1200 40 1140 -45.2100 65.8200 39 857 -32.4500 98.9300 53 928 -65.5000 -81.9600 38 1200 -51.0200 124.0200 54 909 -74.2300 -70.1000 36 1255 -72.6500 152.7200 37 1308 -40.8400 144.2200 34 1371 -64.7700 128.8100 35 1065 -68.6800 132.8500 31 2029 -122.0300 140.9700 32 1745 -98.8200 157.2200
1.1713927978e+000 -3.8968099567e-001 -5.5157156884e+000
162 163 156
20 46 1504 102.6100 -43.5400 49 1132 93.1000 -58.1000 45 1676 61.5700 -40.6200 47 1169 115.6500 -41.2500 48 1342 92.7000 -47.1600 43 1607 75.0500 -25.0300 42 1328 62.5200 2.9200 41 1458 52.4700 30.9400 50 1197 60.3000 -81.8400 40 1366 43.9500 57.8800 51 588 49.0300 -75.6900 52 1062 33.0300 -94.9500 39 1115 57.2200 82.5600 38 1420 39.2500 104.9600 36 1621 16.5400 129.4500 37 1532 44.6200 122.0600 34 1722 23.2700 106.7700 35 1392 19.5700 111.5600 31 2439 -34.0200 115.8700 32 2148 -11.6800 131.0600
1.0435065806e+000 4.1133086172e-002 -5.3793700831e+000
165 166 160
11 46 663 93.7400 -10.3900 49 396 92.4000 -23.5700 45 846 46.4600 -7.6100 47 630 108.9600 -6.0800 48 829 89.7500 -12.0900 43 774 62.6200 6.9800 50 205 61.2400 -52.3300 40 605 24.0100 86.6800 39 606 34.7600 111.6200 36 142 -12.6100 147.1800 34 236 -7.0500 120.5500
2.0521732603e+000 -1.8532703245e+000 -6.1374130674e+000
198 80 86
18 46 1426 159.1000 -143.2100 49 1074 121.9400 -152.8600 45 1595 129.3300 -135.4500 47 1077 159.0700 -144.7700 48 1273 128.5400 -143.4700 43 1523 151.0700 -120.6300 41 1318 152.8600 -62.2300 50 1071 75.3200 -166.5000 40 1238 149.9500 -30.5800 51 460 57.0800 -159.2700 52 993 35.4800 -165.6700 39 962 175.1700 -3.6600 53 1103 30.3100 -135.8300 38 1224 165.5400 38.6300 54 937 16.4300 -122.9400 36 1294 150.0300 89.2700 37 1334 175.0800 69.1000 34 309 164.0600 83.6600
2.0316755287e+000 -2.0065362626e+000 -6.0219825637e+000
42 29 38
20 46 1491 159.3200 -157.8900 49 1142 119.5100 -167.3200 45 1666 130.9200 -149.9500 47 1157 158.0800 -159.6800 48 1351 126.6700 -157.9600 43 1597 153.4200 -134.7700 42 1288 150.9600 -109.8500 41 1380 155.7000 -74.5500 50 1205 72.6900 -179.5100 40 1326 154.7500 -41.4800 51 600 53.6900 -172.6500 52 1102 31.4000 -177.4500 39 1061 181.3300 -13.1900 53 1205 25.3100 -146.5900 38 1334 171.0200 30.9100 54 1226 13.7300 -133.1000 36 1567 157.5100 87.6600 37 1486 183.5600 65.2100 34 1611 169.7300 85.5100 35 1343 163.5100 79.4700
1.2717303603e+000 -6.4781527371e-001 -5.6624690222e+000
92 60 44
15 46 1480 112.3600 -63.8600 49 1106 98.3700 -76.0900 45 1656 74.1300 -59.3300 47 1145 122.4800 -62.7300 48 1311 99.0900 -66.0400 43 1586 87.0500 -43.9600 42 1309 74.7800 -17.1500 41 1439 65.8300 11.2600 40 1345 57.9300 37.9600 39 1081 72.8500 62.5400 38 1403 55.0800 87.8100 36 1565 33.4200 115.6200 37 1481 61.5000 106.4900 34 1658 40.8200 95.5300 35 1339 36.3800 99.1300
1.8881711361e+000 -2.2993719372e+000 -6.0201045635e+000
199 195 184
20 46 1513 152.1400 -180.5000 49 1177 102.7000 -184.4200 45 1691 126.9500 -172.7100 47 1193 145.4900 -180.8000 48 1382 112.6100 -176.7800 43 1616 151.2400 -158.2800 42 1350 149.0000 -133.9300 41 1465 159.2700 -97.6900 50 1233 57.0200 -195.2600 40 1385 155.9600 -64.5500 51 640 34.9900 -184.1400 52 1125 12.5100 -187.5500 39 1120 184.3200 -37.8400 53 1247 4.9200 -151.9400 38 1445 176.7400 9.0700 54 1243 -6.0500 -139.6200 36 1644 163.7000 65.7900 37 1562 188.7600 42.0300 34 1747 183.1400 65.7700 35 1414 171.9800 57.7700
1.7982460418e+000 2.1798506802e+000 -6.2095283965e+000
232 233 221
17 46 1309 139.1700 145.6400 49 959 186.1000 141.1400 45 1489 81.9400 144.4200 47 959 175.2100 155.3500 48 1171 170.0500 148.5700 43 1407 80.7200 157.7200 42 1127 58.3000 176.8300 41 1276 26.8400 187.6800 50 1023 180.1800 103.8600 40 1188 10.4700 199.2500 52 942 185.2600 70.3300 39 910 11.5100 214.2100 53 1069 197.8400 80.8800 38 1180 -19.3200 207.3100 54 1084 205.6400 74.7200 36 1236 -53.9200 195.3400 37 1187 -25.0800 203.9700
6.4003774357e-001 -3.0272906341e+000 -7.3499668935e+000
115 40 44
12 46 1300 52.9600 -197.1900 49 944 6.9200 -166.2100 45 1477 34.5700 -202.1600 47 949 43.2500 -183.0900 48 1159 16.0600 -167.9500 43 1473 56.3700 -200.7100 42 1186 57.6600 -193.6100 41 1339 73.4500 -181.0700 40 1254 78.7600 -159.7100 39 1038 107.8800 -150.4400 38 1351 123.1000 -121.2600 36 1529 141.1200 -78.4500
-1.2027158030e+000 -1.1613916067e+000 -3.4979369020e+000
148 85 46
12 46 1070 -116.6900 -149.4500 49 939 -155.1600 -146.9300 45 1275 -157.9000 -160.1500 47 942 -117.8100 -138.1800 43 1195 -138.5900 -147.2900 42 1032 -155.6100 -109.2700 41 1173 -157.2200 -72.6400 50 770 -201.2500 -164.4800 40 1087 -159.5400 -32.6000 39 955 -147.2800 5.1100 38 1221 -152.4600 40.4700 37 1330 -128.6200 71.0600
1.2886619913e+000 2.5458129677e+000 -6.4645810918e+000
197 186 132
14 46 1437 99.0800 166.6500 49 1086 150.1700 177.2800 45 1554 41.7000 161.0800 47 1088 135.4400 182.7700 48 1291 133.1300 180.3300 43 1481 39.3900 170.2800 42 1192 17.1500 185.4500 41 1346 -13.5100 188.9700 50 1137 150.4800 147.2700 40 1312 -27.8600 196.9200 51 571 157.6900 154.3400 39 1045 -28.0900 207.3600 38 1311 -56.0100 193.0400 37 1426 -59.1600 185.6000
1.0784138388e+000 2.5834074058e+000 -6.7562885539e+000
227 227 215
9 46 1214 81.5500 163.4100 49 1028 128.6600 181.8500 43 1326 23.8700 163.2300 42 1054 3.0000 175.7900 41 1211 -25.0200 176.7900 40 1121 -39.0500 183.0100 51 474 137.0400 168.0700 39 846 -37.9900 192.4500 38 1188 -61.6100 178.0300
3.0732762175e+000 -3.4607822225e-003 -5.6083343165e+000
152 140 88
10 46 1334 251.1600 -13.1400 49 1062 252.7600 -57.1100 45 1514 202.5200 2.5100 47 990 271.7900 -23.9500 48 1192 247.7300 -38.1900 43 1349 213.5600 26.6800 42 1076 198.2400 61.7400 41 1222 178.1000 102.3800 40 1133 161.9700 132.7000 39 742 173.2700 163.3300
3.4806609799e-002 -4.6004501146e-001 -4.2214542920e+000
145 79 47
10 46 1343 15.0100 -62.9400 49 991 -1.9600 -78.6700 45 1526 -30.2300 -63.5500 47 996 25.5100 -59.7500 48 1200 0.9100 -65.2500 43 1443 -14.6100 -45.7100 42 1155 -29.6700 -8.9500 41 1237 -38.7500 26.0800 40 1146 -46.8500 58.5900 39 862 -33.3600 91.0800
2.9012984634e+000 -3.5938585364e-002 -5.7319154137e+000
91 83 57
10 46 1401 232.9700 -15.9400 49 988 235.0900 -52.2200 45 1575 185.5400 -1.7500 47 1110 252.7600 -26.1700 48 1191 231.0000 -35.4800 43 1503 197.4400 21.2700 42 1210 182.9300 54.3400 41 1359 164.3400 92.8400 40 1268 149.4000 121.8100 39 997 162.0700 150.5500
1.4589024539e+000 7.6577940532e-001 -5.5016639197e+000
180 183 174
13 46 1475 125.1500 46.2800 49 1149 142.6100 28.9600 45 1652 74.5600 49.4300 48 1358 134.6800 40.6200 43 1581 81.2300 67.0200 42 1300 63.0500 94.8600 41 1430 41.0100 118.6800 50 1221 117.8900 -8.3400 40 1342 27.2700 139.5100 51 612 112.2100 -5.7000 52 1114 102.2300 -35.5000 39 1047 34.6700 162.6400 53 1196 106.6200 -15.3700
2.0526612394e+000 -6.0932378150e-001 -6.2470071029e+000
139 124 85
10 46 1414 158.1800 -54.1900 49 1063 146.8700 -69.2600 45 1579 119.4900 -47.6200 47 1064 169.2900 -55.1300 48 1258 146.0000 -58.5700 43 1511 132.9300 -32.0000 42 1275 122.5900 -7.1300 41 1371 113.6800 21.4800 40 1280 105.4100 47.0200 39 1056 121.0800 70.8900
-9.4748149890e-001 -5.4540993700e-001 -3.7645785433e+000
217 184 133
11 46 1539 -85.6600 -78.0500 49 1182 -108.6700 -81.4400 45 1711 -130.9000 -86.9400 48 1392 -102.8100 -70.4500 43 1639 -115.5500 -72.3300 42 1361 -133.3400 -35.5700 41 1475 -141.0300 -3.4400 50 1254 -148.9400 -103.6400 40 1368 -145.6500 30.2700 51 652 -167.0100 -91.1900 39 1101 -136.8200 64.5200
7.0799327320e-001 5.8402792607e-002 -5.1760285526e+000
154 157 150
9 46 660 69.1500 -9.9000 49 622 67.9900 -20.7900 45 843 23.8200 -10.0700 47 414 85.4100 -5.4600 48 827 65.8700 -10.4900 43 772 35.0500 5.7900 42 214 19.7000 34.4400 41 215 6.0600 60.4900 40 142 -3.2800 84.6600
1.1269569038e+000 -7.3486617247e-001 -5.7476536994e+000
211 206 194
8 46 737 96.9900 -68.2300 49 449 81.0300 -75.7800 45 941 59.6800 -65.9500 48 628 82.4400 -66.6000 43 861 74.2200 -51.9400 42 874 64.5100 -27.1200 41 742 58.2800 0.3100 40 293 51.2700 26.4700
2.6825159392e+000 5.6936858998e-002 -5.6676532492e+000
145 79 65
8 46 666 218.0400 -7.5600 49 419 220.4000 -45.1000 45 318 171.2000 4.5200 48 582 215.5300 -28.4800 42 207 167.1800 58.9900 41 639 147.3200 95.2500 50 503 184.0700 -85.5700 40 577 132.6000 123.3600
1.4954324888e+000 -7.4514926382e-001 -6.0231285190e+000
144 109 78
8 46 1018 121.0500 -66.5500 49 651 105.6200 -75.5800 47 670 129.2900 -63.8200 48 878 106.7000 -66.2600 43 1123 97.7500 -47.3800 42 875 88.8700 -23.3800 41 743 83.5400 3.6100 40 707 76.1900 29.6000
1.8792899456e+000 2.8637075553e+000 -6.3368464533e+000
205 199 185
9 46 1210 142.6100 192.6000 49 858 204.7100 194.1200 45 1409 81.3300 189.5000 47 875 184.4000 206.0100 48 1084 185.0700 199.7700 43 1208 76.8200 201.1800 42 934 52.0500 217.6800 41 1072 16.0300 222.8900 40 823 -2.6300 230.1000
1.6812389411e+000 1.4084319081e+000 -5.9151969145e+000
235 238 230
9 46 1233 135.9300 92.8800 49 873 166.0200 81.0000 45 1324 82.4300 94.8000 47 891 165.4500 98.8700 48 1103 154.4300 90.3300 43 1243 85.2800 110.3400 41 912 38.7700 150.6600 50 950 149.8800 43.6600 40 852 24.1000 166.8700
2.7845838247e+000 -8.2296298284e-001 -5.9023844271e+000
53 33 34
9 46 1022 220.1400 -72.5500 49 671 202.4300 -105.4200 45 1210 180.1200 -58.7500 47 690 230.7200 -82.1400 48 895 203.4000 -89.6900 43 1125 196.1100 -37.6800 42 865 186.1100 -6.4200 41 970 176.4300 32.1500 40 912 165.7500 62.3000
-1.8126409123e+000 -7.5073899487e-001 -3.4585602885e+000
63 48 15
10 46 782 -183.8500 -105.4800 49 652 -217.6700 -94.2200 45 997 -228.4100 -122.6200 47 687 -183.9400 -88.9800 48 890 -206.9100 -86.0700 43 1183 -213.9500 -112.7700 42 1022 -235.6900 -79.1400 41 1046 -241.7400 -50.4900 50 732 -257.6000 -108.0600 40 961 -243.4700 -15.9800
-1.1579991797e-001 -1.1433918867e+000 -4.4707169916e+000
137 91 57
9 46 1188 1.7600 -122.0900 49 680 -27.1700 -126.5300 45 1385 -36.0400 -124.9400 47 860 5.2500 -116.6600 48 929 -20.8900 -116.3200 43 1373 -17.0300 -110.9500 42 1168 -28.6900 -79.5000 41 1310 -30.3700 -46.4600 40 1228 -35.0400 -12.7200
1.9745220622e+000 1.4625000302e+000 -5.6788166617e+000
205 205 193
11 46 1471 162.2200 100.2300 49 1145 196.6000 78.9600 45 1648 106.8500 103.9700 47 1163 194.6100 103.5800 48 1335 183.7000 91.2300 43 1575 109.6700 122.0700 42 1296 88.2800 148.5000 41 1428 58.9900 169.4700 50 1215 178.4500 34.7700 40 1337 41.8600 187.1800 51 578 176.9000 34.8900
2.9216758064e+000 1.3316570580e+000 -5.5482051601e+000
221 221 213
9 46 1518 240.5900 92.3300 49 1163 276.1400 49.3000 45 1694 180.5300 103.4400 47 1181 276.8500 85.9500 48 1369 263.4400 68.1400 43 1621 184.0100 127.1400 42 1340 161.1700 158.1400 41 1470 127.9400 186.9000 40 1359 108.4100 209.2800
5.6008699578e-002 3.0416048260e+000 -8.0759992111e+000
200 193 182
10 46 844 12.5400 168.9400 49 711 57.2000 217.3100 45 662 -36.7200 154.0900 47 525 41.7300 197.4800 48 722 42.6300 209.2700 43 624 -40.2100 151.7600 42 547 -59.5800 154.1900 41 143 -84.3800 140.3000 50 918 66.3900 214.9100 52 829 90.3000 219.6000
-1.9411547014e+000 -6.4107896237e-001 -3.4576002992e+000
138 121 77
6 46 347 -197.9200 -94.4300 49 433 -229.8100 -79.0600 45 542 -243.5400 -113.0400 48 253 -219.7300 -72.5200 43 472 -230.2900 -103.6700 41 387 -260.6500 -43.7700
3.2814186046e+000 -7.6868612622e-001 -5.7021409288e+000
109 107 112
7 46 1024 264.1300 -70.9400 49 688 245.6200 -115.3800 45 1214 222.0500 -52.2900 48 898 246.4600 -96.5300 43 1103 238.5800 -27.3700 42 852 228.1200 7.9500 41 673 215.4000 53.0000
1.7174214803e+000 2.6962875679e+000 -6.3048663151e+000
232 228 215
9 46 1086 131.8100 181.0600 49 717 189.1700 183.9200 45 1293 71.6100 177.3100 47 747 171.3100 194.3900 48 946 170.2200 188.7600 42 750 44.0800 206.1800 41 875 9.7200 211.8500 50 786 190.2600 146.6500 51 319 198.8700 150.5500
1.4129351842e+000 -9.3117958796e-001 -5.8526060390e+000
129 80 57
8 46 1168 117.3600 -81.5700 49 919 98.0500 -91.7700 45 1453 81.3900 -78.3600 47 931 125.1000 -80.9100 48 1144 100.0500 -81.7900 42 1012 88.3000 -37.6800 41 1017 83.5800 -7.7800 50 989 60.5900 -110.2000
-9.6354833356e-001 2.6400432099e+000 -9.1568533664e+000
188 71 73
9 46 1089 -40.3700 131.0600 49 712 -9.8600 195.5500 45 1309 -82.8200 111.6300 47 749 -18.6300 163.9900 48 945 -20.2000 182.9500 43 1242 -84.2800 104.4400 42 963 -100.7500 100.9100 41 1106 -119.1500 81.6200 50 775 -3.0000 208.5100
4.2525567323e-001 1.2656368894e+000 -6.7125164627e+000
247 252 246
12 46 1234 39.3200 74.7700 49 872 59.6500 94.1600 45 1327 -6.4300 66.8000 47 892 60.9700 91.6300 48 1102 51.6700 94.9100 43 1340 -3.2100 73.0000 42 968 -20.4000 86.0500 41 1107 -39.2500 90.4400 50 946 48.5400 78.8600 51 406 47.8900 91.1600 53 987 62.1200 94.8700 54 1068 69.5400 102.1200
-8.5648148239e-001 2.7783894422e+000 -9.0631119912e+000
187 73 76
9 46 1219 -35.2000 139.4700 49 857 -2.2100 203.5200 45 1418 -78.9000 120.5500 47 877 -12.3200 172.4100 48 1086 -13.4500 190.5100 43 1334 -80.7800 113.5200 42 1064 -97.6300 110.3700 41 1224 -116.6900 91.3200 50 917 5.2900 214.7800
2.7767004655e+000 -9.2731857789e-001 -5.9177769432e+000
41 38 38
7 46 1273 219.1300 -80.1600 49 833 199.0900 -112.1300 45 1454 180.0400 -66.3400 48 1053 200.5900 -96.7400 43 1277 196.4900 -45.5700 42 1088 187.4600 -14.8000 41 1241 178.9700 23.9400
-1.1834114414e+000 -5.9731217085e-001 -3.5611670708e+000
210 178 133
8 46 1419 -114.4000 -87.5000 49 1108 -141.4300 -88.0600 45 1589 -159.9700 -98.5900 47 1116 -109.9600 -75.9900 48 1308 -133.8400 -77.3600 43 1516 -144.6600 -84.1500 42 1230 -162.6800 -44.9800 41 1300 -169.2900 -11.1600
-1.1904509031e+000 -5.9903285962e-001 -3.5900503289e+000
210 178 133
13 46 1420 -114.4000 -87.5000 49 1107 -141.4300 -88.0600 45 1590 -159.9700 -98.5900 47 1115 -109.9600 -75.9900 48 1307 -133.8400 -77.3600 43 1517 -144.6600 -84.1500 42 1231 -162.6800 -44.9800 41 1301 -169.2900 -11.1600 50 1164 -182.6100 -109.6500 51 556 -201.6400 -95.3600 52 1064 -215.9800 -113.3500 53 1176 -205.5600 -68.2700 54 1193 -212.3200 -46.6400
7.6740472360e-001 2.4384467512e+000 -6.9212447542e+000
212 214 203
9 46 1379 60.3700 150.9800 49 1088 103.5400 174.6800 47 1036 90.9800 170.7800 48 1229 88.5900 173.6600 43 1484 5.6500 147.0700 42 1195 -14.8800 158.0900 41 1350 -41.3200 156.7800 50 1085 104.3400 155.1200 53 1154 137.6400 158.4900
2.0597412297e+000 1.2247155114e+000 -5.6849652287e+000
238 239 231
9 46 1320 168.9300 81.6100 49 1053 197.8100 57.4800 45 1502 114.7900 86.7700 47 1051 199.5000 82.6400 48 1247 186.3900 70.9500 43 1417 118.6000 105.6100 42 1131 98.2900 132.6400 41 1352 69.7100 156.4200 50 1107 177.0800 14.9900
1.1941451583e+000 1.8655090324e+000 -6.6786651399e+000
231 234 225
11 46 1439 90.6700 116.0400 49 1124 125.1800 126.1400 45 1611 38.6700 111.3200 47 1090 120.0900 130.3100 48 1330 112.7700 129.4300 43 1536 40.5900 120.3900 42 1199 22.5200 135.7500 41 1354 -1.3200 142.9800 50 1180 118.3500 101.5300 51 573 121.1700 109.2500 52 1081 123.6800 82.5700
-4.7531222987e-001 2.7741196112e+000 -8.4339337436e+000
221 215 214
9 46 1378 -16.9100 147.5600 49 1082 19.7600 203.5500 45 1558 -62.9100 130.5200 47 1033 7.7300 178.3000 48 1225 7.3600 193.2100 43 1487 -65.2500 126.4300 42 1201 -83.1100 126.1300 41 1356 -104.6200 110.4400 50 1132 27.1200 207.8000
-3.2617196859e-001 -7.6375844933e-001 -4.4588031037e+000
161 121 88
8 46 1421 -18.2900 -88.1900 49 1064 -39.1500 -89.6700 45 1586 -58.7700 -92.9500 47 1071 -11.8900 -79.9500 48 1263 -35.8800 -80.5300 43 1519 -42.1200 -79.2800 42 1233 -56.4300 -48.9800 41 1375 -60.4100 -18.0300
4.5594227912e-002 2.1675468130e+000 -7.8176404490e+000
237 240 231
7 46 1496 13.6500 119.3100 49 1143 46.6300 162.1600 45 1647 -32.4400 106.9300 47 1161 37.9700 144.6700 43 1576 -33.7200 107.3200 42 1262 -53.1300 111.9800 41 1402 -75.0300 104.5900
2.8817770024e+000 2.0311760824e-001 -5.7474163575e+000
54 49 51
10 46 1443 230.9400 3.5500 49 1100 237.0300 -36.4400 45 1617 181.5300 16.3800 47 1108 253.9200 -4.7700 48 1301 231.6800 -18.4100 43 1544 191.7400 39.1900 42 1265 175.8300 71.4600 41 1403 154.8300 106.9700 50 1162 202.9300 -78.4300 51 559 194.0700 -80.4800
-4.7887675260e-001 -6.7092756089e-001 -4.2738293823e+000
171 136 106
8 46 1458 -33.1500 -82.2300 49 1110 -54.9800 -84.5200 45 1633 -74.7300 -88.2500 47 1117 -26.5500 -74.0100 48 1309 -50.2900 -74.9400 43 1590 -59.0500 -74.7600 42 1312 -74.0700 -41.8700 41 1409 -80.9600 -10.8200
-5.1964540588e-001 -1.1689009839e+000 -4.1971553152e+000
89 37 24
8 46 1425 -37.5900 -129.9700 49 1071 -70.4000 -132.3200 45 1594 -75.2400 -136.0000 47 1074 -35.9200 -122.4300 48 1271 -62.7100 -122.2100 43 1522 -56.0100 -123.0000 42 1287 -68.0900 -90.9500 41 1413 -68.3500 -57.9700
2.3800761507e+000 -1.8452569571e-001 -6.1896976533e+000
165 155 107
8 46 1406 182.6400 -23.5100 49 1056 180.3800 -47.1300 45 1621 139.8200 -15.1400 47 1109 199.0500 -27.1500 48 1302 177.3600 -34.3500 43 1548 151.3400 2.7300 42 1305 138.3400 28.2700 41 1435 124.4400 57.2200
-3.7335762368e-001 -4.7448396075e-001 -4.2661702758e+000
110 61 39
9 46 1481 -23.4500 -64.4300 49 1136 -40.8400 -69.4100 45 1657 -67.1600 -69.3200 47 1142 -14.5500 -56.7000 43 1587 -52.7500 -54.2200 42 1307 -68.2700 -20.1700 41 1437 -77.3900 10.3300 50 1195 -78.8500 -93.1600 52 1096 -108.9600 -100.8000
2.4563910180e+000 -1.1071676067e+000 -5.8154415162e+000
208 87 90
12 46 1530 197.2100 -95.4200 49 1173 172.9500 -120.8700 45 1700 160.5700 -83.2900 47 1192 204.2000 -102.3300 48 1379 175.4600 -108.1400 43 1630 178.0700 -63.1100 42 1349 170.3100 -32.7600 41 1474 164.6400 5.6900 50 1245 129.0500 -146.7800 51 639 112.7600 -144.4300 52 1143 89.3000 -160.9600 53 1224 81.4300 -136.5200
-6.4784444445e-002 -9.2893199934e-001 -4.5180585143e+000
231 195 145
8 46 1545 5.6500 -101.4700 49 1195 -18.9000 -107.7500 45 1720 -34.1000 -104.3600 47 1210 10.8900 -96.1200 48 1411 -14.4500 -96.5800 43 1653 -16.2000 -90.1000 42 1372 -27.4600 -58.2400 41 1498 -29.2400 -25.7800
2.6711297040e+000 2.3806911887e+000 -5.4794434787e+000
182 86 80
8 46 841 221.8900 177.1300 49 721 284.9200 144.4400 45 641 155.4400 183.1800 47 748 267.8000 177.7800 48 431 264.5300 159.9800 43 560 152.0700 203.9700 42 2 125.1500 230.8300 50 622 277.8600 84.9000
2.2984695762e+000 2.0434338439e+000 -5.7014132417e+000
198 185 176
9 46 851 186.8700 145.5400 49 528 236.7200 121.3900 45 1070 126.3100 149.1300 47 531 226.9200 148.9100 48 732 219.7900 134.3200 43 594 125.4900 167.7500 42 35 101.3000 194.0400 50 801 224.8800 71.9600 52 714 223.0800 26.6200
-1.6885582393e+000 -4.2628528751e-001 -3.5175656610e+000
93 43 37
6 46 728 -168.7600 -69.1400 49 426 -195.4700 -59.9600 45 480 -216.4000 -86.7600 47 162 -165.5000 -52.9500 48 235 -187.9600 -52.9700 42 323 -224.4200 -39.0200
2.4585425358e-001 -5.4366478276e-002 -4.5273113783e+000
126 129 118
7 46 975 33.3900 -22.6800 49 796 27.3000 -36.4400 45 1180 -13.0300 -24.2200 47 817 47.9300 -17.5200 48 1016 26.9700 -24.2100 43 789 -0.6800 -7.0000 42 630 -17.6300 27.4500
-4.2622904661e-001 -1.1884320354e-002 -4.1608644466e+000
52 51 43
12 46 1144 -30.0300 -21.1200 49 789 -38.2600 -27.8500 45 1350 -77.9800 -27.2800 47 800 -16.5900 -11.7800 48 1014 -37.1500 -17.0000 43 1083 -65.8400 -11.2200 42 839 -83.6100 23.6500 50 854 -73.1800 -56.9700 51 277 -86.3100 -45.8600 52 771 -99.0200 -71.2600 53 910 -91.8700 -37.3500 54 895 -97.4600 -24.7300
-7.9163543518e-001 -5.1412603828e-001 -3.8515597988e+000
155 117 89
8 46 734 -68.1800 -73.4200 49 446 -89.9000 -78.7500 45 1241 -113.5900 -81.5100 47 443 -61.0800 -64.6100 48 626 -84.7000 -67.6400 43 1148 -98.4500 -66.0100 42 873 -115.7200 -29.4300 50 520 -130.1500 -101.1400
-1.8349514976e+000 -4.4216222572e-001 -3.6082108121e+000
160 140 89
8 46 725 -181.4600 -70.8800 49 637 -207.9400 -54.8600 45 477 -227.8600 -88.5400 47 659 -178.2100 -51.0800 48 596 -199.7900 -48.8800 43 1147 -214.8800 -78.6500 42 884 -236.2800 -44.8900 50 466 -245.9000 -70.8800
-2.7227811670e-001 -1.1900591996e-001 -4.2642733023e+000
163 121 97
5 46 971 -14.8800 -30.0100 49 635 -24.5800 -38.6500 48 839 -23.1800 -27.5200 43 1094 -48.0700 -19.1800 42 978 -65.0300 15.0700
1.8017903129e+000 -6.5694741968e-001 -6.0071240049e+000
178 149 117
7 46 1153 143.6700 -59.9100 49 817 131.7900 -74.4900 45 1356 105.5200 -53.8300 47 926 154.7100 -60.3600 48 1031 131.2900 -63.7900 43 1274 119.3600 -38.0900 42 989 108.7300 -12.5200
-1.0620260513e+000 -3.9505327587e-001 -3.8816454038e+000
85 49 51
8 46 1265 -94.9700 -61.4200 49 986 -115.7700 -59.1400 45 1451 -140.5200 -72.2200 47 922 -87.6500 -48.7600 48 1129 -109.9200 -50.2000 43 1362 -126.7300 -58.7200 42 998 -144.8700 -23.8400 50 1053 -153.5200 -80.7700
2.7222444631e+000 -1.0292121935e+000 -5.8495585987e+000
44 35 33
8 46 1281 216.6200 -89.0500 49 837 193.9900 -120.3300 45 1366 178.3800 -74.9800 47 937 224.9200 -98.1500 48 1054 196.1700 -105.0400 43 1365 195.7900 -54.4500 42 1005 187.0400 -22.4700 50 766 150.2600 -147.9100
-1.8879265862e+000 -4.2932791008e-001 -3.6325142632e+000
49 42 34
