# Bundle file v0.3
36 8607
1124.320694 0.0 0.0
0.885125 -0.401300 -0.235611
0.356355 0.258894 0.897767
-0.299275 -0.878597 0.372159
-1.701891 5.972856 -4.112825
1125.385963 0.0 0.0
0.893492 -0.394174 -0.215172
0.348025 0.304963 0.886496
-0.283815 -0.866963 0.409665
-1.427090 5.759460 -3.455377
1127.592470 0.0 0.0
0.903334 -0.381509 -0.196057
0.342372 0.365957 0.865365
-0.258396 -0.848838 0.461200
-1.329636 5.699666 -3.268482
1120.005686 0.0 0.0
0.917576 -0.360775 -0.167017
0.332259 0.465221 0.820471
-0.218306 -0.808338 0.546747
-1.097586 5.418447 -2.933698
1124.982452 0.0 0.0
0.924886 -0.351182 -0.145798
0.318250 0.505090 0.802247
-0.208093 -0.788388 0.578915
-0.985064 5.169415 -2.738483
1129.541743 0.0 0.0
0.931780 -0.339102 -0.129597
0.308615 0.551947 0.774669
-0.191161 -0.761817 0.618945
-0.847533 5.048001 -2.493688
1128.593535 0.0 0.0
0.939999 -0.323755 -0.107630
0.297847 0.624856 0.721694
-0.166399 -0.710449 0.683793
-0.625491 4.717575 -1.989313
1110.388897 0.0 0.0
0.954277 -0.284866 -0.090590
0.275871 0.722570 0.633867
-0.115110 -0.629876 0.768119
-0.186073 3.975341 -1.594759
1121.449495 0.0 0.0
0.958310 -0.276561 -0.071807
0.262260 0.751611 0.605227
-0.113412 -0.598827 0.792807
-0.251248 3.775862 -1.418662
1116.003633 0.0 0.0
0.964408 -0.259806 -0.049173
0.241657 0.790533 0.562726
-0.107326 -0.554580 0.825180
-0.227552 3.578201 -1.159776
1119.488761 0.0 0.0
0.971325 -0.235258 -0.034362
0.218497 0.826297 0.519127
-0.093735 -0.511749 0.854006
-0.171091 3.402134 -0.965806
1117.423981 0.0 0.0
0.977098 -0.211178 -0.026145
0.198576 0.860765 0.468670
-0.076468 -0.463128 0.882986
-0.075919 3.090953 -0.730765
1112.115172 0.0 0.0
0.982790 -0.184004 -0.016329
0.172962 0.885553 0.431138
-0.064871 -0.426543 0.902138
-0.002173 2.722886 -0.784046
1117.576817 0.0 0.0
0.988925 -0.148257 -0.006852
0.140804 0.922614 0.359108
-0.046919 -0.356095 0.933271
-0.001463 2.240952 -0.586873
1114.827189 0.0 0.0
0.991701 -0.128550 -0.001879
0.122467 0.940124 0.318069
-0.039122 -0.315660 0.948066
0.024247 1.972691 -0.379809
1117.231673 0.0 0.0
0.995072 -0.099016 0.005217
0.094488 0.962885 0.252834
-0.030058 -0.251095 0.967496
0.051654 1.531707 -0.153299
1125.018045 0.0 0.0
0.997139 -0.072048 0.022878
0.066540 0.980172 0.186644
-0.035871 -0.184587 0.982161
0.077458 1.158121 0.179554
1113.593951 0.0 0.0
0.999112 -0.036181 0.021606
0.033824 0.994317 0.100945
-0.025136 -0.100124 0.994657
0.148930 0.553711 0.069190
1112.100341 0.0 0.0
0.999670 0.002480 0.025581
-0.003259 0.999531 0.030442
-0.025493 -0.030515 0.999209
0.126469 0.184609 -0.052300
1117.624560 0.0 0.0
0.998935 0.026014 0.038112
-0.025520 0.999585 -0.013390
-0.038444 0.012403 0.999184
0.132624 -0.417139 0.013930
1122.882593 0.0 0.0
0.998167 0.053662 0.027986
-0.051252 0.995419 -0.080709
-0.032189 0.079126 0.996345
0.012346 -0.868209 -0.081388
1125.131625 0.0 0.0
0.995731 0.088596 0.025885
-0.082222 0.978840 -0.187380
-0.041938 0.184452 0.981946
0.036836 -1.547511 0.045270
1127.233218 0.0 0.0
0.992656 0.119115 0.021100
-0.110648 0.964543 -0.239610
-0.048893 0.235516 0.970640
-0.046319 -1.875310 0.015584
1124.695136 0.0 0.0
0.987242 0.157471 0.023586
-0.143327 0.943378 -0.299157
-0.069359 0.291960 0.953912
-0.007764 -2.278360 0.065606
1128.610025 0.0 0.0
0.980038 0.193662 0.044956
-0.165681 0.920553 -0.353740
-0.109890 0.339230 0.934263
-0.056040 -2.717786 -0.230967
1133.083747 0.0 0.0
0.969377 0.239270 0.055310
-0.187697 0.867097 -0.461425
-0.158364 0.436913 0.885454
-0.131467 -3.504496 -0.389898
1135.404145 0.0 0.0
0.956076 0.286504 0.061914
-0.209580 0.815847 -0.538953
-0.204924 0.502304 0.840057
-0.144076 -4.065314 -0.699028
1136.015832 0.0 0.0
0.948365 0.314400 0.041911
-0.228689 0.769342 -0.596501
-0.219784 0.556116 0.801517
-0.402538 -4.420131 -1.216952
1137.907992 0.0 0.0
0.942872 0.332637 0.018551
-0.245070 0.730227 -0.637738
-0.225682 0.596759 0.770030
-0.502431 -4.702591 -1.444283
1135.627039 0.0 0.0
0.929496 0.368815 0.003468
-0.263330 0.670175 -0.693919
-0.258252 0.644082 0.720045
-0.630986 -5.040811 -1.727491
1138.982760 0.0 0.0
0.910546 0.413387 -0.004090
-0.264592 0.575145 -0.774080
-0.317642 0.705918 0.633075
-0.633055 -5.518903 -2.193063
1137.913802 0.0 0.0
0.890112 0.455358 -0.018677
-0.269905 0.493689 -0.826694
-0.367221 0.740891 0.562342
-0.862899 -5.703444 -2.647266
1141.318740 0.0 0.0
0.881281 0.469014 -0.058045
-0.271668 0.402265 -0.874288
-0.386704 0.786262 0.481925
-1.049983 -6.140261 -3.263923
1137.152801 0.0 0.0
0.871524 0.480375 -0.098421
-0.272015 0.306625 -0.912134
-0.407988 0.821718 0.397901
-1.199920 -6.107064 -4.005987
1133.937961 0.0 0.0
0.846851 0.517062 -0.124458
-0.266836 0.210662 -0.940436
-0.460045 0.829620 0.316370
-1.471925 -6.191156 -4.537976
1134.521213 0.0 0.0
0.834258 0.527786 -0.159544
-0.261152 0.123390 -0.957379
-0.485605 0.840367 0.240771
-1.621855 -6.530736 -5.040698
1.812187 -0.980238 -5.645563
74 85 57
20 18 1964 350.66 -191.11 20 1892 311.04 -286.86 17 1824 383.01 -190.69 19 1898 335.21 -270.02 14 1904 400.90 -106.74 15 1958 400.04 -139.02 16 1480 394.41 -159.34 13 1910 398.88 -87.69 10 2027 418.05 12.79 11 2121 428.53 -7.30 9 2034 423.00 14.04 7 1748 473.53 38.68 8 1753 443.66 21.06 6 1824 417.24 118.97 4 1776 374.42 145.27 5 1622 387.75 141.20 3 1801 372.21 185.68 1 1675 374.14 226.17 2 1758 368.23 220.85 0 846 310.16 247.17
1.754683 -0.973075 -5.727713
77 49 46
20 18 2489 332.05 -185.07 20 2319 296.85 -276.42 17 2323 363.01 -185.92 19 2354 317.44 -261.94 14 2285 381.12 -111.83 15 2324 379.59 -140.80 16 1846 373.26 -158.09 13 2287 379.50 -93.40 11 2486 409.67 -17.03 12 2173 393.73 -60.78 9 2426 406.20 1.62 7 2118 458.72 24.81 8 2160 427.62 7.97 6 2368 404.93 102.74 4 2254 365.02 128.40 5 2147 377.12 124.78 3 2262 363.47 169.60 1 2050 368.15 209.56 2 2179 361.52 204.15 0 1379 305.98 232.20
1.330197 -1.340710 -6.030912
236 183 142
24 18 2283 239.71 -247.55 20 2063 200.21 -323.50 17 2131 269.38 -258.57 19 2065 222.40 -316.88 14 2134 300.46 -204.73 15 2188 292.98 -229.34 16 1692 278.87 -244.54 13 2138 302.88 -189.34 10 2355 334.49 -110.81 11 2452 339.14 -127.20 12 2081 322.42 -162.47 9 2381 345.97 -112.51 7 2080 406.36 -90.58 8 2118 371.90 -108.33 6 2373 359.16 -16.17 4 2316 328.72 15.47 5 2213 336.78 9.65 21 1611 200.56 -337.03 3 2323 331.44 58.61 1 2185 346.92 100.90 2 2315 335.13 94.57 22 1653 181.29 -340.76 23 1463 175.56 -352.37 0 1618 286.36 136.32
0.352885 -0.394578 -5.830530
191 186 179
25 18 2531 65.52 -74.34 20 2355 38.26 -155.28 17 2392 78.66 -81.05 19 2336 52.11 -143.62 14 2307 84.40 -40.02 15 2352 81.74 -55.87 16 1873 68.30 -59.54 13 2308 84.95 -31.64 10 2472 89.30 24.75 11 2566 98.14 17.14 12 2238 96.12 -15.45 9 2499 95.29 13.22 7 2192 148.45 16.40 8 2232 116.57 7.73 6 2449 88.30 71.80 4 2389 60.81 77.07 5 2276 69.36 80.97 3 2390 62.80 106.85 1 2266 57.96 118.07 2 2388 53.48 122.81 22 2059 29.15 -176.66 23 1799 29.84 -192.16 24 2036 -8.31 -208.66 0 1682 24.15 142.14 25 1855 -41.47 -240.90
1.022052 -0.611128 -5.955271
221 178 132
21 18 2533 185.77 -112.90 20 2402 157.33 -193.17 17 2398 205.96 -118.87 19 2387 173.06 -182.07 14 2312 215.62 -70.81 15 2355 213.87 -90.00 16 1877 204.07 -97.48 13 2313 215.07 -60.21 10 2476 225.70 4.28 11 2571 234.43 -5.98 12 2246 226.90 -40.56 9 2503 232.06 -3.30 7 2198 283.93 6.33 8 2235 253.29 -5.12 6 2451 228.46 66.36 4 2354 196.91 77.44 5 2277 206.50 78.73 3 2359 197.48 110.84 1 2236 197.92 130.20 2 2363 191.82 131.86 0 1685 153.92 154.99
1.812548 -1.053488 -5.618481
180 187 169
20 18 1179 350.92 -204.84 20 671 310.38 -300.72 17 1049 384.43 -204.93 19 1125 335.07 -283.97 14 980 405.29 -120.26 15 1055 403.56 -153.26 13 994 403.59 -100.60 10 980 426.14 2.12 11 1033 435.79 -18.80 12 844 418.68 -64.95 9 970 431.95 4.38 7 767 484.04 31.25 8 748 453.42 12.39 6 879 429.33 115.63 4 855 386.35 145.59 5 760 399.13 139.94 21 575 314.49 -328.14 3 124 383.54 187.47 1 149 385.22 230.94 2 165 379.67 225.08
1.806231 -1.018637 -5.647470
177 176 166
21 18 1507 348.68 -197.92 20 1464 308.27 -292.82 17 1636 381.34 -197.82 19 1707 332.69 -276.42 14 976 400.45 -114.46 15 1373 399.31 -146.88 16 1141 393.22 -167.35 13 1307 398.99 -95.52 10 1365 419.96 5.22 11 1475 429.98 -15.18 12 1204 413.23 -60.46 9 1406 425.72 6.74 7 1117 477.13 32.32 8 744 447.13 14.28 6 878 421.96 114.43 4 853 379.09 141.87 5 759 392.47 137.53 21 1238 312.50 -319.83 3 851 377.01 183.16 1 730 379.23 224.33 2 759 373.47 219.74
1.803737 -1.041720 -5.641643
84 93 73
21 18 1177 348.28 -202.19 20 1130 307.43 -297.57 17 1047 381.22 -202.53 19 1463 331.85 -281.20 14 978 401.94 -118.91 15 1022 400.16 -151.40 16 633 393.34 -172.61 13 992 400.25 -99.41 10 978 421.72 1.73 11 1028 431.76 -18.91 12 313 414.60 -64.19 9 968 427.71 3.58 7 763 479.59 29.38 8 218 449.32 11.73 6 167 424.86 112.43 4 152 382.03 140.66 5 169 395.44 136.65 21 975 311.75 -324.50 3 125 379.99 182.88 1 731 382.49 224.84 2 166 376.50 219.83
1.798659 -1.185935 -5.607129
173 185 170
19 18 1201 349.76 -231.50 20 698 307.14 -326.91 17 1095 384.86 -233.07 19 1133 333.14 -311.03 14 1015 410.17 -146.97 15 1067 407.08 -181.08 13 1028 409.24 -126.18 10 988 435.80 -20.39 11 1082 444.60 -42.84 12 883 425.66 -89.12 9 982 442.92 -17.03 7 779 497.18 12.53 6 906 443.56 100.73 4 878 400.63 135.03 5 775 413.69 128.13 21 995 309.63 -353.86 3 857 398.67 179.44 1 737 403.26 229.01 2 1226 396.49 221.12
1.767839 -1.257760 -5.657196
198 202 195
20 18 1522 341.15 -244.12 20 1476 297.86 -336.95 17 1411 376.32 -247.46 19 1478 323.97 -322.65 14 1345 404.39 -164.34 15 1094 400.21 -198.01 16 940 391.67 -220.36 13 1336 404.10 -143.88 10 1399 433.08 -39.90 11 1520 441.23 -62.19 12 1219 421.48 -107.08 9 1435 441.21 -36.63 7 788 496.99 -6.75 8 1179 464.71 -26.90 6 1342 444.97 81.42 4 883 403.49 117.47 5 784 415.94 109.95 3 880 402.07 162.54 1 741 409.13 213.64 2 772 401.29 205.14
1.709450 -1.238283 -5.824536
105 94 78
16 18 615 319.19 -234.48 20 1148 278.22 -319.75 16 648 365.90 -216.14 13 494 380.62 -150.42 10 439 409.78 -56.46 11 1113 416.59 -75.92 12 365 398.04 -117.39 9 1023 418.49 -55.05 7 809 475.33 -28.58 8 312 442.38 -47.87 6 929 425.88 52.81 4 901 388.45 86.10 5 795 399.45 79.17 3 902 388.45 129.59 1 763 398.31 176.40 2 797 389.29 168.74
1.906271 -0.652747 -5.441283
130 100 95
16 18 1480 380.71 -128.81 20 1427 345.79 -235.41 19 1408 368.55 -212.35 14 1238 416.76 -28.79 15 1321 420.34 -61.78 13 1241 411.38 -9.85 10 1313 419.22 94.70 11 1422 433.49 74.95 12 1152 420.49 25.55 9 1351 420.72 94.53 7 1079 464.71 116.42 8 1091 437.86 100.36 6 1300 402.79 195.13 5 1123 370.15 211.89 1 1120 342.39 281.39 2 1188 340.50 279.74
1.743610 -1.197280 -5.759441
73 89 60
19 18 1768 330.49 -229.67 20 1715 288.16 -318.72 17 1844 363.93 -233.28 19 1715 313.08 -305.54 14 1757 390.19 -156.45 15 1825 386.35 -187.64 16 1340 377.54 -208.25 13 1762 390.35 -137.44 10 1683 416.52 -40.48 11 1974 425.05 -60.52 12 1673 407.27 -103.23 9 1690 424.07 -38.45 7 1394 479.60 -12.17 6 1618 427.98 70.28 4 1326 389.01 102.53 5 1422 400.62 96.45 3 1318 388.22 145.70 1 1166 396.00 191.98 2 1240 387.63 184.66
0.299651 -0.148118 -5.692651
158 145 131
28 18 1909 53.83 -26.74 20 1806 27.90 -111.14 17 1762 65.76 -31.38 19 1824 41.28 -97.53 14 1681 67.91 11.79 15 1747 66.43 -3.88 16 1261 53.75 -5.74 13 1701 67.85 19.78 10 1616 67.54 76.76 11 1924 77.60 70.30 12 1606 77.87 35.66 9 1646 72.58 64.12 7 1354 123.41 64.25 8 1386 92.79 57.23 6 1322 61.08 118.39 4 872 32.46 117.93 5 1159 42.11 123.63 21 1519 34.99 -131.24 3 873 33.86 145.60 1 1492 26.06 144.71 2 269 22.66 158.93 22 1562 22.77 -139.41 23 1382 26.79 -157.15 24 1591 -9.55 -178.65 25 1553 -39.13 -218.11 26 1320 -50.68 -240.47 27 1533 -77.17 -232.91 28 1435 -70.82 -240.13
2.039989 -0.086163 -5.147938
227 217 219
21 18 1657 432.14 -13.72 20 1623 405.22 -137.49 17 1536 456.92 3.75 14 1173 437.08 106.33 15 1511 448.89 74.11 13 1185 426.31 123.52 10 1260 412.72 227.35 11 1372 433.37 211.76 12 1095 426.40 157.18 9 1295 407.35 223.62 7 1027 440.88 237.03 8 1035 418.63 225.65 6 760 369.23 306.85 4 776 314.18 308.41 5 675 332.85 312.42 21 1377 426.15 -184.73 3 773 306.99 337.89 22 1393 412.43 -211.42 23 1423 421.87 -249.99 24 1479 363.18 -280.65 25 1433 331.21 -340.70
1.997288 -0.047024 -5.283296
212 187 180
21 18 1655 412.29 -6.03 20 1620 386.26 -123.47 17 1518 435.28 8.88 19 1604 404.53 -93.36 14 1182 416.19 101.67 15 1510 427.35 72.33 16 1019 435.65 58.81 13 1182 406.24 117.40 10 1261 393.35 212.54 11 1384 413.06 198.94 12 1093 406.61 147.66 9 1296 388.87 207.48 7 1039 423.57 218.32 8 1034 400.84 208.16 6 1257 354.31 283.67 4 784 302.68 283.21 5 697 319.97 288.03 21 1357 406.67 -166.45 3 783 296.38 312.21 22 1389 393.89 -190.53 24 1451 346.70 -256.60
1.913803 -0.647041 -5.419496
115 54 53
17 18 481 385.09 -128.46 20 595 349.61 -236.36 17 419 415.37 -120.89 19 513 372.56 -212.95 14 320 419.95 -26.28 15 327 423.74 -59.86 16 580 423.93 -79.38 10 202 421.32 98.23 11 200 436.00 78.61 12 209 422.90 28.98 9 214 422.42 98.18 7 154 466.35 120.30 6 826 403.63 199.73 4 821 354.49 218.26 21 936 359.90 -272.25 3 805 350.12 254.74 22 534 342.12 -290.60
1.803350 -1.158470 -5.598687
176 183 169
19 18 1198 351.20 -226.15 20 697 308.98 -322.30 17 1093 386.06 -227.56 19 659 334.74 -306.32 14 1013 410.43 -141.05 15 1064 407.60 -175.06 16 652 400.67 -197.55 13 1000 409.28 -120.45 10 987 434.87 -14.51 11 1075 444.07 -36.64 12 850 425.36 -82.98 9 979 441.73 -11.33 7 776 495.35 18.22 8 1148 463.90 -1.98 6 883 441.35 105.64 4 858 397.80 139.61 5 1165 411.16 132.66 21 611 311.76 -349.73 3 856 395.94 183.26
1.813274 -0.920824 -5.663173
172 155 156
17 18 2135 348.72 -178.12 20 1882 309.89 -272.92 17 1996 379.93 -177.40 19 2061 333.37 -256.08 14 1903 396.36 -96.09 15 1957 395.78 -127.14 16 1584 390.51 -146.05 13 1909 393.89 -77.59 10 2025 411.63 20.40 11 2120 422.45 1.15 12 1811 406.97 -43.83 9 2031 416.56 20.89 7 1737 466.69 44.45 8 1751 437.06 27.36 6 2018 410.56 123.24 5 1818 381.08 144.13 3 1799 365.23 186.41
0.205204 -0.299064 -5.739907
145 132 123
24 18 2090 34.88 -56.39 20 1814 7.71 -137.68 17 1959 47.33 -63.30 19 1839 21.76 -126.73 14 1856 53.23 -21.71 15 1923 50.15 -37.26 16 1443 35.39 -40.36 13 1881 53.96 -13.27 10 2017 57.39 43.26 11 2103 66.07 36.14 12 1792 65.65 2.55 9 2028 63.60 31.07 7 1745 116.67 33.05 8 1749 84.80 24.63 6 2021 54.97 89.23 4 1944 27.39 92.74 5 1822 36.14 97.31 21 1531 13.40 -156.04 3 1972 29.22 121.89 22 1567 0.76 -162.39 23 1383 3.03 -177.74 24 1396 -32.90 -196.51 25 1129 -62.33 -232.31 26 687 -74.51 -250.04
1.959238 -0.094725 -5.378071
168 135 130
11 18 198 396.39 -15.92 20 383 369.93 -128.90 19 290 387.99 -100.93 15 838 413.60 55.59 10 109 385.30 191.40 11 130 403.75 177.96 12 132 396.81 128.44 9 123 381.89 186.36 7 677 418.41 196.53 6 63 351.39 261.91 4 57 302.07 262.34
1.925493 -0.622147 -5.393606
131 84 76
18 18 478 389.46 -123.56 20 1088 353.92 -233.28 17 944 419.54 -115.31 19 1052 376.79 -208.90 14 242 423.05 -18.66 15 263 427.18 -52.70 16 581 427.80 -73.92 13 280 417.02 0.28 11 188 438.05 87.44 12 754 425.19 36.14 9 173 423.69 106.85 7 702 466.96 127.94 8 676 440.20 112.53 6 824 403.75 206.95 4 820 354.64 223.88 5 730 370.28 223.46 21 938 364.48 -270.48 22 934 346.70 -289.15
1.972710 -0.058787 -5.352715
206 183 179
20 18 1898 400.89 -9.03 20 1817 375.02 -122.24 17 1750 423.66 4.34 19 1828 392.81 -94.14 14 1656 406.79 92.35 15 1714 416.93 64.24 16 1238 423.95 51.75 13 1665 397.38 107.53 10 1796 386.46 200.37 11 1884 405.31 187.08 12 1570 398.74 136.99 9 1823 382.66 195.15 7 1546 418.35 205.96 8 1548 395.27 195.50 6 1783 350.61 270.47 4 1746 300.37 270.49 5 1592 317.28 275.25 21 1537 394.89 -162.23 22 1583 382.41 -184.92 23 1406 391.55 -219.45
1.802244 -1.278444 -5.557885
205 204 201
16 18 2154 354.28 -252.01 20 2074 309.88 -347.97 17 2015 391.03 -254.00 19 2069 337.13 -332.19 14 1920 420.00 -163.92 15 1978 416.01 -200.02 16 1489 407.59 -224.75 13 1929 419.33 -142.55 10 1881 448.46 -32.16 11 2135 457.49 -55.33 12 1835 437.17 -102.41 9 1882 456.24 -27.38 7 1594 511.45 4.97 6 1838 457.94 97.46 4 1777 413.79 136.85 5 1633 427.29 128.16
1.933618 -0.595131 -5.366220
120 103 88
15 18 1451 393.93 -118.87 20 1430 358.87 -229.77 19 1410 381.51 -204.82 14 1220 425.17 -12.09 15 1296 430.45 -45.89 16 864 431.54 -66.40 13 1223 419.11 7.53 10 1290 423.36 114.23 11 1417 438.84 94.95 12 1366 425.54 43.88 9 1328 423.65 114.29 8 1065 439.71 120.28 6 823 402.36 214.67 5 726 368.64 230.64 21 1204 369.82 -268.11
1.951003 -0.662064 -5.326093
133 104 96
13 18 1102 399.74 -132.81 20 1093 363.55 -245.12 17 972 431.20 -123.93 19 1093 387.39 -219.83 14 883 435.39 -22.26 15 968 439.46 -58.10 10 869 435.75 109.13 12 757 437.64 35.64 9 867 436.18 110.53 7 704 479.31 134.70 8 682 452.85 117.83 6 820 415.34 216.87 22 940 355.58 -304.01
1.860380 -1.190429 -5.396694
178 113 45
13 18 1524 376.99 -240.22 20 1480 332.17 -344.14 17 1413 414.67 -238.35 19 1481 360.22 -324.90 14 1322 439.60 -137.58 15 1398 437.28 -176.91 10 1369 463.14 5.22 11 1478 473.74 -20.26 12 853 453.78 -70.93 9 1388 469.05 10.96 7 1108 521.32 44.49 8 1402 490.53 22.44 6 1315 463.98 140.47
1.937733 -0.694279 -5.337674
135 114 105
15 18 1723 395.35 -139.03 20 1693 358.39 -250.16 17 1807 427.50 -130.77 19 1882 382.66 -225.72 14 1489 433.61 -30.00 15 1558 435.57 -66.07 16 1278 438.19 -87.66 13 1502 428.15 -9.33 10 1619 435.95 101.98 11 1693 451.28 81.28 12 1381 436.98 28.64 9 1331 436.54 103.47 7 1076 480.48 127.79 8 1376 453.97 110.83 6 1569 417.40 211.27
1.833056 -1.139724 -5.517847
208 208 199
15 18 1772 362.87 -225.34 20 1717 319.98 -325.01 17 1846 398.40 -225.01 19 1717 346.44 -307.65 14 1749 421.72 -132.78 15 1816 419.58 -168.42 16 1342 413.33 -192.65 13 1746 420.08 -111.15 10 1865 444.32 -0.81 11 1954 454.36 -24.25 12 1655 435.53 -72.21 9 1869 450.34 3.12 7 1577 502.90 33.52 8 1587 472.00 13.20 6 1823 447.05 123.39
1.811902 -1.082514 -5.607469
168 177 161
13 18 1183 352.25 -211.34 20 672 311.12 -307.57 17 1056 386.08 -211.71 19 1127 336.24 -290.89 14 1008 407.94 -125.86 15 1057 405.92 -159.18 16 635 399.27 -180.30 13 996 406.33 -105.78 11 1035 438.94 -22.68 9 975 435.45 1.16 7 768 487.57 29.05 21 578 314.81 -335.32 22 590 294.51 -347.33
1.748264 -1.264547 -5.700990
176 187 160
13 18 1204 334.11 -243.80 20 700 290.84 -334.31 17 1089 368.82 -247.56 19 682 316.54 -320.70 14 1054 397.52 -167.83 15 1093 393.08 -200.73 13 1037 397.68 -147.98 10 1023 427.19 -46.67 11 1120 434.93 -68.41 12 879 415.31 -112.13 9 1024 435.84 -43.56 7 791 492.04 -14.66 8 804 459.91 -34.57
2.066250 0.219644 -5.186624
134 97 57
11 18 1326 434.15 50.51 20 1583 413.22 -71.96 17 1208 454.10 69.08 14 1158 424.00 161.23 15 1238 438.61 133.83 13 1153 411.52 175.31 10 789 389.50 266.84 11 851 411.54 255.72 9 809 382.60 259.69 7 1017 412.93 266.51 8 621 392.19 257.94
1.786692 -1.218302 -5.622145
195 203 183
14 18 1205 346.93 -237.34 20 1152 303.94 -332.12 17 1410 382.15 -239.61 19 1152 330.05 -316.83 14 1056 408.52 -154.37 15 1409 405.05 -188.40 16 923 397.18 -211.45 13 1032 407.82 -133.79 10 1398 435.38 -28.41 11 1498 444.00 -50.86 12 882 424.66 -96.51 9 1434 442.92 -25.03 7 1140 497.89 4.75 8 1152 465.79 -15.24
-0.772799 -0.133713 -5.474213
59 52 59
22 18 2068 -159.12 -22.86 20 1977 -187.05 -105.67 17 1942 -153.84 -32.67 19 1987 -175.37 -94.25 14 1684 -145.22 2.41 15 1913 -151.88 -10.85 16 1430 -176.44 -9.58 13 1691 -141.44 8.80 10 1832 -143.12 57.70 11 1914 -135.37 52.84 12 1595 -128.38 21.30 9 1844 -135.29 41.43 7 1362 -77.01 38.20 8 1394 -112.25 31.47 21 1696 -187.53 -124.64 22 1726 -201.34 -129.48 23 1521 -201.74 -143.66 24 1743 -231.53 -165.72 25 1658 -267.36 -208.84 26 1440 -276.19 -232.60 27 1528 -291.67 -223.83 28 1432 -282.63 -229.86
0.603631 -0.677501 -6.047844
195 185 175
15 18 2118 104.09 -124.09 20 2021 73.57 -196.92 17 1983 121.83 -134.74 19 2036 89.24 -189.87 14 1732 136.10 -96.49 15 1946 131.57 -113.53 16 1460 117.08 -118.99 13 1730 137.48 -87.29 10 1875 150.95 -31.40 11 1965 157.75 -39.66 12 1649 151.54 -70.66 9 1683 159.06 -40.45 7 1605 214.73 -34.47 8 1613 182.06 -45.16 21 1549 77.61 -209.17
0.562357 -0.818246 -5.982004
179 165 152
17 18 1946 98.17 -151.34 20 1863 65.70 -226.06 17 1817 117.06 -162.61 19 1880 82.62 -218.25 14 1747 134.27 -121.10 15 1796 128.71 -139.52 16 1312 113.37 -146.73 13 1742 136.32 -110.38 10 1876 152.59 -50.13 11 1972 158.78 -60.07 12 1670 151.44 -91.61 9 1891 161.76 -58.23 7 1606 218.40 -48.81 8 1633 185.10 -60.91 21 1562 68.84 -238.94 22 1598 54.49 -241.60 23 1421 52.21 -254.56
1.447116 -1.646899 -6.343284
187 110 50
12 18 1230 245.69 -289.58 20 1171 203.56 -353.51 17 1426 277.87 -306.87 19 1161 226.52 -353.83 15 1448 308.03 -289.38 13 1386 323.04 -254.78 10 1939 366.71 -186.65 11 1821 367.24 -200.83 12 1510 346.42 -231.10 9 1947 381.85 -188.77 7 1664 448.79 -167.24 8 1819 411.85 -185.02
1.953191 -0.404345 -5.343751
135 104 102
14 18 2100 398.00 -79.63 20 2025 365.82 -192.27 17 2089 425.51 -68.45 19 2019 387.16 -165.74 14 1993 420.53 27.54 15 2045 427.33 -4.88 16 1553 431.01 -22.86 13 1983 413.27 45.52 10 2144 413.05 148.23 11 2234 429.40 131.06 12 1914 418.67 79.88 9 2145 411.48 146.74 7 1718 450.94 165.46 8 1860 427.01 150.79
1.866801 -1.080904 -5.465436
179 105 64
14 18 2142 373.29 -215.00 20 2070 330.46 -317.67 17 2122 408.63 -213.39 19 2064 357.09 -298.01 14 1905 429.51 -117.95 15 2085 428.60 -154.60 13 1921 427.09 -96.27 10 2029 449.21 17.31 11 2124 460.22 -6.33 12 1814 441.49 -56.11 9 2036 454.20 21.31 7 1740 504.97 52.18 8 1755 475.05 31.59 21 1764 334.39 -349.56
1.939043 -0.638915 -5.354569
112 46 43
14 18 2262 395.60 -127.77 20 2161 359.45 -239.20 17 2098 426.35 -119.00 19 2151 382.82 -214.03 14 2003 429.43 -19.78 15 2054 434.12 -54.40 16 1568 435.29 -75.92 13 2000 423.41 0.31 10 2151 429.15 108.89 11 2242 444.59 88.67 12 1930 431.48 37.33 9 2153 429.66 109.59 7 1850 472.88 132.18 8 1869 446.35 116.17
1.718114 -1.323023 -5.759957
77 94 60
14 18 2290 324.02 -252.39 20 2068 281.41 -340.02 17 2134 358.90 -258.18 19 2174 306.75 -328.08 14 2040 390.03 -182.94 15 2089 384.70 -214.55 16 1598 374.23 -235.33 13 2038 390.68 -163.64 10 2194 423.56 -64.42 11 2279 429.99 -86.06 12 1974 409.75 -128.56 9 2195 432.63 -61.99 7 1877 491.61 -31.58 8 1908 457.85 -52.49
1.625909 -1.450177 -5.967805
208 143 71
14 18 2289 295.77 -269.62 20 2180 252.67 -347.41 17 2133 329.61 -279.57 19 2172 277.15 -340.12 14 2049 365.02 -216.90 15 2096 357.43 -244.50 16 1605 344.10 -262.24 13 2040 367.29 -199.34 10 2201 404.08 -111.35 11 2290 408.29 -130.41 12 1978 387.75 -167.86 9 2199 415.90 -110.54 7 1885 477.23 -83.69 8 1930 442.51 -103.44
0.982146 -0.849261 -6.059846
240 198 150
12 18 2432 175.16 -156.16 20 2315 142.65 -230.55 19 2308 160.11 -222.69 14 2190 213.15 -120.66 15 2229 209.29 -140.19 13 2188 213.75 -109.25 10 2279 229.46 -44.56 11 2364 236.50 -55.19 12 2053 227.33 -88.05 9 2283 237.55 -51.35 7 1993 293.67 -40.49 8 2012 260.89 -52.88
0.887161 -0.871492 -6.150207
140 87 66
16 18 2483 152.33 -157.74 20 2361 120.03 -228.71 17 2319 173.50 -168.94 19 2348 137.15 -223.16 14 2241 191.70 -129.91 15 2280 186.75 -147.27 16 1845 172.89 -154.81 13 2244 193.36 -119.93 10 2403 213.34 -60.94 11 2493 218.97 -70.98 12 2174 209.03 -101.52 9 2434 222.82 -68.22 7 2128 280.69 -56.59 8 2166 247.10 -69.95 21 2036 124.28 -239.68 22 2074 109.60 -242.32
1.171095 -1.362873 -6.177660
115 42 45
16 18 2543 206.57 -246.53 20 2408 168.18 -316.25 17 2367 233.96 -259.58 19 2402 188.86 -311.96 14 2294 264.31 -216.85 15 2331 256.79 -238.26 16 1850 241.39 -250.56 13 2292 266.44 -202.61 10 2448 296.12 -135.26 11 2534 300.08 -148.59 12 2220 285.23 -179.87 9 2441 307.66 -138.85 7 2132 367.84 -121.62 8 2210 333.43 -137.58 21 2092 167.27 -325.19 22 2123 148.91 -327.72
-0.530675 -0.410131 -5.407879
171 88 58
18 18 2530 -111.55 -79.18 20 2354 -141.54 -166.93 17 2352 -102.56 -88.43 19 2384 -128.19 -153.72 14 2276 -90.83 -41.85 15 2315 -97.98 -60.18 16 1834 -121.45 -64.99 13 2275 -87.15 -31.96 10 2434 -84.88 29.96 11 2521 -77.01 20.58 12 2206 -73.02 -13.94 9 2467 -76.86 17.86 7 2161 -17.99 22.29 8 2196 -52.86 12.23 21 2031 -141.82 -188.69 22 2066 -157.01 -195.27 23 1846 -158.43 -210.69 24 2089 -190.64 -229.94
-0.758559 -0.420191 -5.592720
189 100 61
14 18 2468 -153.14 -80.11 20 2300 -184.52 -157.91 17 2307 -145.29 -93.22 19 2298 -171.63 -149.81 14 2234 -133.97 -59.88 15 2271 -141.00 -73.88 16 1788 -166.34 -75.67 13 2237 -129.18 -52.09 10 2438 -127.38 -2.57 11 2523 -120.33 -8.44 12 2169 -114.88 -38.25 9 2471 -118.69 -17.15 7 2163 -58.67 -17.03 8 2202 -94.35 -25.12
2.055265 -0.009984 -5.041182
226 182 76
15 18 2584 448.07 1.76 20 2430 420.08 -128.18 17 2408 473.23 22.28 19 2443 440.68 -91.81 15 2365 459.97 96.18 16 1895 472.85 79.28 13 2327 432.42 150.64 10 2495 412.37 253.62 11 2586 435.49 240.07 12 2256 429.62 182.64 9 2520 406.37 249.96 7 2218 437.01 263.55 8 2253 416.16 252.64 21 2120 440.01 -176.78 22 2151 428.94 -201.81
1.838576 -1.073651 -5.529160
212 205 203
14 18 1967 363.13 -211.78 20 1708 321.30 -311.46 17 1828 397.60 -210.89 19 1910 347.16 -293.57 14 1738 418.62 -119.69 15 1815 417.05 -154.79 16 1329 411.39 -177.93 13 1744 416.46 -98.66 10 1852 438.42 10.04 11 1953 448.87 -12.62 12 1654 431.08 -60.42 9 1856 443.87 13.04 8 1586 464.91 22.33 21 1615 325.21 -341.68
-1.496025 -0.469227 -5.507708
217 175 132
20 18 2420 -307.47 -91.69 20 2297 -337.71 -165.62 17 2258 -305.46 -110.18 19 2301 -328.05 -160.58 14 2095 -289.16 -84.67 15 2154 -300.69 -97.10 16 1750 -335.21 -96.97 13 2100 -281.64 -78.30 11 2355 -273.60 -39.23 12 2045 -263.80 -66.32 9 2181 -267.60 -50.91 8 1909 -240.26 -60.92 21 1967 -344.10 -178.69 22 2003 -359.26 -177.27 24 2030 -393.40 -200.83 25 1989 -435.33 -235.91 26 1722 -445.56 -252.26 27 1930 -451.62 -235.70 28 1819 -440.70 -236.07 29 1625 -449.99 -231.36
1.964404 -0.036793 -5.363038
135 82 82
8 18 195 398.86 -4.12 20 309 373.51 -117.59 17 151 421.07 8.68 15 833 413.52 68.65 11 882 400.95 188.91 12 685 394.67 139.59 9 122 378.38 195.69 21 334 393.51 -157.63
1.923876 -0.622075 -5.389459
131 84 76
11 18 479 389.46 -123.56 20 1089 353.92 -233.28 17 945 419.54 -115.31 19 1053 376.79 -208.90 14 243 423.05 -18.66 15 264 427.18 -52.70 16 582 427.80 -73.92 13 279 417.02 0.28 11 189 438.05 87.44 12 755 425.19 36.14 9 174 423.69 106.85
1.878789 -0.614036 -5.521184
115 35 35
11 18 1053 370.49 -119.87 20 1077 336.49 -223.44 17 940 399.26 -114.01 19 510 358.19 -201.82 14 915 403.41 -27.08 15 959 406.93 -57.98 13 894 398.35 -9.15 10 196 405.61 89.62 11 929 420.18 72.89 12 748 407.02 24.05 9 205 407.42 88.86
-1.423139 -0.484865 -5.518470
176 131 107
17 18 1037 -290.18 -93.22 20 431 -321.30 -168.23 17 923 -287.70 -111.29 19 986 -310.66 -162.56 14 933 -272.13 -85.53 15 365 -283.28 -98.02 13 386 -265.00 -79.21 10 396 -265.17 -37.00 11 383 -259.04 -41.81 9 357 -254.56 -54.04 21 807 -327.07 -181.83 22 773 -342.67 -181.04 23 741 -348.12 -189.32 24 385 -376.94 -205.28 26 675 -428.82 -256.61 27 421 -436.73 -240.18 28 403 -425.80 -240.07
1.802198 -1.042363 -5.637140
84 93 73
11 18 1178 348.28 -202.19 20 1131 307.43 -297.57 17 1048 381.22 -202.53 14 979 401.94 -118.91 15 1023 400.16 -151.40 16 632 393.34 -172.61 13 993 400.25 -99.41 10 979 421.72 1.73 11 1029 431.76 -18.91 12 312 414.60 -64.19 9 969 427.71 3.58
1.995921 -0.047458 -5.278971
212 187 180
17 18 1654 412.29 -6.03 20 1619 386.26 -123.47 17 1517 435.28 8.88 19 1603 404.53 -93.36 14 1183 416.19 101.67 15 1509 427.35 72.33 16 1020 435.65 58.81 13 1183 406.24 117.40 10 1262 393.35 212.54 11 1385 413.06 198.94 12 1092 406.61 147.66 9 1297 388.87 207.48 21 1356 406.67 -166.45 22 1388 393.89 -190.53 23 1242 403.15 -226.64 24 1450 346.70 -256.60 25 1428 315.78 -313.10
0.649263 0.142562 -5.619667
224 221 212
14 18 1884 122.97 30.34 20 1792 100.32 -59.82 19 1796 113.28 -42.99 14 1654 127.41 77.02 15 1709 129.71 61.71 16 1236 122.64 61.54 11 1890 130.40 136.69 9 1624 121.07 128.45 21 1494 113.01 -83.98 22 1541 102.83 -96.22 23 1508 111.03 -118.67 24 1571 72.97 -145.40 26 1321 35.46 -219.19 27 1535 4.37 -217.23
0.458444 -0.158030 -5.714822
199 195 183
16 18 2231 84.57 -29.22 20 2122 58.24 -113.81 17 2078 97.14 -32.81 19 2121 71.46 -99.75 14 1842 98.99 12.01 15 2043 97.48 -4.00 16 1550 86.85 -6.65 13 1869 98.34 20.56 10 2005 98.58 78.93 11 2088 109.13 71.85 12 1778 107.83 37.08 9 1849 103.88 66.75 21 1811 65.56 -133.92 22 1846 53.76 -143.02 23 1635 57.79 -160.95 24 1858 19.75 -182.14
-0.529711 -0.510930 -5.460459
240 200 151
10 18 1695 -109.99 -100.10 20 1363 -140.22 -183.28 17 1579 -100.35 -110.10 14 1718 -88.35 -64.68 16 1287 -119.19 -89.05 13 1725 -84.37 -54.52 10 1857 -80.23 6.70 11 1948 -72.94 -2.34 12 1636 -69.64 -36.25 9 1861 -71.54 -5.19
-1.455721 -0.618021 -5.471967
112 41 30
16 18 2113 -299.62 -121.10 20 1841 -330.00 -196.96 17 1977 -296.61 -139.95 19 2028 -320.07 -191.68 14 1893 -280.78 -110.99 15 1951 -292.45 -125.15 16 1470 -326.24 -127.07 13 1739 -273.26 -103.69 10 2061 -273.97 -58.01 11 2141 -267.49 -64.22 12 1831 -257.76 -91.00 9 2067 -262.92 -73.98 21 1543 -336.17 -211.59 22 1576 -351.95 -210.48 23 1393 -358.11 -219.16 24 1608 -385.17 -233.63
0.779548 -0.646237 -6.001360
100 71 60
14 18 2480 140.13 -118.53 20 2358 111.58 -195.83 17 2355 157.90 -126.85 19 2347 126.54 -186.81 14 2280 167.20 -84.56 15 2320 165.24 -102.03 16 1838 153.56 -108.11 13 2282 166.83 -75.16 10 2441 177.77 -15.92 11 2528 184.83 -25.27 12 2211 178.60 -57.45 9 2476 184.87 -24.84 21 1974 117.56 -212.71 22 1949 104.77 -218.14
1.347707 0.138832 -5.443992
213 205 193
24 18 1886 268.22 30.62 20 1796 245.59 -73.13 17 1740 284.00 38.95 19 1798 260.23 -49.04 14 1644 268.89 106.52 15 1706 275.79 85.39 16 1230 277.28 79.49 13 1664 262.32 117.44 10 1586 251.73 191.95 11 1882 267.56 183.37 12 1568 265.57 138.79 21 1688 263.76 -106.40 22 1730 253.46 -124.94 23 1537 263.87 -154.69 24 1592 218.14 -184.43 25 1669 192.10 -238.58 26 1330 176.29 -270.27 27 1548 135.87 -269.62 28 1464 138.65 -285.21 29 1344 126.16 -293.40 30 1232 129.03 -302.75 31 1178 93.58 -279.36 32 1152 94.02 -307.45 33 946 99.76 -253.04
1.708941 -1.259531 -5.823956
186 180 170
9 18 1517 319.17 -238.37 20 1472 277.59 -324.42 17 1409 352.76 -244.00 19 1474 302.01 -312.80 14 1344 381.18 -172.14 15 1408 376.28 -202.12 16 1153 366.09 -221.57 13 1351 381.67 -153.86 10 1697 411.92 -59.66
1.983033 -0.088712 -5.290980
142 50 60
11 18 2078 409.11 -14.56 20 1997 382.58 -131.45 17 1931 432.42 -0.40 19 1994 400.96 -102.10 14 1823 414.64 92.50 15 1893 425.28 62.92 16 1410 432.92 48.62 10 1797 393.13 203.89 11 2065 412.40 189.80 23 1657 396.94 -233.27 24 1778 340.43 -262.44
0.765255 1.995456 -8.116602
238 229 219
13 18 2188 93.25 260.42 20 2190 91.55 243.31 17 2151 90.32 236.89 19 2186 88.51 230.48 16 1621 71.24 227.09 13 1971 65.13 160.48 10 1997 47.28 125.30 11 2070 57.92 145.82 12 1752 63.67 137.99 21 1930 113.76 277.24 22 1973 117.62 290.11 23 1763 137.43 302.93 24 1997 112.04 291.23
0.621086 1.922573 -8.215679
238 230 217
15 18 2305 72.81 247.44 20 2189 69.52 232.48 17 2156 69.64 222.98 19 2185 66.77 218.72 14 2065 51.81 157.72 15 2120 57.02 178.20 16 1619 50.77 211.90 13 2071 48.26 143.79 10 2258 33.54 106.89 11 2334 43.50 127.55 12 2020 48.83 120.87 21 1856 89.32 267.35 22 1972 93.04 281.14 23 1688 110.03 295.31 24 1909 85.19 286.25
-1.326608 -0.633203 -5.493731
131 60 35
21 18 2256 -272.63 -123.46 20 2143 -303.68 -199.78 17 2103 -268.42 -141.28 19 2143 -292.82 -194.29 14 2025 -251.68 -110.89 15 2070 -262.81 -125.25 16 1578 -296.43 -128.33 13 2020 -244.91 -103.40 10 2283 -243.91 -58.50 11 2371 -237.76 -64.69 12 1961 -228.36 -90.61 21 1823 -309.32 -214.94 22 1856 -325.31 -214.45 23 1650 -331.22 -223.57 24 1762 -359.96 -237.78 25 1670 -400.76 -272.34 26 1333 -410.85 -286.09 27 1379 -419.53 -266.70 28 1278 -409.56 -265.86 29 988 -419.22 -258.98 30 690 -415.64 -256.90
0.696793 -1.509482 -7.095480
167 62 61
11 18 2605 99.36 -238.57 20 2465 65.02 -286.18 17 2421 121.00 -264.68 19 2461 80.63 -289.36 14 2343 156.03 -272.89 15 2383 144.53 -277.73 16 1913 123.66 -275.19 13 2347 161.54 -272.14 10 2512 197.54 -240.50 11 2611 196.92 -248.56 12 2275 182.95 -265.73
-0.519527 -0.787736 -5.745193
244 202 152
11 18 2602 -103.83 -149.09 20 2451 -134.10 -225.18 17 2419 -92.62 -165.65 19 2457 -120.79 -218.13 14 2351 -76.34 -132.64 15 2388 -84.81 -148.17 16 1921 -108.94 -153.14 13 2353 -72.21 -123.15 10 2519 -62.62 -71.45 11 2610 -56.78 -79.62 12 2272 -55.91 -108.00
-0.944379 -1.161924 -6.031610
211 202 205
9 18 1957 -180.36 -214.20 20 1445 -213.06 -272.77 17 1836 -170.09 -239.08 19 1891 -200.01 -277.09 14 1775 -147.21 -225.62 15 1829 -158.97 -236.56 16 1346 -188.82 -239.41 13 1794 -139.99 -220.09 11 1582 -123.40 -191.91
1.291341 0.270016 -5.461913
210 207 192
6 18 1876 256.88 56.71 20 1784 236.44 -45.52 14 1429 251.82 126.30 16 1225 261.86 104.23 13 1439 243.07 137.73 11 1672 246.24 198.06
-1.251173 -0.409976 -5.480729
172 121 77
21 18 2096 -256.67 -78.28 20 2003 -286.89 -155.94 17 1968 -253.19 -93.92 19 2000 -276.05 -148.58 14 1497 -238.66 -64.09 15 1770 -248.74 -77.28 16 1446 -280.44 -77.54 13 1518 -232.32 -57.42 11 1717 -226.02 -17.28 12 1399 -216.73 -45.86 21 1707 -291.79 -171.94 22 1738 -307.10 -172.66 23 1527 -311.80 -183.37 24 1751 -340.37 -200.71 25 1662 -381.04 -239.64 26 1446 -390.95 -257.83 27 1667 -400.35 -242.69 28 1557 -390.44 -244.32 29 1431 -399.95 -240.58 30 1317 -395.44 -243.10 31 1259 -423.59 -212.60
0.648560 0.142937 -5.618251
224 221 212
12 18 1885 122.97 30.34 20 1793 100.32 -59.82 19 1797 113.28 -42.99 14 1655 127.41 77.02 15 1710 129.71 61.71 16 1237 122.64 61.54 11 1891 130.40 136.69 21 1495 113.01 -83.98 22 1542 102.83 -96.22 23 1509 111.03 -118.67 24 1572 72.97 -145.40 27 1536 4.37 -217.23
1.896604 -0.556213 -5.474830
126 94 83
8 18 1938 377.95 -109.16 20 1658 344.41 -215.41 17 1791 406.06 -101.77 19 1872 365.91 -192.17 14 1696 407.37 -12.23 15 1762 411.79 -43.80 16 1276 412.45 -61.78 11 1903 420.47 87.16
-0.276080 -0.203100 -5.473162
148 138 126
19 18 2087 -59.04 -37.48 20 1990 -86.59 -124.76 17 1943 -50.09 -43.72 19 1989 -73.05 -111.24 14 1687 -43.74 1.10 15 1914 -48.50 -15.05 16 1431 -67.58 -17.16 13 1694 -42.00 9.85 11 1917 -33.63 61.01 12 1602 -30.30 26.33 21 1698 -83.42 -147.17 22 1739 -97.09 -154.41 23 1530 -95.11 -172.04 24 1755 -128.09 -193.98 25 1664 -160.84 -237.68 26 1450 -171.09 -260.75 27 1682 -192.35 -251.41 28 1567 -185.00 -258.07 29 1447 -194.63 -259.45
-1.294648 -0.689075 -5.514546
172 97 71
10 18 1712 -265.17 -134.82 20 1647 -296.74 -210.36 17 1613 -260.53 -153.45 19 1656 -285.71 -205.34 14 1741 -242.83 -122.85 15 1585 -253.57 -137.26 16 1308 -287.02 -141.22 11 1969 -228.40 -75.15 12 1667 -218.78 -101.12 21 1383 -301.84 -224.53
-1.761884 -0.431179 -5.563578
244 154 99
10 18 2237 -356.74 -82.22 20 2295 -384.84 -153.25 17 2094 -356.93 -102.64 19 2297 -376.92 -149.21 14 1875 -341.58 -85.99 15 2063 -353.04 -95.19 16 1571 -390.59 -92.32 13 1899 -333.83 -81.55 11 2126 -331.70 -50.52 12 1817 -318.01 -73.81
-1.180813 -0.430210 -5.508981
170 108 89
19 18 2338 -241.74 -82.20 20 2232 -271.49 -159.80 17 2184 -237.62 -97.84 19 2232 -260.48 -152.18 14 2097 -223.10 -67.91 15 2146 -233.30 -81.05 16 1642 -263.99 -81.89 13 2105 -217.39 -61.25 11 2258 -210.77 -20.80 12 1941 -201.69 -49.18 21 1897 -275.53 -174.98 22 1932 -290.64 -176.05 23 1734 -295.02 -186.37 24 1965 -323.66 -203.56 25 1848 -363.65 -241.16 26 1648 -373.81 -258.77 27 1862 -384.14 -243.33 28 1665 -374.41 -244.75 29 1540 -383.53 -241.30
-0.620801 -0.460006 -5.501102
239 197 149
12 18 2422 -129.89 -90.23 20 2302 -160.21 -171.32 17 2259 -121.17 -101.91 19 2303 -146.97 -162.10 14 2100 -105.44 -57.87 15 2149 -113.85 -75.33 16 1743 -139.69 -80.61 13 2094 -101.23 -49.13 11 2261 -89.58 -0.12 12 1943 -85.83 -32.29 21 1973 -160.88 -189.06 22 1936 -175.82 -192.28
-1.497879 -0.470970 -5.510717
217 175 132
20 18 2419 -307.47 -91.69 20 2296 -337.71 -165.62 17 2257 -305.46 -110.18 19 2300 -328.05 -160.58 14 2096 -289.16 -84.67 15 2153 -300.69 -97.10 16 1749 -335.21 -96.97 13 2101 -281.64 -78.30 11 2356 -273.60 -39.23 12 2046 -263.80 -66.32 21 1966 -344.10 -178.69 22 2002 -359.26 -177.27 24 2029 -393.40 -200.83 25 1988 -435.33 -235.91 26 1721 -445.56 -252.26 27 1929 -451.62 -235.70 28 1818 -440.70 -236.07 29 1624 -449.99 -231.36 30 1409 -445.83 -233.31 31 1343 -474.57 -202.55
1.780780 -1.193745 -5.652565
158 173 145
9 18 627 343.41 -231.72 20 695 300.96 -325.07 17 560 378.07 -233.97 19 658 326.58 -310.19 14 478 404.03 -150.87 15 495 400.54 -184.07 13 499 403.39 -130.64 12 371 420.14 -93.95 21 609 303.25 -350.72
1.921721 -0.603002 -5.399234
108 38 38
9 18 1450 388.56 -119.66 20 1429 353.24 -228.99 17 1316 418.20 -111.35 19 1409 376.18 -204.80 14 1219 420.77 -15.76 15 1297 425.09 -49.25 16 865 425.87 -69.59 13 1234 414.68 3.33 12 753 422.29 38.75
-1.348574 -0.345867 -5.587167
75 58 63
20 18 1410 -271.82 -65.09 20 1334 -301.21 -137.89 17 1272 -269.16 -82.05 19 1325 -291.17 -132.37 16 848 -296.81 -68.96 13 910 -248.85 -55.11 12 794 -234.37 -45.35 21 1096 -306.25 -150.43 22 1076 -321.26 -149.66 23 1001 -326.13 -157.61 24 1145 -354.29 -174.38 25 1102 -395.33 -210.23 26 937 -405.39 -227.42 27 1117 -413.74 -213.85 28 1028 -403.15 -215.43 29 960 -412.56 -211.31 30 870 -408.67 -213.57 31 805 -436.83 -183.78 32 832 -417.69 -207.10 33 555 -381.13 -143.47
1.798728 -1.185645 -5.609954
173 185 170
9 18 1200 349.76 -231.50 20 699 307.14 -326.91 17 1096 384.86 -233.07 19 1134 333.14 -311.03 14 1016 410.17 -146.97 15 1068 407.08 -181.08 13 1029 409.24 -126.18 12 884 425.66 -89.12 21 996 309.63 -353.86
1.728778 1.044697 -5.244277
221 199 186
16 18 2307 358.27 220.47 20 2200 351.04 107.68 17 2153 364.80 237.43 19 2192 358.16 138.39 14 1802 316.74 293.08 16 1517 349.15 287.14 13 1647 303.21 298.08 12 1314 295.11 312.48 21 1956 388.14 71.04 22 1986 386.76 44.89 23 1781 412.49 6.43 24 1942 365.30 -42.86 25 1829 351.87 -117.51 26 1550 341.63 -172.49 27 1770 292.86 -192.14 28 1668 298.15 -220.35
-1.619291 -0.605135 -5.452661
218 134 95
10 18 1432 -334.31 -118.68 20 1383 -365.85 -193.65 17 1326 -333.48 -138.30 19 1377 -355.18 -189.22 15 1581 -328.88 -125.01 16 1111 -365.05 -126.76 12 1446 -292.36 -93.37 21 1158 -372.94 -207.97 22 1124 -389.31 -206.05 23 1020 -397.00 -214.20
2.111396 0.997003 -5.155428
175 90 49
12 18 1845 445.29 215.90 20 1754 439.10 93.83 17 1708 453.67 235.94 19 1763 446.32 129.03 14 1621 397.16 303.08 15 1679 419.24 286.78 16 1200 439.28 290.94 13 1648 380.68 309.44 12 1553 369.36 325.01 21 1477 480.34 50.53 22 1284 478.32 20.04 23 1492 507.21 -24.58
-0.177613 -0.185249 -5.510109
203 201 188
13 18 1906 -38.82 -33.65 20 1812 -66.19 -120.47 17 1945 -29.24 -39.93 19 1823 -52.80 -106.75 14 1690 -23.92 4.90 15 1743 -27.86 -11.16 16 1432 -45.70 -13.24 13 1697 -22.30 13.44 12 1604 -10.39 28.80 21 1700 -62.33 -142.59 22 1560 -75.71 -150.13 23 1379 -73.64 -167.56 24 1603 -106.93 -189.71
2.033715 -0.071459 -5.180471
223 213 212
13 18 2226 427.83 -10.98 20 2134 400.60 -133.10 17 2066 452.50 5.94 19 2124 420.29 -101.08 14 1817 432.66 106.41 15 2032 444.42 74.93 16 1537 454.11 59.41 13 1841 421.68 123.19 12 1755 422.01 156.47 21 1905 421.76 -179.44 22 1947 408.61 -204.83 23 1743 418.79 -243.20 24 1983 361.20 -273.78
1.251449 -0.975148 -6.023447
108 41 44
11 18 2270 223.01 -179.28 20 2168 186.89 -257.08 17 2121 248.49 -187.14 19 2159 206.57 -247.74 14 2123 271.90 -135.73 15 2176 267.15 -158.41 16 1678 254.15 -169.39 13 2032 271.61 -121.41 12 1967 288.23 -97.45 21 1742 189.39 -271.99 22 1775 172.39 -277.46
2.017492 0.985178 -5.148381
191 76 76
13 18 2308 426.16 212.90 20 2204 419.39 91.87 17 2154 434.32 233.83 19 2195 426.89 126.67 14 2058 378.77 299.66 15 2112 400.48 283.82 16 1618 419.98 288.34 13 2057 362.53 305.51 12 2002 352.39 320.87 21 1870 460.38 48.95 22 1909 458.46 19.06 23 1713 485.10 -23.71 24 1822 433.41 -74.71
2.047203 0.775534 -5.071040
200 142 42
9 18 2514 439.79 170.55 20 2382 428.91 46.44 17 2336 451.59 192.77 19 2366 438.92 82.21 14 2153 400.09 273.50 15 2253 421.52 251.79 16 1825 440.66 250.69 13 2147 384.60 282.70 12 2003 374.22 303.37
1.923869 0.761016 -5.070603
81 46 44
9 18 2516 411.94 168.01 20 2420 397.95 44.82 17 2335 423.69 189.41 19 2411 409.18 80.24 14 2210 378.59 267.76 15 2304 397.09 247.11 16 1824 413.12 246.57 13 2220 364.29 277.10 12 2099 356.69 297.95
