# Bundle file v0.3
46 7340
0 0 0
0 0 0
0 0 0
0 0 0
0 0 0
0 0 0
0 0 0
0 0 0
0 0 0
0 0 0
0 0 0
0 0 0
0 0 0
0 0 0
0 0 0
1.1285957162e+003 5.0757236019e-002 -8.5274724655e-002
4.5466157979e-001 -5.2759941107e-001 -7.1758045493e-001
6.4936678270e-001 -3.5506078304e-001 6.7249878949e-001
-6.0959464350e-001 -7.7173227339e-001 1.8117303559e-001
-7.9682000406e+000 7.6528452681e+000 -9.1161212160e+000
1.1335182764e+003 5.3044958542e-002 -1.1454054958e-001
4.8956686128e-001 -5.4100892652e-001 -6.8383742934e-001
6.6840602933e-001 -2.7079111799e-001 6.9275215653e-001
-5.5996220256e-001 -7.9622955977e-001 2.2904327071e-001
-7.3506465646e+000 8.2730495489e+000 -8.4661590801e+000
1.1339950903e+003 4.6728216565e-002 -1.0380546494e-001
5.0915768507e-001 -5.4757188748e-001 -6.6402069228e-001
6.7665822987e-001 -2.2210218247e-001 7.0200018553e-001
-5.3187601156e-001 -8.0674385562e-001 2.5743399104e-001
-7.1596141809e+000 8.4101221517e+000 -8.3031308515e+000
1.1246831606e+003 7.3136979995e-002 -1.5098698497e-001
5.3771114047e-001 -5.5471716580e-001 -6.3494534835e-001
6.6439297297e-001 -1.8486832344e-001 7.2415860173e-001
-5.1908448916e-001 -8.1124137528e-001 2.6914442991e-001
-7.1947153860e+000 7.5550911553e+000 -7.8242483585e+000
1.1247751853e+003 7.4089940868e-002 -1.4981629327e-001
5.6759571198e-001 -5.6975277825e-001 -5.9432051910e-001
6.7377002381e-001 -9.3402677303e-002 7.3301425285e-001
-4.7314803472e-001 -8.1649109705e-001 3.3086738384e-001
-7.0550546822e+000 8.0276169014e+000 -7.3962846075e+000
1.1307102584e+003 6.8238913809e-002 -1.4873471947e-001
6.0175214299e-001 -5.6301032278e-001 -5.6649248437e-001
6.8022568644e-001 -1.0428322135e-002 7.3292855423e-001
-4.1855390801e-001 -8.2638406721e-001 3.7669881810e-001
-6.4141410608e+000 8.2652732883e+000 -7.0391351525e+000
1.1332281285e+003 5.6507350521e-002 -1.1947636177e-001
6.3202122680e-001 -5.5256635374e-001 -5.4334113924e-001
6.7926979155e-001 5.7527962548e-002 7.3163042843e-001
-3.7301704941e-001 -8.3148118334e-001 4.1170052539e-001
-5.8352938393e+000 8.4647120217e+000 -6.6602891306e+000
1.1258783151e+003 5.9461696254e-002 -1.0278337604e-001
6.5102397077e-001 -5.5860127174e-001 -5.1393813704e-001
6.7559752962e-001 1.1776504499e-001 7.2780448759e-001
-3.4602856451e-001 -8.2103350321e-001 4.5405750644e-001
-5.4557419883e+000 8.2129077915e+000 -5.6579701718e+000
0 0 0
0 0 0
0 0 0
0 0 0
0 0 0
1.1410238043e+003 4.5684260098e-002 -1.0569757845e-001
6.7648971815e-001 -5.5815945740e-001 -4.8043696918e-001
6.5992522265e-001 1.6986476303e-001 7.3187749165e-001
-3.2689503170e-001 -8.1216007191e-001 4.8325526986e-001
-5.5909463502e+000 7.9582052684e+000 -5.2660352184e+000
1.1231499020e+003 6.7660487288e-002 -7.6961188018e-002
7.1505561834e-001 -5.4447611980e-001 -4.3845321033e-001
6.4104894480e-001 2.6053397669e-001 7.2192679502e-001
-2.7883994165e-001 -7.9728777863e-001 5.3533212587e-001
-4.8248565895e+000 7.5243529305e+000 -5.3226509803e+000
1.1295926374e+003 8.1897600881e-002 -1.5412229940e-001
7.3379837438e-001 -5.3768546241e-001 -4.1525207919e-001
6.2978291061e-001 3.0914801823e-001 7.1260156352e-001
-2.5478114385e-001 -7.8442453196e-001 5.6547742873e-001
-4.8340224529e+000 7.5268582197e+000 -5.5271568788e+000
1.1176210606e+003 7.6336644600e-002 -9.5120743910e-002
7.6411874194e-001 -5.1657283482e-001 -3.8636130053e-001
6.1129715636e-001 3.8858846109e-001 6.8943077574e-001
-2.0600566704e-001 -7.6298854135e-001 6.1270723100e-001
-4.2700939598e+000 7.5574608836e+000 -5.3350710360e+000
1.1190993524e+003 7.9902363335e-002 -1.1143718119e-001
7.9315395440e-001 -4.9826139175e-001 -3.5020335536e-001
5.8603660825e-001 4.6793355886e-001 6.6151287083e-001
-1.6573442128e-001 -7.2991353596e-001 6.6314276866e-001
-3.8567416137e+000 7.1288797671e+000 -4.5384533585e+000
1.1124660809e+003 8.4018288097e-002 -1.0525241134e-001
8.0714571975e-001 -4.8566412567e-001 -3.3562798473e-001
5.7327207302e-001 5.0903671922e-001 6.4205977041e-001
-1.4097842880e-001 -7.1064194608e-001 6.8928448923e-001
-3.5855810290e+000 6.9451510367e+000 -3.7701407390e+000
1.1127415739e+003 4.1882493988e-002 1.8270315847e-002
8.4052454624e-001 -4.6035190851e-001 -2.8564769822e-001
5.2913056060e-001 5.8429931519e-001 6.1531712158e-001
-1.1635865681e-001 -6.6833407110e-001 7.3470418019e-001
-3.0327422816e+000 6.7732553977e+000 -3.5444475516e+000
1.1185002362e+003 8.4106583005e-002 -1.1871364920e-001
8.5544468865e-001 -4.4744912277e-001 -2.6077512762e-001
5.0870965269e-001 6.3156894534e-001 5.8509414332e-001
-9.7102388846e-002 -6.3317450187e-001 7.6789398765e-001
-2.7175807798e+000 6.1783555521e+000 -3.3020869284e+000
1.1190337073e+003 4.4554306768e-002 -7.0930663203e-003
8.7544300802e-001 -4.2287966027e-001 -2.3403489622e-001
4.7780715154e-001 6.8428983487e-001 5.5086091513e-001
-7.2800176159e-002 -5.9407088366e-001 8.0111167732e-001
-2.3730613395e+000 6.0761491501e+000 -2.8456309070e+000
1.1251200642e+003 4.7426356310e-002 -4.4889522823e-002
8.9981669056e-001 -3.8602724862e-001 -2.0325571755e-001
4.3408658530e-001 7.4567774819e-001 5.0550324659e-001
-4.3574761679e-002 -5.4309083878e-001 8.3854253379e-001
-1.9305568816e+000 5.8133013857e+000 -2.0730011540e+000
0 0 0
0 0 0
0 0 0
0 0 0
0 0 0
1.1193426329e+003 4.8529446786e-002 -4.0189513631e-002
9.1819728093e-001 -3.5551217523e-001 -1.7471361297e-001
3.9475519183e-001 7.8458914631e-001 4.7810899386e-001
-3.2895163958e-002 -5.0796748395e-001 8.6074789772e-001
-1.3852669724e+000 5.7035984202e+000 -1.8141569519e+000
1.1196052812e+003 6.0073223016e-002 -1.0649894847e-001
9.3099335579e-001 -3.3392580884e-001 -1.4746160745e-001
3.6415365973e-001 8.2151815590e-001 4.3874825542e-001
-2.5366978247e-002 -4.6217039468e-001 8.8642825017e-001
-1.4166429859e+000 5.2561719895e+000 -1.3541144188e+000
1.1212882892e+003 4.0828275496e-002 -4.5808349886e-002
9.5175565460e-001 -2.8354906541e-001 -1.1730772113e-001
3.0680650178e-001 8.7238864448e-001 3.8053623145e-001
-5.5627689586e-003 -3.9816828162e-001 9.1729552224e-001
-1.1196719458e+000 4.1710823529e+000 -1.1176101895e+000
1.1087356260e+003 4.3997280370e-002 -7.1796733928e-002
9.6280948244e-001 -2.5057949410e-001 -1.0103374519e-001
2.7011906233e-001 9.0077375679e-001 3.4006224613e-001
5.7959206214e-003 -3.5470629570e-001 9.3495981255e-001
-7.8125689466e-001 3.8815856304e+000 -8.0262310123e-001
1.1371351021e+003 6.2293296340e-002 -8.3583361745e-002
9.7402507705e-001 -2.1347640320e-001 -7.5518041284e-002
2.2631598176e-001 9.2880187963e-001 2.9344189340e-001
7.4983787390e-003 -3.0291070248e-001 9.5298944414e-001
-5.6403392606e-001 3.3844054945e+000 -8.0131542818e-001
1.1158660828e+003 4.3404031642e-002 -5.0958454625e-002
9.8162001882e-001 -1.8164348560e-001 -5.8547269734e-002
1.9031335021e-001 9.5458157776e-001 2.2924842448e-001
1.4246662227e-002 -2.3617716980e-001 9.7160556662e-001
-4.4648477945e-001 2.3839834335e+000 -3.7269504634e-001
1.1171482318e+003 6.1747504789e-002 -1.0120086419e-001
9.8849214958e-001 -1.4544979087e-001 -4.1564751379e-002
1.5055193602e-001 9.7270106152e-001 1.7659773352e-001
1.4743974380e-002 -1.8082312701e-001 9.8340511081e-001
-4.3686637768e-001 1.6097587022e+000 -3.8440483838e-001
1.1134798389e+003 3.9942557102e-002 -5.5621114945e-002
9.9533007481e-001 -9.4768997818e-002 -1.8354270161e-002
9.6275937883e-002 9.8838652819e-001 1.1757131737e-001
6.9989974422e-003 -1.1878934269e-001 9.9289481120e-001
-2.5712742018e-001 1.2163757203e+000 -9.5053415975e-002
1.1341602424e+003 6.4965259953e-002 -1.0369231477e-001
9.9869782652e-001 -5.0600306786e-002 -6.5007891071e-003
5.0846040466e-002 9.9765130582e-001 4.5897191310e-002
4.1631087806e-003 -4.6167964591e-002 9.9892501599e-001
-2.2151769806e-001 4.1051854929e-001 4.9926991356e-002
1.1321670663e+003 5.7200561403e-002 -9.1317879419e-002
9.9999570428e-001 -2.9238316983e-003 -2.0647184671e-004
2.9221726580e-003 9.9996666746e-001 -7.6239666464e-003
2.2875615983e-004 7.6233305496e-003 9.9997091583e-001
-1.0406047815e-002 -1.2496062580e-001 6.9236897526e-002
0 0 0
0 0 0
0 0 0
0 0 0
0 0 0
1.1148496540e+003 2.8962721062e-002 -4.0119105932e-002
9.9827799564e-001 5.7135879595e-002 1.3286635299e-002
-5.6091250032e-002 9.9604616887e-001 -6.8889775316e-002
-1.7170180095e-002 6.8025882840e-002 9.9753579594e-001
-2.6167239257e-002 -7.0191406669e-001 2.2159129834e-001
1.1277241229e+003 5.8772342188e-002 -1.0714970257e-001
9.9589071909e-001 8.9163956169e-002 1.5857633844e-002
-8.7250313563e-002 9.9156417742e-001 -9.5853350720e-002
-2.4270525620e-002 9.4075878850e-002 9.9526914481e-001
3.5574324631e-002 -1.0751664513e+000 -8.1992612187e-002
1.1193228353e+003 4.7766810220e-002 -8.3670887548e-002
9.8827275802e-001 1.4722329460e-001 4.0524773630e-002
-1.3791902237e-001 9.7451429068e-001 -1.7691873993e-001
-6.5538530797e-002 1.6925483390e-001 9.8339081864e-001
-4.4754691354e-002 -1.7716609782e+000 -4.4006879973e-002
1.1354083210e+003 4.4205638100e-002 -6.0753540737e-002
9.7992849257e-001 1.9791294424e-001 2.3887568914e-002
-1.8717734205e-001 9.5469589071e-001 -2.3134476194e-001
-6.8591486851e-002 2.2223011217e-001 9.7257852391e-001
-1.6937814252e-002 -2.0587391161e+000 -3.5284398053e-001
1.1224621382e+003 2.9672383361e-002 -3.9699387402e-002
9.6964988420e-001 2.4358382899e-001 2.1119193432e-002
-2.2704025195e-001 9.2910400750e-001 -2.9192202252e-001
-9.0729411265e-002 2.7826724834e-001 9.5620892719e-001
-6.7623236655e-002 -2.5478889972e+000 -2.8073106949e-001
1.1292010888e+003 3.8603243370e-002 -5.2068236191e-002
9.5581912416e-001 2.9329505140e-001 1.9693011966e-002
-2.6840010341e-001 8.9808423583e-001 -3.4843376678e-001
-1.1987988314e-001 3.2775405135e-001 9.3712650984e-001
-2.1552855471e-002 -3.0286562970e+000 -4.6000269636e-001
0 0 0
0 0 0
0 0 0
0 0 0
0 0 0
0 0 0
0 0 0
0 0 0
0 0 0
0 0 0
0 0 0
0 0 0
0 0 0
0 0 0
0 0 0
0 0 0
0 0 0
0 0 0
0 0 0
0 0 0
0 0 0
0 0 0
0 0 0
0 0 0
0 0 0
0 0 0
0 0 0
0 0 0
0 0 0
0 0 0
8.0087809231e-001 -2.9983053910e+000 -1.2225995304e+001
186 85 58
31 32 1099 75.2200 -282.7500 35 1043 34.0800 -265.9500 31 1008 77.6900 -293.5500 34 897 40.7300 -266.0700 36 1008 -16.4400 -235.0900 30 1141 98.6200 -292.2900 37 1050 -10.1400 -197.2500 38 986 -24.1500 -170.8800 29 1089 123.9400 -316.1100 39 920 -32.8100 -146.1200 28 942 155.2600 -304.2500 25 1447 194.8300 -287.8000 26 1381 197.4200 -275.0900 27 1018 176.6500 -278.4200 24 1656 222.2400 -236.1200 20 1799 253.0700 -240.0000 21 1571 256.3200 -237.7400 23 1049 264.4100 -226.5200 19 1382 259.6500 -254.4000 16 1360 271.4100 -201.1700 17 1296 289.1100 -216.1000 18 1003 264.0700 -219.0800 15 1542 274.2800 -161.8800 13 1379 318.8700 -182.2800 14 1252 269.0800 -177.7200 10 1776 378.1900 -63.7200 12 932 317.1000 -124.4700 8 1986 320.6200 -13.8600 9 1542 354.8200 -15.6700 6 1439 330.0600 -26.6400 3 1433 327.7200 120.1900
7.7182626925e-001 -2.9172231990e+000 -1.2255948201e+001
218 166 96
31 32 1374 71.7100 -274.2600 35 1182 31.4000 -257.2800 31 1313 73.9600 -285.2600 34 1133 37.6500 -257.1700 36 1132 -19.4100 -225.5600 30 1437 94.5500 -284.3900 37 1185 -12.4000 -187.8500 38 985 -26.0800 -161.8200 29 1397 119.1400 -308.3100 39 1099 -33.4000 -138.2300 28 1249 150.2700 -296.6100 25 1894 189.5300 -280.9900 26 1705 191.9800 -268.0800 24 1929 216.0200 -229.9200 20 1958 245.9500 -235.9500 21 1726 249.1100 -232.8400 23 1319 257.7600 -220.9600 19 1554 252.1900 -250.6800 16 1552 264.5500 -200.0200 17 1433 281.3500 -214.1700 18 1173 256.4600 -216.3000 15 1764 267.2600 -161.7000 13 1539 310.4200 -183.4600 14 1470 261.8500 -177.9600 10 1924 370.1900 -66.4600 8 2143 312.9700 -18.7600 9 1788 347.9300 -17.8900 7 1776 278.5000 -18.9700 6 1614 323.0000 -33.0500 3 1582 322.3200 111.5200 4 1701 362.3400 132.6800
1.4707374373e+000 -3.1869257688e+000 -1.1480509699e+001
230 183 106
30 32 1273 146.5500 -320.2400 35 1194 99.1300 -311.9800 31 1190 150.5900 -325.3500 34 1042 107.5600 -308.8600 36 1141 44.7300 -285.4800 30 1320 172.7400 -315.8400 37 1193 47.6500 -250.9600 38 1134 30.9800 -228.2500 29 1277 199.1100 -333.5300 39 1105 20.5100 -207.8600 28 1125 233.6200 -314.0500 25 1765 274.0100 -273.9300 26 1707 277.7400 -267.0000 27 1180 255.6400 -278.0200 24 1640 302.5500 -207.2600 20 1948 322.8900 -190.2100 21 1719 333.1100 -195.3500 23 1195 343.9000 -190.4400 19 1541 325.9800 -198.7400 16 1345 326.9700 -121.0200 18 997 327.9600 -154.0700 15 1732 322.4900 -75.7400 13 1328 362.8000 -78.1500 14 1200 312.9900 -80.5400 10 1877 411.5400 61.7700 12 1022 354.7500 -2.4600 8 1930 337.2700 107.0200 9 1906 379.7600 107.9800 7 1575 294.8200 109.7000 6 1575 330.3000 101.1900
2.0219243852e+000 -1.4238430813e+000 -9.3230283892e+000
173 165 154
25 32 1226 247.7200 -181.0300 35 1171 210.7500 -210.2000 31 1137 239.7000 -165.7600 34 1022 216.4900 -192.4100 36 1128 160.5500 -209.0800 30 1270 250.8600 -132.3400 37 1186 168.2100 -189.4600 38 1131 154.9800 -185.2100 29 1197 261.3200 -135.4400 39 1104 149.9700 -183.3400 28 1058 288.8600 -89.3900 25 1521 283.1200 0.1300 26 1465 303.7300 -2.9800 27 945 297.6900 -26.8000 24 1519 288.2900 91.4300 20 1663 254.0900 109.0500 21 1427 285.6200 112.3900 23 930 318.9700 113.7600 19 1261 239.2300 97.9300 16 1428 192.9900 165.5500 17 1162 220.4600 163.6900 18 903 229.3400 147.5300 15 1373 174.8900 195.4000 13 1001 172.1300 199.1800 14 1084 143.6300 191.2300
-2.8593189918e+000 -1.3757487960e+000 -8.3211047581e+000
191 165 157
18 32 884 -394.7400 -199.6000 35 849 -412.4400 -187.2800 31 952 -410.9500 -206.9800 34 663 -423.0600 -184.5900 30 1097 -385.2600 -190.1300 29 1048 -366.4300 -218.2400 28 909 -345.9000 -189.7700 25 1373 -339.5100 -147.2400 27 980 -332.9600 -135.5000 24 1377 -335.2400 -79.0000 20 1516 -310.5500 -108.3700 21 1515 -314.8600 -91.7000 23 804 -283.5200 -67.0600 19 1137 -313.2600 -133.0200 16 1310 -330.9800 -90.4300 17 1046 -335.1700 -101.0300 18 814 -321.9600 -88.7400 13 1113 -355.3400 -96.6900
-1.5708770386e+000 -1.0132423118e+000 -8.2223986741e+000
48 37 47
21 32 1347 -219.1200 -150.6500 35 1283 -237.7000 -157.0000 31 1265 -235.8500 -148.4600 34 1117 -245.2300 -147.1400 36 1237 -284.5900 -148.3900 30 1389 -215.3100 -123.7700 37 1283 -262.2800 -111.6300 29 1344 -202.1900 -143.4000 28 1326 -181.3700 -105.4700 25 1841 -185.6800 -44.1100 27 1238 -171.5700 -44.3900 24 1880 -183.3100 33.7900 20 1876 -179.3900 13.0900 21 1791 -173.1300 29.7600 19 1469 -186.7700 -9.2700 16 1633 -214.8200 36.9900 17 1363 -211.0200 32.8400 18 1093 -195.2400 37.1400 15 1828 -213.7200 64.5700 13 1455 -238.3800 41.5100 14 1547 -256.0700 46.3100
8.5728266882e-001 -1.9977866907e+000 -1.0948530657e+001
212 168 123
20 32 1526 89.6100 -212.3400 35 1383 54.7600 -210.6300 31 1467 85.5500 -215.0900 34 1217 58.4000 -204.3900 36 1251 7.7200 -190.9900 30 1612 102.7300 -204.1500 29 1588 120.6000 -222.1600 28 1450 148.4100 -198.8800 25 1960 166.4800 -159.0200 26 1912 176.9000 -151.2500 27 1354 162.9000 -160.2900 24 1991 183.5000 -96.2900 20 2144 190.3900 -97.4100 21 1907 202.5100 -92.5500 23 1373 220.8800 -83.2100 19 1635 188.7800 -111.9300 16 1786 177.1100 -58.5500 18 1252 186.4500 -72.9500 13 1640 192.4100 -40.6900 14 1708 154.5300 -38.9600
1.7164522149e+000 -1.1905886861e+000 -9.1164325288e+000
210 203 195
23 32 1729 214.7500 -156.5300 35 1610 181.5500 -186.4000 31 1660 204.5300 -141.3500 34 1478 185.5100 -168.1800 36 1570 133.2000 -186.4200 30 1791 214.7400 -108.7800 37 1605 142.8400 -166.9300 38 1562 130.9200 -163.1400 29 1761 223.6300 -111.6900 39 1638 127.3000 -162.5400 28 1633 249.5100 -65.0000 26 2084 261.0200 22.6700 27 1541 256.8900 -1.3500 24 2151 241.5700 114.7800 21 2030 236.9700 134.2500 23 1508 271.8300 136.9900 19 1864 191.2100 112.6000 16 1981 145.2400 172.9100 17 1734 169.8500 173.0300 18 1438 181.1600 160.0200 15 2165 128.2600 199.6300 13 1847 121.7400 198.7900 14 1897 95.8400 192.4900
-1.3597528719e+000 -1.4921468319e+000 -8.6456903944e+000
199 83 60
21 32 1683 -183.4700 -204.9500 35 1544 -207.9800 -205.0900 31 1619 -196.2400 -205.2000 34 1370 -212.7100 -198.0200 30 1747 -174.8000 -182.5900 29 1715 -158.7400 -202.6700 28 1590 -135.0900 -169.0400 25 2143 -129.9600 -112.3700 26 2097 -112.3200 -102.7500 27 1496 -121.9300 -112.4300 24 2165 -122.0500 -35.4200 20 2321 -114.2600 -46.0100 21 2093 -108.2400 -35.3500 23 1570 -77.1400 -19.7100 19 1925 -119.6500 -65.4000 16 2046 -143.0600 -9.9700 17 1795 -136.4800 -19.2200 18 1499 -127.0700 -17.6400 15 2227 -142.3700 24.3000 13 1897 -158.4200 8.2200 14 1946 -180.6400 9.9800
-1.6062510772e+000 -9.4008266278e-001 -8.1986704766e+000
183 160 125
22 32 1210 -224.3400 -140.6000 35 1150 -242.2000 -147.6600 31 1120 -241.7100 -138.3900 34 996 -250.0300 -137.6300 36 1107 -288.8800 -139.4900 30 1253 -221.3100 -113.9500 37 1168 -265.8900 -102.9200 38 1104 -276.4800 -90.9200 29 1190 -208.9500 -134.1400 39 1217 -272.4600 -80.3300 28 1054 -188.2400 -96.3400 25 1342 -193.4100 -35.1500 26 1485 -172.2400 -25.1500 27 942 -178.8500 -35.4800 24 1537 -191.7600 41.8400 20 1444 -187.9800 19.1100 21 1231 -181.9200 36.7100 23 950 -147.3300 54.3700 19 1074 -195.5500 -4.0800 16 945 -223.9100 40.5300 18 749 -203.9000 41.2300 15 1119 -222.8700 66.3800
9.4924866833e-001 -3.0861718083e+000 -1.2046693037e+001
216 160 86
22 32 703 90.0900 -295.1300 35 874 47.2500 -279.9300 31 586 93.0700 -304.9900 34 506 54.4100 -279.3300 36 615 -4.1200 -249.7400 30 974 115.0200 -302.2800 38 584 -13.3000 -186.4000 29 899 140.5000 -324.2800 39 691 -22.6000 -162.6700 28 759 172.6300 -310.9200 25 1449 212.5800 -289.0100 26 1205 216.0600 -278.1900 27 687 194.4700 -282.8600 24 1451 240.4700 -234.3100 20 1584 270.2100 -232.8300 21 1363 274.7500 -232.7200 23 874 282.7100 -222.9200 19 1182 275.8000 -245.9700 16 1111 287.1600 -186.0800 17 1090 305.0600 -202.9000 18 844 279.6100 -208.7100 15 1268 288.1500 -144.7600
1.6474220571e+000 -3.2106423290e+000 -1.1275656174e+001
194 113 71
19 32 1118 166.6200 -328.6100 35 1067 117.7200 -323.0700 31 1021 171.6100 -332.5000 34 913 126.6700 -319.3900 36 851 62.4300 -297.9800 29 1278 220.5300 -336.0700 28 961 255.8000 -314.8200 25 1438 296.5000 -266.3800 26 1386 300.4900 -261.8100 27 867 278.5800 -274.3200 24 1441 324.5200 -196.0300 20 1563 341.6000 -172.2300 21 1340 353.7800 -179.7500 23 852 365.8700 -177.6900 19 1161 343.9000 -179.4600 16 1319 340.0300 -98.1900 17 1264 365.4400 -115.9500 18 821 345.0900 -132.7600 15 1473 333.1400 -49.8200
2.0028901100e+000 -4.2337931851e-001 -9.0938747406e+000
211 207 196
23 32 1512 250.8000 -59.4800 35 1462 226.6600 -97.6400 31 1442 234.8200 -41.6400 34 1275 228.5500 -75.7500 36 1417 183.6500 -103.5700 30 1579 239.1600 -9.9700 37 1452 198.1800 -88.0400 38 1424 190.8600 -89.2300 29 1549 241.0800 -13.9300 39 1572 191.4700 -94.1200 28 1415 262.3700 33.8400 25 1811 238.0000 115.6700 26 1883 263.6300 115.0000 27 1326 264.5900 94.6100 24 1843 233.6200 199.3300 20 1842 189.0200 194.7700 21 1762 222.3700 209.9200 23 1229 260.3500 215.7700 19 1421 170.8100 176.7800 16 1418 119.5000 221.8500 17 1329 144.0700 226.8400 18 1051 159.5700 219.1000 15 1608 101.9500 239.4800
1.6243088751e+000 -2.9199985094e+000 -1.1320431955e+001
181 88 68
14 32 939 163.7900 -298.4800 35 881 117.8800 -294.3000 31 834 167.0200 -301.3800 30 976 187.7200 -289.5700 28 943 246.1200 -282.8400 25 1757 280.8600 -237.0800 27 1173 266.9700 -243.7100 20 1935 319.9900 -150.8100 21 1715 332.3800 -155.3400 23 1181 345.6400 -150.5500 19 1360 320.9500 -160.2200 16 1504 315.2400 -86.2000 17 1409 339.4200 -100.8200 15 1720 308.9100 -42.3900
1.8535836536e+000 1.0304152199e+000 -9.2638578695e+000
211 205 194
16 32 1486 226.5300 122.6100 35 1332 222.7900 82.9600 31 1421 200.5100 136.6700 30 1566 197.3200 156.8700 29 1533 188.9700 144.4400 28 1485 202.9000 185.2800 25 1992 161.7800 236.3400 26 1941 191.4400 243.5700 27 1386 198.0600 234.8200 24 2027 147.2600 302.1600 20 2182 100.0900 262.0500 21 1947 131.3100 292.2100 23 1419 171.0900 306.2000 19 1785 81.8200 234.9300 16 1833 31.8900 245.5400 15 2024 18.9900 248.8900
1.0077870581e+000 -2.3428119001e+000 -1.1161195299e+001
156 43 47
18 32 1737 103.4000 -243.1500 35 1614 64.5800 -237.3700 31 1673 102.8300 -247.2400 34 1440 70.1000 -232.5600 30 1804 121.1400 -236.8300 29 1779 142.0600 -255.3600 28 1650 171.1500 -234.1600 25 2200 197.8400 -197.1600 26 2143 205.7000 -189.2100 24 2221 216.3500 -133.2100 20 2327 225.9700 -128.3400 21 2103 237.1800 -126.0800 23 1578 252.9900 -117.5300 19 1931 226.0400 -141.6900 16 2003 215.8900 -82.4200 17 1761 234.2200 -93.2200 18 1506 224.3600 -101.4600 15 2194 210.0700 -45.9100
3.3472698108e+000 -2.1478934421e+000 -9.2749828443e+000
202 103 91
19 32 1252 413.6400 -271.6800 35 1201 358.4700 -309.1700 31 1175 414.9301 -250.3100 34 1050 371.8200 -289.5600 36 1152 297.2500 -309.7500 30 1287 428.2400 -207.2000 37 1204 295.7500 -293.8400 29 1236 444.1400 -200.3000 28 1073 480.5500 -146.0900 25 1545 482.8400 -26.1100 26 1495 502.1600 -38.4000 27 962 493.1200 -74.0400 24 1523 492.6300 83.0800 20 1420 443.0300 133.3700 21 1428 486.5900 124.7500 23 931 521.1300 116.5900 19 1253 424.2600 131.0300 16 1187 363.4600 226.0800 18 720 411.2900 191.5600
8.0883477393e-001 -2.8251111713e+000 -1.2219377470e+001
160 72 60
18 32 1248 74.9100 -266.0100 35 1183 35.2600 -249.9400 31 1166 76.4300 -276.6900 34 1029 41.0600 -249.4600 30 1310 97.2400 -275.6300 29 1269 121.2300 -299.3900 28 1118 152.0600 -287.1600 25 1629 189.5700 -270.4900 26 1573 192.7600 -257.7900 27 1016 171.9600 -261.0700 24 1655 215.3600 -219.1600 20 1798 243.8900 -224.7300 21 1570 247.5000 -221.5300 23 1045 256.6500 -210.1400 19 1377 249.5800 -239.7700 16 1551 259.8800 -188.8700 17 1294 276.8100 -202.9100 18 1002 253.5200 -205.3200
-2.8265072125e+000 -1.2770865319e+000 -8.2621064341e+000
45 34 40
22 32 1681 -394.0800 -187.1700 35 1541 -410.7400 -176.6400 31 1618 -411.2500 -194.0000 34 1366 -421.7300 -173.1700 36 1501 -461.0300 -159.3000 30 1746 -384.7100 -176.4200 37 1454 -433.8700 -113.1600 38 1418 -446.4200 -93.3700 29 1711 -366.7200 -204.3000 39 1401 -443.1700 -74.9300 28 1588 -346.4300 -174.6800 25 2104 -341.3100 -131.2800 26 2044 -323.2500 -115.5500 27 1499 -332.7400 -119.6600 24 2116 -337.6000 -62.4800 20 2279 -313.6800 -92.7700 21 2052 -317.3200 -75.4600 23 1527 -286.4300 -50.7900 19 1878 -317.0600 -118.1800 16 1997 -335.2700 -76.7700 17 1755 -339.5200 -86.1400 18 1456 -325.9500 -74.0200
2.1403305470e+000 -1.7410055755e+000 -9.5184161617e+000
235 228 218
22 32 1738 254.8700 -215.3000 35 1661 213.7100 -240.3600 31 1712 249.4300 -201.5900 34 1488 220.6900 -224.4500 36 1617 161.7700 -236.0400 30 1836 262.6800 -170.1300 37 1655 167.7700 -214.8100 38 1620 153.4300 -208.2300 29 1807 276.8300 -173.5200 39 1686 147.4300 -204.2600 28 1695 308.1200 -128.2900 25 2218 309.3900 -38.4500 26 2163 328.7600 -41.7200 27 1602 320.8300 -66.6400 24 2250 318.5300 54.8400 20 2384 290.1300 79.1700 21 2161 320.5800 79.6400 23 1633 351.2100 80.1000 19 1981 277.4600 70.0100 16 2099 232.3800 143.2800 17 1843 262.1800 139.7800 18 1551 267.4600 121.1700
2.3773422646e+000 1.1493145739e+000 -9.1255278112e+000
196 189 174
21 32 1484 297.3300 138.2700 35 1421 293.2500 90.4100 31 1423 269.4400 156.3500 34 1247 289.4300 119.2600 36 1375 262.8300 78.6300 30 1458 261.4300 181.4300 37 1423 288.6300 88.2900 38 1377 293.3600 81.5300 29 1422 249.7800 172.9600 39 1466 304.8400 69.8200 28 1276 262.1500 218.2700 25 1792 213.1500 275.0300 26 1737 245.2300 280.8400 27 1203 254.8100 270.5700 24 1673 197.0000 342.7100 20 1822 137.6600 303.7800 21 1588 175.4200 334.9700 23 1063 217.6200 347.9800 19 1407 116.6300 276.7300 17 1127 83.9200 301.2400 18 876 105.4900 305.2400
3.7931313154e+000 -1.2607957725e+000 -8.7037608196e+000
193 142 121
18 32 257 500.3900 -173.2300 35 346 452.2800 -231.7800 31 495 492.6100 -141.4700 34 474 464.1801 -203.5000 36 312 393.8500 -246.0100 30 574 497.0100 -89.5100 37 364 395.1899 -239.4400 38 610 377.7400 -246.7200 29 509 502.4301 -76.4200 39 432 366.4400 -256.6100 28 398 531.8700 -11.5800 25 654 506.4900 120.7500 26 89 535.3400 106.8100 24 607 502.2500 233.4700 20 621 424.7000 269.2500 21 489 478.9900 272.0800 23 315 522.8199 264.7000 18 20 379.4300 316.0500
3.3785028300e+000 -2.1423150548e+000 -9.2256059831e+000
200 106 77
16 32 928 420.6500 -272.7000 35 884 364.5600 -310.9600 31 817 419.4600 -250.2200 34 728 377.1300 -290.5800 36 646 302.8300 -311.8000 30 925 433.4600 -206.4900 37 714 301.2200 -296.6700 29 837 449.9200 -199.1400 25 1061 488.1200 -22.1300 26 1093 508.3199 -34.5700 24 1026 497.9301 88.4900 20 672 446.9100 139.9800 21 932 491.0500 131.2100 23 541 524.5000 120.9900 19 466 427.8000 137.8300 18 334 414.1700 197.8700
3.2299946112e+000 -2.2258310103e+000 -9.4121959431e+000
224 165 97
12 32 1251 393.0000 -277.0300 35 1061 339.3900 -311.4200 31 1174 394.0500 -257.2800 34 909 351.7500 -292.8000 36 860 278.9900 -309.3800 30 1301 408.9200 -216.8300 29 1040 426.7700 -212.0400 26 1666 485.1200 -57.1700 27 974 475.0500 -91.0200 20 1664 435.8199 109.9900 23 1103 508.4800 92.9100 18 905 407.1801 166.4100
3.7665772380e+000 -1.1988283725e+000 -8.7433298895e+000
143 75 40
18 32 868 494.5100 -164.2300 35 861 447.7300 -222.1400 31 736 486.2400 -132.9300 36 840 390.1801 -236.2500 30 851 490.1400 -82.3500 37 884 392.5200 -229.8400 38 830 375.4100 -237.0500 29 768 495.1200 -69.6400 39 951 364.8700 -246.9000 28 619 524.1899 -5.5400 25 1014 497.8800 124.1300 26 1024 526.8800 110.9300 27 499 527.8300 73.4200 24 992 493.4600 234.8500 20 620 416.9399 268.9700 21 896 470.4500 272.1900 23 517 513.8500 264.9400 19 749 389.9100 259.5000
1.7094356756e+000 -3.1546847845e+000 -1.1210498073e+001
199 131 70
14 32 724 174.2900 -325.2600 35 683 125.3300 -320.9200 31 603 178.6500 -327.6800 36 639 69.9200 -296.6800 37 682 72.1700 -263.8800 38 600 54.5100 -242.6600 28 765 261.9200 -306.8600 25 1224 301.4500 -257.4900 26 1212 305.9800 -253.0200 27 671 285.0600 -266.9000 24 1196 328.8800 -185.3900 20 1274 343.7900 -161.1000 23 638 370.0800 -165.5000 19 903 344.5200 -168.4900
3.2696517539e+000 -6.4891748944e-001 -8.4082401230e+000
162 132 118
16 32 1194 445.5601 -95.7200 35 1169 408.9200 -157.8600 31 1088 430.3000 -63.7700 34 1004 417.1500 -127.9700 36 1126 357.6300 -176.7800 30 1207 430.1600 -13.5600 37 1184 365.3000 -171.5900 29 1141 429.9000 -2.7800 25 1659 415.0000 184.1700 26 1413 447.6600 174.1200 27 1059 453.3000 141.3900 24 1485 405.4500 291.0000 20 1374 326.7400 306.8200 21 1389 378.3400 319.3400 23 904 425.6300 317.9100 19 1010 299.5400 293.1500
-3.4933108027e+000 -8.7880415499e-001 -7.9018793808e+000
140 83 72
14 32 1339 -509.6200 -138.6300 35 1266 -522.1700 -125.9500 31 1258 -529.4400 -147.1100 36 1216 -575.5000 -107.6000 30 1259 -499.6700 -131.2500 29 1202 -480.8100 -163.5800 28 1064 -462.7600 -134.0400 26 1500 -440.8900 -77.0100 27 953 -450.5700 -78.0300 24 1575 -460.5900 -28.3800 20 1491 -429.9500 -72.8600 21 1253 -438.7300 -48.9000 23 981 -404.8200 -20.3700 19 1118 -433.4000 -102.4200
7.0318456204e-001 -2.1960265467e+000 -1.1242500501e+001
244 208 160
16 32 1736 71.0100 -221.7900 35 1660 37.3000 -217.6100 31 1672 68.2300 -226.6500 30 1802 86.2200 -220.8000 37 1604 0.1800 -167.4200 38 1560 -12.3900 -146.8200 29 1777 105.5600 -243.0300 28 1673 133.8500 -224.4400 25 2198 158.5600 -195.7300 26 2141 166.3800 -185.0700 27 1583 150.4600 -191.5400 24 2220 178.0600 -136.7000 20 2369 189.2400 -134.4700 21 2145 199.2300 -131.2300 23 1617 215.7100 -122.0900 19 1966 188.7600 -148.5800
-1.5714159057e+000 -9.7773534944e-001 -8.2045395862e+000
116 94 93
15 32 580 -219.5300 -145.9700 35 280 -237.7400 -152.8600 31 489 -236.4400 -143.6600 36 558 -284.6800 -144.5700 30 212 -216.0800 -118.8800 37 271 -262.0100 -107.8500 38 221 -272.5800 -96.0700 29 565 -203.4800 -138.6900 39 287 -269.1100 -85.5200 25 234 -187.6000 -39.3600 26 740 -166.6600 -29.4700 27 89 -173.4600 -38.9400 24 706 -185.5300 38.5200 20 173 -182.4300 17.7600 21 158 -175.9300 34.3400
3.7935242787e+000 -1.2610765342e+000 -8.7048831364e+000
193 142 121
16 32 258 500.3900 -173.2300 35 347 452.2800 -231.7800 31 496 492.6100 -141.4700 34 475 464.1801 -203.5000 36 313 393.8500 -246.0100 30 575 497.0100 -89.5100 37 365 395.1899 -239.4400 38 611 377.7400 -246.7200 29 510 502.4301 -76.4200 39 433 366.4400 -256.6100 28 399 531.8700 -11.5800 25 655 506.4900 120.7500 26 88 535.3400 106.8100 24 608 502.2500 233.4700 20 622 424.7000 269.2500 21 490 478.9900 272.0800
9.1483565677e-001 -2.9955654862e+000 -1.2106529290e+001
186 109 67
10 32 935 86.1200 -284.9600 35 873 44.4200 -269.9800 31 829 88.4600 -295.0900 36 835 -6.5800 -239.9200 30 973 109.8800 -292.6000 25 1239 206.4200 -281.8400 26 1204 209.1500 -270.1200 27 863 187.5000 -274.5100 20 1305 262.6800 -228.5300 23 873 275.2400 -217.7300
-6.6230817224e-001 -1.2430675695e+000 -8.7290409900e+000
183 173 161
14 32 1051 -86.6200 -170.6000 35 1019 -110.3900 -180.0600 31 946 -99.8900 -166.6300 34 864 -113.7800 -169.2300 30 1268 -82.5600 -142.4000 29 1213 -70.0000 -158.5500 28 1070 -46.9300 -121.5400 25 1560 -49.0800 -57.2200 26 1490 -29.8400 -50.4000 27 961 -36.8200 -63.4000 24 1558 -43.9000 21.5700 20 1686 -47.9000 12.7200 21 1460 -35.8700 24.3500 23 966 -3.7000 37.8000
1.6726683147e+000 -3.1480432774e+000 -1.1246559412e+001
186 104 64
14 32 1116 169.7300 -323.0900 35 1207 121.1400 -318.3900 31 1191 174.6100 -326.4900 34 1058 130.3400 -314.3200 36 1142 65.5500 -294.0100 37 1194 67.7800 -260.8800 28 1120 258.0200 -306.9800 25 1633 297.1400 -258.3900 26 1575 301.6400 -253.5200 27 1021 279.6400 -267.6600 24 1439 324.4400 -187.1700 20 1787 339.8900 -164.1400 21 1559 352.3300 -171.4800 23 1040 365.8500 -167.8400
1.2634282356e+000 1.0872231013e+000 -9.5914306718e+000
238 234 224
15 32 1705 147.7900 124.6400 35 1638 144.0800 97.3100 31 1587 123.4300 132.8900 34 1455 139.1700 117.2800 36 1541 115.8000 96.0800 30 1718 123.3600 146.6600 29 1687 117.1600 130.0700 28 1558 131.6700 164.3500 25 2071 98.3200 201.2400 26 2008 124.8200 211.9600 27 1460 129.3900 207.7200 24 2086 87.7600 259.1100 20 2183 52.5500 213.7800 21 2017 77.7200 244.3000 23 1497 113.7400 261.1400
-1.5117825866e+000 -9.6381563123e-001 -8.2457898895e+000
149 37 41
15 32 1677 -209.5400 -144.1700 35 1605 -227.6600 -151.4900 31 1659 -227.2700 -140.8800 34 1430 -235.3600 -141.0400 36 1563 -273.9600 -141.8400 30 1790 -207.3500 -116.0400 37 1598 -251.3100 -105.1900 29 1765 -195.0300 -135.3300 28 1635 -174.1600 -96.4200 25 2134 -179.3300 -36.8200 26 2086 -158.0200 -26.7500 27 1542 -164.5000 -36.7200 24 2155 -177.3000 39.8100 20 2311 -174.6600 18.7600 21 2088 -168.0400 35.5300
-1.6527662609e+000 -8.6111906387e-001 -8.1973163254e+000
171 144 114
14 32 1207 -231.0200 -129.7300 35 1148 -247.6300 -136.3000 31 1263 -248.9200 -127.2600 34 1115 -256.1200 -125.9900 30 1246 -228.4900 -103.7600 38 1098 -280.9500 -79.8500 29 1189 -216.3700 -124.9200 39 1216 -276.5600 -69.1200 28 1040 -195.9500 -86.9000 25 1534 -201.9800 -27.9400 26 1457 -180.7100 -17.6300 27 941 -187.0600 -26.6000 24 1535 -201.1200 48.0000 21 1440 -191.4100 41.1300
5.7991532841e-001 3.1270051821e+000 -1.1704636067e+001
199 191 177
13 32 1627 55.3700 302.3100 35 1555 69.9100 306.2500 31 1493 26.1000 291.4900 34 1380 59.1400 316.0000 30 1634 22.7700 275.8200 29 1615 14.4400 240.4400 28 1478 22.1700 251.1800 25 1995 -7.3000 225.2100 26 1939 15.2000 248.8300 27 1378 18.8700 264.6700 24 1950 -18.4400 245.9300 21 1870 -20.0300 204.7500 23 1338 6.8600 231.4000
2.4194398878e+000 -2.1400165319e+000 -9.6188182541e+000
98 43 37
16 32 1807 287.6800 -259.3500 35 1724 241.5600 -283.8700 31 1768 286.8800 -245.4100 34 1547 251.4400 -268.3500 36 1693 185.4000 -278.8600 30 1891 301.6000 -212.1500 37 1727 187.1000 -257.2400 38 1678 168.5800 -248.9600 29 1852 319.2000 -215.5200 28 1714 350.6700 -173.4800 25 2245 361.3200 -78.2000 26 2183 377.1100 -84.5900 27 1630 365.3500 -111.9700 24 2263 371.8300 20.2900 21 2188 376.8700 53.4700 23 1665 403.7000 48.8900
-1.6785409294e+000 -8.0567294782e-001 -8.2215316677e+000
158 128 104
15 32 1206 -234.1200 -121.6200 35 1147 -250.3500 -127.9900 31 1104 -252.0500 -120.0000 34 982 -258.6900 -118.1300 36 1101 -296.6200 -119.3900 30 1245 -231.8000 -96.8600 37 1157 -272.5600 -82.8600 38 1097 -282.6100 -70.4800 29 1177 -220.0800 -117.6000 39 1215 -278.1400 -60.2000 28 861 -199.8200 -80.7000 25 1320 -205.7500 -23.6500 26 1292 -184.5500 -12.7600 24 1032 -205.3900 51.4100 23 352 -161.0400 63.2500
-6.4804807755e-001 1.6507485545e-001 -9.4137401681e+000
165 156 151
14 32 1308 -79.3100 13.4000 35 1239 -88.1200 4.6700 31 1221 -99.3100 13.8300 34 1082 -95.4100 17.2500 36 1185 -127.9900 17.8300 30 1199 -88.3200 24.8900 37 1232 -102.7800 48.5000 38 1178 -105.4800 61.5700 29 1311 -82.4200 1.0500 28 1161 -64.0200 30.6000 25 1503 -77.5600 61.0800 26 1428 -56.3800 75.0800 27 904 -59.0100 73.7500 23 743 -44.3300 120.3700
1.4603212795e+000 -1.0029340228e+000 -9.0104899570e+000
161 151 141
16 32 1800 184.4400 -134.4300 35 1689 154.3200 -164.1300 31 1745 172.2300 -118.9100 34 1517 157.2500 -145.4200 36 1657 107.3000 -165.6700 30 1864 182.4400 -85.5200 37 1691 119.3400 -145.7100 38 1614 108.7400 -142.2800 29 1830 189.7000 -90.0800 39 1683 107.1300 -142.3100 28 1708 214.0800 -45.2600 25 2236 202.4600 40.1600 26 2174 225.2700 39.7100 27 1619 220.5800 17.7700 24 2233 202.5800 126.4000 23 1632 233.3200 145.5000
3.8520456118e+000 -1.0055303559e+000 -8.6301324489e+000
137 82 52
10 32 846 512.7000 -140.6700 35 631 468.2300 -203.6400 31 719 501.8800 -107.2000 34 667 478.7200 -173.0600 30 823 503.7100 -54.8600 29 747 506.2600 -41.4000 28 605 533.8400 24.5000 25 1008 501.1700 155.5500 26 1017 532.0400 142.2800 24 590 493.5601 266.7500
3.8910694095e+000 -1.1703445670e+000 -8.5736206855e+000
223 185 170
10 32 871 521.1000 -163.9900 35 642 472.9100 -226.5200 34 480 485.5800 -197.0400 36 610 414.2900 -243.3300 38 616 397.9399 -247.8700 29 511 519.7000 -60.7300 28 400 548.8101 6.2600 25 80 518.4301 143.3300 26 650 549.1400 128.7900 24 603 511.9700 257.8500
3.8187718635e+000 -1.1081041116e+000 -8.6771669094e+000
147 82 54
11 32 1053 505.2600 -153.4500 35 1033 459.2500 -213.9700 31 932 496.1000 -121.0300 34 883 470.8900 -184.9400 30 1050 498.8300 -69.1200 29 960 502.6400 -56.0400 28 829 531.2000 9.2100 25 1289 501.2900 140.1400 26 1263 531.2300 126.7300 27 498 533.5200 89.1500 24 1264 495.1300 251.4300
5.1763879653e-001 -2.9393245688e+000 -1.2482174576e+001
126 88 77
14 32 1463 47.1700 -271.3900 35 1392 8.4400 -250.8200 31 1401 48.9200 -284.7000 34 1226 13.9000 -251.9400 36 1330 -40.8400 -217.4800 30 1542 69.9800 -287.2300 37 1374 -33.2300 -178.3900 38 1322 -46.4500 -149.6700 29 1595 95.0000 -312.0300 28 1462 125.0900 -303.4000 25 2057 164.9900 -294.3300 26 1986 166.8600 -278.9500 27 1443 145.8300 -279.2400 24 2080 191.5300 -248.0700
-2.6025208136e+000 -9.1646041336e-001 -8.2071790002e+000
40 30 35
15 32 1675 -364.2700 -137.7700 35 1601 -379.1700 -132.6400 31 1612 -382.8200 -141.9200 34 1428 -390.5400 -126.4800 36 1492 -428.3600 -117.9700 30 1742 -357.9800 -123.8900 37 1523 -400.3600 -75.2900 38 1482 -412.0900 -57.4000 29 1705 -342.6000 -150.9200 39 1567 -407.4800 -41.9200 28 1584 -323.1400 -119.3700 25 2095 -323.9900 -75.2900 26 2036 -304.1700 -60.1100 27 1490 -312.3000 -64.0100 24 2108 -322.3700 -6.5800
-2.2829790610e+000 -1.1498841944e+000 -8.8267703356e+000
178 124 90
14 32 1444 -298.4600 -156.7700 35 1144 -318.1200 -147.8000 31 1461 -313.1700 -163.5300 34 1112 -325.8900 -143.5000 36 987 -367.3300 -129.7400 30 1597 -288.7900 -150.2100 37 839 -343.4100 -86.8500 38 785 -355.6400 -67.0600 29 1650 -271.7200 -177.4300 28 1512 -249.5200 -150.6800 25 2100 -242.5800 -113.6400 26 2045 -225.5300 -98.2800 27 1494 -236.2700 -101.3300 24 2112 -238.0100 -50.0300
-2.8581840557e+000 -9.7897147977e-001 -7.9996322405e+000
98 34 24
14 32 1674 -409.9100 -150.7800 35 1537 -423.7600 -144.8600 31 1614 -428.6800 -154.9500 34 1357 -436.3100 -139.3400 36 1497 -474.3000 -130.5900 30 1741 -402.9300 -135.6900 37 1521 -445.7700 -85.8300 38 1409 -457.6900 -68.1900 29 1708 -386.6900 -163.3300 28 1583 -368.3100 -131.2400 25 2138 -369.8900 -85.2800 26 2089 -349.9800 -69.9400 27 1489 -358.1100 -74.1100 24 2158 -369.3000 -14.5600
-2.5698417940e+000 -8.3235377042e-001 -8.2113756822e+000
149 131 127
9 32 836 -359.7100 -126.0000 35 1010 -373.6500 -121.7300 31 928 -377.3700 -130.0900 34 839 -384.2700 -115.5000 30 866 -353.7300 -112.1600 29 1008 -337.5500 -139.1700 28 673 -319.4200 -107.2600 25 256 -322.3900 -63.6200 26 737 -302.0300 -48.2900
-3.5440780609e+000 -4.8146820923e-001 -7.9620499950e+000
72 43 27
14 32 1318 -513.2700 -80.0600 35 1249 -522.1900 -68.4300 31 1234 -534.8000 -87.9400 34 1093 -537.4200 -62.5400 36 1196 -574.5700 -50.6800 30 1220 -505.6000 -75.9100 37 1240 -541.3100 -2.1400 38 1182 -552.9200 19.7300 29 1161 -488.2600 -109.5600 39 1296 -549.4100 38.3400 28 1028 -470.9600 -80.6800 25 1330 -471.2700 -50.8200 26 1475 -450.8900 -30.4200 27 930 -459.8900 -28.2700
-1.6030791559e+000 -9.4007018628e-001 -8.1961938601e+000
183 160 125
12 32 1211 -224.3400 -140.6000 35 1149 -242.2000 -147.6600 31 1121 -241.7100 -138.3900 34 997 -250.0300 -137.6300 36 1108 -288.8800 -139.4900 30 1254 -221.3100 -113.9500 37 1169 -265.8900 -102.9200 38 1105 -276.4800 -90.9200 29 1191 -208.9500 -134.1400 39 1218 -272.4600 -80.3300 28 1055 -188.2400 -96.3400 25 1341 -193.4100 -35.1500
1.9976435957e-002 -1.1253477954e+000 -9.2323136477e+000
186 182 170
8 32 1214 1.7900 -144.9100 35 1167 -22.7800 -158.6400 34 1121 -24.3100 -145.3000 30 1255 4.7300 -119.4800 29 1195 16.1800 -135.1200 25 1343 36.8700 -39.1500 26 1315 55.2700 -32.1700 27 943 48.5900 -45.0600
-3.1582959504e+000 -9.2214941588e-001 -7.8809345632e+000
209 108 66
13 32 1202 -462.0400 -145.5500 35 1140 -474.2700 -136.9500 31 1110 -480.6400 -150.8400 34 991 -488.8000 -132.1000 36 982 -526.8000 -121.7800 30 1262 -453.6000 -132.6500 37 1012 -496.1400 -75.1700 38 1081 -510.6800 -56.2100 29 1205 -435.3300 -161.7600 28 1066 -416.4200 -129.5900 25 1557 -415.0200 -84.3000 26 1317 -396.3100 -68.7500 27 955 -404.7000 -71.1800
3.1397271280e-001 -1.2109600061e-001 -9.4513429134e+000
154 146 135
10 32 1415 37.6000 -20.7500 35 1352 23.1700 -37.6900 31 1344 20.2700 -14.1300 34 1184 19.3300 -23.4600 36 1293 -14.5700 -30.5500 29 1313 32.4800 -15.1400 28 1162 48.8000 13.0500 25 1678 35.9200 65.0200 26 1620 57.8400 74.9300 27 1081 56.0300 69.0900
-1.6003903691e+000 -8.4846233683e-001 -8.2291885589e+000
45 33 37
13 32 1345 -223.2000 -127.3000 35 1273 -239.9700 -134.3000 31 1264 -240.9900 -124.7200 34 993 -248.0400 -123.3800 36 1235 -286.3500 -126.9700 30 1377 -220.7600 -101.2400 38 1099 -272.7800 -78.0800 29 1341 -208.6500 -121.9800 39 1329 -268.5800 -68.2400 28 1185 -188.2100 -83.8100 25 1705 -194.4500 -26.3200 26 1636 -173.1800 -15.6200 27 1107 -179.1400 -24.9600
2.0616618940e+000 2.3802449361e-001 -9.2297571419e+000
212 209 195
14 32 1414 255.7800 22.0000 35 1351 240.4900 -17.7500 31 1342 235.0300 39.6800 34 1186 240.1500 5.5200 36 1295 203.1600 -24.1200 30 1345 234.2600 66.9000 37 1346 222.2200 -10.1000 38 1297 219.6900 -10.9500 29 1307 230.9100 60.7100 39 1484 224.7800 -16.2100 28 1283 246.7400 106.5100 25 1800 211.0200 173.3300 26 1746 239.1100 176.6000 27 1210 244.2000 161.5800
-2.7969627875e+000 -1.4423584970e+000 -8.4009121975e+000
149 57 29
11 32 1233 -381.8700 -206.8100 35 1025 -400.9800 -194.0300 31 1145 -396.9600 -214.5800 36 812 -452.3300 -175.1200 30 1415 -371.7700 -198.4800 37 863 -427.0800 -127.9900 29 1378 -354.7500 -226.0100 28 1343 -332.0100 -198.1600 25 1865 -327.2000 -155.5700 26 1809 -309.0200 -140.1200 27 1258 -319.2300 -144.3500
8.7320885262e-001 -3.0190307480e+000 -1.2136907590e+001
194 103 74
14 32 1469 82.0500 -286.1700 35 1393 40.6600 -270.4700 31 1402 84.4200 -296.4200 34 1227 46.8100 -269.8200 36 1331 -10.2100 -240.1100 30 1543 106.1400 -294.8800 37 1297 -3.9700 -202.7300 38 1242 -18.4000 -176.7000 29 1506 131.5900 -318.1100 39 1347 -26.6200 -152.9600 28 1371 162.8200 -305.3700 25 1896 202.3100 -286.7000 26 1838 204.7400 -274.3600 27 1282 183.7200 -278.3400
3.6172490890e+000 4.7274411321e-001 -8.0398999886e+000
198 185 169
