# Bundle file v0.3
61 2503
0 0 0
0 0 0
0 0 0
0 0 0
0 0 0
1.0895215655e+003 5.0377369192e-002 -4.4750033570e-002
8.3803020138e-001 -5.1652044378e-001 -1.7581812401e-001
4.4855148599e-001 4.6872171995e-001 7.6098719678e-001
-3.1065567111e-001 -7.1659373455e-001 6.2448896996e-001
-1.1032853324e+000 9.3895549836e+000 -6.7239225647e+000
1.0879689823e+003 7.2076954904e-002 -1.7726141171e-001
8.6881116761e-001 -4.7805521069e-001 -1.2895879405e-001
4.1136075347e-001 5.5192868343e-001 7.2536684437e-001
-2.7558934220e-001 -6.8325540169e-001 6.7617495556e-001
-4.4705395261e-001 8.8958807124e+000 -5.8352963370e+000
1.0858486622e+003 6.6401974255e-002 -1.8029192483e-001
8.9388581161e-001 -4.3943190437e-001 -8.8700378966e-002
3.7497083020e-001 6.2445819713e-001 6.8516336486e-001
-2.4569296349e-001 -6.4571786522e-001 7.2296846835e-001
7.1960627491e-002 7.9809766980e+000 -5.0545508545e+000
1.0806745771e+003 6.0412194705e-002 -1.6295874610e-001
9.1642909111e-001 -3.9434592511e-001 -6.8183666108e-002
3.4458125901e-001 6.9088974030e-001 6.3555890576e-001
-2.0352266928e-001 -6.0593948386e-001 7.6903567212e-001
1.2389226859e-001 6.9658289654e+000 -4.7276894786e+000
1.0822383891e+003 1.9712668742e-002 -1.0516902716e-001
9.3804185356e-001 -3.4493855052e-001 -3.3088930826e-002
3.0045970522e-001 7.6206304521e-001 5.7357116443e-001
-1.7263095469e-001 -5.4797564863e-001 8.1848716666e-001
3.0143204943e-001 5.9831312472e+000 -4.3539544714e+000
1.0838818895e+003 -5.4857677439e-004 -3.5044077704e-002
9.5612019083e-001 -2.9272422480e-001 -1.2112345300e-002
2.5900508439e-001 8.2521494771e-001 5.0193292015e-001
-1.3693263656e-001 -4.8304535841e-001 8.6482173583e-001
5.8247181421e-001 5.2251880656e+000 -3.6036016270e+000
1.0838278254e+003 -1.0460254577e-002 -1.1329032426e-002
9.6853485057e-001 -2.4864258530e-001 1.0821645342e-002
2.1883746900e-001 8.7153289921e-001 4.3879444818e-001
-1.1853440595e-001 -4.2261953382e-001 8.9852230036e-001
9.2405817591e-001 4.7733759950e+000 -3.3261139312e+000
1.0833889125e+003 -1.3620348242e-002 -8.7991011207e-003
9.8038388810e-001 -1.9242956695e-001 4.2641455361e-002
1.6945679012e-001 9.3342090443e-001 3.1624327892e-001
-1.0065698304e-001 -3.0281393122e-001 9.4771931226e-001
9.4556854188e-001 4.2233386720e+000 -2.7959627464e+000
1.0715750346e+003 2.0371396755e-002 -7.0622327639e-002
9.8983363310e-001 -1.3014443685e-001 5.7374248032e-002
1.1123968616e-001 9.5974629935e-001 2.5790070395e-001
-8.8629064106e-002 -2.4889649743e-001 9.6446639266e-001
9.4521012968e-001 3.0435243979e+000 -2.1937184397e+000
1.0784578875e+003 6.1156356018e-003 -4.3234279238e-002
9.9471543012e-001 -6.9105933201e-002 7.5931436717e-002
5.4910650005e-002 9.8298524395e-001 1.7528499847e-001
-8.6752715240e-002 -1.7018924810e-001 9.8158524145e-001
9.8186347378e-001 2.1800379498e+000 -1.5049032482e+000
0 0 0
0 0 0
0 0 0
0 0 0
0 0 0
1.0845751370e+003 3.6230794149e-003 -4.4428689241e-002
9.9896289577e-001 -3.7069527099e-003 4.5380517596e-002
3.1642785937e-003 9.9992269871e-001 1.2024306455e-002
-4.5421583159e-002 -1.1868239396e-002 9.9889740448e-001
9.5225504952e-001 3.2384096373e-001 -1.5272900555e+000
1.0841145754e+003 1.1690925799e-002 -9.2737617386e-002
9.9790648907e-001 5.4019268158e-002 3.5560620763e-002
-5.1067680792e-002 9.9554642666e-001 -7.9242692649e-002
-3.9682881194e-002 7.7260798776e-002 9.9622087808e-001
3.8752777264e-001 -6.4509409905e-001 -1.1832168750e+000
1.0869482426e+003 -8.2821249233e-003 -4.9181797779e-002
9.9202846217e-001 1.2186443144e-001 3.2071647780e-002
-1.1805937577e-001 9.8779439407e-001 -1.0160816327e-001
-4.4062614932e-002 9.7011831239e-002 9.9430739239e-001
-2.1965175520e-001 -1.2483008730e+000 -1.3530265421e+000
1.0845094556e+003 -4.4723950376e-002 7.5685373542e-002
9.8384784434e-001 1.7802659975e-001 1.8706923249e-002
-1.7065205573e-001 9.6434726205e-001 -2.0226772865e-001
-5.4049006187e-002 1.9580829390e-001 9.7915158018e-001
9.4209335230e-002 -2.8865000393e+000 -1.5033815377e+000
1.0742875834e+003 -3.5122255415e-002 6.0329019994e-002
9.7330030148e-001 2.2725239008e-001 3.2293564911e-002
-2.0916811977e-001 9.3605349239e-001 -2.8293560585e-001
-9.4526296886e-002 2.6862652622e-001 9.5859510149e-001
1.4696499109e-001 -3.4040143406e+000 -1.9686892829e+000
1.0800262939e+003 -1.7188970012e-002 -2.1913492816e-002
9.5255320375e-001 3.0435064424e-001 3.6165406384e-003
-2.8294044941e-001 8.8979851605e-001 -3.5805488815e-001
-1.1219222838e-001 3.4004306519e-001 9.3369353522e-001
1.0400476797e-002 -4.6677540179e+000 -2.5304519143e+000
1.0878020278e+003 -8.6608758661e-002 8.5921582266e-002
9.2803512736e-001 3.7222867090e-001 1.4022087727e-002
-3.2839117611e-001 8.3534743791e-001 -4.4085586468e-001
-1.7581250763e-001 4.0452499864e-001 8.9746837696e-001
-7.2791111051e-001 -6.2421118352e+000 -3.0165695371e+000
1.0872480870e+003 4.6473673411e-002 -7.1376604979e-002
8.7879724527e-001 4.7484922966e-001 4.7261091809e-002
-3.6465542939e-001 7.3212598339e-001 -5.7534160484e-001
-3.0780159117e-001 4.8837460370e-001 8.1654664713e-001
-8.4278263229e-001 -7.4035911205e+000 -3.6149506877e+000
1.1501263981e+003 1.2771330838e-001 1.1330539965e-002
8.4559317502e-001 5.3329209450e-001 2.3910756902e-002
-3.9770883673e-001 6.5922378333e-001 -6.3816274153e-001
-3.5608968469e-001 5.3011653948e-001 7.6953011054e-001
-1.1615779078e+000 -9.1784662971e+000 -4.0965468654e+000
1.1959891138e+003 5.6340678821e-002 1.0272103368e-002
8.2367989804e-001 5.6399146254e-001 -5.8864724181e-002
-4.2969556815e-001 5.5304811009e-001 -7.1379234140e-001
-3.7001776211e-001 6.1323031408e-001 6.9787924286e-001
-2.1223917652e+000 -8.7777116673e+000 -3.8980588760e+000
0 0 0
0 0 0
0 0 0
0 0 0
0 0 0
1.1858390035e+003 1.9680065327e-002 3.7781645861e-003
7.9695575347e-001 5.9560400324e-001 -1.0058527891e-001
-4.7145653832e-001 5.0924568766e-001 -7.1999830699e-001
-3.7761125444e-001 6.2122838065e-001 6.8664768229e-001
-2.6588316704e+000 -9.0778763502e+000 -4.0352588522e+000
1.1738647496e+003 7.1599637310e-002 2.7457451641e-002
7.7910965498e-001 6.1145577191e-001 -1.3823886764e-001
-4.9300968743e-001 4.6143455094e-001 -7.3757684569e-001
-3.8720742971e-001 6.4280634269e-001 6.6096173276e-001
-2.9218113589e+000 -9.2243027986e+000 -4.2575331065e+000
1.1655031290e+003 9.8010046850e-002 1.1666477108e-002
7.5602000845e-001 6.1956781130e-001 -2.1111483610e-001
-5.2554060329e-001 3.8230719093e-001 -7.6003176648e-001
-3.9018049812e-001 6.8554864085e-001 6.1463992705e-001
-3.3330498000e+000 -8.9226928206e+000 -5.3122216961e+000
0 0 0
0 0 0
0 0 0
0 0 0
0 0 0
0 0 0
0 0 0
0 0 0
0 0 0
0 0 0
0 0 0
0 0 0
0 0 0
0 0 0
0 0 0
0 0 0
0 0 0
0 0 0
0 0 0
0 0 0
0 0 0
0 0 0
0 0 0
0 0 0
0 0 0
0 0 0
0 0 0
0 0 0
0 0 0
0 0 0
0 0 0
0 0 0
0 0 0
0 0 0
0 0 0
0 0 0
0 0 0
0 0 0
0 0 0
0 0 0
0 0 0
0 0 0
0 0 0
0 0 0
0 0 0
0 0 0
0 0 0
0 0 0
0 0 0
0 0 0
0 0 0
0 0 0
0 0 0
0 0 0
0 0 0
0 0 0
0 0 0
0 0 0
0 0 0
0 0 0
0 0 0
0 0 0
0 0 0
0 0 0
0 0 0
0 0 0
0 0 0
0 0 0
0 0 0
0 0 0
0 0 0
0 0 0
0 0 0
0 0 0
0 0 0
0 0 0
0 0 0
0 0 0
0 0 0
0 0 0
0 0 0
0 0 0
0 0 0
0 0 0
0 0 0
0 0 0
0 0 0
0 0 0
0 0 0
0 0 0
0 0 0
0 0 0
0 0 0
0 0 0
0 0 0
0 0 0
0 0 0
0 0 0
0 0 0
0 0 0
0 0 0
0 0 0
0 0 0
0 0 0
0 0 0
0 0 0
0 0 0
0 0 0
0 0 0
0 0 0
0 0 0
0 0 0
0 0 0
0 0 0
0 0 0
0 0 0
0 0 0
0 0 0
0 0 0
0 0 0
0 0 0
0 0 0
0 0 0
0 0 0
0 0 0
0 0 0
0 0 0
0 0 0
0 0 0
0 0 0
0 0 0
0 0 0
0 0 0
0 0 0
0 0 0
0 0 0
0 0 0
0 0 0
0 0 0
0 0 0
0 0 0
0 0 0
0 0 0
0 0 0
0 0 0
0 0 0
0 0 0
0 0 0
0 0 0
0 0 0
0 0 0
0 0 0
0 0 0
0 0 0
0 0 0
0 0 0
0 0 0
0 0 0
0 0 0
0 0 0
0 0 0
0 0 0
0 0 0
0 0 0
0 0 0
0 0 0
0 0 0
0 0 0
0 0 0
0 0 0
0 0 0
0 0 0
0 0 0
0 0 0
0 0 0
-9.0941318694e-001 -9.9332331794e-001 -9.2193807532e+000
153 113 47
11 12 1491 -38.7300 -78.5100 13 931 -94.8400 -88.9300 9 1711 -35.9900 -38.5700 10 2096 -58.1400 -48.2800 7 1032 18.5200 -33.0400 8 1530 -14.5700 21.7700 6 622 11.8400 -45.0700 5 938 10.1600 -32.9700 4 847 31.0600 10.3700 3 742 52.2300 70.7100 1 745 26.1600 142.9500
-8.8792387017e-001 7.7891507874e-001 -9.1269243072e+000
141 80 34
18 12 2206 -36.1200 100.9800 13 2404 -83.4400 95.1100 14 2757 -137.4700 58.1000 9 2179 -54.2300 129.7500 10 2615 -66.6100 133.8400 15 1839 -86.1900 -15.0600 7 1382 -21.4300 115.9800 8 1905 -43.5500 179.7300 6 846 -35.6700 97.1800 5 1095 -44.6200 96.5800 4 988 -33.7400 125.7300 16 1778 -86.3100 8.6500 3 911 -22.8800 171.2000 17 1509 -63.6300 -46.4200 1 963 -54.8600 206.4000 2 872 -36.3900 206.7600 18 2148 -140.0200 -128.3700 19 2544 -174.7600 -131.6900
-1.3815202265e+000 2.1372362629e-001 -9.3483350667e+000
199 89 87
13 12 2218 -86.7500 43.1400 13 2414 -137.1800 40.9300 14 2762 -192.1400 9.4800 9 2203 -95.6800 65.1200 10 2633 -114.3100 68.5100 7 1477 -53.2700 50.4700 8 2032 -79.6700 114.4700 6 941 -64.6100 31.8000 5 1197 -68.5100 33.0000 4 1009 -53.1100 63.8200 3 923 -38.6700 112.2700 1 974 -63.3800 157.4100 2 887 -48.2400 153.4900
-1.1649477628e+000 2.1731548964e-001 -9.2735097977e+000
94 28 29
13 12 2311 -62.5800 42.7000 13 2513 -113.1600 36.6500 14 2859 -169.6700 3.4700 9 2276 -73.5100 71.6100 10 2717 -89.9000 72.9500 15 1956 -122.8500 -64.0500 7 1559 -33.7200 60.6700 6 1025 -46.0300 43.0200 5 1268 -51.9200 44.8400 4 1167 -37.8900 76.0100 3 1085 -24.0200 123.5700 1 1123 -50.6600 167.1700 2 971 -34.8600 163.3100
-1.9390656857e+000 -1.7394824007e-001 -9.8000469952e+000
113 27 34
11 12 2227 -138.1300 2.2400 13 2422 -190.1000 3.5600 9 2208 -141.5200 13.7500 10 2635 -165.2400 19.2500 7 1505 -93.0600 -8.8400 8 2047 -122.3600 58.2900 5 1214 -102.7400 -31.8300 4 1112 -84.1000 -4.8900 3 1013 -67.6300 40.0400 1 1137 -82.6800 87.6500 2 992 -72.7500 81.8900
-9.5327007869e-001 -6.3410147877e-001 -9.2220140978e+000
250 211 91
12 12 2289 -43.7600 -41.9900 13 2492 -97.7600 -50.3600 14 2839 -159.0700 -83.0300 9 2256 -44.8700 -5.5700 10 2693 -65.6900 -12.0600 7 1565 5.4800 -4.3300 8 2104 -25.4700 52.1200 6 1031 -3.0000 -17.8000 5 1211 -5.7400 -7.9200 4 1105 13.8900 32.8600 3 1005 32.9000 90.7400 2 894 22.8600 142.1500
-1.0369841935e+000 7.9720191998e-001 -9.1723436770e+000
252 212 88
13 12 2272 -50.8100 102.6800 13 2477 -98.1900 98.5600 14 2823 -151.5200 62.0700 9 2178 -68.2000 127.2700 10 2614 -81.4700 132.9600 15 1913 -100.3900 -9.5600 7 1461 -34.8800 111.4900 8 2009 -57.0200 176.4600 6 924 -49.3300 92.6200 5 1185 -57.5400 90.9100 4 1083 -46.7100 119.1900 3 988 -36.4300 164.7900 2 954 -49.6500 199.7400
4.5279706565e+000 -1.7893851105e+000 -1.2560579356e+001
134 125 122
10 12 2374 372.4100 -120.7600 13 2579 336.8900 -127.7900 9 2326 369.3200 -102.0300 10 2779 359.1500 -119.5400 7 1643 424.0300 -101.5600 6 1125 427.0800 -105.2500 5 1358 419.3700 -90.4800 4 1263 448.7500 -57.4100 3 1185 466.0601 -1.5800 2 1152 454.6200 52.8000
2.3919348657e+000 1.6355240889e+000 -1.0106459209e+001
81 81 90
10 12 1893 266.6000 170.2200 13 2109 242.0300 159.4900 9 1862 215.5800 194.3500 10 2284 224.9700 194.3300 7 1187 220.6100 185.4900 8 1679 210.2800 245.2300 6 664 201.6900 170.3700 5 897 179.8200 167.5000 4 813 182.4400 193.6900 3 622 184.6900 230.1800
-3.7489377595e-001 3.8858522397e-001 -9.4026437077e+000
127 95 46
12 12 2354 16.2100 59.2900 13 2560 -29.4600 52.7100 14 2896 -85.0300 12.7400 9 2299 -2.3300 90.9500 10 2760 -13.0300 88.5800 15 1994 -36.5700 -56.9400 7 1609 32.3700 81.7100 8 2144 8.8100 142.3400 6 1081 19.9000 64.9400 5 1308 10.0800 68.3200 4 1198 22.2600 100.8500 3 1083 33.5700 149.3800
2.2606569073e+000 -1.6772763589e+000 -1.2997801414e+001
103 51 57
13 12 2343 195.4100 -111.8200 13 2565 157.4900 -106.8800 14 2903 104.2100 -139.0500 9 2310 197.1300 -122.5600 10 2756 180.3900 -123.8600 15 1996 129.8400 -166.6400 7 1617 253.6400 -140.2600 8 2152 214.5200 -78.0300 6 1091 258.2600 -158.3600 5 1337 256.0200 -154.9400 4 1237 285.3900 -128.0700 16 1985 110.5000 -124.8200 3 1172 309.8700 -89.5500
-1.9301735410e-001 -4.2107010345e-001 -9.6752702324e+000
82 82 59
9 12 2142 30.7500 -20.3800 13 2342 -17.6500 -28.5000 14 2692 -76.8000 -64.9400 9 2007 23.6800 11.7300 15 1768 -35.0900 -127.3800 7 1315 67.7600 11.3200 8 1837 38.9500 66.9000 6 784 59.8000 -3.1700 4 913 71.8400 42.5500
-1.1007657460e+000 -2.0010988079e-001 -9.2488076527e+000
93 36 28
13 12 2232 -57.6100 0.7300 13 2425 -109.0200 -6.7800 14 2684 -166.9100 -40.4800 9 2113 -62.1500 33.6000 10 2638 -81.6800 31.1000 15 1757 -122.8500 -105.5500 7 1404 -17.9300 28.9800 8 1934 -45.5600 88.5100 6 861 -29.0100 13.3700 5 1117 -34.0000 18.6800 4 1012 -19.6100 52.2200 16 1794 -127.1200 -73.5600 17 1530 -111.5500 -117.2800
-1.0422029816e+000 6.0580851682e-001 -9.1797272058e+000
98 31 31
12 12 2207 -51.6100 83.1100 13 2403 -98.8800 78.0100 14 2662 -152.1700 41.6600 9 2082 -67.2900 110.5500 10 2507 -81.5100 113.8000 15 1742 -102.9400 -29.0200 7 1391 -32.8200 96.4600 8 1916 -55.4300 160.5900 6 762 -46.0800 78.2900 5 1041 -54.1700 77.5100 16 1777 -104.1800 -2.8600 17 1508 -83.7500 -54.6000
-9.4914301297e+000 5.7779968195e+000 -2.6894710698e+001
83 81 84
8 12 2169 -377.7700 222.2800 13 2373 -388.1500 307.6300 14 2722 -392.0100 332.0200 9 2207 -400.5200 22.2000 10 2621 -418.4700 101.2500 7 1544 -374.6700 -152.8400 8 2067 -394.0200 -18.1300 5 1301 -377.5700 -306.6800
-6.9991224674e-001 4.1491064729e-001 -9.1634709348e+000
106 41 37
10 12 2336 -16.1800 63.6200 13 2559 -63.9200 55.8000 14 2895 -119.5200 17.6600 9 2298 -31.5400 96.9900 10 2745 -44.3400 97.1600 15 1993 -71.9100 -54.4000 7 1608 2.9000 88.7700 8 2143 -20.2500 150.0600 6 1080 -10.9000 72.9000 5 1329 -19.5500 75.4200
-2.2160735092e-001 6.9050831488e-002 -9.5149841317e+000
97 68 28
8 12 593 29.4300 27.6300 13 663 -17.2300 19.2300 14 777 -74.1600 -18.8500 9 477 16.0600 59.4200 10 1677 3.5500 56.3600 7 241 53.8200 55.6000 8 359 28.0400 113.5700 6 75 42.9300 41.4500
-1.3742808769e-001 8.8481082938e-002 -9.5726029419e+000
100 68 30
11 12 1845 37.1300 29.1400 13 2033 -8.5000 20.8500 14 2365 -65.0800 -17.6500 9 1810 23.3100 60.4600 10 2208 11.2300 57.1900 15 1457 -20.8500 -84.1700 7 1007 60.1300 56.3700 8 1631 35.0800 114.4900 6 614 48.9700 41.8000 16 1421 -26.7900 -55.9000 17 1173 -11.4700 -106.2000
-1.3760790421e-001 8.8462374958e-002 -9.5727152512e+000
100 68 30
11 12 1846 37.1300 29.1400 13 2034 -8.5000 20.8500 14 2366 -65.0800 -17.6500 9 1694 23.1100 60.4100 10 2209 11.2300 57.1900 15 1458 -20.8500 -84.1700 7 1008 60.1300 56.3700 8 1632 35.0800 114.4900 6 615 48.9700 41.8000 16 1422 -26.7900 -55.9000 17 1174 -11.4700 -106.2000
-6.3002947187e+000 2.5321301629e+000 -2.6448991659e+001
95 94 96
10 12 1919 -256.6100 98.9000 13 2083 -268.1900 171.9900 14 2411 -280.6100 187.4800 9 1929 -275.8900 -79.0800 10 2339 -294.6300 -12.1900 15 1488 -249.8900 243.6700 7 1274 -240.8800 -237.2500 8 1772 -264.6400 -110.2800 6 741 -236.9400 -306.4000 16 1549 -256.8400 318.2500
-6.0496997693e+000 2.4901235053e+000 -2.6541077691e+001
53 51 54
10 12 1921 -246.3400 96.9900 13 2084 -257.2600 169.5000 14 2412 -269.7400 184.4200 9 1930 -265.4600 -80.2800 10 2341 -283.6000 -13.9400 15 1489 -239.3500 239.9600 7 1275 -230.1400 -237.2800 8 1773 -253.9800 -110.8600 6 742 -226.1400 -306.0100 16 1550 -246.2700 314.0300
-5.9329302781e+000 2.3541656242e+000 -2.6620509365e+001
81 79 84
10 12 1816 -240.9900 91.4600 13 1984 -252.2900 163.7200 14 2304 -264.9200 178.5300 9 1836 -260.0300 -85.5100 10 2225 -278.4800 -19.2100 15 1383 -234.6700 233.6500 7 1180 -224.1900 -242.3900 8 1668 -248.3700 -115.2800 6 743 -219.8500 -311.0300 16 1466 -241.7300 306.6700
1.0329292296e+000 2.1090919171e+000 -1.1448607034e+001
229 187 79
8 12 2179 121.9700 191.8100 13 2380 97.7600 200.8800 14 2738 59.1300 161.7000 9 2061 80.6600 172.9900 10 2483 81.6200 188.4000 7 1296 94.3000 133.7600 8 1898 80.1800 207.1200 6 754 80.3900 109.4000
-2.6156066684e-001 -9.3458896098e-001 -9.6116994822e+000
85 96 72
7 12 1955 23.7400 -70.6400 13 2260 -27.0300 -79.2300 9 2024 24.5000 -35.0100 10 2453 5.4600 -45.0300 7 1324 75.7100 -29.4400 8 1847 43.4200 25.0200 6 790 69.5500 -40.8800
-1.4110375924e+001 6.7172324387e+000 -3.0934660806e+001
211 193 177
7 12 1882 -495.5300 224.8800 13 2170 -504.0100 321.5900 9 1897 -517.6600 -1.9500 10 2306 -537.7000 87.9900 7 1269 -493.0700 -202.2300 8 1755 -510.9000 -55.3700 6 818 -494.4900 -287.1700
-5.9873580618e+000 2.8702771101e+000 -2.6419162115e+001
42 37 41
10 12 1998 -244.6500 112.2400 13 2182 -255.6900 185.0300 14 2517 -267.3500 199.9800 9 2029 -264.6300 -64.9700 10 2432 -282.4400 1.4600 15 1579 -236.0400 255.3600 7 1353 -230.6200 -221.0000 8 1870 -254.0500 -95.4900 6 820 -226.9800 -289.1200 16 1630 -241.8200 329.5000
-1.4585623922e+001 6.2146499296e+000 -3.1577486510e+001
201 179 168
8 12 1967 -502.4500 204.0300 13 2171 -511.4700 300.5400 14 2504 -512.0200 336.0100 9 2012 -524.9700 -24.7100 10 2411 -545.4300 65.1900 7 1350 -499.6400 -227.7400 8 1865 -517.6400 -79.4100 6 822 -500.4200 -313.6900
-1.2477679286e+001 4.2699269536e+000 -2.9743414319e+001
217 201 193
8 12 1981 -454.2700 147.3600 13 2175 -466.2900 238.4900 14 2509 -472.2600 270.9200 9 2028 -475.4200 -66.9400 10 2424 -496.8200 16.7700 7 1358 -444.6000 -260.2100 8 1868 -465.1000 -115.3600 6 824 -444.2200 -342.2000
-1.4423110480e+001 5.1124042742e+000 -3.1087995219e+001
146 133 127
8 12 1885 -502.7900 169.8700 13 2073 -513.3500 264.5600 14 2505 -516.7700 299.8800 9 2013 -526.3500 -55.6600 10 2421 -546.7400 33.2900 7 1355 -499.4500 -258.0800 8 1867 -517.4500 -109.3200 6 826 -499.9600 -344.8600
-6.4572220086e+000 1.7898502102e+000 -2.6799117849e+001
106 105 110
9 12 2119 -260.3700 68.6800 13 2289 -272.7700 141.5200 14 2623 -286.5200 157.9500 9 2147 -277.8100 -110.3500 10 2559 -297.5700 -43.7700 15 1680 -257.6400 214.7500 8 1983 -264.6700 -141.8100 6 908 -234.6300 -340.5600 16 1718 -264.5800 289.7100
-6.1417267137e+000 2.6951375711e+000 -2.6430731574e+001
98 99 101
10 12 2193 -250.6600 105.3100 13 2383 -262.1300 178.0000 14 2729 -274.0900 193.3500 9 2231 -269.8200 -71.6800 10 2646 -288.2600 -5.7700 15 1791 -243.2900 249.3700 7 1546 -235.5000 -229.2000 8 2079 -259.1500 -102.9400 6 1009 -231.7300 -298.2100 16 1818 -249.3700 323.8600
-6.6527332338e+000 2.0239500755e+000 -2.6650353253e+001
45 43 48
10 12 2202 -268.8500 78.1300 13 2391 -281.1400 151.4200 14 2728 -294.9200 168.1600 9 2237 -286.6100 -101.7100 10 2650 -306.2500 -34.5800 15 1793 -265.2900 225.4900 7 1549 -249.8200 -261.3000 8 2082 -274.2300 -133.2600 6 1013 -245.3300 -332.2700 16 1912 -274.1400 301.9300
-1.3377860495e+001 4.9379022411e+000 -2.9861237244e+001
118 109 110
7 12 2301 -485.7800 171.0600 13 2506 -496.4700 264.2800 9 2281 -506.3800 -49.3900 10 2719 -527.8200 37.5800 7 1598 -477.7100 -245.4000 8 2134 -496.7400 -99.7100 6 1075 -477.6900 -329.3100
-7.3998204983e-001 -7.3666668095e-002 -9.1942649213e+000
102 38 37
11 12 2337 -20.5800 14.1100 13 2561 -71.3900 5.2300 14 2884 -130.2700 -31.2400 9 2300 -28.6300 50.0500 10 2747 -44.8700 46.2800 15 1976 -85.7400 -100.3700 7 1611 12.7500 48.7200 8 2146 -13.8200 106.6200 6 1082 1.4900 35.1900 16 1980 -90.7600 -70.7900 17 1699 -75.7600 -119.2000
-7.5609305648e+000 5.1212582254e+000 -2.5238640718e+001
146 135 133
2 12 2375 -319.0700 210.2800 13 2581 -328.0700 288.5900
-1.2488322377e+001 3.9733556635e+000 -2.9371610104e+001
230 216 203
7 12 1895 -459.5200 139.0200 13 2077 -471.7800 229.0300 14 2406 -478.3200 261.7500 9 1925 -480.2900 -74.8000 10 2327 -502.1800 8.8200 7 1182 -449.2800 -266.7600 8 1671 -469.3600 -122.6300
-6.2146021544e+000 2.8264671645e+000 -2.6367879570e+001
92 91 96
8 12 1904 -253.9700 110.5500 13 2081 -265.4200 183.7500 14 2410 -276.7400 199.0700 9 1927 -273.5800 -67.0600 10 2337 -292.0400 -0.2300 15 1486 -245.6700 255.0000 7 1273 -239.6600 -224.0500 8 1771 -262.7900 -98.0300
-1.4617616395e+001 4.8297474974e+000 -3.1830446380e+001
175 158 150
7 12 1979 -499.3400 155.9100 13 2173 -507.7400 250.7700 14 2402 -510.0600 286.0900 9 1923 -524.0100 -70.1400 10 2422 -544.6400 18.5600 7 1277 -496.8800 -273.7700 8 1776 -515.0500 -124.2900
-6.7325054159e+000 1.2219399674e+000 -2.7134442296e+001
89 88 93
8 12 1935 -268.1000 46.2700 13 2114 -281.1400 119.2500 14 2417 -296.0000 136.5000 10 2368 -305.3100 -67.7300 15 1494 -267.9500 193.9400 7 1283 -244.9300 -297.3400 8 1784 -270.7500 -167.6600 17 1282 -247.6500 324.0800
-6.5445293365e+000 1.1689154986e+000 -2.7182626473e+001
44 43 46
9 12 1936 -260.8200 43.9300 13 2115 -273.6800 116.8300 9 1946 -276.7400 -136.3300 10 2369 -297.5400 -69.8700 15 1495 -260.6300 190.8800 7 1284 -236.8200 -297.8900 8 1785 -262.6400 -168.3300 16 1552 -269.1300 265.8900 17 1283 -240.1700 320.2900
-6.5429762162e+000 1.1691020242e+000 -2.7178288515e+001
44 43 46
9 12 1937 -260.8200 43.9300 13 2116 -273.6800 116.8300 14 2427 -288.6400 133.4900 9 1947 -276.7400 -136.3300 10 2370 -297.5400 -69.8700 15 1496 -260.6300 190.8800 7 1285 -236.8200 -297.8900 16 1553 -269.1300 265.8900 17 1284 -240.1700 320.2900
-6.4131694522e+000 1.5613966957e+000 -2.6958370603e+001
44 44 46
10 12 1934 -257.4600 59.5300 13 2113 -269.9700 132.1500 14 2418 -284.2500 148.4200 9 1943 -274.2000 -119.7500 10 2353 -294.3400 -53.3100 15 1491 -255.4000 205.3200 7 1360 -235.3700 -279.5800 8 1778 -261.0600 -151.2100 16 1551 -263.2600 280.0800 17 1280 -233.1900 333.6300
-1.3718395667e+001 3.4261208723e+000 -3.1040940378e+001
204 187 174
8 12 1997 -480.5800 113.2200 13 2177 -491.4600 205.0100 14 2511 -497.8700 239.1500 9 2039 -501.9700 -108.5500 10 2429 -524.0500 -22.2900 15 1576 -472.4000 318.9300 7 1362 -471.1400 -308.1200 8 1876 -490.8000 -159.9200
-6.8240942084e+000 1.4344813532e+000 -2.6991659657e+001
45 40 46
8 12 2026 -273.2900 54.2700 13 2212 -285.8800 127.8400 14 2521 -300.4200 145.1000 9 2047 -289.3800 -126.4300 10 2456 -309.9000 -59.2800 7 1368 -250.4100 -288.8300 8 1884 -276.1800 -158.9400 17 1347 -250.0800 333.9200
1.8535080280e+000 -1.5076668801e+000 -1.2570022290e+001
119 90 57
10 12 2155 171.1500 -101.7400 13 2353 133.1500 -97.8000 14 2701 80.0400 -129.6700 9 2149 171.3800 -109.3700 10 2585 154.8600 -110.9700 15 1777 107.5700 -161.1700 7 1435 225.1200 -125.2200 8 1975 188.2700 -63.5300 16 1812 88.9400 -120.2800 17 1433 92.7200 -147.0100
-1.4142058608e+001 5.3451803303e+000 -3.0698688759e+001
217 199 187
6 12 2174 -500.1200 180.3100 13 2275 -509.7400 275.4300 9 2124 -522.2600 -45.3600 10 2522 -543.1600 43.0500 7 1439 -493.5300 -243.4000 8 1977 -513.0600 -97.8300
-1.4651121030e+001 4.7582619048e+000 -3.1051499986e+001
210 194 181
6 12 2182 -512.1000 156.7000 13 2376 -520.9100 252.9600 9 2141 -534.8600 -67.4500 10 2538 -556.0600 21.6700 7 1441 -507.2800 -271.5800 8 1980 -525.3100 -121.6200
-1.4687571787e+001 4.7838501181e+000 -3.1166091703e+001
210 194 181
7 12 2183 -512.1000 156.7000 13 2375 -520.9100 252.9600 14 2614 -523.3000 289.4100 9 2140 -534.8600 -67.4500 10 2537 -556.0600 21.6700 7 1442 -507.2800 -271.5800 8 1979 -525.3100 -121.6200
-6.5877638390e+000 1.3916099014e+000 -2.7064718296e+001
97 96 101
10 12 2027 -263.2300 52.3300 13 2213 -276.1300 125.3500 14 2622 -290.9300 142.2100 9 2154 -279.6600 -127.4300 10 2577 -299.9000 -60.8800 15 1682 -262.4000 199.9800 7 1447 -240.2900 -288.2700 8 1985 -265.8600 -159.6800 16 1720 -270.6800 275.8500 17 1348 -241.3800 329.4000
-6.3806583919e+000 1.3459846760e+000 -2.7085772273e+001
93 94 96
9 12 2029 -255.4200 51.0900 13 2214 -267.6900 123.5300 9 2048 -271.6000 -128.3500 10 2457 -292.2200 -62.0300 15 1582 -253.7900 196.6400 7 1448 -231.5500 -288.8200 8 1885 -258.0600 -159.9400 16 1633 -262.7800 271.1100 17 1351 -232.7800 324.9500
-6.9971537796e+000 1.0693110846e+000 -2.7229692671e+001
39 38 41
8 12 2211 -278.5300 39.2100 13 2297 -290.8200 113.4700 9 2153 -293.2600 -142.4100 15 1794 -279.1000 190.2500 7 1449 -252.5100 -306.1300 8 1986 -278.8000 -175.6900 16 1719 -287.5700 266.5800 17 1543 -258.7200 322.6500
-1.5700175393e+001 5.6007782830e+000 -3.1664153325e+001
192 180 180
7 12 2173 -538.8200 182.2700 13 2274 -548.6600 280.7900 14 2723 -549.9700 319.1400 9 2224 -561.0600 -48.9900 10 2629 -582.6700 42.7800 7 1548 -535.1000 -256.8700 8 2078 -552.6900 -105.4400
-9.5807229128e+000 4.7823787714e+000 -2.6342161913e+001
45 43 48
7 12 2370 -387.3400 187.9500 13 2575 -399.0700 270.8000 14 2919 -404.6400 295.7100 9 2333 -410.6000 -8.3300 10 2776 -428.3000 68.1800 7 1645 -382.7400 -182.7600 8 2175 -402.8200 -48.1700
-9.1967276256e+000 2.4507779217e+000 -2.6295428912e+001
252 231 202
7 12 2377 -373.3300 96.1800 13 2582 -386.9800 175.2900 14 2930 -398.7800 199.0000 9 2341 -392.1100 -94.6200 10 2782 -413.7200 -20.9300 7 1653 -357.3000 -266.8600 8 2187 -379.7300 -132.0800
-9.1967276256e+000 2.4507779217e+000 -2.6295428912e+001
252 231 202
7 12 2378 -373.3300 96.1800 13 2583 -386.9800 175.2900 14 2931 -398.7800 199.0000 9 2342 -392.1100 -94.6200 10 2783 -413.7200 -20.9300 7 1654 -357.3000 -266.8600 8 2186 -379.7300 -132.0800
-8.4865185303e-001 9.7096030813e-001 -9.1205371729e+000
230 187 82
5 12 1652 -31.9100 121.2700 13 1486 -77.7800 116.1200 14 1716 -130.5600 77.4700 10 2021 -63.7300 152.3800 8 1181 -43.1700 195.1500
-1.0759153737e+001 4.7470634921e+000 -2.7222155440e+001
227 218 213
5 12 1600 -423.3400 180.4200 13 1959 -435.4500 267.1900 9 1414 -444.5400 -23.3600 10 2056 -465.0600 56.8900 8 1560 -435.2800 -66.2800
-6.0657566997e+000 2.3226903453e+000 -2.6623781357e+001
68 69 71
7 12 1354 -246.1500 90.4600 13 1806 -257.8000 162.2400 14 2094 -270.2400 177.7100 9 1451 -265.0100 -86.9000 10 2080 -283.7000 -21.4700 15 1206 -240.2900 232.4700 8 1571 -253.3200 -117.8300
2.4201783142e+000 -1.5564298668e+000 -1.2988758769e+001
114 58 58
6 12 2157 206.7400 -102.5100 13 2355 170.8300 -97.7500 14 2704 118.1600 -130.9900 9 2150 206.4500 -112.6200 10 2587 191.0600 -113.8100 8 1976 222.2300 -67.4200
-9.0141322788e-001 1.8048400982e-001 -9.2130131765e+000
206 85 86
5 12 2279 -37.4100 39.8000 13 2485 -87.6400 32.8000 9 2205 -48.4100 71.6500 10 2683 -64.1600 70.9600 8 2033 -34.1000 125.1700
-1.1187370670e+000 -3.8925391491e-001 -9.3010224076e+000
255 221 88
10 12 2287 -59.2200 -18.5000 13 2429 -112.2000 -25.6500 14 2776 -171.7100 -57.5700 9 2214 -62.5600 14.8900 10 2689 -82.9300 10.9300 15 1872 -127.6300 -121.6400 8 2052 -44.3600 70.1300 16 1901 -131.7800 -88.3900 17 1628 -116.3200 -131.2700 18 2264 -195.8300 -199.6700
-1.2258295078e+001 3.5719722142e+000 -2.8917194904e+001
195 181 175
6 12 2094 -456.4300 126.6000 13 2278 -468.6300 215.2900 14 2618 -476.5300 247.4400 9 2230 -478.5700 -84.1500 10 2642 -500.1200 -2.3400 8 2081 -467.6600 -131.2100
-1.6286952039e+000 2.5391914830e-001 -9.4069487532e+000
105 28 33
6 12 2306 -110.3700 46.0700 13 2511 -161.3000 44.9100 14 2856 -215.4000 15.3400 9 2275 -118.3700 64.8600 10 2715 -138.8000 70.4200 8 2101 -103.3900 112.7500
1.5115062783e+000 -1.2603700821e+000 -1.2294696579e+001
118 90 51
5 12 2298 148.9500 -84.8600 13 2496 111.2400 -78.1000 9 2264 147.3000 -90.3000 10 2700 131.0500 -94.1800 8 2113 163.0100 -42.1600
2.3768198026e+000 1.5715691922e+000 -1.0090552808e+001
157 168 163
4 12 317 265.1000 165.1800 13 405 240.0600 154.3200 9 185 215.5300 189.4600 10 283 224.1000 189.3300
-2.8161843668e-001 7.2686904004e-002 -9.4814516311e+000
101 71 29
5 12 1416 23.6000 28.0500 13 1574 -23.0000 19.8600 14 1810 -80.2500 -18.4300 9 476 10.7500 60.3000 10 1675 -2.4100 57.1100
-1.0921163968e+001 4.7389011476e+000 -2.7199888280e+001
242 231 233
5 12 1239 -429.6800 180.3000 13 1320 -441.7700 267.1100 14 1516 -447.2400 294.9100 9 559 -450.9900 -24.1500 10 1660 -471.6500 56.7000
-1.0524340393e+001 4.5987621492e+000 -2.6945369807e+001
159 147 145
5 12 1240 -417.5000 176.2900 13 1332 -429.8400 262.6500 14 1518 -435.5800 288.8900 9 1427 -439.1800 -24.9100 10 1663 -459.2500 54.1100
-6.3756584656e+000 2.7099045480e+000 -2.6424250910e+001
48 46 49
7 12 1903 -260.1300 105.9200 13 2082 -271.0200 179.1700 14 2409 -283.5300 195.1400 9 1928 -279.5300 -72.6700 10 2338 -296.8000 -5.5900 15 1485 -252.7100 251.7400 16 1632 -259.4100 326.7700
6.8682432179e-001 2.0752900263e+000 -1.1561944800e+001
116 45 47
6 12 2079 91.8100 187.3300 13 2287 66.5600 199.0300 14 2632 28.6700 161.9200 9 1971 53.4600 163.9700 10 2482 51.7100 181.0300 15 1685 81.2600 116.2000
-6.7686961548e+000 4.8574289531e-001 -2.7583414473e+001
40 35 39
6 12 2125 -265.9800 16.7600 13 2221 -280.0900 91.1300 9 2053 -279.7500 -164.8800 15 1585 -269.8000 167.0900 16 1723 -279.1600 241.1100 17 1352 -252.6100 298.5100
2.4221427965e+000 -1.5570157785e+000 -1.2989267566e+001
114 58 58
5 12 2158 206.7400 -102.5100 13 2356 170.8300 -97.7500 14 2703 118.1600 -130.9900 9 2151 206.4500 -112.6200 10 2588 191.0600 -113.8100
-9.3393981788e-001 -2.5092598451e-001 -9.2625035630e+000
247 210 89
6 12 2233 -40.2800 -4.5200 13 2426 -93.1200 -12.0200 14 2775 -152.6000 -45.7400 9 2213 -45.0200 30.5700 10 2641 -63.8500 26.4000 15 1868 -108.4700 -111.2300
-1.4505589704e-001 6.4760270700e-001 -9.5158715665e+000
54 51 45
5 12 2305 36.6400 83.7500 13 2541 -6.6600 77.8300 14 2878 -60.0600 38.6100 9 2272 16.7400 111.5600 10 2713 7.1700 112.0000
-1.6272291968e+000 2.5351400199e-001 -9.4060629552e+000
105 28 33
5 12 2307 -110.3700 46.0700 13 2512 -161.3000 44.9100 14 2857 -215.4000 15.3400 9 2274 -118.3700 64.8600 10 2716 -138.8000 70.4200
-1.1613651494e+000 2.1292399782e-001 -9.2645142093e+000
94 28 29
8 12 2310 -62.5800 42.7000 13 2514 -113.1600 36.6500 14 2858 -169.6700 3.4700 9 2277 -73.5100 71.6100 10 2718 -89.9000 72.9500 15 1955 -122.8500 -64.0500 17 1657 -106.9800 -81.3500 18 2294 -183.8300 -154.9500
-4.0675341305e-001 -6.7776747343e-002 -9.4980162399e+000
123 92 45
9 12 2338 11.6400 14.6600 13 2562 -36.9900 5.9700 14 2898 -94.6300 -29.0800 9 2301 2.1000 46.4000 10 2748 -12.1300 41.1700 15 1977 -50.8400 -97.2400 16 1981 -56.4100 -66.8200 17 1697 -40.6800 -114.8900 18 2312 -120.3000 -186.6100
1.4851613347e+000 2.2086769440e+000 -1.1032390042e+001
220 180 97
3 12 1212 165.1500 206.0400 13 1361 145.0500 211.1900 10 175 121.9500 210.3100
-1.1733837438e+001 6.7877194622e+000 -2.7591431812e+001
252 238 237
3 12 84 -455.3400 254.6900 13 1280 -466.0200 347.3000 10 463 -496.8000 126.4100
-1.2058524482e+001 6.6043603015e+000 -2.7810834506e+001
247 236 236
3 12 85 -464.4500 245.9900 13 7 -475.3200 338.6400 10 467 -506.6700 116.9100
-1.1277085013e+001 4.6435810673e+000 -2.7267577767e+001
233 225 222
4 12 194 -442.4500 176.3600 13 1313 -454.9400 263.7700 14 1514 -460.6200 292.3000 10 645 -484.6200 51.4600
-1.1080218783e+001 4.6412306896e+000 -2.7215011333e+001
231 222 219
4 12 196 -435.5000 176.5300 13 1314 -447.9700 263.5500 14 1515 -453.6500 291.6600 10 648 -477.6300 52.2600
2.2403621372e+000 -1.0773553091e+000 -1.2779964425e+001
104 53 55
4 12 1869 195.9300 -68.2800 13 1662 162.8300 -62.9500 14 2252 111.3400 -97.2700 10 881 178.4400 -76.2100
2.2326015075e+000 1.3413328195e+000 -1.0011996881e+001
108 102 102
3 12 1295 253.7300 144.9300 13 1491 226.6100 133.1500 10 1507 215.9100 171.0600
-1.0877437757e+001 4.6290358087e+000 -2.7141706123e+001
221 211 206
4 12 197 -428.8700 176.4800 13 1331 -441.4300 263.1400 14 1517 -446.6500 290.6900 10 1662 -470.1000 52.8100
-6.2220147553e+000 2.4608121133e+000 -2.6602719085e+001
64 62 65
4 12 1352 -251.9400 95.6500 13 1391 -264.2600 168.0800 14 2093 -276.0200 183.7200 10 2078 -290.7000 -16.0000
1.8563771793e+000 -1.5150962459e+000 -1.2595397343e+001
119 90 57
5 12 2156 171.1500 -101.7400 13 2354 133.1500 -97.8000 14 2702 80.0400 -129.6700 10 2586 154.8600 -110.9700 15 1778 107.5700 -161.1700
-8.5204407122e-001 6.2169236815e-001 -9.1296137463e+000
236 199 89
9 12 2208 -33.3800 85.2900 13 2405 -81.1100 79.0500 14 2758 -135.5700 41.6400 10 2616 -64.6200 115.6700 15 1849 -84.6800 -30.9600 16 1884 -85.2500 -5.8200 17 1519 -63.3800 -60.9600 18 2150 -140.2700 -142.7000 19 2491 -177.3300 -144.8000
-1.2868716620e+001 5.0849150294e+000 -3.0002249651e+001
236 223 210
4 12 2175 -464.2500 175.4800 13 2374 -474.8500 267.3900 14 2613 -478.7900 299.0300 10 2630 -506.4400 42.0400
-1.5863391811e+000 6.2479821033e-002 -9.4775025301e+000
216 67 65
8 12 2224 -105.4700 26.5500 13 2417 -157.1400 25.6800 14 2768 -212.4600 -3.6000 10 2632 -132.5000 49.8500 15 1853 -165.5400 -65.0700 16 1889 -166.6700 -32.8100 17 1517 -146.2200 -74.1500 18 2147 -223.3300 -143.6300
2.3899263425e+000 -1.3795660087e+000 -1.3095949805e+001
230 222 211
3 12 2247 202.6700 -88.9400 13 2438 167.7200 -82.8400 10 2661 185.4300 -100.8800
-8.4030499521e-001 9.8934823617e-001 -9.0872063133e+000
233 189 84
9 12 2264 -32.1200 122.4700 13 2469 -78.1400 118.1100 14 2819 -130.5800 79.9800 10 2671 -64.1200 153.5600 15 1914 -77.8600 6.0400 16 1927 -77.2300 28.4500 17 1654 -52.3900 -29.8800 18 2250 -127.6400 -115.7300 19 2645 -160.6100 -123.0600
-1.3626674714e+000 6.3332094305e-001 -9.3691845271e+000
215 96 93
3 12 2271 -83.6800 84.0000 13 2476 -132.6100 83.1800 10 2676 -113.7000 109.5000
-1.1012693317e+000 1.1414853964e-002 -9.2965236034e+000
217 76 76
6 12 2225 -57.2500 21.5300 13 2420 -108.6700 16.6500 14 2772 -166.1600 -16.1400 10 2681 -83.0400 51.3900 15 1859 -119.6600 -82.8100 17 1623 -104.3200 -99.1500
-9.3539301142e-001 -4.2569300877e-002 -9.2095384254e+000
113 31 35
8 12 2280 -40.9300 16.9400 13 2486 -92.2900 9.4700 14 2835 -150.3600 -25.0900 10 2682 -66.8800 48.6700 15 1925 -104.0200 -93.6300 16 1899 -107.2600 -64.4200 17 1625 -90.0500 -112.6600 18 2265 -168.7800 -185.3800
3.8408576271e+000 -1.5626635846e+000 -1.3431529964e+001
68 58 60
6 12 2383 299.7400 -98.5000 13 2592 266.5300 -98.4700 14 2939 212.6800 -137.1800 10 2786 283.2200 -109.7200 15 2026 239.6400 -166.8700 16 2029 216.3200 -127.5600
3.8049640060e+000 -1.5004201790e+000 -1.3174836853e+001
66 56 57
3 12 2392 304.3000 -95.3000 13 2598 271.2200 -97.0900 10 2791 286.6000 -104.0700
-1.1755682471e+001 6.4154078199e+000 -2.7490962469e+001
235 223 224
2 12 90 -457.5300 241.5800 13 9 -468.6000 333.4500
4.6495926764e+000 2.9778891029e+000 -1.1898615753e+001
245 234 227
2 12 94 400.9200 251.4700 13 144 396.6300 252.4400
1.1294391141e+000 2.2390300269e+000 -1.1321572935e+001
222 189 92
2 12 137 131.1200 203.9900 13 1358 108.2000 213.2100
-1.0637694591e+001 4.5818686778e+000 -2.6898252581e+001
202 195 189
3 12 198 -422.5300 176.1100 13 143 -435.2600 262.1400 14 75 -440.8400 289.3300
-1.2207495268e+000 1.7906095639e+000 -1.0062543015e+001
135 53 58
2 12 209 -68.5700 186.8800 13 291 -107.4900 196.5700
2.3425317060e+000 1.4101129650e+000 -9.9865634868e+000
139 153 147
2 12 321 264.5800 151.1500 13 406 238.4700 139.6600
-1.9537473975e+000 9.9359410237e-001 -9.7914024426e+000
142 26 35
2 12 378 -139.5900 115.1400 13 459 -186.9100 122.7900
-1.2788478174e+001 2.2632441554e+000 -2.9101121976e+001
223 211 211
3 12 439 -474.4100 79.2900 13 281 -487.4600 167.4500 15 63 -471.2900 274.9200
-1.2913394802e+001 2.2084670545e+000 -2.9189212629e+001
214 202 202
2 12 440 -477.5800 76.9300 13 375 -490.7600 165.5700
-1.2211673930e+001 2.2486498398e+000 -2.8873001815e+001
228 217 215
2 12 443 -456.3300 79.4100 13 377 -469.4300 166.4700
-1.0848513921e+001 1.9756864607e+000 -2.5721814517e+001
216 207 201
2 12 445 -448.1800 79.3200 13 378 -464.0800 161.4700
-1.2517387440e+001 1.6275566309e+000 -2.9461671380e+001
158 147 148
2 12 508 -459.5800 55.5100 13 382 -472.7200 142.9000
-1.5870624554e+000 3.2506264802e-001 -9.3763194094e+000
128 33 35
2 12 520 -106.4000 53.3300 13 588 -156.9200 52.1000
-1.3648080207e+000 -7.4756132979e-001 -9.6287552781e+000
212 91 90
2 12 693 -82.8900 -53.2000 13 793 -136.4300 -56.0500
-1.1451452034e+001 6.7134314594e+000 -2.7194079935e+001
224 213 214
2 12 1190 -449.8400 255.5000 13 1284 -460.8500 347.4200
-1.1703322840e+001 6.6791298252e+000 -2.7510514832e+001
228 216 216
2 12 1191 -455.1900 251.3500 13 1281 -465.9400 343.6100
5.1622084256e+000 2.9185782392e+000 -1.1075741467e+001
247 234 228
2 12 1195 471.6700 262.8700 13 150 469.5100 255.0900
1.3799843086e+000 2.1860602062e+000 -1.0942518224e+001
226 189 94
2 12 1211 158.2800 205.7700 13 1786 134.9400 211.1200
-1.0929759818e+001 4.9562778198e+000 -2.7171547998e+001
244 234 233
3 12 1238 -430.1900 188.5200 13 1319 -442.3500 276.0700 14 1496 -447.2700 303.9500
1.6316891560e+000 1.7942371979e+000 -1.0057788152e+001
130 70 72
2 12 1249 197.1500 186.0100 13 1403 170.8600 180.8400
5.1156178058e+000 1.9893862060e+000 -1.1161423758e+001
181 171 163
2 12 1257 465.6100 183.5500 13 1407 455.2200 172.0300
-1.2047815842e+001 2.6014969087e+000 -2.8446183606e+001
240 230 228
2 12 1344 -456.0300 93.7100 13 1386 -469.2400 180.6400
-1.2067354923e+001 2.4474349057e+000 -2.8562525922e+001
219 209 205
2 12 1345 -455.0500 87.5600 13 1389 -468.5300 174.6000
-1.1899229248e+001 2.4709969502e+000 -2.8428365655e+001
233 223 222
2 12 1346 -450.7900 89.0100 13 1388 -463.9700 175.4300
-1.1803126986e+001 2.3598526741e+000 -2.8574393589e+001
223 213 209
2 12 1350 -445.2700 84.4500 13 1390 -458.3400 170.6100
-1.1691468641e+001 2.0905646084e+000 -2.8494229630e+001
186 177 172
3 12 1351 -442.2000 74.8000 13 1437 -455.5400 160.5500 14 1572 -466.2600 190.2500
-1.1883141161e+001 1.9757915526e+000 -2.8789155564e+001
185 176 171
2 12 1381 -445.3900 69.7700 13 1438 -458.6400 155.8600
4.0875216258e-001 -2.5801062008e-001 -6.9607070684e+000
129 90 47
2 12 1443 134.3100 -2.4900 13 798 70.2400 -48.9500
4.5065721312e-001 -6.6895588507e-001 -1.0019185783e+001
69 34 27
2 12 1470 88.5900 -43.2800 13 1629 43.5500 -52.4700
5.6068308246e+000 -8.4842483466e-001 -1.0034480027e+001
201 188 182
3 12 1495 560.0200 -57.4200 13 1705 525.6400 -92.8400 14 1976 456.9100 -160.3300
-1.9235341360e+000 3.5901086794e-001 -9.6522519766e+000
215 95 96
3 12 1687 -138.3000 55.1800 13 1540 -188.2500 58.3300 14 1774 -239.5900 31.1600
5.6468092986e+000 -1.3965023234e-001 -1.0074938746e+001
234 221 215
3 12 1711 560.9500 7.4400 13 1905 533.6700 -26.2300 14 2254 469.3800 -95.4700
1.0140530073e+000 2.2740669163e+000 -1.1454432200e+001
135 69 65
3 12 1773 119.5000 204.8400 13 2079 96.9900 215.5100 14 2519 60.2600 176.5000
1.1181570882e+000 1.9369037719e+000 -1.1405976016e+001
200 154 75
2 12 1781 129.1000 177.4500 13 1979 104.6400 185.7600
-1.2978920119e+001 4.5785509408e+000 -2.9482221587e+001
200 186 177
3 12 1791 -475.3400 160.2300 13 2076 -487.0300 251.6900 14 2403 -491.1300 284.3600
-1.3222794345e+000 1.2696720512e+000 -9.5430640541e+000
113 34 38
2 12 1794 -79.2800 145.1200 13 2105 -123.8700 148.5100
-1.9971184858e-001 1.3332664675e+000 -9.4046072678e+000
57 53 52
2 12 1798 32.1500 153.0200 13 1991 -7.9700 149.4600
2.1623931594e+000 1.4808945665e+000 -9.9583607156e+000
112 163 160
2 12 1802 248.8200 158.1400 13 1996 222.0600 147.8400
-9.4652992142e-001 5.5558151303e-001 -9.2483881718e+000
203 99 92
3 12 1822 -42.0800 77.4200 13 2015 -89.9400 72.4400 14 2359 -144.1600 36.5100
-3.7403507605e-001 -9.0876411034e-001 -9.5597811812e+000
62 68 56
2 12 1867 14.5600 -68.8200 13 1912 -37.7700 -77.8800
-1.0638171210e+001 5.7086868490e+000 -2.7103975192e+001
108 100 100
2 12 1883 -419.7100 217.8400 13 2072 -431.1000 306.1600
-8.5137310732e-001 1.4644876184e+000 -9.3382218039e+000
122 52 56
2 12 1888 -33.5100 167.9200 13 2205 -74.3200 167.0100
-1.4547025746e+001 5.0233883274e+000 -3.1732878739e+001
180 166 161
3 12 1894 -499.9200 163.7700 13 2075 -508.3800 258.3700 14 2401 -510.7800 293.4100
1.1619613556e+000 1.7169465170e+000 -1.1270246799e+001
150 92 46
3 12 1898 134.5700 161.0000 13 2208 109.0400 167.0200 14 2550 68.1700 127.1300
2.0909304870e+000 1.4646353781e+000 -9.9654660838e+000
79 87 89
3 12 1900 242.0900 156.4300 13 2108 215.5100 146.2600 14 2459 165.4000 93.9400
-9.6648413174e+000 3.2570787236e+000 -2.6157676292e+001
244 227 199
3 12 1902 -393.7500 128.7400 13 2180 -407.6700 210.0300 14 2512 -417.0200 234.8400
-1.0316719884e+000 9.7349434694e-001 -9.2318228672e+000
144 53 41
7 12 1915 -49.8700 119.6900 13 2219 -95.6400 117.3500 14 2651 -147.6700 81.0400 15 1825 -97.0000 10.2900 16 1872 -96.7200 34.4800 17 1501 -72.0300 -20.7200 18 2140 -148.6900 -103.0900
-8.0853466481e-001 8.6956965503e-001 -9.0562302760e+000
231 195 83
3 12 1916 -27.7800 111.2000 13 2121 -74.4100 105.2400 14 2464 -128.0900 66.3900
-8.0853466481e-001 8.6956965503e-001 -9.0562302760e+000
231 195 83
3 12 1917 -27.7800 111.2000 13 2122 -74.4100 105.2400 14 2465 -128.0900 66.3900
-9.3258509502e-001 6.3957263289e-001 -9.2172144661e+000
234 191 88
4 12 1927 -41.1400 86.0800 13 2125 -88.2700 81.2300 14 2352 -142.2200 44.9900 15 1448 -91.6900 -26.0100
-8.3670567306e-001 4.9271865460e-001 -9.1248100947e+000
205 90 90
