# Bundle file v0.3
61 3124
0 0 0
0 0 0
0 0 0
0 0 0
0 0 0
1.0871216982e+003 4.7444728498e-002 -4.6168845728e-002
8.3713039133e-001 -5.1798932765e-001 -1.7578328802e-001
4.4936194750e-001 4.6798212728e-001 7.6096423614e-001
-3.1190791598e-001 -7.1601660944e-001 6.2452675440e-001
-1.1214839902e+000 9.3902080104e+000 -6.6136986333e+000
1.0855103559e+003 6.9314069656e-002 -1.7629239155e-001
8.6798295762e-001 -4.7955848135e-001 -1.2895444255e-001
4.1235116453e-001 5.5131253156e-001 7.2527305869e-001
-2.7671664641e-001 -6.8269916912e-001 6.7627637996e-001
-4.6592148692e-001 8.8966882510e+000 -5.7259437502e+000
1.0833132560e+003 6.4160294013e-002 -1.8000765805e-001
8.9312851030e-001 -4.4096687561e-001 -8.8711209587e-002
3.7610496154e-001 6.2395329132e-001 6.8500171398e-001
-2.4671141440e-001 -6.4515928643e-001 7.2312030336e-001
5.2909760655e-002 7.9837873880e+000 -4.9455952222e+000
1.0781447627e+003 5.8202741200e-002 -1.6385855027e-001
9.1575320953e-001 -3.9590679147e-001 -6.8219291262e-002
3.4584374006e-001 6.9048255528e-001 6.3531562889e-001
-2.0442154166e-001 -6.0538554105e-001 7.6923350160e-001
1.0567891578e-001 6.9702723193e+000 -4.6166108297e+000
1.0796092843e+003 1.7568753312e-002 -1.0600057200e-001
9.3744949018e-001 -3.4654150492e-001 -3.3127612724e-002
3.0186258029e-001 7.6179137383e-001 5.7319532916e-001
-1.7339964237e-001 -5.4734165576e-001 8.1874884788e-001
2.8467186827e-001 5.9878283905e+000 -4.2390906160e+000
1.0812996524e+003 -2.8279076527e-003 -3.5236419606e-002
9.5561965963e-001 -2.9434940688e-001 -1.2226725082e-002
2.6054756498e-001 8.2505310012e-001 5.0140038728e-001
-1.3749920917e-001 -4.8233371088e-001 8.6512898393e-001
5.6492694094e-001 5.2279560450e+000 -3.4902213171e+000
1.0812281845e+003 -1.2654281395e-002 -1.1853783062e-002
9.6811235269e-001 -2.5029003253e-001 1.0647637496e-002
2.2048100131e-001 8.7145089804e-001 4.3813406667e-001
-1.1893948306e-001 -4.2181540030e-001 8.9884657614e-001
9.0574982690e-001 4.7734040763e+000 -3.2111060860e+000
1.0809152622e+003 -1.6174601813e-002 -9.1840359443e-003
9.8005974500e-001 -1.9411109121e-001 4.2470937061e-002
1.7120822890e-001 9.3341454653e-001 3.1531734281e-001
-1.0084958395e-001 -3.0175846067e-001 9.4803543859e-001
9.2951430787e-001 4.2156538519e+000 -2.6811189368e+000
1.0690348944e+003 1.7982775030e-002 -7.0311425488e-002
9.8961458710e-001 -1.3188212852e-001 5.7184553645e-002
1.1305440752e-001 9.5977423231e-001 2.5700607762e-001
-8.8778769633e-002 -2.4787199755e-001 9.6471643652e-001
9.3014469958e-001 3.0390333575e+000 -2.0813410135e+000
1.0759505453e+003 3.8986882223e-003 -4.3277595444e-002
9.9460631853e-001 -7.0878818098e-002 7.5726245653e-002
5.6784185884e-002 9.8305252836e-001 1.7430801106e-001
-8.6797623061e-002 -1.6906779596e-001 9.8177505214e-001
9.6794800456e-001 2.1741714391e+000 -1.3969777768e+000
0 0 0
0 0 0
0 0 0
0 0 0
0 0 0
1.0817653522e+003 1.3609006529e-003 -4.3732815533e-002
9.9896882296e-001 -5.5571329310e-003 4.5060060169e-002
5.0703157406e-003 9.9992762005e-001 1.0910845587e-002
-4.5117431744e-002 -1.0671125841e-002 9.9892469407e-001
9.3534534816e-001 3.1544836993e-001 -1.4150912847e+000
1.0812881538e+003 9.2384576853e-003 -9.0416881542e-002
9.9801651156e-001 5.2148332418e-002 3.5264629369e-002
-4.9177465319e-002 9.9554673273e-001 -8.0425616872e-002
-3.9301648353e-002 7.8531868503e-002 9.9613660010e-001
3.7353056742e-001 -6.5482738554e-001 -1.0745399654e+000
1.0841295059e+003 -1.1122242382e-002 -4.6533874055e-002
9.9226568426e-001 1.1998679374e-001 3.1811651419e-002
-1.1616577596e-001 9.8790292396e-001 -1.0272937911e-001
-4.3752992275e-002 9.8239412484e-002 9.9420052982e-001
-2.2980108861e-001 -1.2548966492e+000 -1.2429242801e+000
1.0816975065e+003 -4.8265941222e-002 7.9302200063e-002
9.8418968448e-001 1.7616911417e-001 1.8305960222e-002
-1.6885204976e-001 9.6444044960e-001 -2.0333126782e-001
-5.3475697842e-002 1.9702553741e-001 9.7893885782e-001
8.0276859397e-002 -2.8901821772e+000 -1.3928678639e+000
1.0714543661e+003 -3.8850511100e-002 6.4039277216e-002
9.7372841624e-001 2.2546968037e-001 3.1880944851e-002
-2.0745130170e-001 9.3608377413e-001 -2.8409703490e-001
-9.3898502834e-002 2.7001961234e-001 9.5826534953e-001
1.3392217377e-001 -3.4114090672e+000 -1.8562968230e+000
1.0772530121e+003 -2.3224120027e-002 -1.2856494403e-002
9.5306806233e-001 3.0274017065e-001 3.1076752282e-003
-2.8148801261e-001 8.8984925190e-001 -3.5907214824e-001
-1.1147092591e-001 3.4134542324e-001 9.3330463125e-001
-4.6664105530e-003 -4.6715866652e+000 -2.4157713966e+000
1.0835437779e+003 -9.3714235523e-002 9.7145676627e-002
9.2865809169e-001 3.7066655818e-001 1.4158085770e-002
-3.2669749072e-001 8.3538360722e-001 -4.4204409095e-001
-1.7567839452e-001 4.0588241085e-001 8.9688158096e-001
-7.3077393279e-001 -6.2434009881e+000 -2.8843600673e+000
1.0804844338e+003 3.6378304453e-002 -5.5068722198e-002
8.7919297726e-001 4.7403103530e-001 4.8107029733e-002
-3.6239739982e-001 7.3084239825e-001 -5.7839217969e-001
-3.0933450073e-001 4.9108448000e-001 8.1433911865e-001
-8.3497166797e-001 -7.4248096213e+000 -3.4765944571e+000
1.1175086343e+003 7.6445529089e-002 -6.9383031056e-002
8.4614622963e-001 5.3231646475e-001 2.5994988539e-002
-3.9535912882e-001 6.5965822140e-001 -6.3917305184e-001
-3.5739014723e-001 5.3055651188e-001 7.6862349064e-001
-1.1380506687e+000 -9.1712251381e+000 -3.6665948689e+000
1.1646005485e+003 3.6133080921e-002 -3.7722084765e-002
8.2477742852e-001 5.6226910939e-001 -5.9963672547e-002
-4.2701106442e-001 5.4981077733e-001 -7.1789251284e-001
-3.7068011042e-001 6.1770669234e-001 6.9356664999e-001
-2.1314154813e+000 -8.8065928190e+000 -3.5978450997e+000
0 0 0
0 0 0
0 0 0
0 0 0
0 0 0
1.1540934677e+003 2.9042276290e-002 -1.2827068177e-002
7.9772805179e-001 5.9369015904e-001 -1.0565013226e-001
-4.7013424348e-001 5.0260039817e-001 -7.2551129065e-001
-3.7762911499e-001 6.2843045345e-001 6.8005251024e-001
-2.7081429959e+000 -9.1169756030e+000 -3.7780279678e+000
1.1541796840e+003 3.9856606421e-002 -5.7355557315e-002
7.7919548830e-001 6.1098168284e-001 -1.3984196168e-001
-4.9012887999e-001 4.5488798388e-001 -7.4353924115e-001
-3.9067642880e-001 6.4790300613e-001 6.5390643263e-001
-2.9373830317e+000 -9.2650259370e+000 -4.0634322171e+000
1.1567708156e+003 3.9869407362e-002 -6.2926893804e-002
7.5620793303e-001 6.1854175942e-001 -2.1343770488e-001
-5.2248079727e-001 3.7443368141e-001 -7.6603735856e-001
-3.9390782996e-001 6.9080062976e-001 6.0632591188e-001
-3.3587668030e+000 -8.9654920725e+000 -5.2085079414e+000
1.1326339762e+003 2.9411231753e-002 6.3007438406e-003
7.2934671041e-001 6.0779392645e-001 -3.1406992691e-001
-5.4884262803e-001 2.4573771062e-001 -7.9898982924e-001
-4.0844234069e-001 7.5511556768e-001 5.1281120676e-001
-3.8326138833e+000 -9.2523570554e+000 -6.9014733108e+000
1.1104396100e+003 7.2563267144e-002 9.7362892003e-003
6.9861353229e-001 6.1631095792e-001 -3.6345554837e-001
-5.4400521177e-001 1.2757518478e-001 -8.2932677624e-001
-4.6475527115e-001 7.7710062114e-001 4.2440212365e-001
-4.4505151636e+000 -9.5723129889e+000 -7.7891040762e+000
0 0 0
0 0 0
0 0 0
0 0 0
0 0 0
0 0 0
0 0 0
0 0 0
0 0 0
0 0 0
0 0 0
0 0 0
0 0 0
0 0 0
0 0 0
0 0 0
0 0 0
0 0 0
0 0 0
0 0 0
0 0 0
0 0 0
0 0 0
0 0 0
0 0 0
0 0 0
0 0 0
0 0 0
0 0 0
0 0 0
0 0 0
0 0 0
0 0 0
0 0 0
0 0 0
0 0 0
0 0 0
0 0 0
0 0 0
0 0 0
0 0 0
0 0 0
0 0 0
0 0 0
0 0 0
0 0 0
0 0 0
0 0 0
0 0 0
0 0 0
0 0 0
0 0 0
0 0 0
0 0 0
0 0 0
0 0 0
0 0 0
0 0 0
0 0 0
0 0 0
0 0 0
0 0 0
0 0 0
0 0 0
0 0 0
0 0 0
0 0 0
0 0 0
0 0 0
0 0 0
0 0 0
0 0 0
0 0 0
0 0 0
0 0 0
0 0 0
0 0 0
0 0 0
0 0 0
0 0 0
0 0 0
0 0 0
0 0 0
0 0 0
0 0 0
0 0 0
0 0 0
0 0 0
0 0 0
0 0 0
0 0 0
0 0 0
0 0 0
0 0 0
0 0 0
0 0 0
0 0 0
0 0 0
0 0 0
0 0 0
0 0 0
0 0 0
0 0 0
0 0 0
0 0 0
0 0 0
0 0 0
0 0 0
0 0 0
0 0 0
0 0 0
0 0 0
0 0 0
0 0 0
0 0 0
0 0 0
0 0 0
0 0 0
0 0 0
0 0 0
0 0 0
0 0 0
0 0 0
0 0 0
0 0 0
0 0 0
0 0 0
0 0 0
0 0 0
0 0 0
0 0 0
0 0 0
0 0 0
0 0 0
0 0 0
0 0 0
0 0 0
0 0 0
0 0 0
0 0 0
0 0 0
0 0 0
0 0 0
0 0 0
0 0 0
0 0 0
0 0 0
0 0 0
0 0 0
0 0 0
0 0 0
0 0 0
0 0 0
0 0 0
0 0 0
0 0 0
0 0 0
0 0 0
0 0 0
0 0 0
0 0 0
0 0 0
0 0 0
0 0 0
0 0 0
-8.9403088536e-001 -9.8896433498e-001 -9.2426883192e+000
153 113 47
11 12 1491 -38.7300 -78.5100 13 931 -94.8400 -88.9300 9 1711 -35.9900 -38.5700 10 2096 -58.1400 -48.2800 7 1032 18.5200 -33.0400 8 1530 -14.5700 21.7700 6 622 11.8400 -45.0700 5 938 10.1600 -32.9700 4 847 31.0600 10.3700 3 742 52.2300 70.7100 1 745 26.1600 142.9500
-8.6959022750e-001 7.7344996342e-001 -9.1508477767e+000
141 80 34
18 12 2206 -36.1200 100.9800 13 2404 -83.4400 95.1100 14 2757 -137.4700 58.1000 9 2179 -54.2300 129.7500 10 2615 -66.6100 133.8400 15 1839 -86.1900 -15.0600 7 1382 -21.4300 115.9800 8 1905 -43.5500 179.7300 6 846 -35.6700 97.1800 5 1095 -44.6200 96.5800 4 988 -33.7400 125.7300 16 1778 -86.3100 8.6500 3 911 -22.8800 171.2000 17 1509 -63.6300 -46.4200 1 963 -54.8600 206.4000 2 872 -36.3900 206.7600 18 2148 -140.0200 -128.3700 19 2544 -174.7600 -131.6900
-1.3615357241e+000 2.1207592310e-001 -9.3708543895e+000
199 89 87
13 12 2218 -86.7500 43.1400 13 2414 -137.1800 40.9300 14 2762 -192.1400 9.4800 9 2203 -95.6800 65.1200 10 2633 -114.3100 68.5100 7 1477 -53.2700 50.4700 8 2032 -79.6700 114.4700 6 941 -64.6100 31.8000 5 1197 -68.5100 33.0000 4 1009 -53.1100 63.8200 3 923 -38.6700 112.2700 1 974 -63.3800 157.4100 2 887 -48.2400 153.4900
-1.1460956105e+000 2.1527751804e-001 -9.2964101006e+000
94 28 29
13 12 2311 -62.5800 42.7000 13 2513 -113.1600 36.6500 14 2859 -169.6700 3.4700 9 2276 -73.5100 71.6100 10 2717 -89.9000 72.9500 15 1956 -122.8500 -64.0500 7 1559 -33.7200 60.6700 6 1025 -46.0300 43.0200 5 1268 -51.9200 44.8400 4 1167 -37.8900 76.0100 3 1085 -24.0200 123.5700 1 1123 -50.6600 167.1700 2 971 -34.8600 163.3100
-1.9169524089e+000 -1.7282793348e-001 -9.8198890011e+000
113 27 34
11 12 2227 -138.1300 2.2400 13 2422 -190.1000 3.5600 9 2208 -141.5200 13.7500 10 2635 -165.2400 19.2500 7 1505 -93.0600 -8.8400 8 2047 -122.3600 58.2900 5 1214 -102.7400 -31.8300 4 1112 -84.1000 -4.8900 3 1013 -67.6300 40.0400 1 1137 -82.6800 87.6500 2 992 -72.7500 81.8900
-9.3706552318e-001 -6.3172902885e-001 -9.2452313016e+000
250 211 91
12 12 2289 -43.7600 -41.9900 13 2492 -97.7600 -50.3600 14 2839 -159.0700 -83.0300 9 2256 -44.8700 -5.5700 10 2693 -65.6900 -12.0600 7 1565 5.4800 -4.3300 8 2104 -25.4700 52.1200 6 1031 -3.0000 -17.8000 5 1211 -5.7400 -7.9200 4 1105 13.8900 32.8600 3 1005 32.9000 90.7400 2 894 22.8600 142.1500
-1.0177632808e+000 7.9175842997e-001 -9.1958024651e+000
252 212 88
13 12 2272 -50.8100 102.6800 13 2477 -98.1900 98.5600 14 2823 -151.5200 62.0700 9 2178 -68.2000 127.2700 10 2614 -81.4700 132.9600 15 1913 -100.3900 -9.5600 7 1461 -34.8800 111.4900 8 2009 -57.0200 176.4600 6 924 -49.3300 92.6200 5 1185 -57.5400 90.9100 4 1083 -46.7100 119.1900 3 988 -36.4300 164.7900 2 954 -49.6500 199.7400
4.5135184727e+000 -1.7956886672e+000 -1.2562401607e+001
134 125 122
10 12 2374 372.4100 -120.7600 13 2579 336.8900 -127.7900 9 2326 369.3200 -102.0300 10 2779 359.1500 -119.5400 7 1643 424.0300 -101.5600 6 1125 427.0800 -105.2500 5 1358 419.3700 -90.4800 4 1263 448.7500 -57.4100 3 1185 466.0601 -1.5800 2 1152 454.6200 52.8000
2.3934550438e+000 1.6176582857e+000 -1.0122785844e+001
81 81 90
10 12 1893 266.6000 170.2200 13 2109 242.0300 159.4900 9 1862 215.5800 194.3500 10 2284 224.9700 194.3300 7 1187 220.6100 185.4900 8 1679 210.2800 245.2300 6 664 201.6900 170.3700 5 897 179.8200 167.5000 4 813 182.4400 193.6900 3 622 184.6900 230.1800
-3.6015667254e-001 3.8393651347e-001 -9.4246388421e+000
127 95 46
12 12 2354 16.2100 59.2900 13 2560 -29.4600 52.7100 14 2896 -85.0300 12.7400 9 2299 -2.3300 90.9500 10 2760 -13.0300 88.5800 15 1994 -36.5700 -56.9400 7 1609 32.3700 81.7100 8 2144 8.8100 142.3400 6 1081 19.9000 64.9400 5 1308 10.0800 68.3200 4 1198 22.2600 100.8500 3 1083 33.5700 149.3800
2.2567941200e+000 -1.6801746392e+000 -1.2996229889e+001
103 51 57
13 12 2343 195.4100 -111.8200 13 2565 157.4900 -106.8800 14 2903 104.2100 -139.0500 9 2310 197.1300 -122.5600 10 2756 180.3900 -123.8600 15 1996 129.8400 -166.6400 7 1617 253.6400 -140.2600 8 2152 214.5200 -78.0300 6 1091 258.2600 -158.3600 5 1337 256.0200 -154.9400 4 1237 285.3900 -128.0700 16 1985 110.5000 -124.8200 3 1172 309.8700 -89.5500
-1.8085549718e-001 -4.2188636646e-001 -9.6952748468e+000
82 82 59
9 12 2142 30.7500 -20.3800 13 2342 -17.6500 -28.5000 14 2692 -76.8000 -64.9400 9 2007 23.6800 11.7300 15 1768 -35.0900 -127.3800 7 1315 67.7600 11.3200 8 1837 38.9500 66.9000 6 784 59.8000 -3.1700 4 913 71.8400 42.5500
-1.0829754547e+000 -1.9998683343e-001 -9.2716447308e+000
93 36 28
13 12 2232 -57.6100 0.7300 13 2425 -109.0200 -6.7800 14 2684 -166.9100 -40.4800 9 2113 -62.1500 33.6000 10 2638 -81.6800 31.1000 15 1757 -122.8500 -105.5500 7 1404 -17.9300 28.9800 8 1934 -45.5600 88.5100 6 861 -29.0100 13.3700 5 1117 -34.0000 18.6800 4 1012 -19.6100 52.2200 16 1794 -127.1200 -73.5600 17 1530 -111.5500 -117.2800
-1.0232251850e+000 6.0145814500e-001 -9.2033277040e+000
98 31 31
12 12 2207 -51.6100 83.1100 13 2403 -98.8800 78.0100 14 2662 -152.1700 41.6600 9 2082 -67.2900 110.5500 10 2507 -81.5100 113.8000 15 1742 -102.9400 -29.0200 7 1391 -32.8200 96.4600 8 1916 -55.4300 160.5900 6 762 -46.0800 78.2900 5 1041 -54.1700 77.5100 16 1777 -104.1800 -2.8600 17 1508 -83.7500 -54.6000
-9.4511224730e+000 5.7602908217e+000 -2.6860154594e+001
83 81 84
8 12 2169 -377.7700 222.2800 13 2373 -388.1500 307.6300 14 2722 -392.0100 332.0200 9 2207 -400.5200 22.2000 10 2621 -418.4700 101.2500 7 1544 -374.6700 -152.8400 8 2067 -394.0200 -18.1300 5 1301 -377.5700 -306.6800
-6.8321497228e-001 4.1099411992e-001 -9.1871073203e+000
106 41 37
10 12 2336 -16.1800 63.6200 13 2559 -63.9200 55.8000 14 2895 -119.5200 17.6600 9 2298 -31.5400 96.9900 10 2745 -44.3400 97.1600 15 1993 -71.9100 -54.4000 7 1608 2.9000 88.7700 8 2143 -20.2500 150.0600 6 1080 -10.9000 72.9000 5 1329 -19.5500 75.4200
-2.0832267478e-001 6.5795964664e-002 -9.5362481039e+000
97 68 28
8 12 593 29.4300 27.6300 13 663 -17.2300 19.2300 14 777 -74.1600 -18.8500 9 477 16.0600 59.4200 10 1677 3.5500 56.3600 7 241 53.8200 55.6000 8 359 28.0400 113.5700 6 75 42.9300 41.4500
-1.2461371073e-001 8.4894567836e-002 -9.5935039694e+000
100 68 30
11 12 1845 37.1300 29.1400 13 2033 -8.5000 20.8500 14 2365 -65.0800 -17.6500 9 1810 23.3100 60.4600 10 2208 11.2300 57.1900 15 1457 -20.8500 -84.1700 7 1007 60.1300 56.3700 8 1631 35.0800 114.4900 6 614 48.9700 41.8000 16 1421 -26.7900 -55.9000 17 1173 -11.4700 -106.2000
-1.2479257511e-001 8.4876164706e-002 -9.5936154514e+000
100 68 30
11 12 1846 37.1300 29.1400 13 2034 -8.5000 20.8500 14 2366 -65.0800 -17.6500 9 1694 23.1100 60.4100 10 2209 11.2300 57.1900 15 1458 -20.8500 -84.1700 7 1008 60.1300 56.3700 8 1632 35.0800 114.4900 6 615 48.9700 41.8000 16 1422 -26.7900 -55.9000 17 1174 -11.4700 -106.2000
-6.2701687704e+000 2.5151660987e+000 -2.6405145117e+001
95 94 96
10 12 1919 -256.6100 98.9000 13 2083 -268.1900 171.9900 14 2411 -280.6100 187.4800 9 1929 -275.8900 -79.0800 10 2339 -294.6300 -12.1900 15 1488 -249.8900 243.6700 7 1274 -240.8800 -237.2500 8 1772 -264.6400 -110.2800 6 741 -236.9400 -306.4000 16 1549 -256.8400 318.2500
-6.0203289498e+000 2.4726765537e+000 -2.6496630709e+001
53 51 54
10 12 1921 -246.3400 96.9900 13 2084 -257.2600 169.5000 14 2412 -269.7400 184.4200 9 1930 -265.4600 -80.2800 10 2341 -283.6000 -13.9400 15 1489 -239.3500 239.9600 7 1275 -230.1400 -237.2800 8 1773 -253.9800 -110.8600 6 742 -226.1400 -306.0100 16 1550 -246.2700 314.0300
-5.9041408030e+000 2.3367930608e+000 -2.6575510933e+001
81 79 84
10 12 1816 -240.9900 91.4600 13 1984 -252.2900 163.7200 14 2304 -264.9200 178.5300 9 1836 -260.0300 -85.5100 10 2225 -278.4800 -19.2100 15 1383 -234.6700 233.6500 7 1180 -224.1900 -242.3900 8 1668 -248.3700 -115.2800 6 743 -219.8500 -311.0300 16 1466 -241.7300 306.6700
1.0425076011e+000 2.0903971914e+000 -1.1458237553e+001
229 187 79
8 12 2179 121.9700 191.8100 13 2380 97.7600 200.8800 14 2738 59.1300 161.7000 9 2061 80.6600 172.9900 10 2483 81.6200 188.4000 7 1296 94.3000 133.7600 8 1898 80.1800 207.1200 6 754 80.3900 109.4000
-2.4986757859e-001 -9.3231036207e-001 -9.6318651311e+000
85 96 72
7 12 1955 23.7400 -70.6400 13 2260 -27.0300 -79.2300 9 2024 24.5000 -35.0100 10 2453 5.4600 -45.0300 7 1324 75.7100 -29.4400 8 1847 43.4200 25.0200 6 790 69.5500 -40.8800
-1.4077397104e+001 6.7110494537e+000 -3.0916741318e+001
211 193 177
7 12 1882 -495.5300 224.8800 13 2170 -504.0100 321.5900 9 1897 -517.6600 -1.9500 10 2306 -537.7000 87.9900 7 1269 -493.0700 -202.2300 8 1755 -510.9000 -55.3700 6 818 -494.4900 -287.1700
-5.9574092715e+000 2.8517348578e+000 -2.6375577728e+001
42 37 41
10 12 1998 -244.6500 112.2400 13 2182 -255.6900 185.0300 14 2517 -267.3500 199.9800 9 2029 -264.6300 -64.9700 10 2432 -282.4400 1.4600 15 1579 -236.0400 255.3600 7 1353 -230.6200 -221.0000 8 1870 -254.0500 -95.4900 6 820 -226.9800 -289.1200 16 1630 -241.8200 329.5000
-1.4554744367e+001 6.2096491686e+000 -3.1559547109e+001
201 179 168
8 12 1967 -502.4500 204.0300 13 2171 -511.4700 300.5400 14 2504 -512.0200 336.0100 9 2012 -524.9700 -24.7100 10 2411 -545.4300 65.1900 7 1350 -499.6400 -227.7400 8 1865 -517.6400 -79.4100 6 822 -500.4200 -313.6900
-1.2443555772e+001 4.2617968973e+000 -2.9714104360e+001
217 201 193
8 12 1981 -454.2700 147.3600 13 2175 -466.2900 238.4900 14 2509 -472.2600 270.9200 9 2028 -475.4200 -66.9400 10 2424 -496.8200 16.7700 7 1358 -444.6000 -260.2100 8 1868 -465.1000 -115.3600 6 824 -444.2200 -342.2000
-1.4392447302e+001 5.1079557395e+000 -3.1067329533e+001
146 133 127
8 12 1885 -502.7900 169.8700 13 2073 -513.3500 264.5600 14 2505 -516.7700 299.8800 9 2013 -526.3500 -55.6600 10 2421 -546.7400 33.2900 7 1355 -499.4500 -258.0800 8 1867 -517.4500 -109.3200 6 826 -499.9600 -344.8600
-6.4282703562e+000 1.7749872016e+000 -2.6753489635e+001
106 105 110
9 12 2119 -260.3700 68.6800 13 2289 -272.7700 141.5200 14 2623 -286.5200 157.9500 9 2147 -277.8100 -110.3500 10 2559 -297.5700 -43.7700 15 1680 -257.6400 214.7500 8 1983 -264.6700 -141.8100 6 908 -234.6300 -340.5600 16 1718 -264.5800 289.7100
-6.1116950633e+000 2.6773991835e+000 -2.6386996359e+001
98 99 101
10 12 2193 -250.6600 105.3100 13 2383 -262.1300 178.0000 14 2729 -274.0900 193.3500 9 2231 -269.8200 -71.6800 10 2646 -288.2600 -5.7700 15 1791 -243.2900 249.3700 7 1546 -235.5000 -229.2000 8 2079 -259.1500 -102.9400 6 1009 -231.7300 -298.2100 16 1818 -249.3700 323.8600
-6.6228289402e+000 2.0089704769e+000 -2.6605705420e+001
45 43 48
10 12 2202 -268.8500 78.1300 13 2391 -281.1400 151.4200 14 2728 -294.9200 168.1600 9 2237 -286.6100 -101.7100 10 2650 -306.2500 -34.5800 15 1793 -265.2900 225.4900 7 1549 -249.8200 -261.3000 8 2082 -274.2300 -133.2600 6 1013 -245.3300 -332.2700 16 1912 -274.1400 301.9300
-1.3344147378e+001 4.9315928623e+000 -2.9837280690e+001
118 109 110
7 12 2301 -485.7800 171.0600 13 2506 -496.4700 264.2800 9 2281 -506.3800 -49.3900 10 2719 -527.8200 37.5800 7 1598 -477.7100 -245.4000 8 2134 -496.7400 -99.7100 6 1075 -477.6900 -329.3100
-7.2394773710e-001 -7.4823321294e-002 -9.2174764757e+000
102 38 37
11 12 2337 -20.5800 14.1100 13 2561 -71.3900 5.2300 14 2884 -130.2700 -31.2400 9 2300 -28.6300 50.0500 10 2747 -44.8700 46.2800 15 1976 -85.7400 -100.3700 7 1611 12.7500 48.7200 8 2146 -13.8200 106.6200 6 1082 1.4900 35.1900 16 1980 -90.7600 -70.7900 17 1699 -75.7600 -119.2000
-7.5231151269e+000 5.1014866461e+000 -2.5205110892e+001
146 135 133
2 12 2375 -319.0700 210.2800 13 2581 -328.0700 288.5900
-1.2453853331e+001 3.9658447239e+000 -2.9341502291e+001
230 216 203
7 12 1895 -459.5200 139.0200 13 2077 -471.7800 229.0300 14 2406 -478.3200 261.7500 9 1925 -480.2900 -74.8000 10 2327 -502.1800 8.8200 7 1182 -449.2800 -266.7600 8 1671 -469.3600 -122.6300
-6.1843016116e+000 2.8086488822e+000 -2.6325396888e+001
92 91 96
8 12 1904 -253.9700 110.5500 13 2081 -265.4200 183.7500 14 2410 -276.7400 199.0700 9 1927 -273.5800 -67.0600 10 2337 -292.0400 -0.2300 15 1486 -245.6700 255.0000 7 1273 -239.6600 -224.0500 8 1771 -262.7900 -98.0300
-1.4588527474e+001 4.8254781365e+000 -3.1809149604e+001
175 158 150
7 12 1979 -499.3400 155.9100 13 2173 -507.7400 250.7700 14 2402 -510.0600 286.0900 9 1923 -524.0100 -70.1400 10 2422 -544.6400 18.5600 7 1277 -496.8800 -273.7700 8 1776 -515.0500 -124.2900
-6.7046975838e+000 1.2091133269e+000 -2.7089409541e+001
89 88 93
8 12 1935 -268.1000 46.2700 13 2114 -281.1400 119.2500 14 2417 -296.0000 136.5000 10 2368 -305.3100 -67.7300 15 1494 -267.9500 193.9400 7 1283 -244.9300 -297.3400 8 1784 -270.7500 -167.6600 17 1282 -247.6500 324.0800
-6.5171747352e+000 1.1557741226e+000 -2.7136748537e+001
44 43 46
9 12 1936 -260.8200 43.9300 13 2115 -273.6800 116.8300 9 1946 -276.7400 -136.3300 10 2369 -297.5400 -69.8700 15 1495 -260.6300 190.8800 7 1284 -236.8200 -297.8900 8 1785 -262.6400 -168.3300 16 1552 -269.1300 265.8900 17 1283 -240.1700 320.2900
-6.5156056525e+000 1.1559464181e+000 -2.7132428158e+001
44 43 46
9 12 1937 -260.8200 43.9300 13 2116 -273.6800 116.8300 14 2427 -288.6400 133.4900 9 1947 -276.7400 -136.3300 10 2370 -297.5400 -69.8700 15 1496 -260.6300 190.8800 7 1285 -236.8200 -297.8900 16 1553 -269.1300 265.8900 17 1284 -240.1700 320.2900
-6.3852110616e+000 1.5471112219e+000 -2.6913481991e+001
44 44 46
10 12 1934 -257.4600 59.5300 13 2113 -269.9700 132.1500 14 2418 -284.2500 148.4200 9 1943 -274.2000 -119.7500 10 2353 -294.3400 -53.3100 15 1491 -255.4000 205.3200 7 1360 -235.3700 -279.5800 8 1778 -261.0600 -151.2100 16 1551 -263.2600 280.0800 17 1280 -233.1900 333.6300
-1.3687900323e+001 3.4209880847e+000 -3.1011975213e+001
204 187 174
8 12 1997 -480.5800 113.2200 13 2177 -491.4600 205.0100 14 2511 -497.8700 239.1500 9 2039 -501.9700 -108.5500 10 2429 -524.0500 -22.2900 15 1576 -472.4000 318.9300 7 1362 -471.1400 -308.1200 8 1876 -490.8000 -159.9200
-6.7956600916e+000 1.4214595032e+000 -2.6947626865e+001
45 40 46
8 12 2026 -273.2900 54.2700 13 2212 -285.8800 127.8400 14 2521 -300.4200 145.1000 9 2047 -289.3800 -126.4300 10 2456 -309.9000 -59.2800 7 1368 -250.4100 -288.8300 8 1884 -276.1800 -158.9400 17 1347 -250.0800 333.9200
1.8522253574e+000 -1.5100785361e+000 -1.2571113000e+001
119 90 57
10 12 2155 171.1500 -101.7400 13 2353 133.1500 -97.8000 14 2701 80.0400 -129.6700 9 2149 171.3800 -109.3700 10 2585 154.8600 -110.9700 15 1777 107.5700 -161.1700 7 1435 225.1200 -125.2200 8 1975 188.2700 -63.5300 16 1812 88.9400 -120.2800 17 1433 92.7200 -147.0100
-1.4110106287e+001 5.3401262519e+000 -3.0677770984e+001
217 199 187
6 12 2174 -500.1200 180.3100 13 2275 -509.7400 275.4300 9 2124 -522.2600 -45.3600 10 2522 -543.1600 43.0500 7 1439 -493.5300 -243.4000 8 1977 -513.0600 -97.8300
-1.4621322674e+001 4.7549437005e+000 -3.1031437551e+001
210 194 181
6 12 2182 -512.1000 156.7000 13 2376 -520.9100 252.9600 9 2141 -534.8600 -67.4500 10 2538 -556.0600 21.6700 7 1441 -507.2800 -271.5800 8 1980 -525.3100 -121.6200
-1.4657503771e+001 4.7802077986e+000 -3.1144857901e+001
210 194 181
7 12 2183 -512.1000 156.7000 13 2375 -520.9100 252.9600 14 2614 -523.3000 289.4100 9 2140 -534.8600 -67.4500 10 2537 -556.0600 21.6700 7 1442 -507.2800 -271.5800 8 1979 -525.3100 -121.6200
-6.5598078150e+000 1.3780422887e+000 -2.7019526694e+001
97 96 101
10 12 2027 -263.2300 52.3300 13 2213 -276.1300 125.3500 14 2622 -290.9300 142.2100 9 2154 -279.6600 -127.4300 10 2577 -299.9000 -60.8800 15 1682 -262.4000 199.9800 7 1447 -240.2900 -288.2700 8 1985 -265.8600 -159.6800 16 1720 -270.6800 275.8500 17 1348 -241.3800 329.4000
-6.3532735429e+000 1.3321239833e+000 -2.7040184535e+001
93 94 96
9 12 2029 -255.4200 51.0900 13 2214 -267.6900 123.5300 9 2048 -271.6000 -128.3500 10 2457 -292.2200 -62.0300 15 1582 -253.7900 196.6400 7 1448 -231.5500 -288.8200 8 1885 -258.0600 -159.9400 16 1633 -262.7800 271.1100 17 1351 -232.7800 324.9500
-6.9690740729e+000 1.0572860599e+000 -2.7184153136e+001
39 38 41
8 12 2211 -278.5300 39.2100 13 2297 -290.8200 113.4700 9 2153 -293.2600 -142.4100 15 1794 -279.1000 190.2500 7 1449 -252.5100 -306.1300 8 1986 -278.8000 -175.6900 16 1719 -287.5700 266.5800 17 1543 -258.7200 322.6500
-1.5672143257e+001 5.5992867871e+000 -3.1648765127e+001
192 180 180
7 12 2173 -538.8200 182.2700 13 2274 -548.6600 280.7900 14 2723 -549.9700 319.1400 9 2224 -561.0600 -48.9900 10 2629 -582.6700 42.7800 7 1548 -535.1000 -256.8700 8 2078 -552.6900 -105.4400
-9.5418440555e+000 4.7678614326e+000 -2.6309733220e+001
45 43 48
7 12 2370 -387.3400 187.9500 13 2575 -399.0700 270.8000 14 2919 -404.6400 295.7100 9 2333 -410.6000 -8.3300 10 2776 -428.3000 68.1800 7 1645 -382.7400 -182.7600 8 2175 -402.8200 -48.1700
-9.1613016489e+000 2.4405466235e+000 -2.6257330477e+001
252 231 202
7 12 2377 -373.3300 96.1800 13 2582 -386.9800 175.2900 14 2930 -398.7800 199.0000 9 2341 -392.1100 -94.6200 10 2782 -413.7200 -20.9300 7 1653 -357.3000 -266.8600 8 2187 -379.7300 -132.0800
-9.1613016489e+000 2.4405466235e+000 -2.6257330477e+001
252 231 202
7 12 2378 -373.3300 96.1800 13 2583 -386.9800 175.2900 14 2931 -398.7800 199.0000 9 2342 -392.1100 -94.6200 10 2783 -413.7200 -20.9300 7 1654 -357.3000 -266.8600 8 2186 -379.7300 -132.0800
-8.3005012957e-001 9.6421812502e-001 -9.1445162489e+000
230 187 82
5 12 1652 -31.9100 121.2700 13 1486 -77.7800 116.1200 14 1716 -130.5600 77.4700 10 2021 -63.7300 152.3800 8 1181 -43.1700 195.1500
-1.0720807376e+001 4.7353539608e+000 -2.7191788487e+001
227 218 213
5 12 1600 -423.3400 180.4200 13 1959 -435.4500 267.1900 9 1414 -444.5400 -23.3600 10 2056 -465.0600 56.8900 8 1560 -435.2800 -66.2800
-6.0368993184e+000 2.3057533893e+000 -2.6580042532e+001
68 69 71
7 12 1354 -246.1500 90.4600 13 1806 -257.8000 162.2400 14 2094 -270.2400 177.7100 9 1451 -265.0100 -86.9000 10 2080 -283.7000 -21.4700 15 1206 -240.2900 232.4700 8 1571 -253.3200 -117.8300
2.4158044690e+000 -1.5602266878e+000 -1.2987087674e+001
114 58 58
6 12 2157 206.7400 -102.5100 13 2355 170.8300 -97.7500 14 2704 118.1600 -130.9900 9 2150 206.4500 -112.6200 10 2587 191.0600 -113.8100 8 1976 222.2300 -67.4200
-8.8401325248e-001 1.7825957008e-001 -9.2363978230e+000
206 85 86
5 12 2279 -37.4100 39.8000 13 2485 -87.6400 32.8000 9 2205 -48.4100 71.6500 10 2683 -64.1600 70.9600 8 2033 -34.1000 125.1700
-1.1012220484e+000 -3.8809591827e-001 -9.3226420472e+000
255 221 88
10 12 2287 -59.2200 -18.5000 13 2429 -112.2000 -25.6500 14 2776 -171.7100 -57.5700 9 2214 -62.5600 14.8900 10 2689 -82.9300 10.9300 15 1872 -127.6300 -121.6400 8 2052 -44.3600 70.1300 16 1901 -131.7800 -88.3900 17 1628 -116.3200 -131.2700 18 2264 -195.8300 -199.6700
-1.2223348068e+001 3.5647211847e+000 -2.8885267349e+001
195 181 175
6 12 2094 -456.4300 126.6000 13 2278 -468.6300 215.2900 14 2618 -476.5300 247.4400 9 2230 -478.5700 -84.1500 10 2642 -500.1200 -2.3400 8 2081 -467.6600 -131.2100
-1.6072568603e+000 2.5243973200e-001 -9.4290214373e+000
105 28 33
6 12 2306 -110.3700 46.0700 13 2511 -161.3000 44.9100 14 2856 -215.4000 15.3400 9 2275 -118.3700 64.8600 10 2715 -138.8000 70.4200 8 2101 -103.3900 112.7500
1.5123866918e+000 -1.2630112151e+000 -1.2297650633e+001
118 90 51
5 12 2298 148.9500 -84.8600 13 2496 111.2400 -78.1000 9 2264 147.3000 -90.3000 10 2700 131.0500 -94.1800 8 2113 163.0100 -42.1600
2.3783077655e+000 1.5544472369e+000 -1.0107846051e+001
157 168 163
4 12 317 265.1000 165.1800 13 405 240.0600 154.3200 9 185 215.5300 189.4600 10 283 224.1000 189.3300
-2.6800328693e-001 6.9567429012e-002 -9.5028254501e+000
101 71 29
5 12 1416 23.6000 28.0500 13 1574 -23.0000 19.8600 14 1810 -80.2500 -18.4300 9 476 10.7500 60.3000 10 1675 -2.4100 57.1100
-1.0882445916e+001 4.7274224160e+000 -2.7168904416e+001
242 231 233
5 12 1239 -429.6800 180.3000 13 1320 -441.7700 267.1100 14 1516 -447.2400 294.9100 9 559 -450.9900 -24.1500 10 1660 -471.6500 56.7000
-1.0485665568e+001 4.5866648610e+000 -2.6913546365e+001
159 147 145
5 12 1240 -417.5000 176.2900 13 1332 -429.8400 262.6500 14 1518 -435.5800 288.8900 9 1427 -439.1800 -24.9100 10 1663 -459.2500 54.1100
-6.3450713829e+000 2.6926439726e+000 -2.6381365509e+001
48 46 49
7 12 1903 -260.1300 105.9200 13 2082 -271.0200 179.1700 14 2409 -283.5300 195.1400 9 1928 -279.5300 -72.6700 10 2338 -296.8000 -5.5900 15 1485 -252.7100 251.7400 16 1632 -259.4100 326.7700
6.9819352912e-001 2.0572547915e+000 -1.1570665538e+001
116 45 47
6 12 2079 91.8100 187.3300 13 2287 66.5600 199.0300 14 2632 28.6700 161.9200 9 1971 53.4600 163.9700 10 2482 51.7100 181.0300 15 1685 81.2600 116.2000
-6.7425509058e+000 4.7446156302e-001 -2.7536390795e+001
40 35 39
6 12 2125 -265.9800 16.7600 13 2221 -280.0900 91.1300 9 2053 -279.7500 -164.8800 15 1585 -269.8000 167.0900 16 1723 -279.1600 241.1100 17 1352 -252.6100 298.5100
2.4177469869e+000 -1.5607972312e+000 -1.2987363594e+001
114 58 58
5 12 2158 206.7400 -102.5100 13 2356 170.8300 -97.7500 14 2703 118.1600 -130.9900 9 2151 206.4500 -112.6200 10 2588 191.0600 -113.8100
-9.1720501002e-001 -2.5077756488e-001 -9.2849708451e+000
247 210 89
6 12 2233 -40.2800 -4.5200 13 2426 -93.1200 -12.0200 14 2775 -152.6000 -45.7400 9 2213 -45.0200 30.5700 10 2641 -63.8500 26.4000 15 1868 -108.4700 -111.2300
-1.3115528132e-001 6.4095481934e-001 -9.5372343870e+000
54 51 45
5 12 2305 36.6400 83.7500 13 2541 -6.6600 77.8300 14 2878 -60.0600 38.6100 9 2272 16.7400 111.5600 10 2713 7.1700 112.0000
-1.6057818175e+000 2.5203211309e-001 -9.4280550177e+000
105 28 33
5 12 2307 -110.3700 46.0700 13 2512 -161.3000 44.9100 14 2857 -215.4000 15.3400 9 2274 -118.3700 64.8600 10 2716 -138.8000 70.4200
-1.1424412247e+000 2.1088759632e-001 -9.2870329378e+000
94 28 29
8 12 2310 -62.5800 42.7000 13 2514 -113.1600 36.6500 14 2858 -169.6700 3.4700 9 2277 -73.5100 71.6100 10 2718 -89.9000 72.9500 15 1955 -122.8500 -64.0500 17 1657 -106.9800 -81.3500 18 2294 -183.8300 -154.9500
-3.9273197821e-001 -6.9905049261e-002 -9.5187012016e+000
123 92 45
9 12 2338 11.6400 14.6600 13 2562 -36.9900 5.9700 14 2898 -94.6300 -29.0800 9 2301 2.1000 46.4000 10 2748 -12.1300 41.1700 15 1977 -50.8400 -97.2400 16 1981 -56.4100 -66.8200 17 1697 -40.6800 -114.8900 18 2312 -120.3000 -186.6100
1.4925688422e+000 2.1889067707e+000 -1.1044243165e+001
220 180 97
3 12 1212 165.1500 206.0400 13 1361 145.0500 211.1900 10 175 121.9500 210.3100
-1.1693613721e+001 6.7755692600e+000 -2.7567729842e+001
252 238 237
3 12 84 -455.3400 254.6900 13 1280 -466.0200 347.3000 10 463 -496.8000 126.4100
-1.2018866489e+001 6.5933092602e+000 -2.7787357310e+001
247 236 236
3 12 85 -464.4500 245.9900 13 7 -475.3200 338.6400 10 467 -506.6700 116.9100
-1.1238070137e+001 4.6330110588e+000 -2.7236096706e+001
233 225 222
4 12 194 -442.4500 176.3600 13 1313 -454.9400 263.7700 14 1514 -460.6200 292.3000 10 645 -484.6200 51.4600
-1.1041243103e+001 4.6301980342e+000 -2.7183223281e+001
231 222 219
4 12 196 -435.5000 176.5300 13 1314 -447.9700 263.5500 14 1515 -453.6500 291.6600 10 648 -477.6300 52.2600
2.2377943737e+000 -1.0829462764e+000 -1.2779798285e+001
104 53 55
4 12 1869 195.9300 -68.2800 13 1662 162.8300 -62.9500 14 2252 111.3400 -97.2700 10 881 178.4400 -76.2100
2.2344162080e+000 1.3258530911e+000 -1.0029844812e+001
108 102 102
3 12 1295 253.7300 144.9300 13 1491 226.6100 133.1500 10 1507 215.9100 171.0600
-1.0838475930e+001 4.6175448189e+000 -2.7109536247e+001
221 211 206
4 12 197 -428.8700 176.4800 13 1331 -441.4300 263.1400 14 1517 -446.6500 290.6900 10 1662 -470.1000 52.8100
-6.1925991361e+000 2.4438811259e+000 -2.6559799624e+001
64 62 65
4 12 1352 -251.9400 95.6500 13 1391 -264.2600 168.0800 14 2093 -276.0200 183.7200 10 2078 -290.7000 -16.0000
1.8549185589e+000 -1.5174709585e+000 -1.2595647239e+001
119 90 57
5 12 2156 171.1500 -101.7400 13 2354 133.1500 -97.8000 14 2702 80.0400 -129.6700 10 2586 154.8600 -110.9700 15 1778 107.5700 -161.1700
-8.3418004380e-001 6.1688687367e-001 -9.1538929471e+000
236 199 89
9 12 2208 -33.3800 85.2900 13 2405 -81.1100 79.0500 14 2758 -135.5700 41.6400 10 2616 -64.6200 115.6700 15 1849 -84.6800 -30.9600 16 1884 -85.2500 -5.8200 17 1519 -63.3800 -60.9600 18 2150 -140.2700 -142.7000 19 2491 -177.3300 -144.8000
-1.2833588726e+001 5.0763803279e+000 -2.9973744451e+001
236 223 210
4 12 2175 -464.2500 175.4800 13 2374 -474.8500 267.3900 14 2613 -478.7900 299.0300 10 2630 -506.4400 42.0400
-1.5653493297e+000 6.1910774397e-002 -9.4981130476e+000
216 67 65
8 12 2224 -105.4700 26.5500 13 2417 -157.1400 25.6800 14 2768 -212.4600 -3.6000 10 2632 -132.5000 49.8500 15 1853 -165.5400 -65.0700 16 1889 -166.6700 -32.8100 17 1517 -146.2200 -74.1500 18 2147 -223.3300 -143.6300
2.3861144727e+000 -1.3843033257e+000 -1.3093950841e+001
230 222 211
3 12 2247 202.6700 -88.9400 13 2438 167.7200 -82.8400 10 2661 185.4300 -100.8800
-8.2183159389e-001 9.8247612645e-001 -9.1125324896e+000
233 189 84
9 12 2264 -32.1200 122.4700 13 2469 -78.1400 118.1100 14 2819 -130.5800 79.9800 10 2671 -64.1200 153.5600 15 1914 -77.8600 6.0400 16 1927 -77.2300 28.4500 17 1654 -52.3900 -29.8800 18 2250 -127.6400 -115.7300 19 2645 -160.6100 -123.0600
-1.3419191203e+000 6.2927245267e-001 -9.3916442016e+000
215 96 93
3 12 2271 -83.6800 84.0000 13 2476 -132.6100 83.1800 10 2676 -113.7000 109.5000
-1.0830654036e+000 1.0400201844e-002 -9.3187865381e+000
217 76 76
6 12 2225 -57.2500 21.5300 13 2420 -108.6700 16.6500 14 2772 -166.1600 -16.1400 10 2681 -83.0400 51.3900 15 1859 -119.6600 -82.8100 17 1623 -104.3200 -99.1500
-9.1822014941e-001 -4.3482822533e-002 -9.2319989248e+000
113 31 35
8 12 2280 -40.9300 16.9400 13 2486 -92.2900 9.4700 14 2835 -150.3600 -25.0900 10 2682 -66.8800 48.6700 15 1925 -104.0200 -93.6300 16 1899 -107.2600 -64.4200 17 1625 -90.0500 -112.6600 18 2265 -168.7800 -185.3800
3.8297241174e+000 -1.5697798131e+000 -1.3427072639e+001
68 58 60
6 12 2383 299.7400 -98.5000 13 2592 266.5300 -98.4700 14 2939 212.6800 -137.1800 10 2786 283.2200 -109.7200 15 2026 239.6400 -166.8700 16 2029 216.3200 -127.5600
3.7941813398e+000 -1.5074536949e+000 -1.3172461622e+001
66 56 57
3 12 2392 304.3000 -95.3000 13 2598 271.2200 -97.0900 10 2791 286.6000 -104.0700
-1.1714504450e+001 6.4031968135e+000 -2.7463610085e+001
235 223 224
2 12 90 -457.5300 241.5800 13 9 -468.6000 333.4500
4.6414989302e+000 2.9475988915e+000 -1.1903342360e+001
245 234 227
2 12 94 400.9200 251.4700 13 144 396.6300 252.4400
1.1387269152e+000 2.2194752168e+000 -1.1331290601e+001
222 189 92
2 12 137 131.1200 203.9900 13 1358 108.2000 213.2100
-1.0597513067e+001 4.5695909706e+000 -2.6862699418e+001
202 195 189
3 12 198 -422.5300 176.1100 13 143 -435.2600 262.1400 14 75 -440.8400 289.3300
-1.1988687517e+000 1.7791215543e+000 -1.0080633807e+001
135 53 58
2 12 209 -68.5700 186.8800 13 291 -107.4900 196.5700
2.3435363040e+000 1.3940200664e+000 -1.0003762608e+001
139 153 147
2 12 321 264.5800 151.1500 13 406 238.4700 139.6600
-1.9291938460e+000 9.8824776630e-001 -9.8108308756e+000
142 26 35
2 12 378 -139.5900 115.1400 13 459 -186.9100 122.7900
-1.2753479763e+001 2.2588841486e+000 -2.9061767100e+001
223 211 211
3 12 439 -474.4100 79.2900 13 281 -487.4600 167.4500 15 63 -471.2900 274.9200
-1.2879589499e+001 2.2045907846e+000 -2.9152608249e+001
214 202 202
2 12 440 -477.5800 76.9300 13 375 -490.7600 165.5700
-1.2177263400e+001 2.2433764422e+000 -2.8834880329e+001
228 217 215
2 12 443 -456.3300 79.4100 13 377 -469.4300 166.4700
-1.0809996383e+001 1.9705987252e+000 -2.5683536740e+001
216 207 201
2 12 445 -448.1800 79.3200 13 378 -464.0800 161.4700
-1.2484732143e+001 1.6235535135e+000 -2.9422337264e+001
158 147 148
2 12 508 -459.5800 55.5100 13 382 -472.7200 142.9000
-1.5655750716e+000 3.2316460239e-001 -9.3978769492e+000
128 33 35
2 12 520 -106.4000 53.3300 13 588 -156.9200 52.1000
-1.3467288717e+000 -7.4408943462e-001 -9.6471968608e+000
212 91 90
2 12 693 -82.8900 -53.2000 13 793 -136.4300 -56.0500
-1.1409559240e+001 6.7000380460e+000 -2.7167005814e+001
224 213 214
2 12 1190 -449.8400 255.5000 13 1284 -460.8500 347.4200
-1.1661923347e+001 6.6664128207e+000 -2.7483681649e+001
228 216 216
2 12 1191 -455.1900 251.3500 13 1281 -465.9400 343.6100
5.1505296432e+000 2.8880784932e+000 -1.1083705065e+001
247 234 228
2 12 1195 471.6700 262.8700 13 150 469.5100 255.0900
1.3877958755e+000 2.1665944252e+000 -1.0954315396e+001
226 189 94
2 12 1211 158.2800 205.7700 13 1786 134.9400 211.1200
-1.0889218217e+001 4.9438411715e+000 -2.7136835997e+001
244 234 233
3 12 1238 -430.1900 188.5200 13 1319 -442.3500 276.0700 14 1496 -447.2700 303.9500
1.6373635768e+000 1.7771810580e+000 -1.0074755907e+001
130 70 72
2 12 1249 197.1500 186.0100 13 1403 170.8600 180.8400
5.1033447576e+000 1.9642210630e+000 -1.1170409233e+001
181 171 163
2 12 1257 465.6100 183.5500 13 1407 455.2200 172.0300
-1.2012287495e+001 2.5955587631e+000 -2.8408904593e+001
240 230 228
2 12 1344 -456.0300 93.7100 13 1386 -469.2400 180.6400
-1.2032219976e+001 2.4417321897e+000 -2.8524843684e+001
219 209 205
2 12 1345 -455.0500 87.5600 13 1389 -468.5300 174.6000
-1.1863871389e+001 2.4649712786e+000 -2.8390412235e+001
233 223 222
2 12 1346 -450.7900 89.0100 13 1388 -463.9700 175.4300
-1.1768194182e+001 2.3536986270e+000 -2.8535834701e+001
223 213 209
2 12 1350 -445.2700 84.4500 13 1390 -458.3400 170.6100
-1.1656419830e+001 2.0846930276e+000 -2.8453654539e+001
186 177 172
3 12 1351 -442.2000 74.8000 13 1437 -455.5400 160.5500 14 1572 -466.2600 190.2500
-1.1849017845e+001 1.9703579688e+000 -2.8749622000e+001
185 176 171
2 12 1381 -445.3900 69.7700 13 1438 -458.6400 155.8600
4.1832169959e-001 -2.5765249159e-001 -6.9988288433e+000
129 90 47
2 12 1443 134.3100 -2.4900 13 798 70.2400 -48.9500
4.5853642776e-001 -6.6983539219e-001 -1.0035533001e+001
69 34 27
2 12 1470 88.5900 -43.2800 13 1629 43.5500 -52.4700
5.5864785447e+000 -8.5811755580e-001 -1.0047524593e+001
201 188 182
3 12 1495 560.0200 -57.4200 13 1705 525.6400 -92.8400 14 1976 456.9100 -160.3300
-1.9002537724e+000 3.5728445888e-001 -9.6717613097e+000
215 95 96
3 12 1687 -138.3000 55.1800 13 1540 -188.2500 58.3300 14 1774 -239.5900 31.1600
5.6273111034e+000 -1.5325239599e-001 -1.0088114807e+001
234 221 215
3 12 1711 560.9500 7.4400 13 1905 533.6700 -26.2300 14 2254 469.3800 -95.4700
1.0240328895e+000 2.2543741126e+000 -1.1463170180e+001
135 69 65
3 12 1773 119.5000 204.8400 13 2079 96.9900 215.5100 14 2519 60.2600 176.5000
1.1269565563e+000 1.9189715694e+000 -1.1415220878e+001
200 154 75
2 12 1781 129.1000 177.4500 13 1979 104.6400 185.7600
-1.2941758521e+001 4.5706777108e+000 -2.9448521624e+001
200 186 177
3 12 1791 -475.3400 160.2300 13 2076 -487.0300 251.6900 14 2403 -491.1300 284.3600
-1.3005701550e+000 1.2617589432e+000 -9.5642992762e+000
113 34 38
2 12 1794 -79.2800 145.1200 13 2105 -123.8700 148.5100
-1.8422023719e-001 1.3229071032e+000 -9.4265107901e+000
57 53 52
2 12 1798 32.1500 153.0200 13 1991 -7.9700 149.4600
2.1645266548e+000 1.4647501797e+000 -9.9758106366e+000
112 163 160
2 12 1802 248.8200 158.1400 13 1996 222.0600 147.8400
-9.2815790073e-001 5.5127029225e-001 -9.2710927028e+000
203 99 92
3 12 1822 -42.0800 77.4200 13 2015 -89.9400 72.4400 14 2359 -144.1600 36.5100
-3.6183516820e-001 -9.0617388834e-001 -9.5787546130e+000
62 68 56
2 12 1867 14.5600 -68.8200 13 1912 -37.7700 -77.8800
-1.0597737514e+001 5.6946425850e+000 -2.7073141426e+001
108 100 100
2 12 1883 -419.7100 217.8400 13 2072 -431.1000 306.1600
-8.3186841268e-001 1.4547077159e+000 -9.3607546836e+000
122 52 56
2 12 1888 -33.5100 167.9200 13 2205 -74.3200 167.0100
-1.4514221170e+001 5.0178272654e+000 -3.1703844262e+001
180 166 161
3 12 1894 -499.9200 163.7700 13 2075 -508.3800 258.3700 14 2401 -510.7800 293.4100
1.1701125299e+000 1.7001919593e+000 -1.1279958231e+001
150 92 46
3 12 1898 134.5700 161.0000 13 2208 109.0400 167.0200 14 2550 68.1700 127.1300
2.0932983048e+000 1.4486598229e+000 -9.9824351540e+000
79 87 89
3 12 1900 242.0900 156.4300 13 2108 215.5100 146.2600 14 2459 165.4000 93.9400
-9.6267035858e+000 3.2459074909e+000 -2.6119468365e+001
244 227 199
3 12 1902 -393.7500 128.7400 13 2180 -407.6700 210.0300 14 2512 -417.0200 234.8400
-1.0119954511e+000 9.6696684140e-001 -9.2552400462e+000
144 53 41
7 12 1915 -49.8700 119.6900 13 2219 -95.6400 117.3500 14 2651 -147.6700 81.0400 15 1825 -97.0000 10.2900 16 1872 -96.7200 34.4800 17 1501 -72.0300 -20.7200 18 2140 -148.6900 -103.0900
