# Bundle file v0.3
60 18490
1761.584030 0.0 0.0
0.981413 0.179762 0.067181
-0.145176 0.924403 -0.352709
-0.125506 0.336401 0.933318
-2.396095 -5.262596 8.580840
1755.215467 0.0 0.0
0.947351 0.291211 -0.133127
-0.206309 0.237177 -0.949307
-0.244874 0.926792 0.284770
-4.886313 -12.423869 0.196295
1750.774712 0.0 0.0
0.940357 0.303464 -0.153748
-0.211362 0.167045 -0.963028
-0.266561 0.938086 0.221222
-5.169226 -12.595430 -0.656512
1748.180550 0.0 0.0
0.938399 0.291955 -0.184848
-0.204606 0.038375 -0.978092
-0.278465 0.955662 0.095747
-5.589135 -12.792669 -2.467847
1767.100269 0.0 0.0
0.936113 0.290997 -0.197515
-0.206033 -0.001399 -0.978544
-0.285030 0.956723 0.058645
-5.609998 -12.854473 -3.026495
1742.092916 0.0 0.0
0.930976 0.286522 -0.226250
-0.205306 -0.101564 -0.973414
-0.301883 0.952675 -0.035729
-6.167573 -12.664768 -4.024369
1719.169694 0.0 0.0
0.927535 0.278434 -0.249304
-0.181855 -0.246525 -0.951921
-0.326507 0.928278 -0.178026
-6.291226 -12.289877 -6.216265
1755.992428 0.0 0.0
0.920843 0.275042 -0.276406
-0.182526 -0.322361 -0.928853
-0.344576 0.905779 -0.246642
-6.737991 -12.008289 -6.993924
1715.761020 0.0 0.0
0.919130 0.260447 -0.295580
-0.179183 -0.391814 -0.902427
-0.350847 0.882411 -0.313460
-6.914721 -11.653209 -8.014468
1656.036033 0.0 0.0
0.905785 0.247066 -0.344255
-0.129714 -0.611753 -0.780341
-0.403394 0.751476 -0.522069
-7.360701 -9.777287 -10.661121
1713.958246 0.0 0.0
0.904284 0.245183 -0.349508
-0.110264 -0.656750 -0.746004
-0.412446 0.713138 -0.566853
-7.341397 -9.696877 -11.554057
1733.302248 0.0 0.0
0.977723 0.205940 0.040586
-0.166002 0.876982 -0.450938
-0.128459 0.434155 0.891632
-2.858590 -6.394695 8.046956
1684.550417 0.0 0.0
0.906438 0.219701 -0.360695
-0.098521 -0.720484 -0.686437
-0.410686 0.657749 -0.631429
-7.423702 -8.825797 -12.413844
1663.143078 0.0 0.0
0.906229 0.200237 -0.372362
-0.082888 -0.779496 -0.620899
-0.414582 0.593541 -0.689805
-7.615267 -7.897712 -13.044190
1692.659202 0.0 0.0
0.902702 0.175969 -0.392638
-0.065122 -0.846155 -0.528943
-0.425310 0.503047 -0.752366
-7.874798 -6.471657 -13.804854
1651.465558 0.0 0.0
0.905214 0.141494 -0.400708
-0.067127 -0.883492 -0.463612
-0.419621 0.446567 -0.790251
-7.904813 -5.667913 -14.341464
1701.304187 0.0 0.0
0.891239 0.130829 -0.434255
-0.009791 -0.951717 -0.306819
-0.453429 0.277701 -0.846927
-8.564832 -3.725403 -14.686687
1685.898893 0.0 0.0
0.897058 0.102291 -0.429912
0.001602 -0.973588 -0.228307
-0.441910 0.204116 -0.873528
-8.478961 -2.781867 -15.405206
1673.498752 0.0 0.0
0.895933 0.073942 -0.437991
0.023881 -0.992640 -0.118727
-0.443546 0.095912 -0.891105
-8.586092 -1.268541 -15.474100
1690.417826 0.0 0.0
0.898836 0.044152 -0.436056
0.053696 -0.998511 0.009581
-0.434984 -0.032026 -0.899869
-8.756612 -0.053149 -15.254364
1709.633736 0.0 0.0
0.899341 0.018333 -0.436863
0.081315 -0.988704 0.125907
-0.429620 -0.148756 -0.890673
-8.761451 1.763412 -15.030023
1716.380742 0.0 0.0
0.904045 -0.008043 -0.427361
0.101873 -0.966956 0.233703
-0.415119 -0.254815 -0.873353
-8.680225 3.086944 -15.015860
1721.417746 0.0 0.0
0.975890 0.217191 0.021607
-0.174746 0.836795 -0.518881
-0.130777 0.502595 0.854573
-3.209152 -7.151688 7.640039
1726.920427 0.0 0.0
0.894060 -0.032573 -0.446762
0.131771 -0.934100 0.331804
-0.428128 -0.355522 -0.830849
-9.245683 4.650218 -14.030302
1741.010882 0.0 0.0
0.904141 -0.065185 -0.422232
0.128834 -0.900688 0.414926
-0.407346 -0.429549 -0.805951
-8.805641 5.612157 -13.719170
1735.665218 0.0 0.0
0.914232 -0.083483 -0.396499
0.146779 -0.843851 0.516112
-0.377673 -0.530043 -0.759222
-8.401276 6.927438 -13.361750
1738.852450 0.0 0.0
0.916352 -0.102052 -0.387148
0.171912 -0.773002 0.610667
-0.361586 -0.626142 -0.690798
-8.303248 8.252674 -12.247892
1764.918554 0.0 0.0
0.937911 -0.089469 -0.335138
0.185160 -0.687870 0.701820
-0.293323 -0.720299 -0.628595
-7.517575 9.238496 -11.835783
1722.867588 0.0 0.0
0.942832 -0.103743 -0.316710
0.194785 -0.599562 0.776263
-0.270419 -0.793576 -0.545078
-7.234117 10.392312 -10.639015
1717.029506 0.0 0.0
0.946973 -0.118055 -0.298840
0.193093 -0.534294 0.822949
-0.256822 -0.837014 -0.483166
-7.099285 10.966338 -10.045385
1715.034646 0.0 0.0
0.955098 -0.129065 -0.266701
0.186789 -0.436447 0.880128
-0.229994 -0.890425 -0.392742
-6.759624 11.732158 -8.860892
1722.847391 0.0 0.0
0.962019 -0.105742 -0.251670
0.223645 -0.223349 0.948735
-0.156531 -0.968986 -0.191218
-6.223616 12.385290 -6.374161
1718.869146 0.0 0.0
0.965822 -0.115395 -0.232104
0.217205 -0.128374 0.967648
-0.141458 -0.984989 -0.098922
-6.114647 12.602040 -5.169656
1748.204039 0.0 0.0
0.972352 0.233493 -0.003402
-0.179669 0.738741 -0.649601
-0.149164 0.632252 0.760268
-3.400507 -8.939580 6.521315
1722.027001 0.0 0.0
0.970566 -0.112600 -0.212892
0.206972 -0.062014 0.976379
-0.123142 -0.991703 -0.036883
-5.788121 12.814188 -4.356769
1726.620982 0.0 0.0
0.970601 -0.131546 -0.201567
0.205961 0.020552 0.978344
-0.124554 -0.991097 0.047041
-5.979511 12.751970 -2.758227
1744.637920 0.0 0.0
0.975814 -0.160863 -0.148018
0.170417 0.135723 0.975980
-0.136909 -0.977600 0.159854
-5.271122 13.015438 -1.539126
1707.403554 0.0 0.0
0.981221 -0.133396 -0.139320
0.168501 0.241283 0.955714
-0.093873 -0.961243 0.259230
-5.058108 12.474946 -0.627468
1694.438494 0.0 0.0
0.987504 -0.080651 -0.135394
0.152829 0.280415 0.947634
-0.038461 -0.956485 0.289237
-4.761106 12.474451 -0.476544
1735.210913 0.0 0.0
0.988141 -0.114258 -0.102576
0.139108 0.383336 0.913073
-0.065005 -0.916514 0.394685
-4.321858 11.988034 1.566381
1710.981852 0.0 0.0
0.991937 -0.085091 -0.093916
0.124931 0.532107 0.837410
-0.021283 -0.842391 0.538447
-4.138335 10.890484 3.148688
1701.583630 0.0 0.0
0.994017 -0.081939 -0.072218
0.107811 0.630163 0.768942
-0.017497 -0.772127 0.635227
-3.934875 9.984621 4.352589
1737.260330 0.0 0.0
0.994650 -0.081279 -0.063759
0.101486 0.653579 0.750023
-0.019289 -0.752481 0.658331
-3.763351 9.763092 4.571138
1695.170977 0.0 0.0
0.997080 -0.066013 -0.038396
0.076211 0.828033 0.555475
-0.004875 -0.556779 0.830646
-3.563796 7.180338 7.112966
1735.531505 0.0 0.0
0.970821 0.238310 -0.026729
-0.180985 0.655006 -0.733629
-0.157323 0.717060 0.679024
-3.515566 -10.026502 5.401820
1722.444364 0.0 0.0
0.998411 -0.039554 -0.040144
0.054760 0.849234 0.525170
0.013319 -0.526534 0.850050
-3.432541 6.663836 7.289951
1734.625387 0.0 0.0
0.998889 -0.013517 -0.045148
0.028817 0.933203 0.358192
0.037290 -0.359095 0.932556
-3.438753 4.766952 8.288010
1723.920128 0.0 0.0
0.999831 -0.015404 -0.010005
0.017806 0.946496 0.322223
0.004506 -0.322347 0.946611
-2.995466 3.883667 8.485498
1727.641478 0.0 0.0
0.999969 0.006626 -0.004267
-0.005462 0.972964 0.230891
0.005682 -0.230860 0.972970
-3.035461 2.584614 8.926606
1726.035918 0.0 0.0
0.999406 0.032058 -0.012626
-0.030245 0.991799 0.124178
0.016503 -0.123723 0.992180
-3.200725 1.200985 9.054360
1717.121858 0.0 0.0
0.998235 0.054884 -0.022705
-0.054084 0.997941 0.034483
0.024551 -0.033194 0.999147
-3.271449 0.045282 8.996019
1716.598946 0.0 0.0
0.997448 0.070444 -0.011617
-0.070495 0.997504 -0.003993
0.011307 0.004802 0.999925
-3.099585 -0.474570 8.991792
1721.045585 0.0 0.0
0.995622 0.092833 -0.010906
-0.093186 0.994913 -0.038260
0.007298 0.039109 0.999208
-3.042519 -0.760616 9.017032
1714.887858 0.0 0.0
0.993103 0.113227 -0.030442
-0.116446 0.982801 -0.143329
0.013689 0.145885 0.989207
-3.392488 -2.350382 8.731967
1736.055965 0.0 0.0
0.990920 0.131838 -0.026395
-0.134413 0.966460 -0.218833
-0.003340 0.220394 0.975405
-3.454404 -3.485362 8.613776
1773.789965 0.0 0.0
0.964672 0.257833 -0.054122
-0.200156 0.583692 -0.786919
-0.171303 0.769952 0.614679
-4.108411 -10.490475 4.355321
1761.752420 0.0 0.0
0.988453 0.148433 -0.030480
-0.150435 0.937111 -0.314949
-0.018186 0.315898 0.948619
-3.753899 -4.731373 8.309050
1798.358141 0.0 0.0
0.962686 0.262819 -0.064511
-0.195604 0.511036 -0.837008
-0.187014 0.818394 0.543375
-4.414109 -11.152341 3.676535
1765.221575 0.0 0.0
0.962888 0.247544 -0.107561
-0.212916 0.451745 -0.866368
-0.165874 0.857116 0.487685
-4.700526 -11.281812 2.451063
1762.776786 0.0 0.0
0.955198 0.273004 -0.114309
-0.201258 0.315948 -0.927185
-0.217009 0.908651 0.356736
-4.710522 -12.118451 1.203030
4.094732 1.365724 -13.012483
104 69 39
14 50 102 517.34 322.14 52 849 578.44 317.88 51 794 534.85 283.03 49 822 481.01 358.40 53 1165 543.36 168.70 54 690 515.92 60.10 0 294 484.58 -3.64 56 987 427.33 13.96 11 1590 447.00 -4.91 22 1663 415.60 13.43 33 1617 529.81 -119.88 44 2089 636.98 -183.52 57 2152 429.79 -213.63 58 1449 507.67 -136.06
4.066931 1.282602 -12.944322
101 67 39
16 50 771 513.15 293.09 52 154 572.20 285.00 51 142 529.29 251.46 49 855 478.03 332.58 53 759 533.61 131.01 54 734 504.15 18.76 0 337 471.26 -50.61 56 654 411.80 -30.93 11 1151 429.79 -54.20 22 1198 395.47 -37.93 33 1656 504.79 -175.56 44 1713 607.98 -238.03 55 1385 452.76 -198.17 57 643 393.45 -267.84 58 503 473.27 -181.98 59 589 563.94 -298.15
2.834961 0.284136 -13.112538
198 140 120
10 50 401 -54.52 -117.65 52 484 -21.70 -102.45 51 415 -41.58 -141.59 54 447 -109.52 -304.46 0 535 -199.81 -353.29 56 381 -218.89 -328.79 11 718 -250.35 -313.53 22 688 -300.74 -274.47 33 608 -253.38 -342.90 44 657 -161.55 -340.71
3.134778 1.511558 -13.263688
157 122 85
14 50 68 97.66 376.72 52 787 151.46 397.91 51 705 116.27 351.65 49 63 60.33 390.48 48 78 66.22 392.18 53 667 122.45 278.99 47 62 93.71 417.27 54 612 87.38 198.19 0 675 29.07 170.77 56 523 -11.70 179.21 11 933 -9.93 192.75 22 982 -55.92 231.15 33 1471 27.01 130.50 44 937 140.37 72.92
4.201206 1.638664 -13.223620
96 64 38
10 50 36 543.27 412.96 52 53 606.53 415.69 53 690 581.65 283.24 54 620 561.45 188.67 0 711 535.19 144.25 56 119 483.63 156.09 11 987 510.54 149.89 22 1044 489.37 176.53 33 1503 625.01 59.74 44 1046 744.23 -7.03
3.989441 1.565828 -13.151932
85 56 35
3 50 707 460.26 395.00 52 79 523.05 398.60 0 745 441.91 117.62
3.072134 1.203967 -13.286559
171 137 91
9 50 146 65.20 252.49 52 162 111.92 271.11 49 176 30.55 266.49 53 163 80.89 155.67 54 678 42.44 73.30 0 782 -26.81 41.45 56 616 -58.47 52.81 11 1038 -68.55 67.08 22 1073 -115.33 104.89
4.062040 1.218980 -12.885660
76 42 17
10 50 164 515.93 270.09 52 187 574.91 259.85 51 145 532.44 227.34 53 786 534.01 100.72 54 1145 502.77 -16.20 0 879 470.05 -88.97 56 1025 407.95 -70.02 11 1641 425.03 -96.04 22 1707 388.48 -81.52 33 1674 493.90 -223.92
3.815623 1.073803 -12.714802
170 139 110
15 50 187 417.76 222.73 52 912 475.32 209.58 53 1229 428.38 38.56 54 1168 391.04 -86.97 0 919 356.78 -175.81 56 709 285.61 -149.03 11 1223 302.58 -184.37 22 598 256.81 -173.79 33 1750 346.92 -329.25 55 1928 289.90 -335.87 57 2256 212.78 -414.25 58 1129 309.07 -302.05 59 1670 376.93 -419.65 1 1036 382.60 -462.77 2 1257 350.60 -492.38
4.165177 1.017583 -12.732805
118 83 55
9 50 251 581.27 187.14 52 281 638.57 168.23 51 884 595.70 138.71 49 928 549.89 238.99 53 846 586.90 -4.96 54 810 551.24 -133.79 0 937 517.88 -219.60 56 1069 448.72 -197.91 11 1272 463.43 -230.28
4.107557 0.881815 -12.707590
81 46 21
10 50 1651 554.39 125.60 52 1407 606.29 105.74 51 1319 567.12 78.25 53 1269 553.15 -66.25 47 1729 556.91 316.61 54 1213 514.15 -195.36 0 989 474.25 -282.94 56 1095 409.57 -259.51 11 1727 417.09 -289.84 22 1335 373.27 -279.73
4.111737 0.750963 -12.736822
97 69 47
9 50 1672 549.53 63.03 52 1798 596.40 42.90 51 1654 560.44 16.40 49 1883 524.78 115.45 48 1803 544.00 168.70 47 1755 560.99 257.40 54 1240 500.75 -249.93 0 1022 455.13 -332.54 45 1593 515.23 373.26
4.284820 1.738166 -13.305672
96 61 31
7 50 684 569.95 442.26 52 758 634.24 447.23 51 698 587.84 409.14 49 31 526.85 461.80 53 1083 613.62 320.87 54 1005 596.24 230.77 0 1103 572.39 193.17
4.384364 1.792512 -13.378127
125 89 57
14 50 670 600.15 452.80 52 761 666.84 458.31 51 679 618.30 420.74 54 1007 633.12 251.03 0 1105 609.65 218.59 56 884 566.56 226.84 11 1432 594.13 229.90 22 1504 582.71 259.72 33 1878 733.44 159.87 44 1944 860.37 95.15 55 2066 715.08 112.50 57 2830 695.53 61.73 58 1657 758.16 99.33 59 1879 908.12 -18.70
3.128380 1.482824 -13.262672
197 161 127
10 50 67 94.82 364.78 52 56 146.65 385.97 0 1111 22.12 158.38 56 899 -19.20 167.36 11 1460 -16.70 180.32 22 1526 -62.66 218.76 33 1485 20.28 117.89 44 1532 132.97 61.38 55 1102 6.52 102.26 57 1979 -96.87 58.78
4.342832 1.677399 -13.275424
86 54 21
12 50 685 596.39 420.23 52 785 660.48 422.49 51 35 613.04 385.18 49 792 554.54 442.79 53 665 637.45 292.28 54 1019 619.48 199.46 0 1125 594.45 158.11 56 915 546.91 168.98 11 1470 573.33 164.03 22 1923 556.39 191.43 33 2238 698.91 79.08 44 2325 820.20 14.93
3.997653 1.585364 -13.159730
125 93 69
19 50 59 463.08 401.62 52 78 525.88 405.87 51 53 481.24 367.22 49 55 423.22 426.47 53 682 498.20 270.76 54 1030 475.54 173.71 0 1135 447.01 127.24 56 925 392.16 140.45 11 1484 416.24 132.46 22 1934 389.52 157.29 33 2248 515.20 35.76 44 2017 631.32 -33.22 55 2116 482.61 -5.45 57 2881 430.95 -67.15 58 1716 516.19 -9.00 59 1926 630.57 -133.58 1 1273 637.85 -217.98 2 1148 607.06 -278.89 3 509 555.21 -355.95
3.913348 1.544104 -13.123590
109 77 56
6 50 58 430.95 390.56 52 77 493.55 394.71 53 680 463.57 256.84 54 635 437.81 158.90 0 1157 406.88 109.04 11 1509 374.20 113.50
4.088028 1.581822 -13.173130
122 91 63
12 50 709 500.87 397.02 52 807 563.00 400.11 51 723 518.92 362.08 49 56 460.46 422.86 48 67 458.05 434.80 53 687 536.00 264.29 54 640 513.03 167.32 0 1163 485.44 119.86 56 559 432.00 133.48 11 1486 456.16 125.21 22 1584 430.92 149.93 33 1524 558.14 29.97
4.214382 1.597698 -13.198085
96 62 35
11 50 62 551.06 398.36 52 810 614.23 399.65 51 725 568.35 362.91 49 58 510.20 423.69 48 69 505.37 435.30 53 691 588.10 265.29 54 1031 567.05 168.56 0 1165 540.96 121.61 56 930 488.87 134.35 11 1490 514.79 126.00 22 1588 492.55 151.00
3.913633 1.502381 -13.099175
78 47 24
9 50 722 432.60 374.95 52 820 494.38 378.64 51 741 451.49 340.51 49 804 393.60 402.33 48 753 394.97 418.79 53 1123 462.40 237.65 47 705 405.48 456.43 54 1047 436.25 138.88 0 1182 405.29 87.31
4.291825 1.540070 -13.163373
88 53 25
10 50 81 588.92 376.84 52 823 651.35 375.39 51 71 605.63 339.62 53 708 623.49 237.68 54 657 601.43 137.20 0 1189 571.80 85.86 56 948 521.40 99.26 11 1057 545.47 88.51 22 1611 521.50 110.03 33 1981 650.91 -12.95
4.492193 1.549076 -13.215233
116 80 48
9 50 728 665.72 370.82 52 829 727.78 367.16 51 749 680.63 334.14 53 1134 700.77 230.97 54 1058 681.15 132.55 0 1191 652.94 84.05 56 951 607.44 95.81 11 1543 628.38 85.26 22 1974 610.34 106.09
3.086985 1.192430 -13.275622
153 118 78
11 50 794 71.94 248.36 52 1328 118.93 265.73 51 1232 87.50 222.41 49 896 38.18 264.58 53 1169 86.89 149.24 54 1079 47.76 66.76 0 1196 -21.32 33.51 56 617 -53.67 45.46 11 1548 -63.13 59.44 22 1595 -110.80 96.10 33 1534 -39.74 6.07
4.241091 1.389231 -13.063436
122 87 59
14 50 750 575.91 324.15 52 1307 636.62 318.21 51 763 591.95 285.01 49 825 538.40 357.61 53 1167 603.03 172.13 54 1089 577.18 65.90 0 1220 547.16 7.17 56 1276 493.02 22.16 22 2009 484.10 24.80 33 2027 605.14 -103.91 44 2092 712.14 -166.77 55 2163 557.72 -132.24 57 2609 511.06 -197.61 58 1753 581.34 -123.55
4.299457 1.334006 -13.023819
103 67 33
15 50 1246 606.02 303.84 52 875 666.25 293.05 51 798 621.72 261.47 49 860 570.57 338.26 53 1186 629.83 145.04 54 1114 603.46 34.75 0 1229 572.28 -28.12 56 1006 517.69 -11.77 11 1596 535.62 -31.58 22 1684 507.13 -14.50 44 1700 730.06 -207.47 55 1364 573.88 -171.02 57 2174 528.35 -236.84 58 1455 594.80 -158.61 59 1221 696.09 -271.65
4.354034 1.126148 -12.844631
114 71 37
14 50 811 654.84 224.86 52 917 712.09 207.35 51 858 668.63 178.84 53 814 666.67 41.98 54 1169 635.40 -81.39 0 1274 601.30 -159.41 56 1041 541.60 -140.92 11 1678 554.46 -168.45 22 1732 519.95 -158.79 33 2093 626.86 -301.01 44 1767 720.76 -355.06 55 1471 558.45 -308.44 57 2235 506.75 -380.30 58 1501 568.52 -282.76
4.353957 1.126201 -12.844038
114 71 37
9 50 810 654.84 224.86 52 916 712.09 207.35 51 859 668.63 178.84 53 813 666.67 41.98 54 1170 635.40 -81.39 0 1275 601.30 -159.41 56 1042 541.60 -140.92 22 1733 519.95 -158.79 55 1472 558.45 -308.44
4.369735 1.124888 -12.836626
145 105 70
17 50 812 662.14 224.96 52 918 719.41 206.54 51 860 676.53 177.63 49 909 629.71 272.47 48 210 636.74 315.13 53 1234 676.01 40.15 47 121 640.31 383.92 54 1480 645.40 -84.31 0 1276 610.71 -164.05 56 1043 551.17 -143.44 11 1679 563.18 -171.87 22 1734 528.68 -162.19 33 2094 636.37 -305.68 44 1787 728.45 -362.39 55 1918 566.52 -314.16 57 2237 514.41 -386.09 58 1502 576.45 -287.81
4.026408 1.099633 -12.774702
110 78 53
9 50 188 511.68 225.38 52 248 569.07 210.77 51 191 527.72 179.80 53 287 523.08 43.33 54 777 488.12 -80.48 0 1283 453.85 -164.54 56 711 387.57 -141.20 22 1730 362.46 -163.05 33 1727 459.71 -312.14
4.160208 1.041738 -12.747315
123 92 61
11 50 234 577.55 197.42 52 278 635.46 179.19 49 221 546.72 249.40 53 316 584.42 7.18 54 794 550.28 -119.84 0 1293 516.33 -205.43 11 1250 462.27 -215.82 22 1759 422.89 -206.76 33 1753 519.06 -355.88 44 1351 610.17 -410.82 55 1513 451.24 -357.53
4.176201 0.982530 -12.724999
125 92 59
13 50 1303 587.39 171.04 52 1395 641.88 148.99 51 901 601.17 122.81 49 1470 556.94 224.41 48 860 569.96 275.66 53 849 591.31 -21.34 54 1198 554.07 -151.95 0 1305 518.35 -238.50 11 1707 463.68 -248.07 22 2100 422.38 -240.74 33 1767 518.02 -387.24 44 1809 606.87 -438.16 55 1512 445.55 -382.13
3.113434 0.417707 -13.235280
168 110 97
8 50 943 66.63 -67.09 52 1033 98.86 -53.06 51 976 77.81 -91.66 49 1069 39.50 -51.84 53 417 59.91 -163.14 54 862 14.40 -249.18 0 1320 -68.26 -289.06 56 768 -89.75 -270.15
3.113434 0.417707 -13.235280
168 110 97
8 50 944 66.63 -67.09 52 1034 98.86 -53.06 51 977 77.81 -91.66 49 1068 39.50 -51.84 53 418 59.91 -163.14 54 861 14.40 -249.18 0 1321 -68.26 -289.06 56 767 -89.75 -270.15
3.122194 0.449861 -13.269085
138 70 71
7 50 942 69.94 -54.02 52 1032 103.15 -39.67 51 975 80.61 -77.88 53 899 64.96 -148.16 54 860 20.68 -232.32 0 1323 -61.39 -269.77 56 1080 -82.67 -252.33
3.386235 0.685735 -12.713308
148 119 88
6 50 893 205.26 51.19 52 992 251.97 43.93 49 995 175.58 95.87 53 883 201.73 -115.20 54 864 155.91 -236.19 0 1342 99.77 -322.39
1.838491 -0.030236 -13.437773
101 64 38
15 50 1446 -445.44 -214.24 52 1542 -419.48 -176.27 51 1430 -432.66 -225.27 48 1923 -476.52 -233.60 53 1372 -440.54 -253.00 47 1882 -417.46 -181.12 54 1264 -493.81 -317.50 0 1350 -631.12 -343.73 56 1111 -602.04 -317.32 11 1279 -670.52 -277.23 22 1754 -721.12 -220.90 33 1681 -691.74 -248.79 44 1688 -596.10 -224.79 55 1820 -674.68 -125.33 57 2085 -800.22 -124.05
2.817686 0.269256 -13.105447
142 73 58
14 50 1398 -62.18 -122.27 52 1505 -30.21 -108.16 51 1396 -49.45 -147.13 49 1596 -91.93 -106.99 48 1023 -71.06 -86.94 47 969 -22.03 -15.83 54 1268 -118.23 -310.23 0 1362 -209.68 -360.33 56 1119 -227.84 -333.95 11 1733 -260.40 -320.30 22 1781 -310.79 -281.09 33 1737 -263.86 -348.71 43 306 -113.44 145.29 45 874 -44.42 71.64
4.185232 1.683836 -13.252613
102 65 37
15 50 1549 535.04 429.32 52 1663 598.81 433.05 51 1532 552.77 395.64 49 1770 493.42 451.46 53 1474 574.82 302.76 54 1367 555.05 209.94 0 1442 529.21 169.26 56 1206 479.34 179.51 11 1873 505.91 176.00 22 2198 485.57 204.74 33 2235 622.53 91.04 44 2322 744.54 24.47 55 2393 595.97 46.34 57 2872 558.76 -11.10 58 1688 633.25 38.19
4.353157 1.712747 -13.301744
124 91 60
18 50 1180 597.39 430.58 52 1263 662.65 433.95 51 1175 614.86 397.02 49 1350 554.57 451.34 53 1095 640.79 306.62 54 1370 624.23 215.59 0 1444 599.63 176.50 56 1207 551.92 186.65 11 1874 579.77 184.19 22 1922 564.35 212.59 33 2230 710.08 103.27 44 2310 831.98 37.55 55 2397 682.74 57.24 57 3082 655.60 1.92 58 1965 721.47 47.91 59 2217 860.54 -72.29 1 1588 858.96 -164.64 2 1553 823.15 -231.60
4.659820 1.786510 -13.574703
66 40 25
3 50 1831 684.45 425.16 52 1265 743.77 431.80 51 1537 699.78 391.14
3.933482 1.582779 -13.152151
116 84 59
10 50 701 437.10 403.19 52 801 502.19 408.06 51 717 456.88 368.66 49 50 396.91 427.82 53 1109 471.33 272.32 54 1027 448.51 176.36 0 1454 417.48 129.51 56 1212 361.79 142.59 11 1885 386.15 134.81 22 1932 356.71 160.97
4.062007 1.573302 -13.161152
86 54 26
7 50 1191 491.03 395.31 52 1674 553.32 398.24 51 1541 508.85 360.67 49 1360 451.43 421.35 53 1485 525.60 262.75 0 1466 473.63 116.73 56 1465 420.07 130.03
3.889250 1.496252 -13.090501
113 83 55
10 50 1210 423.87 374.66 52 1285 484.49 377.38 49 1376 384.72 401.87 48 751 386.85 418.07 47 42 397.49 455.59 54 1392 425.39 136.67 0 1489 393.91 84.89 56 1229 336.97 99.05 11 1929 359.42 87.79 22 2228 326.40 111.01
4.134657 1.475841 -13.121775
80 46 19
13 50 723 523.80 357.92 52 1287 585.16 357.11 51 743 540.97 320.37 53 1151 554.10 216.07 54 1405 529.72 115.59 0 1490 500.04 60.80 56 1248 446.12 76.28 11 1930 467.72 62.26 22 2237 441.01 86.52 33 2295 564.21 -37.24 55 2447 525.44 -70.55 57 3124 477.37 -133.55 58 1989 554.54 -66.55
4.198795 1.501963 -13.122052
104 68 42
18 50 1215 552.06 366.75 52 1288 613.44 364.88 51 1200 569.04 329.17 49 805 512.97 396.42 53 1500 583.53 224.99 54 1406 560.74 122.37 0 1491 532.35 68.88 56 1249 479.50 83.36 11 2204 500.89 70.51 22 1985 476.58 91.64 33 2276 601.76 -33.24 44 2372 714.12 -98.99 55 2449 563.28 -69.49 57 2913 519.81 -133.47 58 2005 592.11 -68.23 59 2247 706.20 -188.72 1 1631 705.29 -263.63 2 1951 670.62 -317.90
4.276391 1.415266 -13.069501
89 55 28
12 50 1854 593.49 334.92 52 1696 654.32 328.71 51 1566 609.44 295.34 49 1805 555.70 367.92 48 1718 555.85 390.57 53 1524 620.98 183.07 54 1415 595.51 76.43 0 1514 563.61 16.47 56 1490 511.09 32.29 11 1951 529.35 14.88 22 1996 502.03 33.63 33 2003 624.57 -94.52
4.361014 1.337687 -13.025570
114 79 41
13 50 1595 632.74 303.93 52 1323 692.66 292.77 49 1416 596.19 340.69 48 1337 597.12 368.88 53 1539 657.14 143.26 54 1422 631.42 33.53 0 1527 600.58 -30.51 11 1612 562.26 -40.39 33 2316 657.32 -150.64 44 2111 760.76 -212.19 57 2631 559.46 -243.86 58 1764 626.85 -160.01 59 1631 730.35 -272.77
4.140145 1.294292 -12.956259
126 92 64
11 50 774 543.19 294.88 52 1322 602.72 286.56 51 796 559.17 253.97 53 1183 565.48 133.02 54 1438 536.39 20.68 0 1533 505.41 -48.12 56 1287 446.51 -29.45 11 1967 464.98 -52.16 22 2017 431.93 -35.70 33 2326 544.69 -173.99 55 2479 493.07 -197.26
4.226951 1.282310 -12.973668
100 64 34
9 50 1594 579.48 286.60 52 1721 639.15 276.45 51 1588 595.33 244.41 53 1538 601.40 124.78 54 1443 572.93 11.80 0 1535 541.35 -55.63 56 1303 484.11 -38.16 11 1968 501.54 -60.60 22 2029 470.41 -44.29
4.059562 1.183649 -12.852183
95 61 33
14 50 1608 519.02 256.19 52 1734 577.39 244.61 51 1596 534.60 214.52 53 1561 534.72 83.50 54 1658 502.28 -35.28 0 1556 469.46 -111.86 56 1509 405.87 -91.24 11 1992 422.59 -119.32 22 2047 385.02 -106.18 33 2345 488.39 -250.75 44 2420 587.64 -311.98 55 2210 430.85 -265.12 57 2658 367.80 -338.50 58 1492 447.34 -242.43
4.047652 1.148869 -12.811256
79 48 22
12 50 1277 518.18 243.68 52 1357 576.45 230.94 51 1265 534.73 199.46 53 1218 533.06 68.54 54 1159 500.26 -51.53 0 1565 465.27 -136.01 11 2004 416.37 -145.40 22 2056 377.32 -133.58 33 2083 477.56 -280.99 44 2166 576.26 -339.21 55 1913 417.28 -292.50 57 2669 352.96 -366.68
4.283911 1.154586 -12.858813
110 69 37
13 50 1620 621.08 236.38 52 1739 679.02 222.43 51 1598 636.04 193.00 53 1585 635.24 59.50 54 1461 604.51 -61.20 0 1567 570.56 -137.30 56 1324 510.86 -118.91 11 2005 524.30 -147.43 22 2058 490.14 -135.21 33 2354 595.32 -278.97 44 2620 689.70 -335.73 55 2489 530.64 -290.49 57 3163 476.26 -361.21
4.030262 1.073430 -12.768433
89 57 34
11 50 1880 513.46 213.05 52 1995 570.58 198.25 51 1607 529.53 168.11 49 1839 481.01 262.58 53 1807 523.32 30.54 54 1675 488.06 -93.63 0 1579 453.70 -177.63 56 1525 386.37 -154.81 11 2014 401.56 -186.39 22 2287 360.49 -175.92 33 2379 457.79 -325.08
4.246786 1.101327 -12.803307
99 63 31
15 50 1292 611.41 218.30 52 1743 669.29 201.41 51 1608 626.44 172.23 49 1453 578.25 267.53 48 1372 587.38 311.84 53 1587 623.07 34.25 54 1478 590.23 -89.90 0 1582 555.20 -171.89 56 1339 494.56 -149.04 11 2018 507.19 -180.36 44 2439 662.38 -374.96 55 2241 502.50 -325.31 57 2682 446.31 -397.26 58 1816 514.45 -295.36 59 2013 591.79 -404.89
4.282268 1.109033 -12.817562
146 108 71
9 50 1621 624.67 220.25 52 1744 682.37 202.37 51 1609 639.65 174.60 53 1588 636.85 36.23 0 1583 570.39 -167.43 56 1338 508.39 -147.87 11 2263 521.58 -178.45 33 2368 590.28 -311.86 55 2228 522.71 -319.98
4.586508 0.979562 -12.807012
76 42 16
9 50 1655 767.60 154.65 52 1768 820.09 129.64 51 1636 777.32 105.64 48 1772 750.09 258.54 53 1271 769.09 -39.83 47 1323 751.43 337.38 54 1507 734.27 -166.95 0 1607 692.74 -245.37 56 1375 640.10 -229.63
4.031934 1.761362 -13.290575
155 121 86
15 50 1165 467.57 457.57 52 1246 532.40 467.67 51 1160 486.33 426.46 49 755 424.71 474.85 53 1466 511.10 342.79 54 1347 490.95 255.11 0 1699 465.49 220.93 56 1181 413.49 229.93 11 2149 442.55 231.55 22 2181 420.53 263.94 33 2452 558.82 154.80 44 2533 683.76 86.16 55 2586 537.59 106.29 57 3070 494.89 51.66 58 2132 579.76 93.84
4.192491 1.756230 -13.303975
145 106 73
16 50 666 535.34 451.56 52 1247 600.27 458.94 51 1161 552.66 419.26 49 757 493.18 470.07 53 1468 576.94 333.06 54 1357 559.15 244.51 0 1704 534.72 208.81 56 1443 486.27 218.91 11 2159 513.75 217.75 22 2188 495.35 248.42 33 2454 638.56 140.57 44 2298 761.83 72.13 55 2379 614.99 91.92 57 2844 580.47 37.34 58 1956 654.45 79.20 59 2208 793.87 -44.12
4.243893 1.772437 -13.333509
145 109 73
13 50 668 548.12 452.70 52 1250 613.70 459.81 51 1163 566.44 420.38 49 760 505.00 470.36 53 1079 593.27 335.97 54 1358 577.15 248.60 0 1705 554.09 214.16 56 1184 505.83 224.39 11 2152 535.83 224.85 22 2183 519.34 256.51 33 2455 666.57 150.69 44 2534 793.41 84.12 55 2587 646.44 102.52
3.978938 1.590687 -13.160130
74 45 18
11 50 705 458.22 404.87 52 806 519.38 408.52 51 719 475.72 369.98 49 786 417.97 428.95 48 749 415.82 440.85 53 1483 490.76 273.63 54 1614 467.15 178.32 0 1721 437.15 131.71 56 1463 382.86 144.81 11 1886 406.76 134.76 22 2204 378.59 161.84
3.997551 1.639777 -13.188886
135 102 71
17 50 1547 461.03 422.09 52 1944 525.11 428.08 51 1530 479.67 388.60 49 1767 419.27 445.11 53 1754 499.33 294.26 54 1602 476.27 199.99 0 1722 449.38 153.86 56 1450 395.14 167.69 11 2171 421.29 160.27 22 2206 395.19 187.09 33 2465 522.95 68.21 44 2546 642.59 -0.79 55 2409 494.24 24.63 57 3088 444.42 -35.04 58 1973 530.32 18.98 59 2224 651.10 -106.60 1 1852 659.81 -195.77
4.328398 1.648261 -13.245944
124 93 64
19 50 1562 594.06 410.78 52 1668 657.91 412.24 51 1544 610.86 375.77 49 1366 551.58 434.72 53 1489 633.86 280.37 54 1617 615.08 185.48 0 1725 590.00 143.47 56 1466 541.19 154.16 11 2189 567.08 148.30 22 2210 548.57 174.18 33 2470 689.86 60.48 44 2560 808.61 -5.25 55 2610 658.46 16.68 57 3097 626.30 -41.95 58 2157 691.91 9.29 59 2447 823.12 -111.55 1 1870 819.07 -199.74 2 2158 783.22 -262.32 3 1722 725.77 -342.41
4.106801 1.526297 -13.144401
93 62 33
19 50 1570 512.57 377.18 52 1685 574.05 377.76 51 1556 529.66 340.93 49 1790 473.47 405.09 48 1703 471.95 420.01 53 1773 544.47 239.54 54 1625 520.62 140.47 0 1739 491.35 90.89 56 1476 438.19 103.66 11 2198 460.76 93.41 22 2386 433.74 116.99 33 2492 558.21 -4.97 44 2573 671.79 -70.72 55 2622 521.96 -42.16 57 3115 473.51 -105.22 58 2169 552.36 -41.49 59 2453 664.79 -161.56 1 1872 667.85 -241.11 2 2161 634.65 -297.24
4.223788 1.512198 -13.133456
134 99 71
11 50 1216 561.58 369.49 52 1687 624.19 367.82 51 1203 578.70 332.35 49 1381 521.82 398.85 48 760 519.54 415.43 53 1501 594.96 227.69 54 1397 571.93 126.62 0 1742 544.00 73.95 56 1250 491.29 88.03 11 2206 514.13 74.74 22 2229 489.46 96.59
4.013720 1.385860 -13.016122
104 70 42
16 50 1579 482.83 332.57 52 1694 543.03 329.64 51 1562 499.81 294.03 49 1798 445.39 366.91 48 1712 447.80 390.94 53 1523 508.71 181.17 47 729 456.80 436.47 54 1636 480.51 74.21 0 1759 448.99 12.28 56 1489 391.36 29.66 11 2218 411.37 11.01 22 2242 378.18 30.10 33 2309 491.26 -103.46 57 2924 389.63 -198.94 1 1638 575.78 -308.77 2 1971 543.13 -356.43
4.012359 1.386018 -13.010202
104 70 42
12 50 1578 482.83 332.57 52 1693 543.03 329.64 51 1561 499.81 294.03 49 1799 445.39 366.91 48 1711 447.80 390.94 53 1522 508.71 181.17 47 730 456.80 436.47 54 1635 480.51 74.21 0 1760 448.99 12.28 56 1488 391.36 29.66 11 2219 411.37 11.01 22 2243 378.18 30.10
4.288409 1.389188 -13.065514
128 93 61
16 50 1582 598.10 323.04 52 1697 658.02 316.66 51 1579 613.76 283.12 49 1806 560.87 356.84 48 1323 561.40 381.18 53 1525 623.82 170.21 54 1639 598.53 63.77 0 1761 567.24 4.47 56 1495 514.19 18.91 11 2220 533.52 3.07 22 2247 506.53 21.21 33 2310 628.03 -107.23 44 2391 734.05 -169.30 55 2465 579.02 -136.04 57 2925 534.63 -201.70 58 1754 601.85 -127.69
3.080035 1.112564 -13.240570
160 116 79
11 50 205 67.81 218.34 52 900 113.45 234.50 51 835 83.99 192.55 53 1194 80.87 116.22 54 1097 40.60 31.63 0 1767 -29.77 -5.87 56 1273 -61.49 9.46 11 2216 -73.89 18.77 22 2241 -121.45 54.59 33 2499 -53.91 -37.34 44 2570 48.64 -74.99
4.134690 1.319986 -12.978074
92 58 30
17 50 1592 537.83 304.73 52 1707 597.65 296.90 51 1577 554.28 263.32 49 1816 501.54 341.95 48 1333 504.56 369.52 53 1789 561.14 145.33 47 731 511.65 420.70 54 1647 532.75 34.04 0 1768 502.27 -32.40 56 1502 444.00 -14.39 11 2224 462.77 -35.89 22 2418 431.20 -19.41 33 2516 544.21 -155.33 44 2596 650.82 -217.96 57 3145 442.38 -248.12 58 2026 518.26 -165.55 59 2269 613.33 -283.38
3.877649 1.257504 -12.909355
106 79 50
10 50 1589 432.53 288.97 52 1705 490.73 284.65 51 1583 449.13 249.41 0 1778 384.21 -53.86 22 2257 300.40 -42.23 33 2324 402.30 -184.13 44 2407 506.10 -246.58 57 3147 284.10 -273.43 58 2021 378.17 -183.92 59 2274 461.09 -300.57
4.034447 1.240752 -12.902174
86 52 25
9 50 789 500.96 278.60 52 1334 560.02 269.76 51 1242 517.50 236.23 53 1551 519.90 112.73 0 1785 456.93 -75.00 56 1504 395.33 -54.19 11 2418 413.66 -79.95 22 2424 377.91 -65.42 33 2526 484.65 -206.90
3.364064 1.034325 -12.769883
122 105 75
12 50 1873 200.02 210.88 52 1991 254.41 207.95 51 1856 219.38 170.29 49 2099 165.89 252.52 48 2023 180.43 290.51 53 1568 211.23 47.51 47 1975 210.98 356.99 54 1469 168.90 -70.10 0 1795 120.39 -150.30 56 1315 57.35 -122.62 11 2249 65.63 -149.55 22 2275 13.12 -132.72
3.945522 1.118004 -12.777813
78 48 24
15 50 1276 472.55 235.22 52 1733 529.51 222.31 49 1444 439.01 282.78 48 823 448.54 324.67 53 1576 483.27 55.18 54 1458 450.22 -66.99 0 1798 416.68 -150.68 56 1514 348.83 -126.55 11 2252 366.55 -158.58 22 2277 325.27 -147.10 33 2365 423.35 -297.00 44 2436 521.06 -356.96 55 2498 362.65 -307.01 57 2963 293.34 -382.41 58 2043 382.19 -277.08
4.019806 1.146186 -12.799351
136 103 72
9 50 1869 506.37 245.02 52 1990 564.23 232.41 51 1850 522.69 200.10 49 1825 472.72 291.04 48 1741 481.59 331.62 53 1803 520.08 67.22 54 1663 486.72 -54.30 0 1799 452.90 -138.51 11 2253 403.17 -147.25
4.485608 1.149240 -12.865518
145 107 71
9 50 1284 711.62 230.70 52 1745 769.68 210.39 51 1611 725.55 182.93 49 1456 679.10 278.64 48 1353 683.33 320.64 53 1590 726.09 46.60 54 1481 696.28 -76.46 0 1801 661.55 -153.05 22 2280 585.79 -153.60
4.572662 1.097071 -12.839094
127 89 53
15 50 1295 757.02 207.17 52 1383 813.65 184.27 51 1281 769.85 158.73 49 910 727.60 257.69 53 1603 766.66 16.59 54 1493 736.47 -108.34 0 1809 698.24 -187.20 56 1348 646.38 -169.39 11 2028 652.48 -197.58 22 2291 620.30 -189.43 33 2380 728.22 -329.99 44 2442 815.19 -382.88 55 2511 651.24 -337.50 57 2978 606.30 -407.39 58 1819 656.41 -309.58
4.139860 0.973709 -12.723494
81 48 18
17 50 1640 568.56 166.74 52 1764 623.76 147.33 51 1631 582.99 118.95 49 1846 538.45 220.01 48 1767 550.76 269.86 53 1609 573.65 -24.34 47 1305 562.39 348.53 54 1696 537.63 -152.26 0 1826 501.12 -239.36 56 1540 435.06 -216.42 11 2273 446.40 -248.70 22 2312 405.44 -239.36 33 2387 497.92 -387.78 44 2201 587.31 -439.44 55 1938 425.93 -383.40 57 2291 361.41 -456.12 58 1521 437.32 -343.64
4.141998 0.973565 -12.728839
81 48 18
11 50 1641 568.56 166.74 52 1765 623.76 147.33 51 1632 582.99 118.95 49 1847 538.45 220.01 48 1768 550.76 269.86 53 1610 573.65 -24.34 54 1697 537.63 -152.26 0 1827 501.12 -239.36 56 1541 435.06 -216.42 11 2274 446.40 -248.70 22 2313 405.44 -239.36
4.584347 1.012441 -12.811205
125 84 52
17 50 1893 766.56 170.00 52 2023 819.55 146.17 51 1879 777.62 120.62 49 2119 737.52 223.35 48 2040 746.72 272.36 53 1828 770.38 -23.28 47 1719 747.44 348.77 54 1699 737.94 -152.38 0 1829 697.56 -231.47 56 1543 644.10 -214.73 11 2276 647.30 -241.19 22 2315 613.94 -232.66 33 2389 716.08 -371.48 44 2454 800.03 -418.60 55 2259 636.14 -369.35 57 2694 588.94 -436.94 58 1827 639.21 -334.50
4.546588 0.949128 -12.796415
79 45 21
10 50 1903 749.01 141.71 52 2029 802.01 117.33 51 1877 759.91 93.02 49 2126 722.10 195.66 53 1832 750.78 -51.88 54 1709 715.38 -179.65 0 1830 673.82 -259.06 56 1550 619.31 -242.08 11 2291 620.66 -268.42 22 2314 585.13 -259.39
4.472583 0.925334 -12.773162
122 87 57
12 50 2097 718.18 133.62 52 2229 770.29 109.62 51 2076 728.93 85.17 49 2328 690.24 188.21 48 2050 703.02 240.54 53 2026 718.38 -60.49 47 1991 708.54 321.29 54 1858 682.91 -188.79 0 1837 641.54 -269.36 56 1716 584.93 -252.00 11 2457 587.00 -279.77 22 2462 549.45 -271.88
2.908231 0.364266 -13.188004
132 62 55
11 50 1953 -20.02 -84.60 52 2072 12.25 -68.53 51 1932 -7.71 -108.13 49 2188 -48.27 -70.00 48 2118 -27.68 -53.26 53 1864 -25.61 -178.25 47 1811 17.87 12.37 54 1731 -73.78 -264.90 0 1842 -162.84 -309.28 56 1552 -181.72 -286.69 11 2282 -210.81 -270.48
3.980404 0.861936 -12.668574
101 71 43
14 50 1909 497.87 121.67 52 2228 550.81 101.85 51 1884 512.44 73.59 49 2327 470.40 176.92 48 2048 487.63 231.57 53 1838 496.03 -72.00 47 1989 505.33 316.93 54 1718 455.23 -202.03 0 1846 415.27 -293.94 56 1554 346.57 -267.00 11 2301 355.07 -300.36 22 2323 308.81 -290.51 43 2162 366.34 505.40 45 1887 454.32 428.30
3.955998 0.796921 -12.675495
45 31 16
12 50 2108 483.01 90.60 52 2236 533.98 71.97 51 2083 497.19 43.67 49 2334 456.32 145.17 48 2268 475.79 200.33 53 2035 478.93 -99.63 47 2178 495.55 287.83 54 1726 437.29 -229.02 0 1847 395.95 -319.02 56 1567 327.80 -293.18 43 2370 358.49 483.46 45 2150 447.67 403.57
1.563196 -0.044546 -13.438551
129 91 70
11 50 2168 -551.28 -215.69 52 2297 -525.81 -173.03 51 2140 -538.91 -224.53 53 1881 -544.89 -245.83 54 1739 -600.13 -307.66 0 1854 -751.13 -333.96 56 1556 -709.80 -304.80 11 2045 -788.96 -263.53 22 2076 -841.38 -204.97 33 2063 -817.35 -233.16 44 2096 -718.50 -210.24
1.888132 -0.006737 -13.463362
176 137 111
22 50 1987 -423.63 -206.30 52 2108 -396.39 -167.67 51 1736 -410.53 -216.62 49 2218 -462.52 -217.01 48 2155 -452.63 -224.93 53 1682 -418.52 -244.48 47 1883 -394.75 -173.94 54 1741 -470.78 -307.46 0 1858 -606.29 -332.41 56 1559 -578.21 -307.06 11 2279 -646.29 -266.17 22 2295 -696.47 -209.57 33 2528 -666.51 -237.58 44 2393 -572.00 -214.66 55 2452 -651.25 -115.56 57 3109 -774.76 -112.68 58 1976 -570.51 -8.64 59 2416 -600.39 -5.79 1 1792 -557.89 -14.44 43 1643 -484.81 -67.59 45 1757 -423.19 -128.13 46 613 -389.46 -0.51
2.793976 0.284018 -13.114007
202 143 125
16 50 1725 -71.74 -115.60 52 2084 -39.59 -100.67 51 1943 -59.15 -140.25 49 2196 -101.83 -99.95 48 2128 -81.05 -80.00 53 1875 -77.66 -213.05 47 1822 -31.91 -10.05 54 1744 -127.35 -301.77 0 1859 -219.71 -351.56 56 1573 -237.04 -325.40 11 2295 -268.78 -311.07 22 2317 -319.03 -271.91 33 2373 -272.04 -339.63 43 1956 -124.27 147.17 45 1679 -55.59 74.07 46 563 -26.63 180.97
4.156722 1.750325 -13.295547
107 73 38
16 50 1537 518.88 450.55 52 1658 583.41 458.32 51 1521 537.10 418.35 53 1748 561.75 331.75 54 1599 543.26 243.38 0 1912 518.08 206.51 56 1618 469.25 217.09 11 2342 497.53 216.45 22 2364 478.25 246.67 33 2608 618.70 138.37 44 2686 743.49 69.95 57 3242 561.73 34.93 58 2139 637.98 78.14 59 2430 776.54 -46.56 1 2065 781.84 -143.63 2 2354 750.09 -215.05
3.871587 1.629606 -13.171106
139 106 76
17 50 1546 408.96 421.16 52 1662 472.11 428.60 51 1529 428.47 387.83 49 1344 367.28 443.59 48 727 364.69 451.80 53 1753 445.47 295.33 54 1601 421.73 201.69 0 1917 392.38 157.88 56 1624 337.45 170.22 33 2619 456.14 71.47 44 2697 575.75 1.28 55 2745 428.96 27.73 57 3254 371.03 -33.25 58 2285 466.68 22.20 59 2613 580.40 -105.55 1 2074 592.52 -195.25 2 2365 563.38 -260.00
4.091201 1.665176 -13.227624
134 99 70
14 50 1828 497.60 425.59 52 1945 561.51 430.85 51 1807 516.08 391.86 49 2062 456.35 447.87 53 1755 536.35 300.07 54 1792 515.47 206.63 0 1919 489.17 164.73 56 1626 436.69 176.47 22 2504 440.28 199.59 33 2620 573.27 84.06 44 2699 694.24 16.84 55 2742 545.73 39.84 57 3256 502.37 -18.47 58 2280 582.37 32.04
4.149949 1.709548 -13.265555
142 107 75
20 50 1829 518.25 437.69 52 1947 583.29 443.62 51 1806 536.01 404.86 49 1768 475.05 458.30 48 1277 468.33 463.25 53 1953 560.69 315.25 54 1786 541.98 224.25 0 1920 516.83 185.49 56 1619 466.18 196.12 11 2504 493.70 193.57 22 2498 473.39 222.67 33 2616 611.29 110.72 44 2823 733.39 43.78 55 2733 586.47 65.09 57 3369 547.67 8.00 58 2281 624.03 54.94 59 2608 756.00 -69.19 1 2244 759.51 -163.54 2 2360 725.86 -232.60 3 1939 669.93 -322.81
4.288302 1.667973 -13.255010
89 55 27
14 50 1554 578.89 419.97 52 1667 642.49 422.57 51 1536 595.04 385.43 49 1363 536.97 442.98 53 1758 618.37 291.43 54 1794 598.49 198.30 0 1921 572.47 156.13 56 1628 524.47 166.85 11 2345 550.31 161.13 33 2623 670.71 74.78 44 2702 790.50 8.83 55 2743 640.82 30.48 57 3258 608.36 -27.23 58 2287 676.20 22.96
4.153827 1.620005 -13.199354
132 97 70
17 50 1837 527.39 409.59 52 1955 590.79 412.05 51 1817 544.63 374.22 53 1762 563.89 277.52 54 1615 542.52 181.93 0 1924 515.23 136.61 56 1632 463.15 148.78 11 2349 488.84 141.11 22 2509 465.24 167.32 33 2629 597.46 48.04 44 2710 716.40 -19.21 55 2747 566.29 5.68 57 3263 524.42 -54.80 58 2155 600.55 0.52 59 2443 725.29 -122.41 1 2084 728.58 -208.86 2 2156 695.56 -270.90
3.951733 1.532415 -13.120317
80 50 26
20 50 1557 449.65 385.42 52 1953 510.67 388.44 51 1816 467.38 350.35 49 1776 410.43 411.99 48 1291 411.46 426.47 53 1769 480.05 250.61 47 707 420.65 462.11 54 1801 454.38 151.49 0 1932 423.30 100.91 56 1636 368.51 114.99 11 2519 390.30 104.55 22 2517 359.92 129.10 33 2752 478.83 4.12 44 2838 594.18 -63.84 55 2853 446.60 -34.17 57 3381 390.48 -97.91 58 2291 479.78 -34.65 59 2619 588.10 -158.97 1 2254 596.00 -239.04 2 2518 565.63 -296.84
3.819052 1.500229 -13.081308
113 83 59
15 50 1844 394.50 378.54 52 1951 455.85 382.26 51 1820 413.23 342.94 49 1786 356.46 406.13 48 1698 358.03 421.93 53 1766 423.41 241.99 54 1800 395.59 142.51 0 1940 364.19 90.29 56 1634 305.66 105.14 11 2356 327.92 93.79 22 2382 293.37 117.60 33 2642 406.01 -11.31 44 2726 520.37 -79.82 55 2763 372.45 -47.32 57 3274 307.05 -113.06
3.941362 1.494991 -13.091180
132 102 74
21 50 1845 444.87 372.81 52 1958 506.56 374.84 51 1822 463.28 336.84 49 1789 405.80 401.54 48 1699 406.22 417.66 53 1768 475.76 234.01 47 706 415.09 456.15 54 1802 449.82 133.59 0 1941 419.55 79.56 56 1637 362.66 95.07 11 2367 385.36 82.13 33 2644 471.28 -22.93 44 2727 584.33 -90.11 55 2764 435.16 -58.24 57 3275 376.97 -123.20 58 2168 466.21 -55.71 59 2462 570.09 -179.28 1 2086 578.58 -256.60 2 2160 547.39 -312.13 3 1730 498.05 -380.28 4 870 554.04 -431.06
4.143438 1.520217 -13.133215
139 107 78
9 50 1846 526.60 374.80 52 1959 589.50 374.55 51 1823 543.75 337.95 53 1971 560.57 235.31 54 1803 537.27 135.18 0 1943 508.60 82.60 56 1642 454.42 96.99 22 2524 453.24 108.01 33 2646 577.92 -16.70
4.293547 1.512148 -13.137943
135 100 70
8 50 1849 590.86 367.91 52 1960 652.98 364.81 51 1826 607.54 329.94 53 1973 624.32 224.55 54 1810 601.97 123.16 0 1947 574.61 69.26 56 1652 522.77 83.82 22 2531 522.59 91.02
4.193816 1.433069 -13.070841
96 62 35
16 50 1853 554.98 343.59 52 1969 616.45 339.21 51 1831 572.19 304.43 49 2083 517.00 376.32 48 1714 517.37 397.58 53 1982 584.96 193.50 54 1815 559.58 88.40 0 1954 529.63 30.56 56 1777 475.55 45.72 11 2533 495.65 29.58 22 2534 468.06 49.27 33 2761 589.61 -79.55 44 2851 698.85 -144.34 55 2864 546.19 -111.81 57 3391 499.34 -177.27 58 2302 571.91 -106.03
4.101374 1.340411 -12.988513
133 100 70
