# Bundle file v0.3
46 19076
0 0 0
0 0 0
0 0 0
0 0 0
0 0 0
0 0 0
0 0 0
0 0 0
0 0 0
0 0 0
0 0 0
0 0 0
0 0 0
0 0 0
0 0 0
0 0 0
0 0 0
0 0 0
0 0 0
0 0 0
1.1730737766e+003 1.0954314815e-001 -2.4900918347e-001
6.3225872658e-001 -6.5313823901e-001 -4.1672454141e-001
4.7068230177e-001 -1.0342293699e-001 8.7622021599e-001
-6.1539180484e-001 -7.5014274432e-001 2.4203055527e-001
-4.1712433051e+000 1.0670376811e+001 -8.2417563432e+000
1.1704947657e+003 9.4243891149e-002 -2.4437298998e-001
6.6278105646e-001 -6.4964478323e-001 -3.7240156662e-001
4.8591214562e-001 -5.2683296248e-003 8.7399177996e-001
-5.6974613465e-001 -7.6021963953e-001 3.1217854144e-001
-4.1427308051e+000 9.9889873587e+000 -8.4119905148e+000
1.1689531024e+003 8.6855808533e-002 -2.2307285501e-001
6.8447251392e-001 -6.4278598548e-001 -3.4398191023e-001
4.8613525175e-001 5.0801407928e-002 8.7240571637e-001
-5.4329540279e-001 -7.6435946637e-001 3.4725309427e-001
-3.7497684784e+000 1.0271116913e+001 -7.9406616004e+000
1.1671905492e+003 7.3615090401e-002 -1.9019612626e-001
7.0954677892e-001 -6.3541421898e-001 -3.0461802121e-001
4.8028780774e-001 1.1977334829e-001 8.6889468106e-001
-5.1562291479e-001 -7.6282574377e-001 3.9016649573e-001
-3.2831947052e+000 1.0034482152e+001 -6.9999642612e+000
1.1680259603e+003 8.5924420846e-002 -2.0187460570e-001
7.3274378776e-001 -6.2499812770e-001 -2.6919116232e-001
4.8152362345e-001 1.9667667760e-001 8.5408037359e-001
-4.8085501096e-001 -7.5544399187e-001 4.4506497681e-001
-2.7374105508e+000 9.9155023853e+000 -6.3960536935e+000
1.1781907523e+003 6.9006995854e-002 -1.6992238717e-001
7.5371693088e-001 -6.1184051933e-001 -2.3992075151e-001
4.8011730909e-001 2.6333696420e-001 8.3674429356e-001
-4.4877406077e-001 -7.4585844648e-001 4.9223675217e-001
-2.3296066086e+000 9.5437962646e+000 -6.0907024244e+000
1.1739410284e+003 6.4247051216e-002 -1.5933535821e-001
7.7301657516e-001 -6.0018202473e-001 -2.0549187751e-001
4.7504967443e-001 3.3296885089e-001 8.1453026412e-001
-4.2044402880e-001 -7.2726424464e-001 5.4250671620e-001
-2.3980018978e+000 9.1541638951e+000 -5.9622792176e+000
0 0 0
0 0 0
0 0 0
0 0 0
0 0 0
1.1558877496e+003 8.6548967962e-002 -1.8792446727e-001
8.0394452712e-001 -5.6740117131e-001 -1.7812666311e-001
4.6312369420e-001 4.0942415101e-001 7.8605871819e-001
-3.7308127960e-001 -7.1444228274e-001 5.9193123203e-001
-2.0181970155e+000 9.0304938765e+000 -5.5608050312e+000
1.1581011786e+003 7.3554891907e-002 -1.6613827252e-001
8.2849519502e-001 -5.4144879751e-001 -1.4292974328e-001
4.4493851882e-001 4.8148777663e-001 7.5511537888e-001
-3.4003738957e-001 -6.8920441136e-001 6.3982173538e-001
-1.3657281277e+000 8.7041597773e+000 -4.5115335234e+000
1.1635010174e+003 7.2275854039e-002 -1.6953516690e-001
8.4317644702e-001 -5.2236548625e-001 -1.2723119885e-001
4.3593403887e-001 5.2575091133e-001 7.3044335372e-001
-3.1466647889e-001 -6.7135704213e-001 6.7101768162e-001
-1.0623603713e+000 8.2486041376e+000 -4.3691385788e+000
1.1529200666e+003 8.8833976245e-002 -1.9289944721e-001
8.6161486255e-001 -4.9743584414e-001 -1.0088314824e-001
4.1770767269e-001 5.8202058933e-001 6.9769071499e-001
-2.8834030036e-001 -6.4328035456e-001 7.0926035884e-001
-9.0194143906e-001 7.7085646952e+000 -3.9337840135e+000
1.1598252033e+003 6.9472279489e-002 -1.5583297389e-001
8.8286574570e-001 -4.6518893073e-001 -6.4399796542e-002
3.9388740293e-001 6.5881317214e-001 6.4095079220e-001
-2.5573577943e-001 -5.9123976772e-001 7.6487564230e-001
-4.0422473602e-001 7.5371290190e+000 -3.1590505181e+000
1.1633968142e+003 6.4012909831e-002 -1.5473031136e-001
8.9631345575e-001 -4.4080089747e-001 -4.8132710668e-002
3.7669830440e-001 6.9967941547e-001 6.0708080437e-001
-2.3392429654e-001 -5.6226620418e-001 7.9318102545e-001
2.5807849425e-002 6.6150218753e+000 -2.7127581181e+000
1.1601521964e+003 7.8502492317e-002 -1.8011119680e-001
9.1830757861e-001 -3.9511613818e-001 -2.4380902535e-002
3.4145924060e-001 7.5942977105e-001 5.5377974850e-001
-2.0029173240e-001 -5.1686522440e-001 8.3230617067e-001
1.7189239145e-001 5.7726158151e+000 -2.5774563344e+000
1.1555234649e+003 8.5779845510e-002 -1.8332163786e-001
9.3130477048e-001 -3.6384431330e-001 -1.6992356176e-002
3.3127802823e-001 8.2670896257e-001 4.5476055152e-001
-1.5141430744e-001 -4.2914986531e-001 8.9045162733e-001
4.7941535944e-001 5.2134578991e+000 -2.1825559858e+000
1.1616224593e+003 7.6512008589e-002 -1.6515197634e-001
9.4578582215e-001 -3.2472498614e-001 -6.5469067260e-003
3.0055384607e-001 8.6738926393e-001 3.9661473805e-001
-1.2311199871e-001 -3.7708029410e-001 9.1796181161e-001
6.3970617927e-001 4.6389278534e+000 -1.8697893492e+000
1.1483551869e+003 9.5863031710e-002 -1.9128723608e-001
9.5932925850e-001 -2.8224941863e-001 4.7580949964e-003
2.6330742430e-001 9.0077008657e-001 3.4537291650e-001
-1.0176725454e-001 -3.3007350216e-001 9.3845346666e-001
3.9099539967e-001 3.6208187638e+000 -1.8383166558e+000
0 0 0
0 0 0
0 0 0
0 0 0
0 0 0
1.1573620728e+003 7.5391136415e-002 -1.5083594104e-001
9.7004091272e-001 -2.4289094459e-001 4.9615197694e-003
2.3126033723e-001 9.2946277758e-001 2.8743277740e-001
-7.4426366755e-002 -2.7767415100e-001 9.5778796286e-001
7.6388934135e-001 3.3411027402e+000 -1.4555245459e+000
1.1436366843e+003 1.0672812631e-001 -2.2303954614e-001
9.7928441327e-001 -2.0138445458e-001 2.1126745430e-002
1.9118526830e-001 9.5394090412e-001 2.3118162693e-001
-6.6710052484e-002 -2.2235344140e-001 9.7268119957e-001
6.1014147173e-001 2.5630394275e+000 -1.4237932442e+000
1.1468475269e+003 1.0177129495e-001 -2.1418232399e-001
9.8609069822e-001 -1.6556522457e-001 1.4604495561e-002
1.6035661652e-001 9.7080472688e-001 1.7839265067e-001
-4.3713732595e-002 -1.7356940596e-001 9.8385099019e-001
4.9367948719e-001 1.8965775395e+000 -2.0946707212e+000
1.1496947874e+003 7.6559040304e-002 -1.3568259950e-001
9.9181827524e-001 -1.2729550606e-001 9.6105688173e-003
1.2494502754e-001 9.8342467917e-001 1.3139497897e-001
-2.6177260897e-002 -1.2911914863e-001 9.9128350963e-001
4.2801382623e-001 1.5214962734e+000 -1.7188181430e+000
1.1509421955e+003 7.4719005004e-002 -1.4912234780e-001
9.9592637535e-001 -9.0085188935e-002 -3.9132618954e-003
9.0009207633e-002 9.9062043517e-001 1.0280805401e-001
-5.3849257682e-003 -1.0274148219e-001 9.9469351582e-001
4.3287128773e-001 1.0319260201e+000 -1.2533860631e+000
1.1517986041e+003 6.7994104811e-002 -1.0090471474e-001
9.9922438894e-001 -3.9162114560e-002 -4.1169564710e-003
3.9227949896e-002 9.9907953098e-001 1.7356806552e-002
3.4334376935e-003 -1.7504844183e-002 9.9984088331e-001
2.6747443330e-001 1.7394485844e-001 -1.6762521127e+000
1.1487110719e+003 9.1059251181e-002 -1.7501175930e-001
9.9994085022e-001 -1.0006128765e-002 -4.2630319511e-003
9.9703148138e-003 9.9991550614e-001 -8.3410674624e-003
4.3461335462e-003 8.2980703195e-003 9.9995612561e-001
8.7363188488e-002 -1.3994679854e-001 -1.5915231097e+000
1.1539708782e+003 7.0589377935e-002 -1.3041330129e-001
9.9918792944e-001 3.5536810094e-002 -1.8989913086e-002
-3.6580389020e-002 9.9765951470e-001 -5.7769956386e-002
1.6892507504e-002 5.8417701513e-002 9.9814929512e-001
-4.6520800706e-002 -4.3766539663e-001 -1.3346372790e+000
1.1603640481e+003 5.0391999606e-002 -8.1372757358e-002
9.9712173232e-001 7.2352689628e-002 -2.2656990796e-002
-7.4499840653e-002 9.9048932945e-001 -1.1567481135e-001
1.4072123897e-002 1.1702981048e-001 9.9302869988e-001
-4.6396234847e-002 -1.0558093155e+000 -1.2693220080e+000
1.1400613559e+003 7.3785315980e-002 -1.4072706383e-001
9.9314742893e-001 1.1374482568e-001 -2.6838387327e-002
-1.1686669260e-001 9.6777182734e-001 -2.2306919636e-001
6.0046829144e-004 2.2467711241e-001 9.7443308369e-001
-3.6716097730e-001 -2.4839488140e+000 -9.6838538855e-001
0 0 0
0 0 0
0 0 0
0 0 0
0 0 0
1.1388285546e+003 7.2492492355e-002 -1.3803895943e-001
9.8647849790e-001 1.5966121604e-001 -3.6992827319e-002
-1.6359402480e-001 9.4570468181e-001 -2.8085521154e-001
-9.8573946160e-003 2.8310943272e-001 9.5903695491e-001
-3.7851482298e-001 -2.8774441244e+000 -1.2863717610e+000
1.1459188194e+003 5.6162617875e-002 -7.3805300000e-002
9.8026661287e-001 1.9546165272e-001 -2.9531508613e-002
-1.9437734824e-001 9.2587948507e-001 -3.2398244647e-001
-3.5983526452e-002 3.2332943176e-001 9.4560206450e-001
-6.4533984185e-001 -3.7355986205e+000 -1.5700057065e+000
1.1561025247e+003 3.3120734451e-002 -7.9308755230e-003
9.7129538992e-001 2.3524240089e-001 -3.5302667645e-002
-2.2994235266e-001 8.9049158435e-001 -3.9262100383e-001
-6.0924379140e-002 3.8946854946e-001 9.1902256175e-001
-7.3330750386e-001 -4.4492846647e+000 -1.9610955892e+000
1.1464837111e+003 7.1652125056e-002 -1.3283539213e-001
9.6640565175e-001 2.5325965455e-001 -4.3813966385e-002
-2.4547922335e-001 8.5898473759e-001 -4.4931633788e-001
-7.6158172096e-002 4.4497726679e-001 8.9229768848e-001
-6.9576209560e-001 -5.1887432435e+000 -1.8980252244e+000
1.1565595127e+003 4.2087590981e-002 -5.4001037466e-002
9.5224554865e-001 2.9969537789e-001 -5.8404585020e-002
-2.8253014607e-001 7.9232660172e-001 -5.4073586230e-001
-1.1578053221e-001 5.3141437380e-001 8.3916245845e-001
-9.5856373204e-001 -6.3511997907e+000 -2.1519202454e+000
1.1590322651e+003 3.2809346993e-002 -2.6334673068e-002
9.4234883069e-001 3.2630115328e-001 -7.4204034048e-002
-3.0243512736e-001 7.3557040033e-001 -6.0619236213e-001
-1.4321897584e-001 5.9368657011e-001 7.9184883749e-001
-1.1254129688e+000 -7.5924790191e+000 -2.8858225304e+000
0 0 0
0 0 0
0 0 0
0 0 0
0 0 0
0 0 0
0 0 0
0 0 0
0 0 0
0 0 0
0 0 0
0 0 0
0 0 0
0 0 0
0 0 0
0 0 0
0 0 0
0 0 0
0 0 0
0 0 0
0 0 0
0 0 0
0 0 0
0 0 0
0 0 0
0 0 0
0 0 0
0 0 0
0 0 0
0 0 0
4.9027167436e+000 -2.5338013222e+000 -1.1618111241e+001
148 134 118
22 29 1194 445.6600 -222.4100 31 1208 440.8000 -232.3000 28 1090 466.5601 -208.1500 25 1964 487.1100 -162.0100 26 1119 489.9399 -167.8500 27 1179 515.7600 -206.1800 32 1133 405.0699 -261.3500 21 1954 539.2100 -130.0900 23 1998 579.8000 -116.2600 24 1808 526.8101 -148.6700 20 1493 594.7300 -66.3600 18 1595 585.2500 -89.4000 16 1776 579.5000 34.8600 17 1703 612.4500 -36.4700 14 1632 573.5601 55.4000 12 1555 508.8700 105.8900 10 1279 501.6000 111.7700 8 1386 545.8700 181.6500 9 1269 558.1801 148.0200 7 1102 517.3199 192.8700 6 152 484.7000 220.4300 4 820 528.1500 297.6200
4.9764547668e+000 -2.4919754479e+000 -1.1465742681e+001
111 95 91
28 29 2209 457.2800 -221.3400 31 2308 453.0800 -233.9000 28 2119 478.4000 -206.4500 30 2335 458.5400 -222.3700 25 1967 497.8500 -156.7300 26 2314 501.9100 -163.8000 27 2409 529.5601 -203.8100 32 2151 416.7900 -264.4700 21 2753 550.2100 -121.0000 23 2786 592.4100 -107.9700 24 2475 538.0200 -141.6300 34 1913 401.3101 -248.4900 19 2482 600.5699 -39.9000 20 2291 605.0200 -55.4100 18 2342 594.2300 -76.0000 15 2533 566.3700 33.1000 16 2665 586.8900 50.7300 17 2514 620.8900 -21.4500 13 2579 567.8400 105.3500 14 2516 578.2100 72.2400 12 2505 511.1400 122.5100 10 2042 501.9900 127.7900 8 2075 544.6801 198.8900 9 2020 557.6000 164.8900 7 1730 514.4900 208.8600 5 1646 459.6899 217.9100 6 1592 481.3700 236.1600 4 1459 522.3800 312.6200
4.9326499647e+000 -2.4708727465e+000 -1.1567076642e+001
101 88 81
25 29 2206 450.0000 -217.4400 31 2295 445.8900 -228.0400 28 2117 471.0100 -202.9600 30 2331 450.8500 -216.9800 25 1963 489.8900 -155.5400 26 2310 493.4000 -161.5700 27 3217 520.1500 -200.2000 21 2752 541.0300 -122.4300 23 2785 582.4399 -108.6200 19 2486 591.6600 -43.8100 20 2328 595.8199 -58.3000 18 2341 585.1801 -80.9200 15 2532 558.8800 24.9100 16 2668 578.2800 43.1900 17 2536 611.7100 -27.7100 13 2618 560.9399 95.5200 14 2564 571.0400 63.2200 12 2508 505.9700 112.9000 10 2046 498.2100 118.4600 8 2078 541.4000 187.8900 9 2023 554.1300 154.5700 7 1732 512.9100 199.1800 5 985 459.2900 209.1100 6 992 480.6600 227.3400 4 1461 522.3300 302.1000
4.9454041696e+000 -2.5694833065e+000 -1.1513650880e+001
110 93 77
25 29 2211 452.8400 -227.3900 31 3086 447.4700 -238.5600 28 2894 473.8300 -212.5200 25 2734 494.7100 -164.0200 26 3134 498.3700 -171.0100 27 3218 525.1200 -210.5100 21 2755 548.6400 -129.8100 23 2788 590.2500 -116.8000 24 2477 535.3000 -149.9600 34 1940 395.1600 -251.2900 19 2487 600.6500 -49.2600 20 2329 604.2700 -64.7500 18 2344 594.9500 -85.5600 15 2538 569.4100 24.2900 16 2669 589.3000 41.5500 17 2540 622.6000 -31.0700 13 2622 571.6400 96.9600 14 2567 582.0100 63.8300 12 2512 515.4100 115.0300 10 2044 507.0601 120.8800 8 2079 551.1200 193.0500 9 2026 563.6200 158.3700 7 1733 521.1500 203.7000 6 1593 487.5800 231.3700 4 1462 529.9800 308.9400
4.8071182645e+000 -2.8900111521e+000 -1.1695516610e+001
103 91 80
25 29 2247 434.9800 -251.8900 31 2351 426.4800 -259.9400 28 2169 457.0000 -238.3400 30 2369 433.5200 -250.9300 25 2021 483.1500 -194.2700 26 2387 484.2300 -200.7400 27 2456 508.9200 -240.0700 32 2179 388.8900 -285.4600 21 2020 541.9500 -165.8500 23 2102 580.7700 -152.7200 34 1939 373.4400 -266.5000 19 1711 599.2200 -87.4200 18 2418 596.7100 -125.1100 15 1725 580.3800 -12.9700 16 2750 596.9900 2.8500 17 2596 628.4800 -70.9200 13 2664 587.3900 62.2800 14 1675 595.6899 27.8400 12 1611 532.5000 83.6400 10 2081 526.9600 91.8200 8 2092 576.4301 168.0800 9 2054 587.2000 130.6900 5 1684 493.4399 198.6200 6 1623 514.4900 214.4600 4 2044 561.9500 298.6000
4.7858897046e+000 -2.8470322941e+000 -1.1744107982e+001
121 105 98
27 29 2196 431.4700 -246.8500 31 2347 423.3900 -254.2900 28 2165 453.1200 -233.5300 30 2320 430.1700 -245.6000 25 2009 478.3600 -190.6000 26 2371 479.8300 -196.6300 27 3240 504.3500 -235.3000 32 2934 386.4100 -279.2800 21 2795 536.4200 -163.4300 23 2825 574.8300 -149.7500 24 1847 518.9500 -180.3700 19 2540 592.9200 -86.3600 20 2371 593.6100 -100.9500 18 2416 590.3800 -124.5600 15 2568 574.7500 -14.5800 16 2747 590.7300 1.6700 17 2590 621.5100 -71.4700 13 2663 581.5900 59.3200 14 2608 589.9200 25.5500 12 2563 527.6200 80.8100 10 2643 522.5500 88.4500 8 2128 571.8700 163.0900 9 2055 582.4900 126.6400 7 2268 543.7000 177.3100 5 2185 490.1400 193.2500 6 2104 510.6000 209.1300 4 2059 558.7100 291.8200
4.6579568144e+000 -2.9226180831e+000 -1.1941084208e+001
222 130 65
23 29 3598 412.6700 -249.4300 31 3115 405.4800 -253.9400 28 2911 435.3900 -237.3400 30 3703 411.2100 -246.6200 25 2763 462.2000 -199.3400 26 2372 463.7300 -204.1100 21 2796 520.9100 -176.8800 23 2855 558.0500 -162.3700 19 2571 579.0000 -103.5000 20 2374 578.1300 -117.2800 18 2928 576.7900 -144.5500 15 1773 567.4900 -37.0100 16 2753 580.8900 -20.1000 17 2642 610.7200 -92.8400 13 2699 576.3199 35.5200 14 1733 584.2400 2.6100 12 2615 524.0800 57.6500 10 2117 520.5601 64.1600 8 2132 573.6000 138.6400 9 2098 582.4200 101.7400 7 293 548.1300 154.3800 6 1641 516.0100 186.5000 4 1490 568.3400 270.9600
4.5913258262e+000 -3.0499497602e+000 -1.2027065525e+001
210 139 67
22 29 2233 405.8700 -258.7500 31 2333 395.8600 -261.5400 28 2151 428.0000 -247.1200 30 2357 403.5601 -255.6100 25 2012 456.6400 -211.3100 26 1178 456.4200 -216.3300 27 2499 479.1300 -253.6400 21 2047 516.9800 -191.5400 23 2098 552.9100 -177.0900 19 2569 576.8600 -119.3800 20 2403 575.0800 -132.5300 18 2453 577.2100 -160.5400 15 1774 570.2300 -53.1500 17 2646 611.4100 -110.2000 13 2702 581.3800 19.6900 14 1737 587.9800 -13.6900 12 1654 530.4500 43.5500 10 2124 527.3199 50.6500 8 2169 583.4600 126.5600 9 2102 591.0300 88.6700 7 1799 557.7000 142.5400 4 1497 580.9700 264.0200
4.2116702195e+000 -3.7733658971e+000 -1.2511115064e+001
138 128 119
22 29 2277 361.4500 -309.9200 31 2372 345.0400 -304.5800 28 2249 385.1899 -301.0800 30 2399 355.2200 -303.0900 25 2096 424.4800 -276.7500 26 2463 419.2900 -278.9900 27 2590 437.1400 -314.6900 21 2891 495.2200 -272.3500 23 2949 524.5200 -256.5300 24 2579 464.5699 -276.9400 19 2655 566.2700 -207.9900 18 2538 573.9301 -253.7900 15 2702 588.6600 -146.2300 16 2886 592.6200 -132.0900 17 2725 616.4000 -206.7100 13 2813 611.7200 -70.6600 14 2754 613.1100 -105.1700 12 2726 565.2600 -39.3500 10 2753 571.1899 -29.0200 7 2363 621.2600 77.0300 5 2253 574.1300 111.6500 6 2186 591.0601 121.5700
4.8657572307e+000 -2.8637558555e+000 -1.1568889256e+001
193 123 61
27 29 3006 444.0699 -252.0500 31 3715 435.5800 -261.8600 28 2924 466.4800 -238.0800 30 3725 442.8800 -251.9700 25 2771 492.3000 -191.3200 26 3165 493.2000 -198.4000 32 3583 397.4900 -289.0700 21 3376 551.5800 -159.2200 23 3375 590.9000 -146.5100 34 3204 381.2900 -271.0400 19 3067 608.1801 -78.2600 20 2961 609.8000 -94.3000 36 2864 308.9600 -296.1400 18 2898 605.2300 -114.6000 37 2827 316.2200 -303.1900 16 3333 603.2200 14.5800 38 2837 291.2400 -312.2100 13 3301 590.7400 75.2800 14 3236 599.9700 41.0100 12 3216 534.8700 97.0800 10 2626 528.8600 106.8000 8 2648 576.0900 181.7400 9 2578 587.8900 145.3200 7 2271 546.8900 196.3700 5 2166 490.9900 212.1000 6 2107 512.7200 228.1800 4 2040 558.1801 310.5900
4.8655428700e+000 -2.8636219837e+000 -1.1568866752e+001
193 123 61
25 29 3005 444.0699 -252.0500 31 3716 435.5800 -261.8600 28 2925 466.4800 -238.0800 25 2772 492.3000 -191.3200 26 3166 493.2000 -198.4000 32 3584 397.4900 -289.0700 21 3377 551.5800 -159.2200 23 3374 590.9000 -146.5100 24 2964 534.9500 -178.6300 34 3205 381.2900 -271.0400 19 3066 608.1801 -78.2600 20 2960 609.8000 -94.3000 36 2865 308.9600 -296.1400 18 2897 605.2300 -114.6000 16 3332 603.2200 14.5800 13 3302 590.7400 75.2800 14 3237 599.9700 41.0100 12 3217 534.8700 97.0800 10 2627 528.8600 106.8000 8 2647 576.0900 181.7400 9 2577 587.8900 145.3200 7 2272 546.8900 196.3700 5 2165 490.9900 212.1000 6 2108 512.7200 228.1800 4 2041 558.1801 310.5900
4.7759789299e+000 -2.9076358645e+000 -1.1746601067e+001
207 199 188
30 29 2244 430.6899 -252.4500 31 3120 421.8500 -259.9600 28 2166 453.0100 -239.3800 30 2365 429.3300 -251.4200 25 2010 479.6100 -196.1500 26 2374 480.5699 -202.0800 27 2458 505.2200 -241.3200 32 2963 383.5000 -284.9100 23 2856 576.7800 -155.3100 34 2669 367.2900 -265.5300 19 2573 595.3600 -91.0900 20 2375 596.1600 -105.9000 35 2036 317.9700 -296.8600 36 2113 296.1600 -288.4700 18 2419 593.6400 -129.1000 37 2091 303.4600 -294.0500 15 2571 577.9399 -17.9500 16 2752 594.3000 -2.0900 17 2597 625.6000 -75.7400 38 2091 278.9300 -300.5600 13 2666 585.7600 56.5600 14 2611 593.8101 22.6200 12 2566 531.4900 78.4400 10 2083 526.9000 85.9800 8 2133 577.0100 161.9100 9 2057 587.2200 124.7500 7 2273 549.6700 175.8700 5 2187 496.2800 192.0700 6 2109 516.8300 207.6400 4 2063 565.3900 292.2200
4.5323954091e+000 -3.3111609292e+000 -1.2062511678e+001
224 217 199
22 29 3600 399.9900 -280.5000 31 3741 387.2000 -282.0800 28 3582 422.8300 -269.2200 25 3385 455.7300 -234.2400 32 3577 348.5700 -300.9700 21 3839 520.8600 -216.8000 23 3845 555.0400 -202.6000 24 3007 496.5500 -228.4600 19 3518 584.8500 -144.4500 20 3390 581.4600 -158.1300 18 3378 587.7700 -185.4800 15 3583 585.7700 -74.0900 17 3634 624.9100 -134.3900 14 3693 605.1100 -32.8200 12 3662 548.8101 28.3100 10 3098 548.7000 37.7600 8 3085 607.0699 117.3100 9 3049 614.2600 77.5000 7 2694 582.4900 136.3700 5 2675 531.0100 160.8000 6 2530 550.2500 173.8500 4 2484 608.0601 266.4900
5.1344885252e+000 -2.0629618231e+000 -1.1280907768e+001
229 216 189
30 29 4402 477.7900 -185.7700 31 4536 478.4500 -201.2300 28 4339 497.7500 -169.5900 30 4500 481.5699 -187.4300 25 4118 509.5699 -115.7400 26 4572 515.9600 -122.6900 27 4663 545.8199 -161.9600 32 4386 444.6000 -236.9100 21 4076 553.7100 -74.6100 23 4091 599.0000 -61.0100 24 3744 548.2200 -97.2900 34 3983 430.6100 -224.7200 19 3806 597.5200 7.3800 20 3635 605.3300 -7.6300 35 3714 380.7800 -262.7000 36 3844 359.8600 -262.2500 18 3582 586.4301 -28.4100 37 3817 369.3900 -273.9300 15 3791 548.0500 74.9900 16 4070 572.1899 95.4200 17 3849 608.2800 25.8200 38 3823 346.8500 -291.7600 14 3928 556.7200 111.7000 12 3912 487.0200 156.0000 10 3350 475.7700 159.9300 8 3355 511.5500 224.0600 7 2958 480.9100 231.4300 5 2976 426.6000 235.2900 6 2832 448.1899 254.7600 4 2788 483.0000 321.8800
5.1788133468e+000 -1.5421359162e+000 -1.1362539586e+001
192 81 57
31 29 4021 478.2900 -137.6200 31 4140 485.4100 -152.6500 28 3984 496.5400 -121.7800 30 4128 485.5400 -138.5100 25 3740 498.5500 -70.2900 26 4173 507.8400 -75.5600 27 4270 539.5800 -112.3400 32 3971 455.9000 -189.9900 21 3713 532.6100 -31.0500 23 4074 580.0400 -15.0300 24 3323 533.7600 -50.6800 34 3600 444.8000 -180.1700 19 3401 568.8700 45.5800 20 3276 579.6000 33.6400 35 3690 396.4500 -220.6500 36 3820 377.8900 -222.3300 18 3570 554.3900 7.1300 37 3790 389.4600 -235.7800 15 3479 510.3500 97.2000 16 4055 535.4500 121.7800 17 3836 571.7500 57.3000 13 3723 504.0000 157.7200 14 3591 517.5000 129.9100 12 3591 448.8800 165.7900 10 3014 435.8500 165.2600 8 3021 468.8600 221.5600 9 2991 483.6500 195.2800 7 2640 439.3500 224.5200 5 2636 388.1600 222.2900 6 2486 409.1200 244.1700 4 2452 441.7000 302.1500
4.8499100442e+000 -2.5322235898e+000 -1.1736204174e+001
216 135 59
30 29 3580 436.6899 -219.8300 31 4176 432.1200 -228.1600 28 3532 457.5800 -206.0100 30 4180 437.3400 -218.5000 25 3348 477.5800 -162.6500 26 3782 480.6200 -168.2000 32 4012 396.7400 -255.0100 21 3779 529.7000 -134.1400 23 3781 570.0500 -119.8500 24 2947 516.5300 -150.6500 34 3634 382.5800 -237.9200 19 3478 581.5601 -58.3900 20 3344 584.6300 -71.9100 35 3712 334.0900 -271.0500 36 3381 313.5700 -265.4900 18 3325 576.1000 -96.8400 37 3363 322.0400 -272.4600 15 3535 554.6000 6.6600 16 3776 572.1899 25.2700 17 3567 604.3800 -45.3300 13 3761 558.6801 76.6700 14 3635 568.0200 44.6900 12 3215 505.5900 94.9000 10 3060 498.4200 100.0700 8 3048 544.6100 169.6300 9 3014 555.2700 135.5800 7 2669 516.0800 180.4300 5 2653 464.6700 192.0500 6 2506 484.5699 209.3900 4 2480 530.2800 286.0100
4.4235824500e+000 -3.6507069615e+000 -1.2159253382e+001
185 96 52
27 29 4100 388.4399 -307.6400 31 4210 372.4600 -306.9200 28 4061 412.0800 -296.8300 30 4219 382.6900 -303.1400 25 3864 450.7100 -265.2500 26 4290 446.8800 -269.4900 32 4052 332.1000 -321.9000 21 3855 521.8400 -251.9900 23 4168 553.5100 -237.6300 24 3489 492.7100 -261.6900 34 3664 315.0700 -297.0900 19 3865 590.9800 -179.9700 20 3718 584.9301 -193.7900 35 3748 266.9000 -322.4500 36 3858 244.6400 -308.5500 18 3664 596.9100 -221.8500 37 3830 250.1000 -309.0300 15 3867 603.2400 -106.4900 16 4144 611.2100 -93.8400 38 3396 224.3700 -307.1800 13 4138 621.8700 -27.4900 14 4006 625.4100 -63.3500 12 3974 571.1400 2.6900 10 3410 573.7300 14.2100 7 3030 613.8400 120.8100 5 3029 561.9800 150.9800 6 2887 580.9100 162.3000
4.7341137777e+000 -2.5147700014e+000 -1.1967433914e+001
209 121 48
31 29 4048 419.4200 -214.7300 31 4175 414.8900 -219.8500 28 4006 440.0699 -202.3200 30 4164 420.5699 -212.2200 25 3804 459.8800 -163.8800 26 4233 462.3700 -167.9600 27 4330 487.6500 -204.1400 32 3991 380.6300 -244.0000 21 3778 510.3300 -140.4000 23 3797 549.2700 -124.6300 24 3423 496.7900 -153.2900 34 3633 367.9200 -226.4500 19 3477 562.1700 -69.1000 20 3343 564.4000 -81.1200 35 3709 320.7900 -258.1000 36 3839 300.8500 -250.6800 18 3326 557.6500 -109.9300 37 3814 309.2800 -256.4800 15 3534 539.5000 -12.1800 16 3793 555.1500 7.3700 17 3592 586.2700 -61.2600 13 3779 545.4200 54.3200 14 3656 554.0900 23.9600 12 3628 494.6100 72.7500 10 3062 489.3101 76.5300 8 3066 537.8700 144.0200 9 3023 547.5500 110.5800 7 3004 512.2600 154.8500 5 2657 463.6600 167.6100 6 2528 482.4500 184.3900 4 2497 531.5601 261.1200
4.4411688468e+000 -3.1393149524e+000 -1.2260638341e+001
216 153 48
28 29 3597 386.0400 -261.8800 31 4186 375.8100 -261.8600 28 4035 408.6200 -252.0000 30 4198 383.2900 -256.8200 25 3831 438.0000 -220.6600 26 3831 436.5699 -223.7200 27 4355 457.6899 -259.3700 32 4011 338.6300 -278.5100 21 3817 499.2400 -207.2700 23 3840 532.5400 -191.3400 24 3441 476.6200 -215.8100 34 3196 324.3100 -256.5900 19 3514 560.7300 -139.8200 20 3685 557.7100 -151.4100 18 3363 562.6300 -183.1300 15 3579 561.1100 -79.6600 16 3829 571.0400 -62.9200 17 3629 597.3800 -135.0600 13 3819 575.1600 -8.5500 14 3694 580.2600 -41.1700 12 3659 526.7500 16.0500 10 3408 527.5200 23.0000 8 3098 586.1801 97.6900 9 3372 591.8500 59.5100 7 3024 562.9800 114.4900 5 2678 515.1600 137.2100 6 2883 533.6000 151.7400 4 2820 592.9900 239.2200
5.3952822671e+000 -1.5412641967e+000 -1.0933402297e+001
135 70 51
32 29 4644 514.7500 -142.1400 31 4825 522.2500 -163.7100 28 4595 533.4200 -123.9200 30 4758 522.6700 -146.1700 25 4365 534.5400 -62.2900 26 4800 545.0900 -69.7400 27 4874 579.2600 -109.5200 32 4679 491.4000 -207.7000 21 4319 568.7900 -11.9800 23 4327 619.3500 2.0800 24 3961 572.5100 -38.4600 34 4255 478.2300 -200.6400 19 4015 603.7500 72.7400 20 4078 616.8800 57.8500 35 4377 427.5000 -243.8500 36 4507 406.6899 -248.7200 18 3836 586.9600 38.0500 37 4499 418.0400 -264.9600 15 4011 534.3300 136.0600 16 4310 563.4399 159.7300 17 4106 602.6400 92.9300 38 4431 396.3101 -290.7100 13 4283 523.3800 200.3100 14 4150 538.9399 170.9000 12 4127 464.1500 207.6400 10 3584 448.6100 208.5300 8 3598 476.3800 266.9500 9 3555 494.2900 240.3100 7 3213 444.0699 269.6700 5 3249 388.2200 264.4200 6 3106 411.2300 287.2800 4 3013 437.5400 345.4500
5.1872769501e+000 -2.1500987314e+000 -1.1150918099e+001
177 81 53
32 29 4405 487.2900 -195.0300 31 4538 486.9900 -212.5000 28 4342 507.8300 -178.4600 30 4502 490.6400 -197.6100 25 4135 520.8101 -121.2300 26 4575 527.3300 -129.3100 27 4666 557.2600 -169.6400 32 4407 452.0699 -249.6800 21 4336 567.3300 -77.3400 23 4342 613.1300 -64.6300 24 3746 561.0300 -102.3000 34 3985 436.9600 -238.0400 19 4046 611.8700 8.1800 20 3896 620.0400 -8.4700 35 4086 386.3300 -276.6500 36 4205 364.2600 -276.3800 18 3859 601.0800 -26.2600 37 4198 373.6300 -288.4300 15 4023 561.7000 81.6000 16 4335 586.7500 101.0000 17 4130 623.4100 30.1600 38 4142 349.6200 -306.8600 13 4298 557.4301 152.4200 14 4164 570.5100 120.1100 12 4142 498.5200 165.9500 10 3598 486.6100 170.7900 8 3606 521.7500 237.8000 9 3562 537.7400 206.5000 7 3224 490.0100 245.6600 5 3257 433.4600 248.8900 6 3107 456.2000 269.0700 4 3014 489.3600 338.5200
4.8967915769e+000 -2.2700286612e+000 -1.1747048939e+001
229 156 63
31 29 4401 440.1600 -197.0200 31 4535 438.6000 -205.3700 28 4337 460.2600 -182.9300 30 4777 442.4700 -195.3600 25 4385 475.4600 -139.4200 26 4811 479.8700 -144.6900 27 4889 506.9301 -181.2800 32 4385 405.4100 -232.8200 21 4351 522.1500 -109.9300 23 4358 563.7400 -94.8600 24 3985 512.5800 -126.6100 34 3980 392.3600 -217.5800 19 4058 570.0100 -35.8100 20 3906 574.6200 -48.2800 35 4083 344.5400 -252.2600 36 4185 324.5900 -248.3300 18 3874 562.8600 -75.6300 37 4180 333.9300 -256.6900 15 4040 537.3400 22.0400 16 4348 555.6400 43.1300 17 4159 588.3000 -25.6100 13 4315 539.6000 88.7100 14 4186 549.7100 58.0200 12 4155 486.1801 104.6000 10 3616 479.4700 107.4500 8 3629 522.7100 172.6600 9 3583 534.0800 141.0700 7 3244 495.1899 181.9100 5 3275 445.3800 190.5200 6 3125 465.0800 208.7600 4 3034 508.5400 280.4600
4.8965038860e+000 -2.6083341218e+000 -1.1615271502e+001
227 202 148
27 29 4058 445.1899 -229.0700 31 4557 439.8700 -239.1300 28 4358 466.8900 -214.9500 30 4518 445.7100 -228.7300 25 4149 488.2000 -168.3100 26 4589 491.0400 -174.6000 27 4683 517.1700 -213.5200 32 4014 403.2800 -267.3000 21 4100 542.1000 -136.5800 23 4128 582.6500 -123.1400 24 3770 528.4200 -155.3600 34 3649 388.1500 -250.5400 19 3824 594.6801 -57.7600 35 3738 338.8400 -283.7900 36 3841 317.4000 -277.9200 18 3603 589.8800 -95.0100 37 3834 325.7400 -285.9300 15 3815 565.4399 12.4400 16 4097 584.3600 29.9900 38 3820 301.9900 -296.3200 13 4078 569.1899 84.3300 12 3936 514.0000 102.8500 8 3363 552.4200 180.4900 9 3585 564.1200 146.3200 5 2995 470.2300 204.6300 6 2849 490.9301 221.5600 4 2789 535.4000 300.2200
4.6202003077e+000 -2.8238202588e+000 -1.2048669533e+001
241 191 83
29 29 4679 407.6899 -239.3400 31 4852 400.9800 -243.1200 28 4630 428.6400 -227.1100 30 4800 407.3600 -236.4900 25 4409 453.2700 -191.1900 26 4832 453.3900 -194.9700 32 4405 365.9800 -265.7100 21 4568 509.0300 -171.2300 23 4558 545.6700 -155.7900 24 3994 491.0699 -183.0900 34 3979 351.3600 -245.3800 19 4280 565.3300 -100.9100 20 4112 564.9399 -112.9500 35 4081 303.7700 -275.1200 36 4198 283.8500 -266.5300 18 4064 563.0800 -142.6100 37 4178 291.5300 -270.8900 15 4257 552.8900 -40.6900 16 4561 566.5000 -22.6600 17 4358 595.4700 -93.3600 13 4511 562.6100 29.0800 14 4381 569.7300 -2.8700 12 4174 512.5601 50.5800 10 3643 509.2500 55.8100 9 3803 570.0900 91.3100 7 3257 537.9900 142.7100 5 3293 489.4500 161.4400 6 3143 508.3199 177.1500 4 3046 561.1400 259.3100
5.0080435413e+000 -2.5925307218e+000 -1.1369581756e+001
151 77 49
30 29 4419 463.4200 -231.6500 31 4558 458.0601 -244.8300 28 4371 485.0200 -216.5100 30 4521 463.6801 -233.0900 25 4151 506.1899 -165.1000 26 4590 509.4200 -172.8900 27 4685 536.6100 -213.1900 32 4713 421.4700 -276.3800 21 4103 560.6000 -128.0000 23 4108 602.8300 -115.8100 24 3760 547.6600 -150.3700 34 4284 405.5400 -260.7400 19 3817 612.7500 -44.5500 20 3656 616.8101 -60.7600 36 4515 333.8600 -290.6500 18 3876 607.1700 -78.8500 37 4510 341.3400 -300.3800 15 4041 579.0200 34.9200 16 4350 600.0699 51.1700 17 3869 633.4500 -23.2800 38 4433 317.5100 -313.0700 13 4310 579.8199 109.5400 14 4178 590.8400 75.4600 10 3618 513.3700 135.5800 8 3615 555.2500 208.7400 9 3569 569.0800 173.8000 7 3233 524.2800 220.6300 5 3267 467.6000 230.6100 6 3116 489.7000 248.6000 4 3235 529.2800 326.3900
4.6376288468e+000 -3.3508347368e+000 -1.1859291654e+001
168 68 49
28 29 4717 415.5000 -288.4800 31 4886 402.2800 -292.9100 28 4647 438.9301 -276.2600 30 4832 411.3101 -286.1000 25 4426 472.6899 -236.8000 26 4846 470.8400 -242.7300 27 4942 492.8300 -281.9900 32 4736 362.2900 -313.8100 21 4381 539.2800 -214.5600 23 4394 574.6400 -201.6000 24 4012 515.1400 -229.6300 34 4297 345.4000 -291.9200 19 4089 603.9000 -137.6900 20 3940 601.2400 -152.8700 35 4405 296.0500 -320.5800 36 4220 273.3800 -309.3800 18 3914 606.5400 -176.2700 37 4195 279.4200 -312.5900 15 4070 601.6200 -58.8800 16 4386 613.8800 -46.0400 13 4343 613.7300 19.2700 14 4214 619.7900 -16.3600 12 4176 560.6801 47.2800 10 3644 559.3700 58.1900 7 3458 588.8101 160.1500 5 3280 534.4100 183.6800 6 3361 554.7800 197.2400 4 3247 608.7900 290.7900
8.6606964013e-001 -1.5171572091e+000 -9.7994653577e+000
198 187 166
28 29 4873 102.2000 -158.3100 31 5075 96.6600 -155.6800 28 4810 124.2500 -149.0300 30 5001 98.4400 -146.7200 25 4599 145.6600 -118.2400 26 5010 141.6900 -117.7800 27 5102 156.5100 -149.1800 32 4668 61.7800 -197.2300 21 4709 173.5100 -98.0400 23 4701 212.4000 -75.9300 24 4317 166.9500 -105.6600 34 4236 61.5300 -175.0300 19 4425 223.0800 -23.7700 20 4275 225.0600 -33.8900 18 4186 207.0500 -58.6200 15 4233 180.4100 40.2900 16 4715 197.2300 69.8800 17 4477 229.7400 -7.5200 13 4482 182.2300 111.8000 14 4510 195.0800 76.7900 12 4350 140.4600 121.2900 10 3818 133.7000 120.8300 8 3806 173.8800 195.0900 9 3777 186.8200 158.5700 7 3434 148.3000 203.5800 5 3474 115.9700 200.6700 6 3342 130.8600 227.0100 4 3230 172.0300 310.4800
7.7040310426e-001 -1.7487197922e+000 -1.0027014689e+001
213 197 171
28 29 4872 90.9300 -178.4500 31 5074 83.1300 -172.4500 28 4829 113.1400 -170.3900 30 5015 86.1100 -165.6000 25 4614 138.0300 -144.4400 26 5025 132.7500 -143.1500 27 5113 146.3200 -174.1300 32 4925 47.7100 -209.4100 21 4720 169.7300 -130.2300 23 4714 206.6300 -107.6100 24 4328 159.7500 -134.9500 34 4460 46.6400 -184.3900 19 4440 222.7400 -58.8700 20 4281 222.3700 -68.4300 18 4195 208.7400 -95.7600 15 4248 187.2400 2.0100 16 4721 202.2300 31.4700 17 4483 233.3000 -46.7300 13 4492 191.5900 73.2300 14 4371 203.4400 38.7700 12 4362 151.1800 85.8100 10 3826 146.6000 85.8600 8 3820 190.8900 162.2400 9 3786 202.3200 124.4000 7 3441 166.7200 173.4800 5 3487 135.9100 176.6900 6 3343 149.8400 201.6200 4 3240 196.3200 291.1600
4.5902919757e+000 -2.9560547010e+000 -1.2071462233e+001
218 119 62
31 29 4697 404.7400 -250.1800 31 4866 396.1200 -253.3500 28 4634 426.4800 -238.5500 30 4801 402.9100 -246.7400 25 4412 453.1801 -202.9800 26 4833 452.9000 -207.0300 27 4912 476.0200 -243.9600 32 4711 360.0400 -274.6300 21 4379 510.8400 -184.0400 23 4559 546.7200 -168.9600 24 4200 491.4399 -195.5800 34 4281 345.2900 -253.7500 19 4281 569.4399 -113.3600 20 4120 568.2500 -125.8700 35 4398 297.6900 -282.7200 36 4502 277.3300 -273.2200 18 4072 568.7100 -154.9400 37 4495 284.5000 -276.9900 15 4258 560.7100 -51.1600 16 4564 572.8900 -34.2200 17 4359 601.8101 -105.6700 13 4512 572.1899 20.2100 14 4382 578.3700 -12.5300 12 4175 521.9500 43.3300 10 3843 519.9700 49.9900 8 3834 573.7100 122.9500 9 3804 581.8000 86.4200 7 3457 549.3600 138.6400 5 3503 500.3500 159.1700 6 3360 518.9399 173.4000 4 3256 573.6700 259.1900
4.5427241963e+000 -3.4526107640e+000 -1.1976759974e+001
230 193 113
25 29 4715 403.7200 -293.5400 31 5116 389.2500 -296.5200 25 4424 462.8700 -245.9100 26 4857 460.3600 -250.9500 27 4943 481.2700 -289.3800 32 4953 348.3400 -315.6200 21 4592 531.2700 -227.5600 23 4573 565.0699 -213.7300 24 4209 505.1000 -240.4400 34 4479 330.3100 -293.2400 19 4299 597.8300 -152.8500 20 4126 593.6200 -167.6200 35 4592 281.9300 -319.8800 36 4701 259.3300 -307.6900 18 4083 601.5100 -193.1600 37 4695 265.2300 -309.5300 15 4264 600.9000 -76.8900 16 4573 611.6600 -63.8700 13 4680 615.7000 2.5800 14 4387 620.8500 -33.9000 12 4380 563.4399 30.1900 10 3844 563.4800 41.0800 7 3609 596.7000 143.9400 5 3492 543.3000 170.0200 6 3363 563.1600 182.6500
1.1751122184e-001 -1.6047143587e+000 -1.0332312930e+001
184 160 132
26 29 4871 26.9300 -160.1200 31 5061 20.6200 -146.4900 28 4826 48.6000 -154.8900 30 5000 22.5000 -143.1900 25 4611 71.1600 -142.4800 26 5204 64.6000 -137.1200 27 5303 76.2300 -163.4800 21 4717 95.8500 -142.5200 23 4711 129.9400 -116.4500 24 4327 86.4700 -137.5600 19 4439 145.8700 -84.0000 20 4287 144.8700 -88.6900 18 4199 130.5900 -127.0400 15 4417 115.8900 -43.8600 16 4724 126.5500 -11.4400 17 4488 154.7500 -86.2500 13 4668 123.1900 20.6200 14 4533 134.0600 -10.7500 12 4530 89.0300 32.9300 10 4021 86.2200 28.7700 8 3995 133.5300 98.4300 9 3955 142.2600 62.0700 7 3614 113.1900 109.0200 5 3509 91.5000 114.7100 6 3369 102.4300 139.3500 4 3435 153.2700 225.8300
3.9315086217e+000 -3.8443686658e+000 -1.3013351049e+001
134 74 46
28 29 4712 326.9200 -304.0600 31 4882 311.5100 -292.6300 28 4663 349.6900 -297.3000 30 4828 321.0800 -294.4300 25 4461 388.2300 -283.8600 26 4874 382.3400 -283.4400 27 4955 398.9800 -316.0300 32 4720 274.0100 -297.7800 21 4419 456.8000 -291.2500 23 4413 483.7200 -272.6300 24 4035 424.8199 -288.1800 34 4278 259.9000 -269.5700 19 4127 528.5800 -237.0500 20 4145 518.2500 -244.7000 35 4393 214.7900 -289.9400 36 4500 195.4100 -271.6200 18 4103 537.4301 -288.9100 37 4492 201.3900 -267.7400 15 4302 562.1899 -193.4900 16 4599 561.2200 -176.8600 17 4394 581.6600 -248.0600 13 4551 590.4301 -124.1300 14 4422 589.4200 -155.8600 12 4228 549.5000 -92.4600 10 3878 559.0699 -85.5100 7 3495 621.3199 16.9800 5 3538 581.5601 55.2600 6 3398 595.1500 64.4100
3.9868630784e+000 -3.4098172837e+000 -1.2988723011e+001
118 68 37
25 29 4907 331.4900 -270.4000 31 5106 319.9100 -260.4400 28 4871 353.1700 -262.9800 30 5042 327.5800 -260.9400 25 4797 385.3900 -247.9900 26 5230 381.8200 -247.2200 27 5327 399.7400 -278.7700 21 4744 446.7900 -252.1900 23 4735 475.7500 -232.9100 24 4356 420.5500 -249.7600 19 4561 512.2200 -198.2100 20 4310 504.9900 -205.1300 18 4324 517.6200 -249.2400 15 4544 532.5900 -160.8100 16 4877 534.7000 -141.2800 17 4624 557.3000 -209.5200 13 4793 555.6801 -96.3300 14 4671 556.6400 -125.9300 12 4657 514.5601 -69.4500 10 4153 521.7400 -64.8900 8 4121 594.6801 7.0100 9 4088 593.8900 -31.3100 7 3745 578.7300 25.9000 5 3686 540.5000 58.2900 6 3558 554.0400 69.1900
4.9787944182e+000 -2.1750988017e+000 -1.1608205299e+001
187 76 55
29 29 5061 452.4600 -190.2200 31 5253 452.2100 -201.8100 28 5001 472.5300 -176.0100 30 5193 455.5200 -189.9500 25 4774 485.5800 -128.8500 26 5208 490.8800 -134.1300 27 5308 519.1000 -171.7600 32 5085 418.3101 -233.0800 21 4712 530.6500 -95.7600 23 4710 573.7300 -81.0100 24 4324 522.8400 -113.8000 34 4608 405.1400 -218.6000 19 4431 576.6801 -19.9000 20 4279 582.5400 -33.0800 35 4720 356.3700 -254.6500 36 4829 336.2300 -251.4500 15 4399 537.6400 40.0700 16 4855 558.4301 60.7400 17 4598 591.8400 -7.3400 13 4763 538.3500 106.3500 14 4638 549.3199 75.8800 12 4511 484.3500 120.3300 10 4002 475.7900 123.5400 8 4092 517.6801 188.7700 9 4058 529.7100 157.3900 7 3722 489.7900 197.5600 5 3644 437.9000 203.4300 6 3515 458.4500 222.6200 4 3544 498.8700 292.4800
4.4005109450e+000 -2.9472562706e+000 -1.2384929602e+001
189 85 55
28 29 4416 379.5100 -243.8000 31 4553 371.2000 -241.9700 28 4369 400.8900 -233.6800 30 4515 377.7600 -238.2000 25 4160 427.2200 -205.2800 26 4600 426.6000 -207.6300 27 4695 448.2600 -242.0500 32 4402 335.9100 -258.3700 21 4378 483.8500 -193.8200 23 4381 517.9100 -177.0000 24 3781 463.6700 -200.5100 34 3977 323.0000 -236.2200 19 4087 542.2900 -129.4100 20 3933 540.1700 -139.5400 18 3913 542.6300 -174.3000 15 4069 540.1801 -78.2800 16 4396 549.4500 -59.4000 17 4191 576.4700 -128.8800 13 4353 554.0699 -10.7200 14 4223 559.0400 -41.6600 12 4185 506.9800 11.9500 10 3656 506.8500 16.9100 8 3656 565.6500 87.6700 9 3621 571.0000 51.5600 7 3275 543.6000 102.6100 5 3310 498.8101 124.1100 6 3155 515.5601 138.3700 4 3059 575.5300 222.0800
4.4005109450e+000 -2.9472562706e+000 -1.2384929602e+001
189 85 55
28 29 4417 379.5100 -243.8000 31 4554 371.2000 -241.9700 28 4370 400.8900 -233.6800 30 4516 377.7600 -238.2000 25 4159 427.2200 -205.2800 26 4601 426.6000 -207.6300 27 4696 448.2600 -242.0500 32 4403 335.9100 -258.3700 21 4377 483.8500 -193.8200 23 4382 517.9100 -177.0000 24 3780 463.6700 -200.5100 34 3978 323.0000 -236.2200 19 4086 542.2900 -129.4100 20 3932 540.1700 -139.5400 18 3912 542.6300 -174.3000 15 4068 540.1801 -78.2800 16 4397 549.4500 -59.4000 17 4192 576.4700 -128.8800 13 4352 554.0699 -10.7200 14 4222 559.0400 -41.6600 12 4184 506.9800 11.9500 10 3657 506.8500 16.9100 8 3657 565.6500 87.6700 9 3622 571.0000 51.5600 7 3276 543.6000 102.6100 5 3311 498.8101 124.1100 6 3156 515.5601 138.3700 4 3060 575.5300 222.0800
2.7365085162e-001 -2.8803818644e+000 -1.0975782962e+001
154 133 111
26 29 4066 44.9400 -270.6500 31 3099 28.1600 -254.3600 28 4023 68.5200 -267.3000 30 3149 34.8800 -254.7500 25 4179 105.2000 -262.1500 26 4618 95.2000 -257.5000 27 4363 103.3600 -287.2500 21 4405 148.2800 -277.8900 23 4410 176.4500 -254.1900 24 3801 126.7500 -268.2000 19 4311 213.3800 -223.1100 20 4141 204.8200 -229.0000 18 4098 206.9700 -271.2600 15 4439 215.1100 -176.2900 16 4752 218.2100 -151.0900 17 4519 243.6100 -231.8600 13 4791 235.8700 -103.3000 14 4558 240.9400 -138.1200 12 4545 201.8000 -76.2100 10 4039 208.9900 -74.6100 8 4018 278.6500 10.5300 9 3972 280.5200 -35.8100 7 3744 261.3000 34.6700 5 3682 237.1200 64.7800 6 3548 247.0500 81.9600 4 3445 326.3700 197.4200
-1.5168609130e+000 3.9980907788e-001 -9.5001269476e+000
189 161 149
26 29 5115 -148.5000 34.8600 31 5175 -148.6700 62.3700 28 5064 -129.6000 36.9300 30 5241 -150.2300 62.0600 25 4907 -122.1000 35.3600 26 5359 -126.7100 49.0400 27 5445 -117.0800 34.2100 21 4867 -131.3500 33.0100 23 4865 -93.7400 69.7900 24 4484 -125.8300 49.7400 19 4636 -99.5900 79.5100 20 4502 -94.3100 84.0000 18 4400 -127.4800 33.6400 15 4627 -158.4600 75.1100 16 4964 -147.6100 126.4600 17 4705 -119.6000 64.3200 13 4902 -164.3300 117.8300 14 4756 -146.6500 94.8900 12 4760 -186.6800 108.9700 10 4249 -201.2900 90.5000 8 4219 -175.1700 132.4500 9 4193 -161.5500 110.5300 7 3839 -194.4200 126.4900 5 3848 -201.3000 103.0700 6 3728 -192.9900 139.2400 4 3626 -169.5200 188.5400
-2.8657129211e+000 1.1112873149e+000 -8.7309613487e+000
131 112 97
21 29 1606 -308.0700 113.8500 31 1611 -309.0000 148.8100 28 1545 -287.4900 112.0600 25 1397 -283.5400 103.8700 26 1759 -291.6700 122.4500 21 2476 -310.3300 97.8500 23 2446 -273.0600 140.9300 24 1306 -301.7500 122.2500 19 2212 -284.6800 141.4100 20 2003 -278.6100 150.1200 18 2116 -318.7000 95.0900 15 2345 -353.4500 123.7400 16 3207 -345.2400 184.5000 17 2989 -318.1000 123.2600 14 3123 -342.4800 139.6300 12 2416 -378.7400 144.1200 10 2604 -399.6600 120.2800 8 2098 -385.3000 156.8400 9 2547 -366.3900 137.0200 5 1713 -400.1000 109.4500 6 1650 -392.5200 151.6900
4.7115451261e+000 -2.3923486948e+000 -1.2038350390e+001
201 104 56
