# Bundle file v0.3
46 17292
0 0 0
0 0 0
0 0 0
0 0 0
0 0 0
0 0 0
0 0 0
0 0 0
0 0 0
0 0 0
0 0 0
0 0 0
0 0 0
0 0 0
0 0 0
0 0 0
0 0 0
0 0 0
0 0 0
0 0 0
0 0 0
0 0 0
0 0 0
0 0 0
0 0 0
0 0 0
0 0 0
0 0 0
0 0 0
0 0 0
0 0 0
0 0 0
0 0 0
0 0 0
0 0 0
0 0 0
0 0 0
0 0 0
0 0 0
0 0 0
1.1706060791e+003 9.1100391447e-002 -2.1702794758e-001
7.3265298965e-001 -6.2525398770e-001 -2.6884390939e-001
4.8126326883e-001 1.9662758102e-001 8.5423840961e-001
-4.8125384448e-001 -7.5524502331e-001 4.4497156306e-001
-2.7307060937e+000 9.9186522215e+000 -6.4438249082e+000
1.1787408879e+003 7.4099747057e-002 -1.7836261174e-001
7.5371471902e-001 -6.1198531561e-001 -2.3955812615e-001
4.8001509876e-001 2.6365967145e-001 8.3670131027e-001
-4.4888709861e-001 -7.4562561056e-001 4.9248636690e-001
-2.3218912394e+000 9.5455151678e+000 -6.1216331939e+000
1.1748445827e+003 6.8232913647e-002 -1.6460092821e-001
7.7305368877e-001 -6.0016264807e-001 -2.0540883659e-001
4.7504835678e-001 3.3314426937e-001 8.1445930193e-001
-4.2037727460e-001 -7.2719989800e-001 5.4264468610e-001
-2.3941306643e+000 9.1545647244e+000 -5.9981613793e+000
0 0 0
0 0 0
0 0 0
0 0 0
0 0 0
1.1570668667e+003 9.0833520593e-002 -1.9437219379e-001
8.0397960125e-001 -5.6735902312e-001 -1.7810260992e-001
4.6312630867e-001 4.0953958810e-001 7.8599704070e-001
-3.7300244368e-001 -7.1440959166e-001 5.9202036481e-001
-2.0148315971e+000 9.0309601085e+000 -5.6005023995e+000
1.1594180095e+003 7.7496530059e-002 -1.7171605439e-001
8.2850276562e-001 -5.4144668593e-001 -1.4289385450e-001
4.4496590579e-001 4.8161320361e-001 7.5501924796e-001
-3.3998310258e-001 -6.8911842843e-001 6.3994318620e-001
-1.3616708280e+000 8.7040501034e+000 -4.5507017345e+000
1.1651421927e+003 7.5551241754e-002 -1.7357955547e-001
8.4317570022e-001 -5.2237126246e-001 -1.2721243145e-001
4.3601136510e-001 5.2593991204e-001 7.3026111660e-001
-3.1456132640e-001 -6.7120449423e-001 6.7121956084e-001
-1.0581981662e+000 8.2470349276e+000 -4.4107300763e+000
1.1547109377e+003 9.1635003164e-002 -1.9589943697e-001
8.6162921322e-001 -4.9739810156e-001 -1.0094665663e-001
4.1783745027e-001 5.8227066305e-001 6.9740428742e-001
-2.8810929190e-001 -6.4308320108e-001 7.0953296781e-001
-8.9891433841e-001 7.7052705323e+000 -3.9757991995e+000
1.1615628016e+003 7.2074839992e-002 -1.5833522894e-001
8.8288562039e-001 -4.6514315971e-001 -6.4457910970e-002
3.9397575886e-001 6.5901936655e-001 6.4068445895e-001
-2.5553098195e-001 -5.9104595040e-001 7.6509385162e-001
-4.0093072021e-001 7.5348025564e+000 -3.2005520159e+000
1.1653148351e+003 6.5921616187e-002 -1.5600626286e-001
8.9632160219e-001 -4.4077921032e-001 -4.8179593147e-002
3.7683479427e-001 6.9998106945e-001 6.0664820139e-001
-2.3367311202e-001 -5.6190763490e-001 7.9350909671e-001
2.9748847810e-002 6.6096850620e+000 -2.7537533466e+000
1.1619681097e+003 8.0718505422e-002 -1.8214345884e-001
9.1832946432e-001 -3.9505675883e-001 -2.4518406406e-002
3.4159996433e-001 7.5972799132e-001 5.5328369176e-001
-1.9995114233e-001 -5.1647220303e-001 8.3263197403e-001
1.7455148052e-001 5.7658227470e+000 -2.6187853698e+000
1.1570859652e+003 8.7606593543e-002 -1.8442515173e-001
9.3133786187e-001 -3.6375008818e-001 -1.7194777831e-002
3.3135747861e-001 8.2692491074e-001 4.5430982090e-001
-1.5103644729e-001 -4.2881355545e-001 8.9067779037e-001
4.8189159515e-001 5.2081356968e+000 -2.2235325682e+000
1.1626475172e+003 7.7976295155e-002 -1.6517926502e-001
9.4583193423e-001 -3.2458401298e-001 -6.8680939353e-003
3.0060641267e-001 8.6757903130e-001 3.9615957530e-001
-1.2262845045e-001 -3.7676497045e-001 9.1815598903e-001
6.4103175361e-001 4.6335354175e+000 -1.9059305006e+000
1.1492936058e+003 9.7636936424e-002 -1.9160662148e-001
9.5938046428e-001 -2.8208263560e-001 4.3024941241e-003
2.6336443898e-001 9.0097762945e-001 3.4478759186e-001
-1.0113504359e-001 -3.2964935601e-001 9.3867087152e-001
3.9003685606e-001 3.6129124408e+000 -1.8743958163e+000
0 0 0
0 0 0
0 0 0
0 0 0
0 0 0
1.1582606001e+003 7.6918944054e-002 -1.5107275350e-001
9.7008105771e-001 -2.4273909696e-001 4.5246298334e-003
2.3127788933e-001 9.2962520794e-001 2.8689285574e-001
-7.3846322675e-002 -2.7726287811e-001 9.5795199100e-001
7.6389461408e-001 3.3343255009e+000 -1.4911781634e+000
1.1445727602e+003 1.0828673180e-001 -2.2284490310e-001
9.7932918907e-001 -2.0122013603e-001 2.0610586889e-002
1.9117916065e-001 9.5408095321e-001 2.3060802947e-001
-6.6067147446e-002 -2.2190085979e-001 9.7282842293e-001
6.0850229430e-001 2.5554109315e+000 -1.4605436771e+000
1.1478610740e+003 1.0312835649e-001 -2.1197640845e-001
9.8612627767e-001 -1.6540257956e-001 1.4033929099e-002
1.6032186614e-001 9.7092042346e-001 1.7779322414e-001
-4.3033286285e-002 -1.7307662461e-001 9.8396779332e-001
4.9132761342e-001 1.8883932282e+000 -2.1349849183e+000
1.1506835582e+003 7.7755876903e-002 -1.3320294029e-001
9.9184396033e-001 -1.2713944583e-001 9.0066456469e-003
1.2488361238e-001 9.8351169797e-001 1.3080070072e-001
-2.5488069957e-002 -1.2860910257e-001 9.9136777082e-001
4.2521598343e-001 1.5135854555e+000 -1.7582081180e+000
1.1519067845e+003 7.5872057448e-002 -1.4766152796e-001
9.9593621569e-001 -8.9947850018e-002 -4.5209010470e-003
8.9938028338e-002 9.9069164881e-001 1.0218222959e-001
-4.7122529493e-003 -1.0217358398e-001 9.9475542392e-001
4.3028804202e-001 1.0232032928e+000 -1.2913042011e+000
1.1529342254e+003 6.9098386360e-002 -9.8015616868e-002
9.9922626725e-001 -3.9038061518e-002 -4.7850376634e-003
3.9112955277e-002 9.9909506832e-001 1.6709913124e-002
4.1283849147e-003 -1.6884141081e-002 9.9984892970e-001
2.6377038334e-001 1.6505895933e-001 -1.7180314932e+000
1.1499014806e+003 9.2152205220e-002 -1.7196942611e-001
9.9993869787e-001 -9.8898225712e-003 -4.9791486676e-003
9.8447692679e-003 9.9991109908e-001 -8.9930221857e-003
5.0676454105e-003 8.9434523245e-003 9.9994716542e-001
8.2700431843e-002 -1.4902640619e-001 -1.6337742398e+000
1.1551199792e+003 7.1905580290e-002 -1.2860181198e-001
9.9916991866e-001 3.5639858087e-002 -1.9730032003e-002
-3.6737124783e-002 9.9761884648e-001 -5.8369690805e-002
1.7602764271e-002 5.9046063862e-002 9.9810004761e-001
-5.1472932352e-002 -4.4575639086e-001 -1.3761675374e+000
1.1615293100e+003 5.1627408610e-002 -7.9511870121e-002
9.9709834186e-001 7.2437057908e-002 -2.3404471891e-002
-7.4680183779e-002 9.9040488604e-001 -1.1627997187e-001
1.4756924260e-002 1.1769041741e-001 9.9294068244e-001
-5.1450234610e-002 -1.0639826224e+000 -1.3109258333e+000
1.1417552453e+003 7.4830782366e-002 -1.3879486450e-001
9.9312098575e-001 1.1380806022e-001 -2.7539664013e-002
-1.1708686147e-001 9.6756861713e-001 -2.2383395189e-001
1.1724067484e-003 2.2551872777e-001 9.7423812740e-001
-3.7261242720e-001 -2.4942753799e+000 -1.0138536106e+000
0 0 0
0 0 0
0 0 0
0 0 0
0 0 0
1.1406218183e+003 7.3762551853e-002 -1.3682537674e-001
9.8644198324e-001 1.5972612703e-001 -3.7679942338e-002
-1.6384371874e-001 9.4544570332e-001 -2.8158064191e-001
-9.3514457938e-003 2.8393658872e-001 9.5879745726e-001
-3.8377443543e-001 -2.8868475308e+000 -1.3338297995e+000
1.1479986259e+003 5.7101337812e-002 -7.0226376063e-002
9.8023265729e-001 1.9551859871e-001 -3.0272349371e-002
-1.9463814414e-001 9.2552240834e-001 -3.2484498536e-001
-3.5495498639e-002 3.2431581711e-001 9.4528266691e-001
-6.5207283402e-001 -3.7471843840e+000 -1.6210314834e+000
1.1583447554e+003 3.3801261557e-002 -2.9395418602e-003
9.7125286858e-001 2.3530464650e-001 -3.6049807257e-002
-2.3023199476e-001 8.9002871645e-001 -3.9349982526e-001
-6.0506973598e-002 3.9048765311e-001 9.1861760211e-001
-7.4033619978e-001 -4.4608599569e+000 -2.0145082799e+000
1.1483325620e+003 7.1752649989e-002 -1.2772178250e-001
9.6636638468e-001 2.5326978361e-001 -4.4614204805e-002
-2.4577236419e-001 8.5846430491e-001 -4.5014995522e-001
-7.5709679434e-002 4.4597472338e-001 8.9183776021e-001
-7.0307682867e-001 -5.2000874499e+000 -1.9468177365e+000
1.1586751511e+003 3.9774369443e-002 -4.3508204298e-002
9.5219728793e-001 2.9967394940e-001 -5.9294594290e-002
-2.8286228233e-001 7.9161561063e-001 -5.4160285657e-001
-1.1536574057e-001 5.3248497543e-001 8.3854069481e-001
-9.6727456215e-001 -6.3628663923e+000 -2.2014271096e+000
0 0 0
0 0 0
0 0 0
0 0 0
0 0 0
0 0 0
0 0 0
0 0 0
0 0 0
0 0 0
0 0 0
0 0 0
0 0 0
0 0 0
0 0 0
0 0 0
0 0 0
0 0 0
0 0 0
0 0 0
0 0 0
0 0 0
0 0 0
0 0 0
0 0 0
0 0 0
0 0 0
0 0 0
0 0 0
0 0 0
0 0 0
0 0 0
0 0 0
0 0 0
0 0 0
4.9074101874e+000 -2.5380710418e+000 -1.1615528566e+001
148 134 118
19 29 1194 445.6600 -222.4100 31 1208 440.8000 -232.3000 28 1090 466.5601 -208.1500 25 1964 487.1100 -162.0100 26 1119 489.9399 -167.8500 27 1179 515.7600 -206.1800 32 1133 405.0699 -261.3500 21 1954 539.2100 -130.0900 23 1998 579.8000 -116.2600 24 1808 526.8101 -148.6700 20 1493 594.7300 -66.3600 18 1595 585.2500 -89.4000 16 1776 579.5000 34.8600 17 1703 612.4500 -36.4700 14 1632 573.5601 55.4000 12 1555 508.8700 105.8900 10 1279 501.6000 111.7700 8 1386 545.8700 181.6500 9 1269 558.1801 148.0200
4.9810694319e+000 -2.4963182482e+000 -1.1462062020e+001
111 95 91
24 29 2209 457.2800 -221.3400 31 2308 453.0800 -233.9000 28 2119 478.4000 -206.4500 30 2335 458.5400 -222.3700 25 1967 497.8500 -156.7300 26 2314 501.9100 -163.8000 27 2409 529.5601 -203.8100 32 2151 416.7900 -264.4700 21 2753 550.2100 -121.0000 23 2786 592.4100 -107.9700 24 2475 538.0200 -141.6300 34 1913 401.3101 -248.4900 19 2482 600.5699 -39.9000 20 2291 605.0200 -55.4100 18 2342 594.2300 -76.0000 15 2533 566.3700 33.1000 16 2665 586.8900 50.7300 17 2514 620.8900 -21.4500 13 2579 567.8400 105.3500 14 2516 578.2100 72.2400 12 2505 511.1400 122.5100 10 2042 501.9900 127.7900 8 2075 544.6801 198.8900 9 2020 557.6000 164.8900
4.9396691882e+000 -2.4726944134e+000 -1.1570530821e+001
101 88 81
21 29 2206 450.0000 -217.4400 31 2295 445.8900 -228.0400 28 2117 471.0100 -202.9600 30 2331 450.8500 -216.9800 25 1963 489.8900 -155.5400 26 2310 493.4000 -161.5700 27 3217 520.1500 -200.2000 21 2752 541.0300 -122.4300 23 2785 582.4399 -108.6200 19 2486 591.6600 -43.8100 20 2328 595.8199 -58.3000 18 2341 585.1801 -80.9200 15 2532 558.8800 24.9100 16 2668 578.2800 43.1900 17 2536 611.7100 -27.7100 13 2618 560.9399 95.5200 14 2564 571.0400 63.2200 12 2508 505.9700 112.9000 10 2046 498.2100 118.4600 8 2078 541.4000 187.8900 9 2023 554.1300 154.5700
4.9492944236e+000 -2.5740579787e+000 -1.1509512518e+001
110 93 77
22 29 2211 452.8400 -227.3900 31 3086 447.4700 -238.5600 28 2894 473.8300 -212.5200 25 2734 494.7100 -164.0200 26 3134 498.3700 -171.0100 27 3218 525.1200 -210.5100 21 2755 548.6400 -129.8100 23 2788 590.2500 -116.8000 24 2477 535.3000 -149.9600 34 1940 395.1600 -251.2900 19 2487 600.6500 -49.2600 20 2329 604.2700 -64.7500 18 2344 594.9500 -85.5600 15 2538 569.4100 24.2900 16 2669 589.3000 41.5500 17 2540 622.6000 -31.0700 13 2622 571.6400 96.9600 14 2567 582.0100 63.8300 12 2512 515.4100 115.0300 10 2044 507.0601 120.8800 8 2079 551.1200 193.0500 9 2026 563.6200 158.3700
4.8144440737e+000 -2.8939480009e+000 -1.1699050363e+001
103 91 80
22 29 2247 434.9800 -251.8900 31 2351 426.4800 -259.9400 28 2169 457.0000 -238.3400 30 2369 433.5200 -250.9300 25 2021 483.1500 -194.2700 26 2387 484.2300 -200.7400 27 2456 508.9200 -240.0700 32 2179 388.8900 -285.4600 21 2020 541.9500 -165.8500 23 2102 580.7700 -152.7200 34 1939 373.4400 -266.5000 19 1711 599.2200 -87.4200 18 2418 596.7100 -125.1100 15 1725 580.3800 -12.9700 16 2750 596.9900 2.8500 17 2596 628.4800 -70.9200 13 2664 587.3900 62.2800 14 1675 595.6899 27.8400 12 1611 532.5000 83.6400 10 2081 526.9600 91.8200 8 2092 576.4301 168.0800 9 2054 587.2000 130.6900
4.7932054794e+000 -2.8506924985e+000 -1.1748033524e+001
121 105 98
23 29 2196 431.4700 -246.8500 31 2347 423.3900 -254.2900 28 2165 453.1200 -233.5300 30 2320 430.1700 -245.6000 25 2009 478.3600 -190.6000 26 2371 479.8300 -196.6300 27 3240 504.3500 -235.3000 32 2934 386.4100 -279.2800 21 2795 536.4200 -163.4300 23 2825 574.8300 -149.7500 24 1847 518.9500 -180.3700 19 2540 592.9200 -86.3600 20 2371 593.6100 -100.9500 18 2416 590.3800 -124.5600 15 2568 574.7500 -14.5800 16 2747 590.7300 1.6700 17 2590 621.5100 -71.4700 13 2663 581.5900 59.3200 14 2608 589.9200 25.5500 12 2563 527.6200 80.8100 10 2643 522.5500 88.4500 8 2128 571.8700 163.0900 9 2055 582.4900 126.6400
4.6621307111e+000 -2.9266308907e+000 -1.1940366837e+001
222 130 65
20 29 3598 412.6700 -249.4300 31 3115 405.4800 -253.9400 28 2911 435.3900 -237.3400 30 3703 411.2100 -246.6200 25 2763 462.2000 -199.3400 26 2372 463.7300 -204.1100 21 2796 520.9100 -176.8800 23 2855 558.0500 -162.3700 19 2571 579.0000 -103.5000 20 2374 578.1300 -117.2800 18 2928 576.7900 -144.5500 15 1773 567.4900 -37.0100 16 2753 580.8900 -20.1000 17 2642 610.7200 -92.8400 13 2699 576.3199 35.5200 14 1733 584.2400 2.6100 12 2615 524.0800 57.6500 10 2117 520.5601 64.1600 8 2132 573.6000 138.6400 9 2098 582.4200 101.7400
4.5963466171e+000 -3.0546124546e+000 -1.2027683514e+001
210 139 67
20 29 2233 405.8700 -258.7500 31 2333 395.8600 -261.5400 28 2151 428.0000 -247.1200 30 2357 403.5601 -255.6100 25 2012 456.6400 -211.3100 26 1178 456.4200 -216.3300 27 2499 479.1300 -253.6400 21 2047 516.9800 -191.5400 23 2098 552.9100 -177.0900 19 2569 576.8600 -119.3800 20 2403 575.0800 -132.5300 18 2453 577.2100 -160.5400 15 1774 570.2300 -53.1500 17 2646 611.4100 -110.2000 13 2702 581.3800 19.6900 14 1737 587.9800 -13.6900 12 1654 530.4500 43.5500 10 2124 527.3199 50.6500 8 2169 583.4600 126.5600 9 2102 591.0300 88.6700
4.2135227105e+000 -3.7783276409e+000 -1.2508483365e+001
138 128 119
19 29 2277 361.4500 -309.9200 31 2372 345.0400 -304.5800 28 2249 385.1899 -301.0800 30 2399 355.2200 -303.0900 25 2096 424.4800 -276.7500 26 2463 419.2900 -278.9900 27 2590 437.1400 -314.6900 21 2891 495.2200 -272.3500 23 2949 524.5200 -256.5300 24 2579 464.5699 -276.9400 19 2655 566.2700 -207.9900 18 2538 573.9301 -253.7900 15 2702 588.6600 -146.2300 16 2886 592.6200 -132.0900 17 2725 616.4000 -206.7100 13 2813 611.7200 -70.6600 14 2754 613.1100 -105.1700 12 2726 565.2600 -39.3500 10 2753 571.1899 -29.0200
4.8722214512e+000 -2.8673559292e+000 -1.1571155842e+001
193 123 61
23 29 3006 444.0699 -252.0500 31 3715 435.5800 -261.8600 28 2924 466.4800 -238.0800 30 3725 442.8800 -251.9700 25 2771 492.3000 -191.3200 26 3165 493.2000 -198.4000 32 3583 397.4900 -289.0700 21 3376 551.5800 -159.2200 23 3375 590.9000 -146.5100 34 3204 381.2900 -271.0400 19 3067 608.1801 -78.2600 20 2961 609.8000 -94.3000 36 2864 308.9600 -296.1400 18 2898 605.2300 -114.6000 37 2827 316.2200 -303.1900 16 3333 603.2200 14.5800 38 2837 291.2400 -312.2100 13 3301 590.7400 75.2800 14 3236 599.9700 41.0100 12 3216 534.8700 97.0800 10 2626 528.8600 106.8000 8 2648 576.0900 181.7400 9 2578 587.8900 145.3200
4.8722769476e+000 -2.8670182314e+000 -1.1571569728e+001
193 123 61
21 29 3005 444.0699 -252.0500 31 3716 435.5800 -261.8600 28 2925 466.4800 -238.0800 25 2772 492.3000 -191.3200 26 3166 493.2000 -198.4000 32 3584 397.4900 -289.0700 21 3377 551.5800 -159.2200 23 3374 590.9000 -146.5100 24 2964 534.9500 -178.6300 34 3205 381.2900 -271.0400 19 3066 608.1801 -78.2600 20 2960 609.8000 -94.3000 36 2865 308.9600 -296.1400 18 2897 605.2300 -114.6000 16 3332 603.2200 14.5800 13 3302 590.7400 75.2800 14 3237 599.9700 41.0100 12 3217 534.8700 97.0800 10 2627 528.8600 106.8000 8 2647 576.0900 181.7400 9 2577 587.8900 145.3200
4.7783959892e+000 -2.9108021085e+000 -1.1740751272e+001
207 199 188
26 29 2244 430.6899 -252.4500 31 3120 421.8500 -259.9600 28 2166 453.0100 -239.3800 30 2365 429.3300 -251.4200 25 2010 479.6100 -196.1500 26 2374 480.5699 -202.0800 27 2458 505.2200 -241.3200 32 2963 383.5000 -284.9100 23 2856 576.7800 -155.3100 34 2669 367.2900 -265.5300 19 2573 595.3600 -91.0900 20 2375 596.1600 -105.9000 35 2036 317.9700 -296.8600 36 2113 296.1600 -288.4700 18 2419 593.6400 -129.1000 37 2091 303.4600 -294.0500 15 2571 577.9399 -17.9500 16 2752 594.3000 -2.0900 17 2597 625.6000 -75.7400 38 2091 278.9300 -300.5600 13 2666 585.7600 56.5600 14 2611 593.8101 22.6200 12 2566 531.4900 78.4400 10 2083 526.9000 85.9800 8 2133 577.0100 161.9100 9 2057 587.2200 124.7500
4.5371637952e+000 -3.3150590542e+000 -1.2063795841e+001
224 217 199
18 29 3600 399.9900 -280.5000 31 3741 387.2000 -282.0800 28 3582 422.8300 -269.2200 25 3385 455.7300 -234.2400 32 3577 348.5700 -300.9700 21 3839 520.8600 -216.8000 23 3845 555.0400 -202.6000 24 3007 496.5500 -228.4600 19 3518 584.8500 -144.4500 20 3390 581.4600 -158.1300 18 3378 587.7700 -185.4800 15 3583 585.7700 -74.0900 17 3634 624.9100 -134.3900 14 3693 605.1100 -32.8200 12 3662 548.8101 28.3100 10 3098 548.7000 37.7600 8 3085 607.0699 117.3100 9 3049 614.2600 77.5000
5.1420504770e+000 -2.0647108291e+000 -1.1284309048e+001
229 216 189
26 29 4402 477.7900 -185.7700 31 4536 478.4500 -201.2300 28 4339 497.7500 -169.5900 30 4500 481.5699 -187.4300 25 4118 509.5699 -115.7400 26 4572 515.9600 -122.6900 27 4663 545.8199 -161.9600 32 4386 444.6000 -236.9100 21 4076 553.7100 -74.6100 23 4091 599.0000 -61.0100 24 3744 548.2200 -97.2900 34 3983 430.6100 -224.7200 19 3806 597.5200 7.3800 20 3635 605.3300 -7.6300 35 3714 380.7800 -262.7000 36 3844 359.8600 -262.2500 18 3582 586.4301 -28.4100 37 3817 369.3900 -273.9300 15 3791 548.0500 74.9900 16 4070 572.1899 95.4200 17 3849 608.2800 25.8200 38 3823 346.8500 -291.7600 14 3928 556.7200 111.7000 12 3912 487.0200 156.0000 10 3350 475.7700 159.9300 8 3355 511.5500 224.0600
5.1861343721e+000 -1.5426782734e+000 -1.1365725455e+001
192 81 57
27 29 4021 478.2900 -137.6200 31 4140 485.4100 -152.6500 28 3984 496.5400 -121.7800 30 4128 485.5400 -138.5100 25 3740 498.5500 -70.2900 26 4173 507.8400 -75.5600 27 4270 539.5800 -112.3400 32 3971 455.9000 -189.9900 21 3713 532.6100 -31.0500 23 4074 580.0400 -15.0300 24 3323 533.7600 -50.6800 34 3600 444.8000 -180.1700 19 3401 568.8700 45.5800 20 3276 579.6000 33.6400 35 3690 396.4500 -220.6500 36 3820 377.8900 -222.3300 18 3570 554.3900 7.1300 37 3790 389.4600 -235.7800 15 3479 510.3500 97.2000 16 4055 535.4500 121.7800 17 3836 571.7500 57.3000 13 3723 504.0000 157.7200 14 3591 517.5000 129.9100 12 3591 448.8800 165.7900 10 3014 435.8500 165.2600 8 3021 468.8600 221.5600 9 2991 483.6500 195.2800
4.8564993242e+000 -2.5357525280e+000 -1.1738461667e+001
216 135 59
26 29 3580 436.6899 -219.8300 31 4176 432.1200 -228.1600 28 3532 457.5800 -206.0100 30 4180 437.3400 -218.5000 25 3348 477.5800 -162.6500 26 3782 480.6200 -168.2000 32 4012 396.7400 -255.0100 21 3779 529.7000 -134.1400 23 3781 570.0500 -119.8500 24 2947 516.5300 -150.6500 34 3634 382.5800 -237.9200 19 3478 581.5601 -58.3900 20 3344 584.6300 -71.9100 35 3712 334.0900 -271.0500 36 3381 313.5700 -265.4900 18 3325 576.1000 -96.8400 37 3363 322.0400 -272.4600 15 3535 554.6000 6.6600 16 3776 572.1899 25.2700 17 3567 604.3800 -45.3300 13 3761 558.6801 76.6700 14 3635 568.0200 44.6900 12 3215 505.5900 94.9000 10 3060 498.4200 100.0700 8 3048 544.6100 169.6300 9 3014 555.2700 135.5800
4.4271503593e+000 -3.6554452946e+000 -1.2158115381e+001
185 96 52
24 29 4100 388.4399 -307.6400 31 4210 372.4600 -306.9200 28 4061 412.0800 -296.8300 30 4219 382.6900 -303.1400 25 3864 450.7100 -265.2500 26 4290 446.8800 -269.4900 32 4052 332.1000 -321.9000 21 3855 521.8400 -251.9900 23 4168 553.5100 -237.6300 24 3489 492.7100 -261.6900 34 3664 315.0700 -297.0900 19 3865 590.9800 -179.9700 20 3718 584.9301 -193.7900 35 3748 266.9000 -322.4500 36 3858 244.6400 -308.5500 18 3664 596.9100 -221.8500 37 3830 250.1000 -309.0300 15 3867 603.2400 -106.4900 16 4144 611.2100 -93.8400 38 3396 224.3700 -307.1800 13 4138 621.8700 -27.4900 14 4006 625.4100 -63.3500 12 3974 571.1400 2.6900 10 3410 573.7300 14.2100
4.7394639903e+000 -2.5184860237e+000 -1.1967770071e+001
209 121 48
27 29 4048 419.4200 -214.7300 31 4175 414.8900 -219.8500 28 4006 440.0699 -202.3200 30 4164 420.5699 -212.2200 25 3804 459.8800 -163.8800 26 4233 462.3700 -167.9600 27 4330 487.6500 -204.1400 32 3991 380.6300 -244.0000 21 3778 510.3300 -140.4000 23 3797 549.2700 -124.6300 24 3423 496.7900 -153.2900 34 3633 367.9200 -226.4500 19 3477 562.1700 -69.1000 20 3343 564.4000 -81.1200 35 3709 320.7900 -258.1000 36 3839 300.8500 -250.6800 18 3326 557.6500 -109.9300 37 3814 309.2800 -256.4800 15 3534 539.5000 -12.1800 16 3793 555.1500 7.3700 17 3592 586.2700 -61.2600 13 3779 545.4200 54.3200 14 3656 554.0900 23.9600 12 3628 494.6100 72.7500 10 3062 489.3101 76.5300 8 3066 537.8700 144.0200 9 3023 547.5500 110.5800
4.4443975094e+000 -3.1439933382e+000 -1.2258735928e+001
216 153 48
24 29 3597 386.0400 -261.8800 31 4186 375.8100 -261.8600 28 4035 408.6200 -252.0000 30 4198 383.2900 -256.8200 25 3831 438.0000 -220.6600 26 3831 436.5699 -223.7200 27 4355 457.6899 -259.3700 32 4011 338.6300 -278.5100 21 3817 499.2400 -207.2700 23 3840 532.5400 -191.3400 24 3441 476.6200 -215.8100 34 3196 324.3100 -256.5900 19 3514 560.7300 -139.8200 20 3685 557.7100 -151.4100 18 3363 562.6300 -183.1300 15 3579 561.1100 -79.6600 16 3829 571.0400 -62.9200 17 3629 597.3800 -135.0600 13 3819 575.1600 -8.5500 14 3694 580.2600 -41.1700 12 3659 526.7500 16.0500 10 3408 527.5200 23.0000 8 3098 586.1801 97.6900 9 3372 591.8500 59.5100
5.4024251255e+000 -1.5402177077e+000 -1.0936033524e+001
135 70 51
28 29 4644 514.7500 -142.1400 31 4825 522.2500 -163.7100 28 4595 533.4200 -123.9200 30 4758 522.6700 -146.1700 25 4365 534.5400 -62.2900 26 4800 545.0900 -69.7400 27 4874 579.2600 -109.5200 32 4679 491.4000 -207.7000 21 4319 568.7900 -11.9800 23 4327 619.3500 2.0800 24 3961 572.5100 -38.4600 34 4255 478.2300 -200.6400 19 4015 603.7500 72.7400 20 4078 616.8800 57.8500 35 4377 427.5000 -243.8500 36 4507 406.6899 -248.7200 18 3836 586.9600 38.0500 37 4499 418.0400 -264.9600 15 4011 534.3300 136.0600 16 4310 563.4399 159.7300 17 4106 602.6400 92.9300 38 4431 396.3101 -290.7100 13 4283 523.3800 200.3100 14 4150 538.9399 170.9000 12 4127 464.1500 207.6400 10 3584 448.6100 208.5300 8 3598 476.3800 266.9500 9 3555 494.2900 240.3100
5.1944911503e+000 -2.1508535997e+000 -1.1154021100e+001
177 81 53
28 29 4405 487.2900 -195.0300 31 4538 486.9900 -212.5000 28 4342 507.8300 -178.4600 30 4502 490.6400 -197.6100 25 4135 520.8101 -121.2300 26 4575 527.3300 -129.3100 27 4666 557.2600 -169.6400 32 4407 452.0699 -249.6800 21 4336 567.3300 -77.3400 23 4342 613.1300 -64.6300 24 3746 561.0300 -102.3000 34 3985 436.9600 -238.0400 19 4046 611.8700 8.1800 20 3896 620.0400 -8.4700 35 4086 386.3300 -276.6500 36 4205 364.2600 -276.3800 18 3859 601.0800 -26.2600 37 4198 373.6300 -288.4300 15 4023 561.7000 81.6000 16 4335 586.7500 101.0000 17 4130 623.4100 30.1600 38 4142 349.6200 -306.8600 13 4298 557.4301 152.4200 14 4164 570.5100 120.1100 12 4142 498.5200 165.9500 10 3598 486.6100 170.7900 8 3606 521.7500 237.8000 9 3562 537.7400 206.5000
4.9030152964e+000 -2.2711974240e+000 -1.1750854790e+001
229 156 63
27 29 4401 440.1600 -197.0200 31 4535 438.6000 -205.3700 28 4337 460.2600 -182.9300 30 4777 442.4700 -195.3600 25 4385 475.4600 -139.4200 26 4811 479.8700 -144.6900 27 4889 506.9301 -181.2800 32 4385 405.4100 -232.8200 21 4351 522.1500 -109.9300 23 4358 563.7400 -94.8600 24 3985 512.5800 -126.6100 34 3980 392.3600 -217.5800 19 4058 570.0100 -35.8100 20 3906 574.6200 -48.2800 35 4083 344.5400 -252.2600 36 4185 324.5900 -248.3300 18 3874 562.8600 -75.6300 37 4180 333.9300 -256.6900 15 4040 537.3400 22.0400 16 4348 555.6400 43.1300 17 4159 588.3000 -25.6100 13 4315 539.6000 88.7100 14 4186 549.7100 58.0200 12 4155 486.1801 104.6000 10 3616 479.4700 107.4500 8 3629 522.7100 172.6600 9 3583 534.0800 141.0700
4.9022821847e+000 -2.6120722981e+000 -1.1614871333e+001
227 202 148
24 29 4058 445.1899 -229.0700 31 4557 439.8700 -239.1300 28 4358 466.8900 -214.9500 30 4518 445.7100 -228.7300 25 4149 488.2000 -168.3100 26 4589 491.0400 -174.6000 27 4683 517.1700 -213.5200 32 4014 403.2800 -267.3000 21 4100 542.1000 -136.5800 23 4128 582.6500 -123.1400 24 3770 528.4200 -155.3600 34 3649 388.1500 -250.5400 19 3824 594.6801 -57.7600 35 3738 338.8400 -283.7900 36 3841 317.4000 -277.9200 18 3603 589.8800 -95.0100 37 3834 325.7400 -285.9300 15 3815 565.4399 12.4400 16 4097 584.3600 29.9900 38 3820 301.9900 -296.3200 13 4078 569.1899 84.3300 12 3936 514.0000 102.8500 8 3363 552.4200 180.4900 9 3585 564.1200 146.3200
4.6271308171e+000 -2.8259221698e+000 -1.2056201602e+001
241 191 83
25 29 4679 407.6899 -239.3400 31 4852 400.9800 -243.1200 28 4630 428.6400 -227.1100 30 4800 407.3600 -236.4900 25 4409 453.2700 -191.1900 26 4832 453.3900 -194.9700 32 4405 365.9800 -265.7100 21 4568 509.0300 -171.2300 23 4558 545.6700 -155.7900 24 3994 491.0699 -183.0900 34 3979 351.3600 -245.3800 19 4280 565.3300 -100.9100 20 4112 564.9399 -112.9500 35 4081 303.7700 -275.1200 36 4198 283.8500 -266.5300 18 4064 563.0800 -142.6100 37 4178 291.5300 -270.8900 15 4257 552.8900 -40.6900 16 4561 566.5000 -22.6600 17 4358 595.4700 -93.3600 13 4511 562.6100 29.0800 14 4381 569.7300 -2.8700 12 4174 512.5601 50.5800 10 3643 509.2500 55.8100 9 3803 570.0900 91.3100
5.0182191673e+000 -2.5962646601e+000 -1.1377697481e+001
151 77 49
26 29 4419 463.4200 -231.6500 31 4558 458.0601 -244.8300 28 4371 485.0200 -216.5100 30 4521 463.6801 -233.0900 25 4151 506.1899 -165.1000 26 4590 509.4200 -172.8900 27 4685 536.6100 -213.1900 32 4713 421.4700 -276.3800 21 4103 560.6000 -128.0000 23 4108 602.8300 -115.8100 24 3760 547.6600 -150.3700 34 4284 405.5400 -260.7400 19 3817 612.7500 -44.5500 20 3656 616.8101 -60.7600 36 4515 333.8600 -290.6500 18 3876 607.1700 -78.8500 37 4510 341.3400 -300.3800 15 4041 579.0200 34.9200 16 4350 600.0699 51.1700 17 3869 633.4500 -23.2800 38 4433 317.5100 -313.0700 13 4310 579.8199 109.5400 14 4178 590.8400 75.4600 10 3618 513.3700 135.5800 8 3615 555.2500 208.7400 9 3569 569.0800 173.8000
4.6443120518e+000 -3.3551142774e+000 -1.1864251987e+001
168 68 49
24 29 4717 415.5000 -288.4800 31 4886 402.2800 -292.9100 28 4647 438.9301 -276.2600 30 4832 411.3101 -286.1000 25 4426 472.6899 -236.8000 26 4846 470.8400 -242.7300 27 4942 492.8300 -281.9900 32 4736 362.2900 -313.8100 21 4381 539.2800 -214.5600 23 4394 574.6400 -201.6000 24 4012 515.1400 -229.6300 34 4297 345.4000 -291.9200 19 4089 603.9000 -137.6900 20 3940 601.2400 -152.8700 35 4405 296.0500 -320.5800 36 4220 273.3800 -309.3800 18 3914 606.5400 -176.2700 37 4195 279.4200 -312.5900 15 4070 601.6200 -58.8800 16 4386 613.8800 -46.0400 13 4343 613.7300 19.2700 14 4214 619.7900 -16.3600 12 4176 560.6801 47.2800 10 3644 559.3700 58.1900
8.6506560277e-001 -1.5193715945e+000 -9.7914427101e+000
198 187 166
24 29 4873 102.2000 -158.3100 31 5075 96.6600 -155.6800 28 4810 124.2500 -149.0300 30 5001 98.4400 -146.7200 25 4599 145.6600 -118.2400 26 5010 141.6900 -117.7800 27 5102 156.5100 -149.1800 32 4668 61.7800 -197.2300 21 4709 173.5100 -98.0400 23 4701 212.4000 -75.9300 24 4317 166.9500 -105.6600 34 4236 61.5300 -175.0300 19 4425 223.0800 -23.7700 20 4275 225.0600 -33.8900 18 4186 207.0500 -58.6200 15 4233 180.4100 40.2900 16 4715 197.2300 69.8800 17 4477 229.7400 -7.5200 13 4482 182.2300 111.8000 14 4510 195.0800 76.7900 12 4350 140.4600 121.2900 10 3818 133.7000 120.8300 8 3806 173.8800 195.0900 9 3777 186.8200 158.5700
7.7078282054e-001 -1.7518330153e+000 -1.0022574429e+001
213 197 171
24 29 4872 90.9300 -178.4500 31 5074 83.1300 -172.4500 28 4829 113.1400 -170.3900 30 5015 86.1100 -165.6000 25 4614 138.0300 -144.4400 26 5025 132.7500 -143.1500 27 5113 146.3200 -174.1300 32 4925 47.7100 -209.4100 21 4720 169.7300 -130.2300 23 4714 206.6300 -107.6100 24 4328 159.7500 -134.9500 34 4460 46.6400 -184.3900 19 4440 222.7400 -58.8700 20 4281 222.3700 -68.4300 18 4195 208.7400 -95.7600 15 4248 187.2400 2.0100 16 4721 202.2300 31.4700 17 4483 233.3000 -46.7300 13 4492 191.5900 73.2300 14 4371 203.4400 38.7700 12 4362 151.1800 85.8100 10 3826 146.6000 85.8600 8 3820 190.8900 162.2400 9 3786 202.3200 124.4000
4.5961884868e+000 -2.9594872239e+000 -1.2075135663e+001
218 119 62
27 29 4697 404.7400 -250.1800 31 4866 396.1200 -253.3500 28 4634 426.4800 -238.5500 30 4801 402.9100 -246.7400 25 4412 453.1801 -202.9800 26 4833 452.9000 -207.0300 27 4912 476.0200 -243.9600 32 4711 360.0400 -274.6300 21 4379 510.8400 -184.0400 23 4559 546.7200 -168.9600 24 4200 491.4399 -195.5800 34 4281 345.2900 -253.7500 19 4281 569.4399 -113.3600 20 4120 568.2500 -125.8700 35 4398 297.6900 -282.7200 36 4502 277.3300 -273.2200 18 4072 568.7100 -154.9400 37 4495 284.5000 -276.9900 15 4258 560.7100 -51.1600 16 4564 572.8900 -34.2200 17 4359 601.8101 -105.6700 13 4512 572.1899 20.2100 14 4382 578.3700 -12.5300 12 4175 521.9500 43.3300 10 3843 519.9700 49.9900 8 3834 573.7100 122.9500 9 3804 581.8000 86.4200
4.5459028748e+000 -3.4566279243e+000 -1.1974244577e+001
230 193 113
22 29 4715 403.7200 -293.5400 31 5116 389.2500 -296.5200 25 4424 462.8700 -245.9100 26 4857 460.3600 -250.9500 27 4943 481.2700 -289.3800 32 4953 348.3400 -315.6200 21 4592 531.2700 -227.5600 23 4573 565.0699 -213.7300 24 4209 505.1000 -240.4400 34 4479 330.3100 -293.2400 19 4299 597.8300 -152.8500 20 4126 593.6200 -167.6200 35 4592 281.9300 -319.8800 36 4701 259.3300 -307.6900 18 4083 601.5100 -193.1600 37 4695 265.2300 -309.5300 15 4264 600.9000 -76.8900 16 4573 611.6600 -63.8700 13 4680 615.7000 2.5800 14 4387 620.8500 -33.9000 12 4380 563.4399 30.1900 10 3844 563.4800 41.0800
1.1757127229e-001 -1.6065558079e+000 -1.0334170353e+001
184 160 132
22 29 4871 26.9300 -160.1200 31 5061 20.6200 -146.4900 28 4826 48.6000 -154.8900 30 5000 22.5000 -143.1900 25 4611 71.1600 -142.4800 26 5204 64.6000 -137.1200 27 5303 76.2300 -163.4800 21 4717 95.8500 -142.5200 23 4711 129.9400 -116.4500 24 4327 86.4700 -137.5600 19 4439 145.8700 -84.0000 20 4287 144.8700 -88.6900 18 4199 130.5900 -127.0400 15 4417 115.8900 -43.8600 16 4724 126.5500 -11.4400 17 4488 154.7500 -86.2500 13 4668 123.1900 20.6200 14 4533 134.0600 -10.7500 12 4530 89.0300 32.9300 10 4021 86.2200 28.7700 8 3995 133.5300 98.4300 9 3955 142.2600 62.0700
3.9352389750e+000 -3.8498577924e+000 -1.3018266738e+001
134 74 46
25 29 4712 326.9200 -304.0600 31 4882 311.5100 -292.6300 28 4663 349.6900 -297.3000 30 4828 321.0800 -294.4300 25 4461 388.2300 -283.8600 26 4874 382.3400 -283.4400 27 4955 398.9800 -316.0300 32 4720 274.0100 -297.7800 21 4419 456.8000 -291.2500 23 4413 483.7200 -272.6300 24 4035 424.8199 -288.1800 34 4278 259.9000 -269.5700 19 4127 528.5800 -237.0500 20 4145 518.2500 -244.7000 35 4393 214.7900 -289.9400 36 4500 195.4100 -271.6200 18 4103 537.4301 -288.9100 37 4492 201.3900 -267.7400 15 4302 562.1899 -193.4900 16 4599 561.2200 -176.8600 17 4394 581.6600 -248.0600 13 4551 590.4301 -124.1300 14 4422 589.4200 -155.8600 12 4228 549.5000 -92.4600 10 3878 559.0699 -85.5100
3.9891692633e+000 -3.4138440390e+000 -1.2990045040e+001
118 68 37
22 29 4907 331.4900 -270.4000 31 5106 319.9100 -260.4400 28 4871 353.1700 -262.9800 30 5042 327.5800 -260.9400 25 4797 385.3900 -247.9900 26 5230 381.8200 -247.2200 27 5327 399.7400 -278.7700 21 4744 446.7900 -252.1900 23 4735 475.7500 -232.9100 24 4356 420.5500 -249.7600 19 4561 512.2200 -198.2100 20 4310 504.9900 -205.1300 18 4324 517.6200 -249.2400 15 4544 532.5900 -160.8100 16 4877 534.7000 -141.2800 17 4624 557.3000 -209.5200 13 4793 555.6801 -96.3300 14 4671 556.6400 -125.9300 12 4657 514.5601 -69.4500 10 4153 521.7400 -64.8900 8 4121 594.6801 7.0100 9 4088 593.8900 -31.3100
4.9835822774e+000 -2.1751704092e+000 -1.1609399377e+001
187 76 55
25 29 5061 452.4600 -190.2200 31 5253 452.2100 -201.8100 28 5001 472.5300 -176.0100 30 5193 455.5200 -189.9500 25 4774 485.5800 -128.8500 26 5208 490.8800 -134.1300 27 5308 519.1000 -171.7600 32 5085 418.3101 -233.0800 21 4712 530.6500 -95.7600 23 4710 573.7300 -81.0100 24 4324 522.8400 -113.8000 34 4608 405.1400 -218.6000 19 4431 576.6801 -19.9000 20 4279 582.5400 -33.0800 35 4720 356.3700 -254.6500 36 4829 336.2300 -251.4500 15 4399 537.6400 40.0700 16 4855 558.4301 60.7400 17 4598 591.8400 -7.3400 13 4763 538.3500 106.3500 14 4638 549.3199 75.8800 12 4511 484.3500 120.3300 10 4002 475.7900 123.5400 8 4092 517.6801 188.7700 9 4058 529.7100 157.3900
4.4055227526e+000 -2.9514166514e+000 -1.2387465351e+001
189 85 55
24 29 4416 379.5100 -243.8000 31 4553 371.2000 -241.9700 28 4369 400.8900 -233.6800 30 4515 377.7600 -238.2000 25 4160 427.2200 -205.2800 26 4600 426.6000 -207.6300 27 4695 448.2600 -242.0500 32 4402 335.9100 -258.3700 21 4378 483.8500 -193.8200 23 4381 517.9100 -177.0000 24 3781 463.6700 -200.5100 34 3977 323.0000 -236.2200 19 4087 542.2900 -129.4100 20 3933 540.1700 -139.5400 18 3913 542.6300 -174.3000 15 4069 540.1801 -78.2800 16 4396 549.4500 -59.4000 17 4191 576.4700 -128.8800 13 4353 554.0699 -10.7200 14 4223 559.0400 -41.6600 12 4185 506.9800 11.9500 10 3656 506.8500 16.9100 8 3656 565.6500 87.6700 9 3621 571.0000 51.5600
4.4055227526e+000 -2.9514166514e+000 -1.2387465351e+001
189 85 55
24 29 4417 379.5100 -243.8000 31 4554 371.2000 -241.9700 28 4370 400.8900 -233.6800 30 4516 377.7600 -238.2000 25 4159 427.2200 -205.2800 26 4601 426.6000 -207.6300 27 4696 448.2600 -242.0500 32 4403 335.9100 -258.3700 21 4377 483.8500 -193.8200 23 4382 517.9100 -177.0000 24 3780 463.6700 -200.5100 34 3978 323.0000 -236.2200 19 4086 542.2900 -129.4100 20 3932 540.1700 -139.5400 18 3912 542.6300 -174.3000 15 4068 540.1801 -78.2800 16 4397 549.4500 -59.4000 17 4192 576.4700 -128.8800 13 4352 554.0699 -10.7200 14 4222 559.0400 -41.6600 12 4184 506.9800 11.9500 10 3657 506.8500 16.9100 8 3657 565.6500 87.6700 9 3622 571.0000 51.5600
2.7522017718e-001 -2.8874954038e+000 -1.0977611183e+001
154 133 111
22 29 4066 44.9400 -270.6500 31 3099 28.1600 -254.3600 28 4023 68.5200 -267.3000 30 3149 34.8800 -254.7500 25 4179 105.2000 -262.1500 26 4618 95.2000 -257.5000 27 4363 103.3600 -287.2500 21 4405 148.2800 -277.8900 23 4410 176.4500 -254.1900 24 3801 126.7500 -268.2000 19 4311 213.3800 -223.1100 20 4141 204.8200 -229.0000 18 4098 206.9700 -271.2600 15 4439 215.1100 -176.2900 16 4752 218.2100 -151.0900 17 4519 243.6100 -231.8600 13 4791 235.8700 -103.3000 14 4558 240.9400 -138.1200 12 4545 201.8000 -76.2100 10 4039 208.9900 -74.6100 8 4018 278.6500 10.5300 9 3972 280.5200 -35.8100
-1.5248397516e+000 4.0474440967e-001 -9.4958504489e+000
189 161 149
22 29 5115 -148.5000 34.8600 31 5175 -148.6700 62.3700 28 5064 -129.6000 36.9300 30 5241 -150.2300 62.0600 25 4907 -122.1000 35.3600 26 5359 -126.7100 49.0400 27 5445 -117.0800 34.2100 21 4867 -131.3500 33.0100 23 4865 -93.7400 69.7900 24 4484 -125.8300 49.7400 19 4636 -99.5900 79.5100 20 4502 -94.3100 84.0000 18 4400 -127.4800 33.6400 15 4627 -158.4600 75.1100 16 4964 -147.6100 126.4600 17 4705 -119.6000 64.3200 13 4902 -164.3300 117.8300 14 4756 -146.6500 94.8900 12 4760 -186.6800 108.9700 10 4249 -201.2900 90.5000 8 4219 -175.1700 132.4500 9 4193 -161.5500 110.5300
-2.8747660597e+000 1.1181458656e+000 -8.7275164739e+000
131 112 97
19 29 1606 -308.0700 113.8500 31 1611 -309.0000 148.8100 28 1545 -287.4900 112.0600 25 1397 -283.5400 103.8700 26 1759 -291.6700 122.4500 21 2476 -310.3300 97.8500 23 2446 -273.0600 140.9300 24 1306 -301.7500 122.2500 19 2212 -284.6800 141.4100 20 2003 -278.6100 150.1200 18 2116 -318.7000 95.0900 15 2345 -353.4500 123.7400 16 3207 -345.2400 184.5000 17 2989 -318.1000 123.2600 14 3123 -342.4800 139.6300 12 2416 -378.7400 144.1200 10 2604 -399.6600 120.2800 8 2098 -385.3000 156.8400 9 2547 -366.3900 137.0200
4.7168375271e+000 -2.3945975997e+000 -1.2040549723e+001
201 104 56
23 29 2941 415.1200 -202.7000 31 3041 412.4000 -207.2000 28 2888 435.3101 -190.5200 30 3104 416.6400 -199.5300 25 3347 452.8101 -153.8000 26 3125 455.7500 -157.1300 27 3211 481.1000 -192.3000 32 2895 378.7800 -230.6100 21 3345 500.7400 -131.7500 23 3348 539.5900 -115.1400 24 2945 488.9000 -143.7900 19 3062 550.7200 -62.8600 20 2934 553.6500 -73.8500 18 2895 545.6300 -104.8800 15 3129 527.3199 -10.9300 16 3329 542.5400 9.8000 17 3186 572.8400 -57.7000 13 3330 532.9399 53.7300 14 3257 541.6400 23.8700 12 3248 483.0000 70.5100 10 2639 477.7500 73.2200 8 2670 525.9600 137.9100 9 2597 535.7500 106.1300
4.4308930814e+000 -3.4398616279e+000 -1.2213388696e+001
104 92 78
24 29 3025 387.2500 -288.2100 31 2377 373.5800 -287.5600 28 2942 410.3000 -277.6500 30 3188 382.5300 -283.3100 25 2807 444.8000 -246.1700 26 3230 441.8101 -249.8600 27 3304 461.7300 -286.6200 32 2951 334.6600 -304.0600 21 2847 510.9900 -232.8000 23 3426 543.8700 -218.1200 24 2557 485.0900 -242.3400 34 2658 318.6000 -280.3700 19 3129 577.0900 -163.2700 20 3000 572.2700 -175.9900 18 2975 581.0200 -205.8400 15 3201 584.2400 -96.2800 16 3410 592.7600 -81.7100 17 3258 619.2700 -156.1000 13 3388 601.1000 -20.8200 14 3321 605.0400 -55.3000 12 3290 551.8300 7.1300 10 2694 553.6100 16.7300 8 2720 615.5300 97.1400 9 2660 620.9500 56.1900
4.3293774436e+000 -3.7199257728e+000 -1.2316140702e+001
131 117 101
19 29 3024 375.5100 -308.7000 31 3145 359.3400 -305.6100 28 2973 399.0699 -298.8100 30 2402 369.8300 -303.5700 25 2842 438.3700 -271.0100 26 2465 434.3500 -274.8200 27 3309 453.2700 -312.0000 21 2888 509.7100 -261.9600 23 2923 540.5400 -247.2500 24 2582 479.5800 -269.3000 19 2657 579.9100 -193.6500 20 2462 572.8300 -206.3700 18 2996 586.9100 -237.4200 15 3221 597.7300 -125.1100 16 3430 603.7600 -111.8600 17 3276 628.9700 -187.8700 13 3408 618.5900 -47.2600 14 3343 620.9100 -82.7500 10 2720 572.8900 -5.9900
4.3293774436e+000 -3.7199257728e+000 -1.2316140702e+001
131 117 101
19 29 3023 375.5100 -308.7000 31 3146 359.3400 -305.6100 28 2974 399.0699 -298.8100 30 2403 369.8300 -303.5700 25 2843 438.3700 -271.0100 26 2466 434.3500 -274.8200 27 3310 453.2700 -312.0000 21 2889 509.7100 -261.9600 23 2924 540.5400 -247.2500 24 2581 479.5800 -269.3000 19 2658 579.9100 -193.6500 20 2463 572.8300 -206.3700 18 2997 586.9100 -237.4200 15 3222 597.7300 -125.1100 16 3431 603.7600 -111.8600 17 3277 628.9700 -187.8700 13 3409 618.5900 -47.2600 14 3344 620.9100 -82.7500 10 2721 572.8900 -5.9900
4.2693915879e+000 -3.7044916471e+000 -1.2432245543e+001
120 107 91
19 29 2276 367.9700 -305.3600 31 2374 352.3300 -301.4100 28 2242 391.6000 -296.2500 30 2400 362.1300 -299.0700 25 2840 429.8900 -270.1600 26 3234 425.2200 -272.8300 27 3302 443.5200 -308.8100 21 2886 499.5699 -263.3700 23 2921 529.8101 -247.9100 24 2580 470.1600 -269.4300 19 3147 569.8400 -197.7400 18 2998 576.5400 -242.6800 15 3220 588.7200 -134.1700 16 3432 593.6100 -120.0500 17 3274 618.0601 -194.7600 13 3432 610.2600 -58.3700 14 3354 612.2800 -93.0000 12 3308 563.0000 -27.7100 10 2722 567.9100 -17.4500
4.2137052337e+000 -3.7783090099e+000 -1.2508472582e+001
138 128 119
20 29 2278 361.4500 -309.9200 31 2373 345.0400 -304.5800 28 2248 385.1899 -301.0800 30 2398 355.2200 -303.0900 25 2095 424.4800 -276.7500 26 2462 419.2900 -278.9900 27 2589 437.1400 -314.6900 21 2890 495.2200 -272.3500 23 2948 524.5200 -256.5300 24 2578 464.5699 -276.9400 19 2654 566.2700 -207.9900 20 2487 558.3800 -219.1500 18 2537 573.9301 -253.7900 15 2703 588.6600 -146.2300 16 2887 592.6200 -132.0900 17 2724 616.4000 -206.7100 13 2814 611.7200 -70.6600 14 2755 613.1100 -105.1700 12 2727 565.2600 -39.3500 10 2752 571.1899 -29.0200
7.3233171944e-001 -1.2821842562e+000 -9.7919997733e+000
71 73 53
26 29 3486 88.5000 -134.9200 31 3624 84.8200 -130.8200 28 3453 110.1100 -126.0600 30 3640 85.4900 -122.3000 25 3752 128.5800 -97.1800 26 4181 125.0200 -95.5200 27 4280 140.0900 -125.4500 32 3458 51.0900 -172.2000 21 3722 151.9500 -77.7900 23 3722 191.1200 -54.3000 24 3338 147.6600 -83.7200 34 3097 52.3900 -150.7800 19 3803 198.3900 -6.4600 20 3631 201.3900 -14.8300 35 2664 11.8200 -193.3700 36 2777 3.0700 -193.8800 18 3579 180.7500 -42.3600 15 3798 151.8400 48.8700 16 4067 168.8000 81.2800 17 3856 201.1600 5.9700 13 4049 151.9400 116.2800 14 3933 165.8000 83.4800 12 3914 112.1000 123.5700 10 3357 104.4300 120.6400 8 3358 142.5600 189.3100 9 3314 155.5600 155.5100
4.1623193126e+000 -3.5689480786e+000 -1.2659649845e+001
199 132 45
