# Bundle file v0.3
46 10659
0 0 0
0 0 0
0 0 0
0 0 0
0 0 0
0 0 0
0 0 0
0 0 0
0 0 0
0 0 0
0 0 0
0 0 0
0 0 0
0 0 0
0 0 0
0 0 0
0 0 0
0 0 0
0 0 0
0 0 0
0 0 0
0 0 0
0 0 0
0 0 0
0 0 0
0 0 0
0 0 0
0 0 0
0 0 0
0 0 0
0 0 0
0 0 0
0 0 0
0 0 0
0 0 0
0 0 0
0 0 0
0 0 0
0 0 0
0 0 0
0 0 0
0 0 0
0 0 0
0 0 0
0 0 0
0 0 0
0 0 0
0 0 0
0 0 0
0 0 0
0 0 0
0 0 0
0 0 0
0 0 0
0 0 0
0 0 0
0 0 0
0 0 0
0 0 0
0 0 0
0 0 0
0 0 0
0 0 0
0 0 0
0 0 0
0 0 0
0 0 0
0 0 0
0 0 0
0 0 0
0 0 0
0 0 0
0 0 0
0 0 0
0 0 0
0 0 0
0 0 0
0 0 0
0 0 0
0 0 0
0 0 0
0 0 0
0 0 0
0 0 0
0 0 0
0 0 0
0 0 0
0 0 0
0 0 0
0 0 0
0 0 0
0 0 0
0 0 0
0 0 0
0 0 0
1.1433559837e+003 1.1267187773e-001 -2.1335355551e-001
9.3019194959e-001 -3.6650880784e-001 -2.0352658221e-002
3.3665607354e-001 8.2970028158e-001 4.4526411364e-001
-1.4630661321e-001 -4.2103293995e-001 8.9516793866e-001
3.7928311405e-001 5.0718064790e+000 -1.7147973453e+000
1.1503818367e+003 1.0122447697e-001 -1.9064909315e-001
9.4494823949e-001 -3.2706353362e-001 -1.0112846197e-002
3.0520981835e-001 8.6982326731e-001 3.8762668953e-001
-1.1798216588e-001 -3.6937369780e-001 9.2176096679e-001
5.3503296547e-001 4.5049958965e+000 -1.4221118475e+000
1.1390590768e+003 1.1534879417e-001 -2.0622377015e-001
9.5873452049e-001 -2.8430089527e-001 1.0583830078e-003
2.6730766179e-001 9.0268437338e-001 3.3720548038e-001
-9.6823205766e-002 -3.2300762065e-001 9.4143047743e-001
2.9502500717e-001 3.5130995544e+000 -1.4017854024e+000
0 0 0
0 0 0
0 0 0
0 0 0
0 0 0
1.1483812463e+003 9.3069091966e-002 -1.6547763160e-001
9.6953056642e-001 -2.4496898722e-001 8.2223958001e-004
2.3495569866e-001 9.3083970856e-001 2.7988079003e-001
-6.9327486927e-002 -2.7115979101e-001 9.6003440943e-001
6.5115940552e-001 3.2323747912e+000 -1.0379675662e+000
1.1356858988e+003 1.2364083679e-001 -2.3268132543e-001
9.7898384071e-001 -2.0322618663e-001 1.7022241539e-002
1.9432117485e-001 9.5489378877e-001 2.2453759857e-001
-6.1886352627e-002 -2.1651089865e-001 9.7431674014e-001
5.0670256612e-001 2.4730127467e+000 -1.0143647458e+000
1.1382068008e+003 1.1952573200e-001 -2.2611977496e-001
9.8584741193e-001 -1.6731362184e-001 1.0537188497e-002
1.6302375704e-001 9.7143202974e-001 1.7246178194e-001
-3.9091367775e-002 -1.6830318933e-001 9.8495984762e-001
3.9155178995e-001 1.8205527766e+000 -1.6536967645e+000
1.1421117257e+003 9.3960858019e-002 -1.4855315001e-001
9.9162399869e-001 -1.2903937250e-001 5.5394553574e-003
1.2731964462e-001 9.8381961057e-001 1.2605031515e-001
-2.1715278383e-002 -1.2428923606e-001 9.9200838327e-001
3.2601435059e-001 1.4507886647e+000 -1.3040326943e+000
1.1443500674e+003 8.9965370637e-002 -1.6024353361e-001
9.9574149842e-001 -9.1834371372e-002 -8.0818662674e-003
9.2183897661e-002 9.9089994961e-001 9.8078636136e-002
-9.9866901743e-004 -9.8405986042e-002 9.9514585090e-001
3.2508888828e-001 9.7608012392e-001 -8.6572324818e-001
1.1448717052e+003 8.5030839819e-002 -1.1462525301e-001
9.9913382348e-001 -4.0787533203e-002 -8.2449930483e-003
4.0897956715e-002 9.9906940214e-001 1.3699884487e-002
7.6785357821e-003 -1.4025221337e-002 9.9987215846e-001
1.6486430901e-001 1.3279056003e-001 -1.2726068894e+000
1.1422883354e+003 1.0845185067e-001 -1.8712199812e-001
9.9989809869e-001 -1.1586671200e-002 -8.3391423181e-003
1.1489934592e-002 9.9986720894e-001 -1.1556205388e-002
8.4719329067e-003 1.1459211595e-002 9.9989845126e-001
-9.0531733519e-003 -1.7301832859e-001 -1.1968215688e+000
1.1480454479e+003 8.8851797967e-002 -1.4719935202e-001
9.9915733858e-001 3.3957235064e-002 -2.3054694873e-002
-3.5295205737e-002 9.9755315874e-001 -6.0348520631e-002
2.0949014793e-002 6.1111387459e-002 9.9791108677e-001
-1.4307376354e-001 -4.6755243441e-001 -9.5831027652e-001
1.1543265948e+003 6.9198913697e-002 -9.9926207198e-002
9.9712732290e-001 7.0841909270e-002 -2.6805331776e-002
-7.3517344374e-002 9.9035826464e-001 -1.1741255361e-001
1.8229152391e-002 1.1904592206e-001 9.9272139417e-001
-1.4497308465e-001 -1.0733513792e+000 -8.9727096643e-001
1.1350096434e+003 9.2182314628e-002 -1.5715797793e-001
9.9316663824e-001 1.1250921022e-001 -3.1011389995e-002
-1.1660333504e-001 9.6771054850e-001 -2.2347249626e-001
4.8673351611e-003 2.2556145934e-001 9.7421678137e-001
-4.5700970821e-001 -2.4732131003e+000 -6.1916107637e-001
0 0 0
0 0 0
0 0 0
0 0 0
0 0 0
1.1331453033e+003 9.1509739757e-002 -1.5771360825e-001
9.8650170272e-001 1.5844298466e-001 -4.1354699279e-002
-1.6366377469e-001 9.4577364590e-001 -2.8058221534e-001
-5.3440989287e-003 2.8356309937e-001 9.5893868901e-001
-4.7283307844e-001 -2.8626651517e+000 -9.2428220428e-001
1.1398736541e+003 7.9687159786e-002 -1.0378267513e-001
9.8031443628e-001 1.9450488243e-001 -3.3933121443e-002
-1.9492131560e-001 9.2601771658e-001 -3.2325975517e-001
-3.1452929039e-002 3.2351049334e-001 9.4570168338e-001
-7.2896850887e-001 -3.7005253222e+000 -1.1984317811e+000
1.1517082067e+003 5.8215467635e-002 -4.7708495570e-002
9.7126128378e-001 2.3469456700e-001 -3.9622958639e-002
-2.3116829356e-001 8.9051247316e-001 -3.9185297652e-001
-5.6681025757e-002 3.8975119676e-001 9.1917423046e-001
-8.1540399313e-001 -4.4097235046e+000 -1.5964463883e+000
0 0 0
0 0 0
0 0 0
0 0 0
0 0 0
0 0 0
0 0 0
0 0 0
0 0 0
0 0 0
0 0 0
0 0 0
0 0 0
0 0 0
0 0 0
0 0 0
0 0 0
0 0 0
0 0 0
0 0 0
0 0 0
0 0 0
0 0 0
0 0 0
0 0 0
0 0 0
0 0 0
0 0 0
0 0 0
0 0 0
0 0 0
0 0 0
0 0 0
0 0 0
0 0 0
0 0 0
0 0 0
0 0 0
0 0 0
0 0 0
0 0 0
0 0 0
0 0 0
0 0 0
0 0 0
4.7957383549e+000 -2.4704072518e+000 -1.1587779403e+001
148 134 118
11 29 1194 445.6600 -222.4100 31 1208 440.8000 -232.3000 28 1090 466.5601 -208.1500 25 1964 487.1100 -162.0100 26 1119 489.9399 -167.8500 27 1179 515.7600 -206.1800 32 1133 405.0699 -261.3500 21 1954 539.2100 -130.0900 23 1998 579.8000 -116.2600 24 1808 526.8101 -148.6700 20 1493 594.7300 -66.3600
4.8692010424e+000 -2.4299068673e+000 -1.1445290396e+001
111 95 91
14 29 2209 457.2800 -221.3400 31 2308 453.0800 -233.9000 28 2119 478.4000 -206.4500 30 2335 458.5400 -222.3700 25 1967 497.8500 -156.7300 26 2314 501.9100 -163.8000 27 2409 529.5601 -203.8100 32 2151 416.7900 -264.4700 21 2753 550.2100 -121.0000 23 2786 592.4100 -107.9700 24 2475 538.0200 -141.6300 34 1913 401.3101 -248.4900 19 2482 600.5699 -39.9000 20 2291 605.0200 -55.4100
4.8274090034e+000 -2.4066820715e+000 -1.1546287709e+001
101 88 81
11 29 2206 450.0000 -217.4400 31 2295 445.8900 -228.0400 28 2117 471.0100 -202.9600 30 2331 450.8500 -216.9800 25 1963 489.8900 -155.5400 26 2310 493.4000 -161.5700 27 3217 520.1500 -200.2000 21 2752 541.0300 -122.4300 23 2785 582.4399 -108.6200 19 2486 591.6600 -43.8100 20 2328 595.8199 -58.3000
4.8398641947e+000 -2.5044202848e+000 -1.1498325622e+001
110 93 77
12 29 2211 452.8400 -227.3900 31 3086 447.4700 -238.5600 28 2894 473.8300 -212.5200 25 2734 494.7100 -164.0200 26 3134 498.3700 -171.0100 27 3218 525.1200 -210.5100 21 2755 548.6400 -129.8100 23 2788 590.2500 -116.8000 24 2477 535.3000 -149.9600 34 1940 395.1600 -251.2900 19 2487 600.6500 -49.2600 20 2329 604.2700 -64.7500
4.7127003609e+000 -2.8175654333e+000 -1.1686761301e+001
103 91 80
12 29 2247 434.9800 -251.8900 31 2351 426.4800 -259.9400 28 2169 457.0000 -238.3400 30 2369 433.5200 -250.9300 25 2021 483.1500 -194.2700 26 2387 484.2300 -200.7400 27 2456 508.9200 -240.0700 32 2179 388.8900 -285.4600 21 2020 541.9500 -165.8500 23 2102 580.7700 -152.7200 34 1939 373.4400 -266.5000 19 1711 599.2200 -87.4200
4.6885623316e+000 -2.7724790241e+000 -1.1730356939e+001
121 105 98
13 29 2196 431.4700 -246.8500 31 2347 423.3900 -254.2900 28 2165 453.1200 -233.5300 30 2320 430.1700 -245.6000 25 2009 478.3600 -190.6000 26 2371 479.8300 -196.6300 27 3240 504.3500 -235.3000 32 2934 386.4100 -279.2800 21 2795 536.4200 -163.4300 23 2825 574.8300 -149.7500 24 1847 518.9500 -180.3700 19 2540 592.9200 -86.3600 20 2371 593.6100 -100.9500
4.5568113588e+000 -2.8461736219e+000 -1.1906168682e+001
222 130 65
10 29 3598 412.6700 -249.4300 31 3115 405.4800 -253.9400 28 2911 435.3900 -237.3400 30 3703 411.2100 -246.6200 25 2763 462.2000 -199.3400 26 2372 463.7300 -204.1100 21 2796 520.9100 -176.8800 23 2855 558.0500 -162.3700 19 2571 579.0000 -103.5000 20 2374 578.1300 -117.2800
4.4969879440e+000 -2.9729361957e+000 -1.1994783475e+001
210 139 67
11 29 2233 405.8700 -258.7500 31 2333 395.8600 -261.5400 28 2151 428.0000 -247.1200 30 2357 403.5601 -255.6100 25 2012 456.6400 -211.3100 26 1178 456.4200 -216.3300 27 2499 479.1300 -253.6400 21 2047 516.9800 -191.5400 23 2098 552.9100 -177.0900 19 2569 576.8600 -119.3800 20 2403 575.0800 -132.5300
4.1218212444e+000 -3.6760828139e+000 -1.2446596816e+001
138 128 119
11 29 2277 361.4500 -309.9200 31 2372 345.0400 -304.5800 28 2249 385.1899 -301.0800 30 2399 355.2200 -303.0900 25 2096 424.4800 -276.7500 26 2463 419.2900 -278.9900 27 2590 437.1400 -314.6900 21 2891 495.2200 -272.3500 23 2949 524.5200 -256.5300 24 2579 464.5699 -276.9400 19 2655 566.2700 -207.9900
4.7634649978e+000 -2.7888149907e+000 -1.1552384745e+001
193 123 61
13 29 3006 444.0699 -252.0500 31 3715 435.5800 -261.8600 28 2924 466.4800 -238.0800 30 3725 442.8800 -251.9700 25 2771 492.3000 -191.3200 26 3165 493.2000 -198.4000 32 3583 397.4900 -289.0700 21 3376 551.5800 -159.2200 23 3375 590.9000 -146.5100 34 3204 381.2900 -271.0400 19 3067 608.1801 -78.2600 20 2961 609.8000 -94.3000 36 2864 308.9600 -296.1400
4.7636461063e+000 -2.7879716531e+000 -1.1551841166e+001
193 123 61
13 29 3005 444.0699 -252.0500 31 3716 435.5800 -261.8600 28 2925 466.4800 -238.0800 25 2772 492.3000 -191.3200 26 3166 493.2000 -198.4000 32 3584 397.4900 -289.0700 21 3377 551.5800 -159.2200 23 3374 590.9000 -146.5100 24 2964 534.9500 -178.6300 34 3205 381.2900 -271.0400 19 3066 608.1801 -78.2600 20 2960 609.8000 -94.3000 36 2865 308.9600 -296.1400
4.6711515969e+000 -2.8305137316e+000 -1.1709420966e+001
207 199 188
14 29 2244 430.6899 -252.4500 31 3120 421.8500 -259.9600 28 2166 453.0100 -239.3800 30 2365 429.3300 -251.4200 25 2010 479.6100 -196.1500 26 2374 480.5699 -202.0800 27 2458 505.2200 -241.3200 32 2963 383.5000 -284.9100 23 2856 576.7800 -155.3100 34 2669 367.2900 -265.5300 19 2573 595.3600 -91.0900 20 2375 596.1600 -105.9000 35 2036 317.9700 -296.8600 36 2113 296.1600 -288.4700
4.4374356588e+000 -3.2238476061e+000 -1.2028030192e+001
224 217 199
10 29 3600 399.9900 -280.5000 31 3741 387.2000 -282.0800 28 3582 422.8300 -269.2200 25 3385 455.7300 -234.2400 32 3577 348.5700 -300.9700 21 3839 520.8600 -216.8000 23 3845 555.0400 -202.6000 24 3007 496.5500 -228.4600 19 3518 584.8500 -144.4500 20 3390 581.4600 -158.1300
5.0268707026e+000 -2.0112844853e+000 -1.1278467826e+001
229 216 189
16 29 4402 477.7900 -185.7700 31 4536 478.4500 -201.2300 28 4339 497.7500 -169.5900 30 4500 481.5699 -187.4300 25 4118 509.5699 -115.7400 26 4572 515.9600 -122.6900 27 4663 545.8199 -161.9600 32 4386 444.6000 -236.9100 21 4076 553.7100 -74.6100 23 4091 599.0000 -61.0100 24 3744 548.2200 -97.2900 34 3983 430.6100 -224.7200 19 3806 597.5200 7.3800 20 3635 605.3300 -7.6300 35 3714 380.7800 -262.7000 36 3844 359.8600 -262.2500
5.0696339316e+000 -1.5063411987e+000 -1.1356139634e+001
192 81 57
16 29 4021 478.2900 -137.6200 31 4140 485.4100 -152.6500 28 3984 496.5400 -121.7800 30 4128 485.5400 -138.5100 25 3740 498.5500 -70.2900 26 4173 507.8400 -75.5600 27 4270 539.5800 -112.3400 32 3971 455.9000 -189.9900 21 3713 532.6100 -31.0500 23 4074 580.0400 -15.0300 24 3323 533.7600 -50.6800 34 3600 444.8000 -180.1700 19 3401 568.8700 45.5800 20 3276 579.6000 33.6400 35 3690 396.4500 -220.6500 36 3820 377.8900 -222.3300
4.7511997452e+000 -2.4695167910e+000 -1.1724120175e+001
216 135 59
15 29 3580 436.6899 -219.8300 31 4176 432.1200 -228.1600 28 3532 457.5800 -206.0100 30 4180 437.3400 -218.5000 25 3348 477.5800 -162.6500 26 3782 480.6200 -168.2000 32 4012 396.7400 -255.0100 21 3779 529.7000 -134.1400 23 3781 570.0500 -119.8500 24 2947 516.5300 -150.6500 34 3634 382.5800 -237.9200 19 3478 581.5601 -58.3900 20 3344 584.6300 -71.9100 35 3712 334.0900 -271.0500 36 3381 313.5700 -265.4900
4.3338070957e+000 -3.5563704132e+000 -1.2124164986e+001
185 96 52
15 29 4100 388.4399 -307.6400 31 4210 372.4600 -306.9200 28 4061 412.0800 -296.8300 30 4219 382.6900 -303.1400 25 3864 450.7100 -265.2500 26 4290 446.8800 -269.4900 32 4052 332.1000 -321.9000 21 3855 521.8400 -251.9900 23 4168 553.5100 -237.6300 24 3489 492.7100 -261.6900 34 3664 315.0700 -297.0900 19 3865 590.9800 -179.9700 20 3718 584.9301 -193.7900 35 3748 266.9000 -322.4500 36 3858 244.6400 -308.5500
4.6387656050e+000 -2.4557786354e+000 -1.1941061159e+001
209 121 48
16 29 4048 419.4200 -214.7300 31 4175 414.8900 -219.8500 28 4006 440.0699 -202.3200 30 4164 420.5699 -212.2200 25 3804 459.8800 -163.8800 26 4233 462.3700 -167.9600 27 4330 487.6500 -204.1400 32 3991 380.6300 -244.0000 21 3778 510.3300 -140.4000 23 3797 549.2700 -124.6300 24 3423 496.7900 -153.2900 34 3633 367.9200 -226.4500 19 3477 562.1700 -69.1000 20 3343 564.4000 -81.1200 35 3709 320.7900 -258.1000 36 3839 300.8500 -250.6800
4.3506418082e+000 -3.0608229913e+000 -1.2224948140e+001
216 153 48
14 29 3597 386.0400 -261.8800 31 4186 375.8100 -261.8600 28 4035 408.6200 -252.0000 30 4198 383.2900 -256.8200 25 3831 438.0000 -220.6600 26 3831 436.5699 -223.7200 27 4355 457.6899 -259.3700 32 4011 338.6300 -278.5100 21 3817 499.2400 -207.2700 23 3840 532.5400 -191.3400 24 3441 476.6200 -215.8100 34 3196 324.3100 -256.5900 19 3514 560.7300 -139.8200 20 3685 557.7100 -151.4100
5.2747702107e+000 -1.4991859681e+000 -1.0936450059e+001
135 70 51
16 29 4644 514.7500 -142.1400 31 4825 522.2500 -163.7100 28 4595 533.4200 -123.9200 30 4758 522.6700 -146.1700 25 4365 534.5400 -62.2900 26 4800 545.0900 -69.7400 27 4874 579.2600 -109.5200 32 4679 491.4000 -207.7000 21 4319 568.7900 -11.9800 23 4327 619.3500 2.0800 24 3961 572.5100 -38.4600 34 4255 478.2300 -200.6400 19 4015 603.7500 72.7400 20 4078 616.8800 57.8500 35 4377 427.5000 -243.8500 36 4507 406.6899 -248.7200
5.0735103396e+000 -2.0907990499e+000 -1.1148426401e+001
177 81 53
16 29 4405 487.2900 -195.0300 31 4538 486.9900 -212.5000 28 4342 507.8300 -178.4600 30 4502 490.6400 -197.6100 25 4135 520.8101 -121.2300 26 4575 527.3300 -129.3100 27 4666 557.2600 -169.6400 32 4407 452.0699 -249.6800 21 4336 567.3300 -77.3400 23 4342 613.1300 -64.6300 24 3746 561.0300 -102.3000 34 3985 436.9600 -238.0400 19 4046 611.8700 8.1800 20 3896 620.0400 -8.4700 35 4086 386.3300 -276.6500 36 4205 364.2600 -276.3800
4.7954943629e+000 -2.2120196840e+000 -1.1734062799e+001
229 156 63
16 29 4401 440.1600 -197.0200 31 4535 438.6000 -205.3700 28 4337 460.2600 -182.9300 30 4777 442.4700 -195.3600 25 4385 475.4600 -139.4200 26 4811 479.8700 -144.6900 27 4889 506.9301 -181.2800 32 4385 405.4100 -232.8200 21 4351 522.1500 -109.9300 23 4358 563.7400 -94.8600 24 3985 512.5800 -126.6100 34 3980 392.3600 -217.5800 19 4058 570.0100 -35.8100 20 3906 574.6200 -48.2800 35 4083 344.5400 -252.2600 36 4185 324.5900 -248.3300
4.7937760354e+000 -2.5432260177e+000 -1.1590586484e+001
227 202 148
15 29 4058 445.1899 -229.0700 31 4557 439.8700 -239.1300 28 4358 466.8900 -214.9500 30 4518 445.7100 -228.7300 25 4149 488.2000 -168.3100 26 4589 491.0400 -174.6000 27 4683 517.1700 -213.5200 32 4014 403.2800 -267.3000 21 4100 542.1000 -136.5800 23 4128 582.6500 -123.1400 24 3770 528.4200 -155.3600 34 3649 388.1500 -250.5400 19 3824 594.6801 -57.7600 35 3738 338.8400 -283.7900 36 3841 317.4000 -277.9200
4.5241070617e+000 -2.7503705238e+000 -1.2007389754e+001
241 191 83
15 29 4679 407.6899 -239.3400 31 4852 400.9800 -243.1200 28 4630 428.6400 -227.1100 30 4800 407.3600 -236.4900 25 4409 453.2700 -191.1900 26 4832 453.3900 -194.9700 32 4405 365.9800 -265.7100 21 4568 509.0300 -171.2300 23 4558 545.6700 -155.7900 24 3994 491.0699 -183.0900 34 3979 351.3600 -245.3800 19 4280 565.3300 -100.9100 20 4112 564.9399 -112.9500 35 4081 303.7700 -275.1200 36 4198 283.8500 -266.5300
4.9133692413e+000 -2.5304947502e+000 -1.1389429511e+001
151 77 49
15 29 4419 463.4200 -231.6500 31 4558 458.0601 -244.8300 28 4371 485.0200 -216.5100 30 4521 463.6801 -233.0900 25 4151 506.1899 -165.1000 26 4590 509.4200 -172.8900 27 4685 536.6100 -213.1900 32 4713 421.4700 -276.3800 21 4103 560.6000 -128.0000 23 4108 602.8300 -115.8100 24 3760 547.6600 -150.3700 34 4284 405.5400 -260.7400 19 3817 612.7500 -44.5500 20 3656 616.8101 -60.7600 36 4515 333.8600 -290.6500
4.5411007972e+000 -3.2619244147e+000 -1.1829391916e+001
168 68 49
16 29 4717 415.5000 -288.4800 31 4886 402.2800 -292.9100 28 4647 438.9301 -276.2600 30 4832 411.3101 -286.1000 25 4426 472.6899 -236.8000 26 4846 470.8400 -242.7300 27 4942 492.8300 -281.9900 32 4736 362.2900 -313.8100 21 4381 539.2800 -214.5600 23 4394 574.6400 -201.6000 24 4012 515.1400 -229.6300 34 4297 345.4000 -291.9200 19 4089 603.9000 -137.6900 20 3940 601.2400 -152.8700 35 4405 296.0500 -320.5800 36 4220 273.3800 -309.3800
8.8908806231e-001 -1.4698117606e+000 -9.7845786308e+000
198 187 166
14 29 4873 102.2000 -158.3100 31 5075 96.6600 -155.6800 28 4810 124.2500 -149.0300 30 5001 98.4400 -146.7200 25 4599 145.6600 -118.2400 26 5010 141.6900 -117.7800 27 5102 156.5100 -149.1800 32 4668 61.7800 -197.2300 21 4709 173.5100 -98.0400 23 4701 212.4000 -75.9300 24 4317 166.9500 -105.6600 34 4236 61.5300 -175.0300 19 4425 223.0800 -23.7700 20 4275 225.0600 -33.8900
7.9624862973e-001 -1.6968694534e+000 -9.9920996337e+000
213 197 171
14 29 4872 90.9300 -178.4500 31 5074 83.1300 -172.4500 28 4829 113.1400 -170.3900 30 5015 86.1100 -165.6000 25 4614 138.0300 -144.4400 26 5025 132.7500 -143.1500 27 5113 146.3200 -174.1300 32 4925 47.7100 -209.4100 21 4720 169.7300 -130.2300 23 4714 206.6300 -107.6100 24 4328 159.7500 -134.9500 34 4460 46.6400 -184.3900 19 4440 222.7400 -58.8700 20 4281 222.3700 -68.4300
4.4951061891e+000 -2.8800500967e+000 -1.2030347378e+001
218 119 62
16 29 4697 404.7400 -250.1800 31 4866 396.1200 -253.3500 28 4634 426.4800 -238.5500 30 4801 402.9100 -246.7400 25 4412 453.1801 -202.9800 26 4833 452.9000 -207.0300 27 4912 476.0200 -243.9600 32 4711 360.0400 -274.6300 21 4379 510.8400 -184.0400 23 4559 546.7200 -168.9600 24 4200 491.4399 -195.5800 34 4281 345.2900 -253.7500 19 4281 569.4399 -113.3600 20 4120 568.2500 -125.8700 35 4398 297.6900 -282.7200 36 4502 277.3300 -273.2200
4.4389180934e+000 -3.3545329273e+000 -1.1925270712e+001
230 193 113
14 29 4715 403.7200 -293.5400 31 5116 389.2500 -296.5200 25 4424 462.8700 -245.9100 26 4857 460.3600 -250.9500 27 4943 481.2700 -289.3800 32 4953 348.3400 -315.6200 21 4592 531.2700 -227.5600 23 4573 565.0699 -213.7300 24 4209 505.1000 -240.4400 34 4479 330.3100 -293.2400 19 4299 597.8300 -152.8500 20 4126 593.6200 -167.6200 35 4592 281.9300 -319.8800 36 4701 259.3300 -307.6900
1.7307918818e-001 -1.5605567607e+000 -1.0308626075e+001
184 160 132
12 29 4871 26.9300 -160.1200 31 5061 20.6200 -146.4900 28 4826 48.6000 -154.8900 30 5000 22.5000 -143.1900 25 4611 71.1600 -142.4800 26 5204 64.6000 -137.1200 27 5303 76.2300 -163.4800 21 4717 95.8500 -142.5200 23 4711 129.9400 -116.4500 24 4327 86.4700 -137.5600 19 4439 145.8700 -84.0000 20 4287 144.8700 -88.6900
3.8598473248e+000 -3.7524139960e+000 -1.2965615920e+001
134 74 46
16 29 4712 326.9200 -304.0600 31 4882 311.5100 -292.6300 28 4663 349.6900 -297.3000 30 4828 321.0800 -294.4300 25 4461 388.2300 -283.8600 26 4874 382.3400 -283.4400 27 4955 398.9800 -316.0300 32 4720 274.0100 -297.7800 21 4419 456.8000 -291.2500 23 4413 483.7200 -272.6300 24 4035 424.8199 -288.1800 34 4278 259.9000 -269.5700 19 4127 528.5800 -237.0500 20 4145 518.2500 -244.7000 35 4393 214.7900 -289.9400 36 4500 195.4100 -271.6200
3.9119704202e+000 -3.3304073683e+000 -1.2928136567e+001
118 68 37
12 29 4907 331.4900 -270.4000 31 5106 319.9100 -260.4400 28 4871 353.1700 -262.9800 30 5042 327.5800 -260.9400 25 4797 385.3900 -247.9900 26 5230 381.8200 -247.2200 27 5327 399.7400 -278.7700 21 4744 446.7900 -252.1900 23 4735 475.7500 -232.9100 24 4356 420.5500 -249.7600 19 4561 512.2200 -198.2100 20 4310 504.9900 -205.1300
4.8635700614e+000 -2.1154250400e+000 -1.1567676291e+001
187 76 55
16 29 5061 452.4600 -190.2200 31 5253 452.2100 -201.8100 28 5001 472.5300 -176.0100 30 5193 455.5200 -189.9500 25 4774 485.5800 -128.8500 26 5208 490.8800 -134.1300 27 5308 519.1000 -171.7600 32 5085 418.3101 -233.0800 21 4712 530.6500 -95.7600 23 4710 573.7300 -81.0100 24 4324 522.8400 -113.8000 34 4608 405.1400 -218.6000 19 4431 576.6801 -19.9000 20 4279 582.5400 -33.0800 35 4720 356.3700 -254.6500 36 4829 336.2300 -251.4500
4.3198288301e+000 -2.8778520658e+000 -1.2361114496e+001
189 85 55
14 29 4416 379.5100 -243.8000 31 4553 371.2000 -241.9700 28 4369 400.8900 -233.6800 30 4515 377.7600 -238.2000 25 4160 427.2200 -205.2800 26 4600 426.6000 -207.6300 27 4695 448.2600 -242.0500 32 4402 335.9100 -258.3700 21 4378 483.8500 -193.8200 23 4381 517.9100 -177.0000 24 3781 463.6700 -200.5100 34 3977 323.0000 -236.2200 19 4087 542.2900 -129.4100 20 3933 540.1700 -139.5400
4.3198288301e+000 -2.8778520658e+000 -1.2361114496e+001
189 85 55
14 29 4417 379.5100 -243.8000 31 4554 371.2000 -241.9700 28 4370 400.8900 -233.6800 30 4516 377.7600 -238.2000 25 4159 427.2200 -205.2800 26 4601 426.6000 -207.6300 27 4696 448.2600 -242.0500 32 4403 335.9100 -258.3700 21 4377 483.8500 -193.8200 23 4382 517.9100 -177.0000 24 3780 463.6700 -200.5100 34 3978 323.0000 -236.2200 19 4086 542.2900 -129.4100 20 3932 540.1700 -139.5400
3.3635751887e-001 -2.8155693885e+000 -1.0889149620e+001
154 133 111
12 29 4066 44.9400 -270.6500 31 3099 28.1600 -254.3600 28 4023 68.5200 -267.3000 30 3149 34.8800 -254.7500 25 4179 105.2000 -262.1500 26 4618 95.2000 -257.5000 27 4363 103.3600 -287.2500 21 4405 148.2800 -277.8900 23 4410 176.4500 -254.1900 24 3801 126.7500 -268.2000 19 4311 213.3800 -223.1100 20 4141 204.8200 -229.0000
-1.4302973107e+000 3.9860175082e-001 -9.4719871577e+000
189 161 149
12 29 5115 -148.5000 34.8600 31 5175 -148.6700 62.3700 28 5064 -129.6000 36.9300 30 5241 -150.2300 62.0600 25 4907 -122.1000 35.3600 26 5359 -126.7100 49.0400 27 5445 -117.0800 34.2100 21 4867 -131.3500 33.0100 23 4865 -93.7400 69.7900 24 4484 -125.8300 49.7400 19 4636 -99.5900 79.5100 20 4502 -94.3100 84.0000
-2.7090225771e+000 1.0819359396e+000 -8.7198959840e+000
131 112 97
10 29 1606 -308.0700 113.8500 31 1611 -309.0000 148.8100 28 1545 -287.4900 112.0600 25 1397 -283.5400 103.8700 26 1759 -291.6700 122.4500 21 2476 -310.3300 97.8500 23 2446 -273.0600 140.9300 24 1306 -301.7500 122.2500 19 2212 -284.6800 141.4100 20 2003 -278.6100 150.1200
4.6172985607e+000 -2.3345651331e+000 -1.2014112220e+001
201 104 56
13 29 2941 415.1200 -202.7000 31 3041 412.4000 -207.2000 28 2888 435.3101 -190.5200 30 3104 416.6400 -199.5300 25 3347 452.8101 -153.8000 26 3125 455.7500 -157.1300 27 3211 481.1000 -192.3000 32 2895 378.7800 -230.6100 21 3345 500.7400 -131.7500 23 3348 539.5900 -115.1400 24 2945 488.9000 -143.7900 19 3062 550.7200 -62.8600 20 2934 553.6500 -73.8500
4.3339866251e+000 -3.3461953115e+000 -1.2165726030e+001
104 92 78
14 29 3025 387.2500 -288.2100 31 2377 373.5800 -287.5600 28 2942 410.3000 -277.6500 30 3188 382.5300 -283.3100 25 2807 444.8000 -246.1700 26 3230 441.8101 -249.8600 27 3304 461.7300 -286.6200 32 2951 334.6600 -304.0600 21 2847 510.9900 -232.8000 23 3426 543.8700 -218.1200 24 2557 485.0900 -242.3400 34 2658 318.6000 -280.3700 19 3129 577.0900 -163.2700 20 3000 572.2700 -175.9900
4.2362875735e+000 -3.6181259077e+000 -1.2273691987e+001
131 117 101
12 29 3024 375.5100 -308.7000 31 3145 359.3400 -305.6100 28 2973 399.0699 -298.8100 30 2402 369.8300 -303.5700 25 2842 438.3700 -271.0100 26 2465 434.3500 -274.8200 27 3309 453.2700 -312.0000 21 2888 509.7100 -261.9600 23 2923 540.5400 -247.2500 24 2582 479.5800 -269.3000 19 2657 579.9100 -193.6500 20 2462 572.8300 -206.3700
4.2362875735e+000 -3.6181259077e+000 -1.2273691987e+001
131 117 101
12 29 3023 375.5100 -308.7000 31 3146 359.3400 -305.6100 28 2974 399.0699 -298.8100 30 2403 369.8300 -303.5700 25 2843 438.3700 -271.0100 26 2466 434.3500 -274.8200 27 3310 453.2700 -312.0000 21 2889 509.7100 -261.9600 23 2924 540.5400 -247.2500 24 2581 479.5800 -269.3000 19 2658 579.9100 -193.6500 20 2463 572.8300 -206.3700
4.1772144808e+000 -3.6043917417e+000 -1.2376897874e+001
120 107 91
11 29 2276 367.9700 -305.3600 31 2374 352.3300 -301.4100 28 2242 391.6000 -296.2500 30 2400 362.1300 -299.0700 25 2840 429.8900 -270.1600 26 3234 425.2200 -272.8300 27 3302 443.5200 -308.8100 21 2886 499.5699 -263.3700 23 2921 529.8101 -247.9100 24 2580 470.1600 -269.4300 19 3147 569.8400 -197.7400
4.1220813090e+000 -3.6762689037e+000 -1.2447270903e+001
138 128 119
12 29 2278 361.4500 -309.9200 31 2373 345.0400 -304.5800 28 2248 385.1899 -301.0800 30 2398 355.2200 -303.0900 25 2095 424.4800 -276.7500 26 2462 419.2900 -278.9900 27 2589 437.1400 -314.6900 21 2890 495.2200 -272.3500 23 2948 524.5200 -256.5300 24 2578 464.5699 -276.9400 19 2654 566.2700 -207.9900 20 2487 558.3800 -219.1500
7.6305025394e-001 -1.2416323198e+000 -9.7753772825e+000
71 73 53
16 29 3486 88.5000 -134.9200 31 3624 84.8200 -130.8200 28 3453 110.1100 -126.0600 30 3640 85.4900 -122.3000 25 3752 128.5800 -97.1800 26 4181 125.0200 -95.5200 27 4280 140.0900 -125.4500 32 3458 51.0900 -172.2000 21 3722 151.9500 -77.7900 23 3722 191.1200 -54.3000 24 3338 147.6600 -83.7200 34 3097 52.3900 -150.7800 19 3803 198.3900 -6.4600 20 3631 201.3900 -14.8300 35 2664 11.8200 -193.3700 36 2777 3.0700 -193.8800
4.0824136411e+000 -3.4789145572e+000 -1.2631723907e+001
199 132 45
16 29 3627 352.9500 -289.2100 31 3736 338.6500 -282.1300 28 3606 375.7800 -280.8800 30 3748 347.7700 -281.5700 25 3407 411.3500 -259.6700 26 3847 407.5200 -260.9000 27 3912 425.8199 -295.3300 32 3570 300.8600 -292.0000 21 3853 477.6600 -257.2700 23 3863 507.2100 -240.1600 24 3486 448.9700 -259.4900 34 3195 286.4300 -265.9600 19 3563 545.4000 -196.4600 20 3405 538.1700 -205.9800 35 3258 240.9300 -289.6400 36 3378 220.8700 -272.6200
1.2826281258e+000 -9.6151200781e-001 -9.5663997649e+000
131 101 67
12 29 3989 144.9800 -107.1600 31 4089 145.5400 -109.7300 28 3961 165.7200 -95.9300 30 4093 144.5900 -97.4800 25 3729 178.7000 -58.3300 26 4164 178.3900 -57.5100 27 4263 197.1800 -88.4500 21 4054 199.9600 -27.2000 23 3705 243.6300 -4.7200 24 3314 200.8300 -38.4000 19 3774 242.2300 51.5800 20 3596 248.8100 40.5800
5.3018198748e+000 -9.0378942243e-001 -1.1007775921e+001
121 57 36
12 29 4338 514.1600 -84.7300 31 4494 530.0800 -105.6000 28 4290 530.4301 -66.7300 30 4444 526.1899 -87.5500 25 4091 519.8500 -8.8400 26 4529 533.6500 -14.0200 27 4621 570.2300 -50.3500 21 4038 542.3000 38.7500 23 4310 594.9800 55.7600 24 3942 553.2600 16.0800 19 3754 568.7100 116.7200 20 3863 584.6000 105.2500
4.5874005930e+000 -2.2309875897e+000 -1.2105012557e+001
128 72 36
12 29 4045 409.7900 -192.1400 31 4161 409.5200 -195.1700 28 4335 429.1600 -180.7300 30 4163 412.0601 -188.4400 25 4131 444.6300 -145.2900 26 4569 447.8700 -148.2400 32 3527 376.9600 -220.3100 21 4362 489.9100 -125.7000 23 4355 529.2900 -107.8000 24 3983 478.8800 -136.3000 19 4069 538.7300 -59.2000 20 3914 541.6700 -68.9200
4.5677676037e+000 -2.3852689051e+000 -1.2074926275e+001
224 154 66
15 29 4400 408.6700 -206.2000 31 4534 405.6100 -209.5200 28 4354 429.0900 -194.3900 30 4498 409.9200 -202.5500 25 4146 447.6500 -159.2200 26 4588 449.8300 -161.9200 27 4679 474.6400 -196.9300 32 3988 372.3900 -232.3500 21 4099 496.0800 -138.8300 23 4372 534.5100 -122.0700 24 3757 483.3101 -149.7100 34 3611 360.4100 -214.7700 19 4071 547.1400 -70.9600 20 3916 549.1200 -81.4800 35 3689 314.0100 -245.9000
4.4673367499e+000 -2.6167681059e+000 -1.2180424389e+001
192 101 49
15 29 4418 397.7300 -224.7700 31 4556 391.7800 -226.1100 28 4356 418.3900 -213.6300 30 4517 397.2500 -220.2700 25 4148 440.1300 -180.5800 26 4587 441.2800 -183.4800 27 4697 464.6801 -218.3900 32 3989 357.2700 -246.4000 21 4117 492.2000 -163.7900 23 4125 528.9600 -147.1900 24 3768 476.1200 -173.0400 34 3631 344.6400 -226.6700 19 3838 546.4900 -97.3100 20 3676 547.0300 -107.6600 35 3706 298.5400 -256.6100
4.3338070957e+000 -3.5563704132e+000 -1.2124164986e+001
185 96 52
15 29 4099 388.4399 -307.6400 31 4209 372.4600 -306.9200 28 4060 412.0800 -296.8300 30 4218 382.6900 -303.1400 25 3863 450.7100 -265.2500 26 4289 446.8800 -269.4900 32 4051 332.1000 -321.9000 21 3854 521.8400 -251.9900 23 4169 553.5100 -237.6300 24 3490 492.7100 -261.6900 34 3663 315.0700 -297.0900 19 3866 590.9800 -179.9700 20 3719 584.9301 -193.7900 35 3747 266.9000 -322.4500 36 3857 244.6400 -308.5500
4.1914205736e+000 -3.0911753597e+000 -1.2509659169e+001
210 120 48
13 29 4076 364.6600 -258.6300 31 4185 354.2300 -254.3700 28 4034 386.4600 -249.3300 30 4197 361.7600 -251.8400 25 3829 416.1200 -225.1400 26 4258 413.8900 -226.4000 27 4354 433.9900 -260.4400 32 4401 318.8400 -268.5300 21 4145 476.2500 -218.5200 23 4147 507.9200 -201.1200 24 3793 452.9800 -222.7400 19 3861 538.0300 -156.7200 20 3697 533.6700 -166.0200
3.9903297427e+000 -3.2648624706e+000 -1.2817797672e+001
196 132 55
12 29 3594 340.5100 -267.1700 31 3712 328.7300 -258.2900 28 3577 362.0500 -259.4900 30 4195 336.3800 -258.1200 25 3830 393.7200 -241.9200 26 4259 390.3900 -241.5300 27 4353 408.7700 -273.7000 21 3837 455.0699 -243.1900 23 3861 484.5300 -224.3400 24 3461 429.4900 -242.4600 19 3880 519.2800 -187.0900 20 3716 513.0900 -194.4700
4.4706916115e+000 -2.4186302376e+000 -1.2187106591e+001
127 59 36
12 29 4661 397.3500 -207.4000 31 4832 394.1200 -209.1800 28 4851 417.6300 -195.7500 30 4774 398.3900 -202.9500 25 4626 436.0200 -163.3400 26 5039 438.1700 -165.6800 27 5129 462.2300 -200.2400 21 4558 484.5800 -146.5100 23 4548 522.1801 -129.1600 24 4192 471.0200 -155.1700 19 4269 536.4200 -81.0800 20 4110 537.6400 -90.9900
4.0094257879e+000 -3.1172980376e+000 -1.2753733415e+001
137 82 44
12 29 4694 343.6200 -256.2800 31 4864 333.7300 -248.7900 28 4644 364.8900 -248.1800 30 4793 340.7400 -247.8300 25 4642 393.9900 -229.4200 26 5067 391.6300 -229.3900 27 4921 410.9900 -261.4600 21 4588 452.5500 -228.6800 23 4571 483.5100 -209.9500 24 4206 429.1200 -228.8600 19 4297 514.8400 -172.8300 20 4305 509.9600 -179.1600
3.2156846845e+000 -3.6005391100e+000 -1.2932144821e+001
120 91 61
12 29 4710 274.3500 -292.5600 31 4862 258.7900 -276.7000 28 4661 296.6500 -287.0800 30 4825 267.9400 -280.4000 25 4435 334.2800 -279.8700 26 4855 328.1000 -277.4600 27 4938 342.7300 -307.7300 21 4611 398.5400 -293.9700 23 4596 424.5601 -273.1400 24 4230 367.9000 -286.5100 19 4316 468.7500 -245.2500 20 4162 458.5300 -250.3300
2.5991474847e+000 -3.7684923893e+000 -1.2870694891e+001
106 81 59
10 29 4444 224.4900 -307.7300 31 4203 207.7700 -287.9000 28 4393 247.7900 -303.6900 30 4538 217.0300 -293.1800 25 4460 288.3600 -303.0400 26 4627 280.1100 -298.9900 27 4950 292.4000 -328.2800 21 4426 353.5700 -325.7300 23 4420 377.5000 -302.5000 19 4340 427.7900 -280.2800
1.7094478527e+000 -4.2315214670e-001 -8.9427927158e+000
231 225 206
11 29 5012 201.7000 -53.5200 31 5221 208.8600 -66.6400 28 4966 221.3300 -38.5400 30 5140 205.2100 -48.1200 25 4728 224.3200 15.4800 26 5161 228.6600 13.8800 27 5255 252.3800 -19.5200 21 4789 237.4500 66.6600 23 4779 288.4300 88.6000 19 4513 270.8800 154.3500 20 4360 283.9100 142.5900
1.2852624533e+000 -1.1376732142e+000 -9.5199939001e+000
234 228 215
15 29 4858 146.3300 -126.5300 31 5063 144.9700 -130.5000 28 4803 167.5200 -115.2900 30 4991 144.9300 -117.5100 25 4585 183.2600 -75.1100 26 5190 182.2900 -75.9000 27 5281 200.4200 -108.7100 32 4910 111.3900 -179.4000 21 4690 207.6900 -43.1600 23 4688 250.5600 -21.6200 24 4308 206.2800 -56.1400 34 4449 111.0300 -161.6400 19 4416 252.2100 36.6100 20 4254 257.9100 25.3800 35 4357 68.9000 -208.3800
1.1973230435e+000 -1.3391309444e+000 -9.6506089044e+000
249 247 235
12 29 5040 135.7400 -146.1400 31 5235 131.9400 -147.8800 28 4986 157.4700 -135.8100 30 5172 132.9700 -136.8400 25 4760 176.5000 -98.7800 26 5198 174.0500 -99.3200 27 5294 190.9100 -131.9600 21 4702 204.0000 -70.7900 23 4695 245.1100 -49.4600 24 4309 199.7200 -82.0500 19 4535 251.3500 6.9900 20 4384 255.3500 -4.0300
1.0105472777e+000 -1.7542719488e+000 -9.9326519050e+000
237 228 207
15 29 4890 113.3000 -185.0700 31 5076 105.3300 -181.6800 28 4830 135.9800 -176.1400 30 5016 108.3600 -173.8800 25 4615 161.6700 -146.4700 26 5026 156.6800 -146.4700 27 5114 170.9900 -178.9300 32 4682 69.4100 -219.6900 21 4721 195.9000 -128.0800 23 4715 233.3400 -106.9200 24 4176 185.3400 -135.6500 34 4248 67.4900 -196.2200 19 4435 249.5400 -53.1100 20 4283 249.8200 -64.2200 35 4368 25.2800 -235.7300
4.6713535911e+000 -2.2758556965e+000 -1.1966604569e+001
230 173 68
12 29 4663 421.0800 -198.2900 31 4834 418.8400 -203.3900 28 4617 440.4399 -185.0000 30 4776 422.8500 -195.1400 25 4383 457.3500 -147.3500 26 4810 460.9399 -151.1100 27 4901 485.5000 -185.3600 21 4557 505.4100 -124.3600 23 4540 545.0200 -108.0300 24 4181 494.3800 -137.2300 19 4265 556.0900 -54.7400 20 4098 558.4000 -65.7100
6.4175079328e-001 -1.8346387675e+000 -1.0119666060e+001
159 123 89
16 29 4889 75.0700 -190.2800 31 5073 65.5900 -181.7700 28 4828 97.4600 -183.6400 30 5180 69.5600 -177.1400 25 4622 124.6900 -161.0400 26 5035 118.0200 -159.4700 27 5312 130.3200 -189.6100 32 4924 29.7300 -215.1800 21 4554 157.4800 -151.4600 23 4544 191.6900 -128.1900 24 4188 145.1100 -154.1200 34 4459 28.4900 -189.3100 19 4441 210.9800 -85.2500 20 4289 209.5000 -93.2700 35 4566 -12.4500 -225.9400 36 4681 -23.8900 -220.0800
4.3899527685e+000 -2.6959799816e+000 -1.2283790674e+001
231 188 92
12 29 4678 387.4399 -229.2300 31 4848 380.9200 -229.1000 28 4627 408.3800 -218.7700 30 4799 386.8000 -223.9200 25 4633 432.1200 -188.9200 26 5053 432.4301 -190.9700 27 5140 454.9800 -225.2700 21 4567 485.4900 -174.6600 23 4557 521.0601 -157.6600 24 4193 468.0200 -182.4500 19 4279 541.3800 -109.8300 20 4111 540.6500 -119.7200
4.2788632055e+000 -2.7262182336e+000 -1.2408960936e+001
143 65 35
12 29 4673 374.8400 -229.7900 31 4847 368.2500 -228.2300 28 4626 395.5300 -219.7900 30 4794 374.0700 -224.0200 25 4632 419.0601 -192.5900 26 5052 419.0400 -193.9600 27 5137 441.1700 -227.6000 21 4566 472.2700 -182.2800 23 4554 506.9900 -164.6500 24 4197 454.2500 -187.8100 19 4449 528.8199 -120.3600 20 4297 527.3500 -129.5200
4.2333348260e+000 -2.9162453763e+000 -1.2452943342e+001
232 196 90
14 29 4677 369.5900 -244.7700 31 4850 360.9400 -241.7000 28 4629 390.8900 -235.3700 30 4798 367.7300 -238.3500 25 4408 417.8000 -209.5300 26 4831 416.6600 -210.7900 27 4911 437.6300 -244.4100 32 4708 326.0200 -257.5300 21 4578 474.5699 -201.1000 23 4556 507.9399 -183.4900 24 4199 453.7300 -205.9600 34 4265 313.3100 -235.9000 19 4290 534.0200 -139.2400 20 4119 531.2300 -148.5100
4.1915316208e+000 -3.4131449854e+000 -1.2398163059e+001
189 96 47
16 29 4713 368.4400 -288.8400 31 4883 354.3700 -284.7700 28 4645 391.2300 -279.2200 30 4829 363.6500 -282.4000 25 4437 426.5100 -253.1700 26 4856 422.9800 -255.6500 27 4939 442.3300 -291.1200 32 4721 316.2800 -298.0800 21 4591 492.5100 -245.6600 23 4582 524.0200 -229.8400 24 4220 465.1801 -251.3400 34 4280 300.9500 -272.7000 19 4298 559.3101 -180.9600 20 4134 553.3199 -192.0200 35 4395 254.2300 -297.4900 36 4217 233.7000 -283.0200
4.1158935463e+000 -2.9530377060e+000 -1.2623581934e+001
129 70 40
12 29 4674 355.5300 -245.0900 31 4844 347.0900 -239.7900 28 4859 376.5400 -236.2300 30 4795 353.4700 -237.6500 25 4631 403.4800 -214.2600 26 5051 402.1100 -214.7100 27 5138 422.3900 -247.3200 21 4576 459.7800 -209.6800 23 4570 492.1500 -191.2700 24 4196 438.5300 -211.8300 19 4450 519.6400 -151.4200 20 4306 515.9301 -159.3600
4.1092777726e+000 -3.1164340982e+000 -1.2621355814e+001
216 147 55
14 29 4695 354.6100 -258.7800 31 4571 343.9300 -251.5900 28 4382 376.2200 -248.9400 30 4532 351.3600 -250.0900 25 4423 406.4301 -228.0600 26 4843 403.8101 -228.6000 27 4922 423.3199 -261.7200 32 4400 308.8200 -265.2900 21 4590 466.4200 -224.8100 23 4392 497.2400 -206.0600 24 4208 442.7700 -227.2400 34 3975 296.7700 -243.1100 19 4296 528.9301 -165.2800 20 4125 523.8900 -173.7900
2.3066078344e+000 -3.4574793223e+000 -1.2400781848e+001
126 106 83
13 29 4709 206.3300 -292.5800 31 4860 191.5700 -274.7500 28 4660 229.5700 -288.1700 30 4812 199.4100 -278.4100 25 4456 267.8800 -283.9400 26 4868 260.4500 -280.4500 27 4937 272.7300 -309.9800 32 4417 155.4700 -280.6400 21 4610 329.4900 -300.4400 23 4595 354.9000 -278.4400 24 4229 299.5600 -290.8300 19 4473 400.9500 -250.8000 20 4158 389.7500 -256.3700
4.7139972998e+000 -2.0649235931e+000 -1.1908010234e+001
158 71 51
12 29 5148 427.2100 -180.6500 31 5338 427.6600 -187.7000 28 5093 446.6899 -167.8200 30 5284 430.2200 -178.3700 25 4864 458.9399 -128.2700 26 5312 463.4200 -131.7400 27 5400 491.0601 -166.6900 21 4813 501.8400 -103.3500 23 4877 542.7500 -86.7200 24 4427 493.9600 -116.0800 19 4600 547.9600 -34.2800 20 4463 552.9000 -44.7400
2.4030918583e+000 -2.3339604883e+000 -1.1210481802e+001
83 66 46
12 29 5068 233.3800 -217.6700 31 5251 225.6900 -212.8100 28 5008 255.3000 -208.8100 30 5189 230.1300 -208.1600 25 4787 281.2000 -184.0500 26 5222 277.7000 -184.1000 27 5318 295.0200 -216.4700 21 4822 327.0700 -174.3600 23 4827 362.3600 -154.4100 24 4440 311.3400 -178.4600 19 4553 383.7500 -108.9100 20 4408 382.5400 -118.4300
-2.8020607448e+000 1.0499380187e+000 -8.8104732701e+000
62 57 61
13 29 4973 -314.8400 108.9100 31 4975 -314.5100 144.9300 28 4928 -295.6000 107.4700 30 4908 -317.8100 143.2300 25 4831 -292.3000 96.2600 26 5268 -300.7600 115.5600 27 5359 -295.1600 106.2700 21 4862 -319.8700 87.6600 23 4861 -282.4900 130.5700 24 4388 -310.6100 112.5300 34 3823 -336.0200 131.1300 19 4590 -294.1500 129.0200 20 4451 -288.3800 138.0000
1.5944891010e+000 -7.3130527311e-001 -9.2206458052e+000
128 100 68
9 29 2724 184.3400 -85.7800 31 2886 187.8400 -95.1800 25 1599 213.2900 -23.3400 26 2927 215.0300 -25.7000 27 3002 236.7500 -58.5100 21 2533 230.8700 18.9700 23 3217 278.6500 40.8400 19 2258 269.2100 103.9500 20 2071 279.0300 92.6300
5.3439458429e+000 -9.2338976049e-001 -1.0929259304e+001
210 205 194
15 29 2742 521.2300 -87.1400 31 2905 536.6600 -108.9100 28 2704 537.9200 -68.8400 30 2962 533.4100 -90.5500 25 2510 527.9600 -8.9000 26 2910 541.8400 -14.6400 27 2985 578.5500 -51.8000 32 2817 510.4399 -155.5600 21 2518 550.4700 40.9400 23 2573 604.0200 57.3100 24 2282 562.1400 17.2900 34 2544 500.4900 -151.0900 19 2273 576.3800 120.5700 20 2055 592.9399 108.8500 35 2690 451.2200 -198.0100
5.2994705292e+000 -1.1335765103e+000 -1.0973903960e+001
97 79 64
16 29 2805 515.1899 -106.7400 31 2958 527.6100 -127.7600 28 2709 532.5900 -88.5500 30 2970 525.5000 -109.9500 25 2553 526.6700 -29.0600 26 2951 539.0100 -35.2700 27 3030 574.4301 -72.9800 32 2820 499.9200 -172.8400 21 2550 553.7200 19.7100 23 2615 605.4399 35.5300 24 2312 561.8900 -4.5300 34 2583 489.2200 -167.5200 19 2303 583.1600 100.5900 20 2086 598.0300 87.8700 35 2688 439.7100 -212.9000 36 2829 420.7500 -219.5000
4.9412168849e+000 -2.1815214692e+000 -1.1398198799e+001
222 209 200
13 29 2950 465.0699 -199.1400 31 3046 463.6300 -212.5200 30 3111 467.7600 -200.0200 25 3330 501.1100 -133.2600 26 3751 506.2100 -139.8100 27 3811 534.3400 -178.5100 32 2900 428.8900 -245.5600 21 3325 548.1600 -95.3500 23 3326 591.6801 -81.5900 24 2923 540.7200 -116.9300 34 2643 414.8000 -232.1700 19 3021 594.9700 -14.7900 20 2900 601.4301 -29.5800
4.9031051536e+000 -2.2645192090e+000 -1.1443370199e+001
223 207 200
16 29 2953 460.1899 -206.1400 31 3092 457.6899 -218.5200 28 2899 480.8700 -191.1400 30 3117 462.2500 -206.5400 25 2700 497.4900 -141.2800 26 3752 502.3300 -147.9500 27 3839 530.1500 -186.8800 32 2938 422.4800 -250.3500 21 3326 546.5699 -105.0100 23 3352 589.3600 -91.2500 24 2946 537.3600 -125.8600 34 2644 408.2300 -236.3500 19 3043 594.6100 -24.8500 20 2901 600.4301 -39.6800 35 2746 358.6400 -271.9800 36 2843 337.3400 -268.7300
4.7072192568e+000 -2.6824237885e+000 -1.1682328376e+001
208 203 200
11 29 2971 434.1400 -239.6000 31 3085 426.9800 -247.5500 28 2916 456.6000 -226.4100 30 3138 433.7200 -238.3700 25 2733 480.5400 -182.4000 26 3164 482.0800 -188.0300 27 3239 507.0400 -226.6000 21 2793 536.1899 -153.6400 23 2824 575.4200 -140.1200 19 2534 591.0699 -76.5000 20 2366 593.2700 -90.8200
1.5577541601e+000 3.3551655105e-001 -9.0051291310e+000
100 93 61
