# Bundle file v0.3
46 19952
0 0 0
0 0 0
0 0 0
0 0 0
0 0 0
1.1561232609e+003 8.1006112036e-002 -2.1469104575e-001
5.6428564416e-001 -6.3791106391e-001 -5.2407173777e-001
4.4104504458e-001 -3.0368774804e-001 8.4454308377e-001
-6.9789754294e-001 -7.0770278100e-001 1.0998087710e-001
-6.3588752373e+000 9.8854147821e+000 -1.0609559664e+001
1.1472581332e+003 9.6248290912e-002 -2.5013199602e-001
5.8745664716e-001 -6.3955575345e-001 -4.9584586913e-001
4.3967424509e-001 -2.6215814166e-001 8.5904578863e-001
-6.7939770820e-001 -7.2266281694e-001 1.2718965017e-001
-5.7419499255e+000 9.5963947526e+000 -9.4783823066e+000
1.1575396358e+003 8.4379665250e-002 -2.0000054751e-001
6.1423583205e-001 -6.4636774365e-001 -4.5268430787e-001
4.6267190940e-001 -1.6972535875e-001 8.7013102855e-001
-6.3925663616e-001 -7.4390996939e-001 1.9480480117e-001
-4.5640254641e+000 1.0097110681e+001 -8.2481078106e+000
1.1636710333e+003 1.0852013261e-001 -2.3591895070e-001
6.3256306886e-001 -6.5221201878e-001 -4.1771215744e-001
4.7228365139e-001 -1.0263142218e-001 8.7545128009e-001
-6.1385023951e-001 -7.5105677132e-001 2.4310822633e-001
-4.1859483754e+000 1.0655395295e+001 -8.1217109844e+000
1.1656298708e+003 9.1914345231e-002 -2.3547818198e-001
6.6286793185e-001 -6.4946497176e-001 -3.7256053921e-001
4.8687040799e-001 -4.1381637457e-003 8.7346441337e-001
-5.6882625708e-001 -7.6038025096e-001 3.1346221974e-001
-4.1480226236e+000 9.9790229021e+000 -8.3140187521e+000
1.1641275528e+003 8.6354020143e-002 -2.2134073114e-001
6.8455952317e-001 -6.4259765854e-001 -3.4416058530e-001
4.8706077033e-001 5.1937924957e-002 8.7182237753e-001
-5.4235603181e-001 -7.6444143084e-001 3.4853871172e-001
-3.7556826886e+000 1.0259626191e+001 -7.8440153520e+000
1.1635471784e+003 7.1628866149e-002 -1.8646283765e-001
7.0963003477e-001 -6.3522981619e-001 -3.0480861925e-001
4.8106351774e-001 1.2074762569e-001 8.6833052623e-001
-5.1478452351e-001 -7.6282572814e-001 3.9127203177e-001
-3.2897124335e+000 1.0023748327e+001 -6.9164024501e+000
1.1643652459e+003 8.3335983517e-002 -1.9723524840e-001
7.3287147120e-001 -6.2474849034e-001 -2.6942295843e-001
4.8220046387e-001 1.9758605817e-001 8.5348840781e-001
-4.7998137396e-001 -7.5541318061e-001 4.4605919698e-001
-2.7450863994e+000 9.9044240226e+000 -6.3125895699e+000
1.1746461932e+003 6.6465899700e-002 -1.6640522764e-001
7.5385655790e-001 -6.1156972651e-001 -2.4017235423e-001
4.8065952137e-001 2.6410464202e-001 8.3619086492e-001
-4.4795838494e-001 -7.4580909600e-001 4.9305382838e-001
-2.3379831424e+000 9.5339477304e+000 -6.0085918162e+000
1.1705904980e+003 6.2419798714e-002 -1.5936934713e-001
7.7306766471e-001 -6.0007534382e-001 -2.0561120474e-001
4.7548452655e-001 3.3364910937e-001 8.1399799559e-001
-4.1985813174e-001 -7.2704047587e-001 5.4325987857e-001
-2.4036154249e+000 9.1454044055e+000 -5.8797537614e+000
0 0 0
0 0 0
0 0 0
0 0 0
0 0 0
1.1529627157e+003 8.4370352663e-002 -1.8770889322e-001
8.0398581535e-001 -5.6730072781e-001 -1.7826018327e-001
4.6349294389e-001 4.1003756109e-001 7.8552115787e-001
-3.7253335378e-001 -7.1417020571e-001 5.9260426728e-001
-2.0243589788e+000 9.0213331692e+000 -5.4815131525e+000
1.1553554934e+003 7.1486354863e-002 -1.6525678748e-001
8.2857981210e-001 -5.4126264497e-001 -1.4314413763e-001
4.4523273583e-001 4.8200788541e-001 7.5460997167e-001
-3.3944558610e-001 -6.8898704455e-001 6.4036985135e-001
-1.3737476177e+000 8.6956510416e+000 -4.4386888434e+000
1.1606118829e+003 7.0361302753e-002 -1.6887319622e-001
8.4327534950e-001 -5.2214720600e-001 -1.2747148777e-001
4.3615004815e-001 5.2617141307e-001 7.3001149277e-001
-3.1410160845e-001 -6.7119739223e-001 6.7144191129e-001
-1.0711320931e+000 8.2417917003e+000 -4.2955430987e+000
1.1499697886e+003 8.7125253633e-002 -1.9256522002e-001
8.6170893492e-001 -4.9723129034e-001 -1.0108785970e-001
4.1783760229e-001 5.8234843156e-001 6.9733925916e-001
-2.8787054309e-001 -6.4314177921e-001 7.0957677686e-001
-9.0991347260e-001 7.7036255758e+000 -3.8611134493e+000
1.1569758672e+003 6.7961459893e-002 -1.5602729707e-001
8.8296857162e-001 -4.6495747121e-001 -6.4661050836e-002
3.9400394394e-001 6.5914714735e-001 6.4053565889e-001
-2.5520069297e-001 -5.9104956485e-001 7.6520129260e-001
-4.1318460783e-001 7.5303790226e+000 -3.0884572291e+000
1.1605456182e+003 6.2537791564e-002 -1.5425338688e-001
8.9644145781e-001 -4.4050475077e-001 -4.8459026637e-002
3.7671318314e-001 6.9986429426e-001 6.0685842440e-001
-2.3340927652e-001 -5.6226820483e-001 7.9333131507e-001
1.5280289853e-002 6.6125300783e+000 -2.6452724645e+000
1.1573082180e+003 7.6845282193e-002 -1.7943961444e-001
9.1841937609e-001 -3.9483707220e-001 -2.4688783586e-002
3.4140695696e-001 7.5951507542e-001 5.5369498819e-001
-1.9986780470e-001 -5.1695312807e-001 8.3235348502e-001
1.6200205183e-001 5.7729200853e+000 -2.5094536574e+000
1.1527184743e+003 8.4287413551e-002 -1.8322522287e-001
9.3140570577e-001 -3.6356905054e-001 -1.7348105336e-002
3.3120724285e-001 8.2680652927e-001 4.5463471649e-001
-1.5094758545e-001 -4.2919518712e-001 8.9050902174e-001
4.6826133351e-001 5.2119124419e+000 -2.1134421220e+000
1.1591231686e+003 7.5045898881e-002 -1.6539072488e-001
9.4587226763e-001 -3.2446591682e-001 -6.8936312144e-003
3.0045917577e-001 8.6746405330e-001 3.9652288701e-001
-1.2267818480e-001 -3.7713125706e-001 9.1799895312e-001
6.2853032091e-001 4.6378860169e+000 -1.8039280548e+000
1.1459644861e+003 9.4108661440e-002 -1.9161468353e-001
9.5939621582e-001 -2.8202588541e-001 4.5056662699e-003
2.6317128576e-001 9.0077572698e-001 3.4546195744e-001
-1.0148780923e-001 -3.3024913269e-001 9.3842193865e-001
3.8219945069e-001 3.6236056507e+000 -1.7727576548e+000
0 0 0
0 0 0
0 0 0
0 0 0
0 0 0
1.1550581201e+003 7.3632223087e-002 -1.5054976918e-001
9.7010259763e-001 -2.4265105568e-001 4.6276607706e-003
2.3112023950e-001 9.2948561530e-001 2.8747160875e-001
-7.4056633460e-002 -2.7780740833e-001 9.5777797997e-001
7.5301322753e-001 3.3424430477e+000 -1.3916163620e+000
1.1413681889e+003 1.0471228430e-001 -2.2245370658e-001
9.7933506274e-001 -2.0116568243e-001 2.0861522038e-002
1.9102346842e-001 9.5394577001e-001 2.3129527104e-001
-6.6429431744e-002 -2.2253052847e-001 9.7265990690e-001
6.0123456525e-001 2.5660680499e+000 -1.3592320140e+000
1.1444913380e+003 9.9463876144e-002 -2.1395263965e-001
9.8613060641e-001 -1.6534915822e-001 1.4355590596e-002
1.6017966097e-001 9.7080281594e-001 1.7856194662e-001
-4.3461515339e-002 -1.7378592707e-001 9.8382394169e-001
4.8521023749e-001 1.9007672033e+000 -2.0247401166e+000
1.1474252193e+003 7.4444344860e-002 -1.3607210863e-001
9.9184765397e-001 -1.2708398825e-001 9.3750330805e-003
1.2476140382e-001 9.8342590798e-001 1.3156015971e-001
-2.5938840211e-002 -1.2931799348e-001 9.9126385646e-001
4.1982934619e-001 1.5254247234e+000 -1.6513871620e+000
1.1487759772e+003 7.2683943353e-002 -1.4880625375e-001
9.9594498341e-001 -8.9867574688e-002 -4.1724135799e-003
8.9818220202e-002 9.9061431935e-001 1.0303376933e-001
-5.1261423217e-003 -1.0299072444e-001 9.9466910746e-001
4.2404021847e-001 1.0373200173e+000 -1.1895130766e+000
1.1495645479e+003 6.5839902166e-002 -1.0158340598e-001
9.9923155346e-001 -3.8955123685e-002 -4.3360009464e-003
3.9025749634e-002 9.9908301470e-001 1.7610241185e-002
3.6460157738e-003 -1.7765924343e-002 9.9983552572e-001
2.5979495049e-001 1.7973969641e-001 -1.6086397185e+000
1.1464887303e+003 8.8841398549e-002 -1.7544314122e-001
9.9994213165e-001 -9.8007615134e-003 -4.4360362315e-003
9.7647649730e-003 9.9991980123e-001 -8.0647678117e-003
4.5147213328e-003 8.0209842657e-003 9.9995763965e-001
8.0873803845e-002 -1.3362827930e-001 -1.5242901174e+000
1.1518087788e+003 6.8369863960e-002 -1.3037703260e-001
9.9917768407e-001 3.5737518183e-002 -1.9151643675e-002
-3.6786059870e-002 9.9766610257e-001 -5.7525069075e-002
1.7051142501e-002 5.8182278805e-002 9.9816034833e-001
-5.2813409092e-002 -4.3225056877e-001 -1.2693602548e+000
1.1582481927e+003 4.8318081838e-002 -8.1722687140e-002
9.9710389246e-001 7.2547698804e-002 -2.2817954239e-002
-7.4708514043e-002 9.9050525107e-001 -1.1540357680e-001
1.4229039561e-002 1.1677405109e-001 9.9305657212e-001
-5.2673773687e-002 -1.0499472553e+000 -1.2049779244e+000
1.1382276269e+003 7.2226124328e-002 -1.4201089290e-001
9.9312313226e-001 1.1394870100e-001 -2.6872619988e-002
-1.1707281476e-001 9.6783350595e-001 -2.2269319883e-001
6.3262128869e-004 2.2430782041e-001 9.7451813810e-001
-3.7102928727e-001 -2.4758748867e+000 -9.0841771719e-001
0 0 0
0 0 0
0 0 0
0 0 0
0 0 0
1.1370378663e+003 7.0840604641e-002 -1.3883665286e-001
9.8644525975e-001 1.5986140120e-001 -3.7014617622e-002
-1.6379566422e-001 9.4577256174e-001 -2.8050889796e-001
-9.8351357474e-003 2.8276950659e-001 9.5913746473e-001
-3.8239938685e-001 -2.8702997912e+000 -1.2256133616e+000
1.1439908755e+003 5.4991229915e-002 -7.7644366865e-002
9.8022600589e-001 1.9567221383e-001 -2.9484947373e-002
-1.9457814397e-001 9.2599281792e-001 -3.2353770576e-001
-3.6004489641e-002 3.2287719941e-001 9.4575577758e-001
-6.4715636386e-001 -3.7259932721e+000 -1.5068252754e+000
1.1541929734e+003 3.2026445108e-002 -1.2427191830e-002
9.7124671741e-001 2.3545370475e-001 -3.5233036199e-002
-2.3013919759e-001 8.9064100567e-001 -3.9216648091e-001
-6.0957064016e-002 3.8899890994e-001 9.1921927983e-001
-7.3460365283e-001 -4.4395980868e+000 -1.8970154036e+000
1.1447790750e+003 7.0439308151e-002 -1.3541630396e-001
9.6635331193e-001 2.5347099747e-001 -4.3746199484e-002
-2.4567793276e-001 8.5917814274e-001 -4.4883769048e-001
-7.6181558684e-002 4.4448326456e-001 8.9254187445e-001
-6.9742120893e-001 -5.1783730085e+000 -1.8368757049e+000
1.1549270549e+003 4.1123877136e-002 -5.7147527411e-002
9.5218212268e-001 2.9991851739e-001 -5.8293122833e-002
-2.8272949383e-001 7.9261312870e-001 -5.4021149703e-001
-1.1581553680e-001 5.3086091505e-001 8.3950786197e-001
-9.5916224805e-001 -6.3398131139e+000 -2.0917877686e+000
1.1575432810e+003 3.1802813659e-002 -3.0081518246e-002
9.4227331647e-001 3.2655006568e-001 -7.4067885552e-002
-3.0265791450e-001 7.3597093073e-001 -6.0559472909e-001
-1.4324518789e-001 5.9305298559e-001 7.9231873159e-001
-1.1256578747e+000 -7.5786388614e+000 -2.8240322879e+000
0 0 0
0 0 0
0 0 0
0 0 0
0 0 0
0 0 0
0 0 0
0 0 0
0 0 0
0 0 0
0 0 0
0 0 0
0 0 0
0 0 0
0 0 0
0 0 0
0 0 0
0 0 0
0 0 0
0 0 0
0 0 0
0 0 0
0 0 0
0 0 0
0 0 0
0 0 0
0 0 0
0 0 0
0 0 0
0 0 0
4.8929017274e+000 -2.5272964289e+000 -1.1617451092e+001
148 134 118
24 29 1194 445.6600 -222.4100 31 1208 440.8000 -232.3000 28 1090 466.5601 -208.1500 25 1964 487.1100 -162.0100 26 1119 489.9399 -167.8500 27 1179 515.7600 -206.1800 32 1133 405.0699 -261.3500 21 1954 539.2100 -130.0900 23 1998 579.8000 -116.2600 24 1808 526.8101 -148.6700 20 1493 594.7300 -66.3600 18 1595 585.2500 -89.4000 16 1776 579.5000 34.8600 17 1703 612.4500 -36.4700 14 1632 573.5601 55.4000 12 1555 508.8700 105.8900 10 1279 501.6000 111.7700 8 1386 545.8700 181.6500 9 1269 558.1801 148.0200 7 1102 517.3199 192.8700 6 152 484.7000 220.4300 4 820 528.1500 297.6200 1 147 352.5600 258.3100 3 853 529.2100 265.3200
4.9665382810e+000 -2.4856425519e+000 -1.1465641232e+001
111 95 91
30 29 2209 457.2800 -221.3400 31 2308 453.0800 -233.9000 28 2119 478.4000 -206.4500 30 2335 458.5400 -222.3700 25 1967 497.8500 -156.7300 26 2314 501.9100 -163.8000 27 2409 529.5601 -203.8100 32 2151 416.7900 -264.4700 21 2753 550.2100 -121.0000 23 2786 592.4100 -107.9700 24 2475 538.0200 -141.6300 34 1913 401.3101 -248.4900 19 2482 600.5699 -39.9000 20 2291 605.0200 -55.4100 18 2342 594.2300 -76.0000 15 2533 566.3700 33.1000 16 2665 586.8900 50.7300 17 2514 620.8900 -21.4500 13 2579 567.8400 105.3500 14 2516 578.2100 72.2400 12 2505 511.1400 122.5100 10 2042 501.9900 127.7900 8 2075 544.6801 198.8900 9 2020 557.6000 164.8900 7 1730 514.4900 208.8600 5 1646 459.6899 217.9100 6 1592 481.3700 236.1600 4 1459 522.3800 312.6200 1 1111 345.6700 269.2400 3 1544 521.8199 280.2200
4.9220700592e+000 -2.4653637365e+000 -1.1565067688e+001
101 88 81
26 29 2206 450.0000 -217.4400 31 2295 445.8900 -228.0400 28 2117 471.0100 -202.9600 30 2331 450.8500 -216.9800 25 1963 489.8900 -155.5400 26 2310 493.4000 -161.5700 27 3217 520.1500 -200.2000 21 2752 541.0300 -122.4300 23 2785 582.4399 -108.6200 19 2486 591.6600 -43.8100 20 2328 595.8199 -58.3000 18 2341 585.1801 -80.9200 15 2532 558.8800 24.9100 16 2668 578.2800 43.1900 17 2536 611.7100 -27.7100 13 2618 560.9399 95.5200 14 2564 571.0400 63.2200 12 2508 505.9700 112.9000 10 2046 498.2100 118.4600 8 2078 541.4000 187.8900 9 2023 554.1300 154.5700 7 1732 512.9100 199.1800 5 985 459.2900 209.1100 6 992 480.6600 227.3400 4 1461 522.3300 302.1000 1 1174 347.0400 261.0800
4.9366723555e+000 -2.5622017004e+000 -1.1515219378e+001
110 93 77
27 29 2211 452.8400 -227.3900 31 3086 447.4700 -238.5600 28 2894 473.8300 -212.5200 25 2734 494.7100 -164.0200 26 3134 498.3700 -171.0100 27 3218 525.1200 -210.5100 21 2755 548.6400 -129.8100 23 2788 590.2500 -116.8000 24 2477 535.3000 -149.9600 34 1940 395.1600 -251.2900 19 2487 600.6500 -49.2600 20 2329 604.2700 -64.7500 18 2344 594.9500 -85.5600 15 2538 569.4100 24.2900 16 2669 589.3000 41.5500 17 2540 622.6000 -31.0700 13 2622 571.6400 96.9600 14 2567 582.0100 63.8300 12 2512 515.4100 115.0300 10 2044 507.0601 120.8800 8 2079 551.1200 193.0500 9 2026 563.6200 158.3700 7 1733 521.1500 203.7000 6 1593 487.5800 231.3700 4 1462 529.9800 308.9400 1 1890 352.4300 266.8400 3 2139 530.0300 277.2500
4.7963493741e+000 -2.8828352769e+000 -1.1692023700e+001
103 91 80
27 29 2247 434.9800 -251.8900 31 2351 426.4800 -259.9400 28 2169 457.0000 -238.3400 30 2369 433.5200 -250.9300 25 2021 483.1500 -194.2700 26 2387 484.2300 -200.7400 27 2456 508.9200 -240.0700 32 2179 388.8900 -285.4600 21 2020 541.9500 -165.8500 23 2102 580.7700 -152.7200 34 1939 373.4400 -266.5000 19 1711 599.2200 -87.4200 18 2418 596.7100 -125.1100 15 1725 580.3800 -12.9700 16 2750 596.9900 2.8500 17 2596 628.4800 -70.9200 13 2664 587.3900 62.2800 14 1675 595.6899 27.8400 12 1611 532.5000 83.6400 10 2081 526.9600 91.8200 8 2092 576.4301 168.0800 9 2054 587.2000 130.6900 5 1684 493.4399 198.6200 6 1623 514.4900 214.4600 4 2044 561.9500 298.6000 1 1893 379.4700 265.3200 3 1548 563.8000 268.1600
4.7758054597e+000 -2.8400223119e+000 -1.1741534930e+001
121 105 98
29 29 2196 431.4700 -246.8500 31 2347 423.3900 -254.2900 28 2165 453.1200 -233.5300 30 2320 430.1700 -245.6000 25 2009 478.3600 -190.6000 26 2371 479.8300 -196.6300 27 3240 504.3500 -235.3000 32 2934 386.4100 -279.2800 21 2795 536.4200 -163.4300 23 2825 574.8300 -149.7500 24 1847 518.9500 -180.3700 19 2540 592.9200 -86.3600 20 2371 593.6100 -100.9500 18 2416 590.3800 -124.5600 15 2568 574.7500 -14.5800 16 2747 590.7300 1.6700 17 2590 621.5100 -71.4700 13 2663 581.5900 59.3200 14 2608 589.9200 25.5500 12 2563 527.6200 80.8100 10 2643 522.5500 88.4500 8 2128 571.8700 163.0900 9 2055 582.4900 126.6400 7 2268 543.7000 177.3100 5 2185 490.1400 193.2500 6 2104 510.6000 209.1300 4 2059 558.7100 291.8200 1 1928 377.8900 258.7100 3 2171 561.0000 261.5300
4.6503414046e+000 -2.9144198573e+000 -1.1941420500e+001
222 130 65
26 29 3598 412.6700 -249.4300 31 3115 405.4800 -253.9400 28 2911 435.3900 -237.3400 30 3703 411.2100 -246.6200 25 2763 462.2000 -199.3400 26 2372 463.7300 -204.1100 21 2796 520.9100 -176.8800 23 2855 558.0500 -162.3700 19 2571 579.0000 -103.5000 20 2374 578.1300 -117.2800 18 2928 576.7900 -144.5500 15 1773 567.4900 -37.0100 16 2753 580.8900 -20.1000 17 2642 610.7200 -92.8400 13 2699 576.3199 35.5200 14 1733 584.2400 2.6100 12 2615 524.0800 57.6500 10 2117 520.5601 64.1600 8 2132 573.6000 138.6400 9 2098 582.4200 101.7400 7 293 548.1300 154.3800 6 1641 516.0100 186.5000 4 1490 568.3400 270.9600 1 1937 390.0000 242.1100 3 1572 572.2100 240.8000 2 652 457.7400 205.8800
4.5829773895e+000 -3.0416058537e+000 -1.2025742545e+001
210 139 67
24 29 2233 405.8700 -258.7500 31 2333 395.8600 -261.5400 28 2151 428.0000 -247.1200 30 2357 403.5601 -255.6100 25 2012 456.6400 -211.3100 26 1178 456.4200 -216.3300 27 2499 479.1300 -253.6400 21 2047 516.9800 -191.5400 23 2098 552.9100 -177.0900 19 2569 576.8600 -119.3800 20 2403 575.0800 -132.5300 18 2453 577.2100 -160.5400 15 1774 570.2300 -53.1500 17 2646 611.4100 -110.2000 13 2702 581.3800 19.6900 14 1737 587.9800 -13.6900 12 1654 530.4500 43.5500 10 2124 527.3199 50.6500 8 2169 583.4600 126.5600 9 2102 591.0300 88.6700 7 1799 557.7000 142.5400 4 1497 580.9700 264.0200 1 1941 400.7100 239.4800 3 1578 585.7700 234.4200
4.2047170747e+000 -3.7639810720e+000 -1.2507832020e+001
138 128 119
24 29 2277 361.4500 -309.9200 31 2372 345.0400 -304.5800 28 2249 385.1899 -301.0800 30 2399 355.2200 -303.0900 25 2096 424.4800 -276.7500 26 2463 419.2900 -278.9900 27 2590 437.1400 -314.6900 21 2891 495.2200 -272.3500 23 2949 524.5200 -256.5300 24 2579 464.5699 -276.9400 19 2655 566.2700 -207.9900 18 2538 573.9301 -253.7900 15 2702 588.6600 -146.2300 16 2886 592.6200 -132.0900 17 2725 616.4000 -206.7100 13 2813 611.7200 -70.6600 14 2754 613.1100 -105.1700 12 2726 565.2600 -39.3500 10 2753 571.1899 -29.0200 7 2363 621.2600 77.0300 5 2253 574.1300 111.6500 6 2186 591.0601 121.5700 1 1984 472.2000 220.5600 2 972 551.8199 173.5700
4.8565576167e+000 -2.8564173822e+000 -1.1569126524e+001
193 123 61
30 29 3006 444.0699 -252.0500 31 3715 435.5800 -261.8600 28 2924 466.4800 -238.0800 30 3725 442.8800 -251.9700 25 2771 492.3000 -191.3200 26 3165 493.2000 -198.4000 32 3583 397.4900 -289.0700 21 3376 551.5800 -159.2200 23 3375 590.9000 -146.5100 34 3204 381.2900 -271.0400 19 3067 608.1801 -78.2600 20 2961 609.8000 -94.3000 36 2864 308.9600 -296.1400 18 2898 605.2300 -114.6000 37 2827 316.2200 -303.1900 16 3333 603.2200 14.5800 38 2837 291.2400 -312.2100 13 3301 590.7400 75.2800 14 3236 599.9700 41.0100 12 3216 534.8700 97.0800 10 2626 528.8600 106.8000 8 2648 576.0900 181.7400 9 2578 587.8900 145.3200 7 2271 546.8900 196.3700 5 2166 490.9900 212.1000 6 2107 512.7200 228.1800 4 2040 558.1801 310.5900 1 2508 374.8600 274.5900 3 2142 558.8800 279.9200 2 919 444.1899 240.6400
4.8565857650e+000 -2.8561627143e+000 -1.1569360664e+001
193 123 61
28 29 3005 444.0699 -252.0500 31 3716 435.5800 -261.8600 28 2925 466.4800 -238.0800 25 2772 492.3000 -191.3200 26 3166 493.2000 -198.4000 32 3584 397.4900 -289.0700 21 3377 551.5800 -159.2200 23 3374 590.9000 -146.5100 24 2964 534.9500 -178.6300 34 3205 381.2900 -271.0400 19 3066 608.1801 -78.2600 20 2960 609.8000 -94.3000 36 2865 308.9600 -296.1400 18 2897 605.2300 -114.6000 16 3332 603.2200 14.5800 13 3302 590.7400 75.2800 14 3237 599.9700 41.0100 12 3217 534.8700 97.0800 10 2627 528.8600 106.8000 8 2647 576.0900 181.7400 9 2577 587.8900 145.3200 7 2272 546.8900 196.3700 5 2165 490.9900 212.1000 6 2108 512.7200 228.1800 4 2041 558.1801 310.5900 1 2509 374.8600 274.5900 3 2141 558.8800 279.9200 2 918 444.1899 240.6400
4.7670277026e+000 -2.9007248732e+000 -1.1745763780e+001
207 199 188
31 29 2244 430.6899 -252.4500 31 3120 421.8500 -259.9600 28 2166 453.0100 -239.3800 30 2365 429.3300 -251.4200 25 2010 479.6100 -196.1500 26 2374 480.5699 -202.0800 27 2458 505.2200 -241.3200 32 2963 383.5000 -284.9100 23 2856 576.7800 -155.3100 34 2669 367.2900 -265.5300 19 2573 595.3600 -91.0900 20 2375 596.1600 -105.9000 35 2036 317.9700 -296.8600 36 2113 296.1600 -288.4700 18 2419 593.6400 -129.1000 37 2091 303.4600 -294.0500 15 2571 577.9399 -17.9500 16 2752 594.3000 -2.0900 17 2597 625.6000 -75.7400 38 2091 278.9300 -300.5600 13 2666 585.7600 56.5600 14 2611 593.8101 22.6200 12 2566 531.4900 78.4400 10 2083 526.9000 85.9800 8 2133 577.0100 161.9100 9 2057 587.2200 124.7500 7 2273 549.6700 175.8700 5 2187 496.2800 192.0700 6 2109 516.8300 207.6400 4 2063 565.3900 292.2200 1 2536 384.1400 260.1800
4.5241467327e+000 -3.3024728959e+000 -1.2060524601e+001
224 217 199
25 29 3600 399.9900 -280.5000 31 3741 387.2000 -282.0800 28 3582 422.8300 -269.2200 25 3385 455.7300 -234.2400 32 3577 348.5700 -300.9700 21 3839 520.8600 -216.8000 23 3845 555.0400 -202.6000 24 3007 496.5500 -228.4600 19 3518 584.8500 -144.4500 20 3390 581.4600 -158.1300 18 3378 587.7700 -185.4800 15 3583 585.7700 -74.0900 17 3634 624.9100 -134.3900 14 3693 605.1100 -32.8200 12 3662 548.8101 28.3100 10 3098 548.7000 37.7600 8 3085 607.0699 117.3100 9 3049 614.2600 77.5000 7 2694 582.4900 136.3700 5 2675 531.0100 160.8000 6 2530 550.2500 173.8500 4 2484 608.0601 266.4900 1 2545 421.5601 246.0700 3 2635 613.6400 238.4700 2 1260 495.5300 206.2700
5.1232269022e+000 -2.0585229579e+000 -1.1279890014e+001
229 216 189
33 29 4402 477.7900 -185.7700 31 4536 478.4500 -201.2300 28 4339 497.7500 -169.5900 30 4500 481.5699 -187.4300 25 4118 509.5699 -115.7400 26 4572 515.9600 -122.6900 27 4663 545.8199 -161.9600 32 4386 444.6000 -236.9100 21 4076 553.7100 -74.6100 23 4091 599.0000 -61.0100 24 3744 548.2200 -97.2900 34 3983 430.6100 -224.7200 19 3806 597.5200 7.3800 20 3635 605.3300 -7.6300 35 3714 380.7800 -262.7000 36 3844 359.8600 -262.2500 18 3582 586.4301 -28.4100 37 3817 369.3900 -273.9300 15 3791 548.0500 74.9900 16 4070 572.1899 95.4200 17 3849 608.2800 25.8200 38 3823 346.8500 -291.7600 14 3928 556.7200 111.7000 12 3912 487.0200 156.0000 10 3350 475.7700 159.9300 8 3355 511.5500 224.0600 7 2958 480.9100 231.4300 5 2976 426.6000 235.2900 6 2832 448.1899 254.7600 4 2788 483.0000 321.8800 1 2975 312.4700 270.3300 3 2961 480.7300 287.6800 2 1226 374.3000 242.0100
5.1674429650e+000 -1.5394787209e+000 -1.1361435983e+001
192 81 57
34 29 4021 478.2900 -137.6200 31 4140 485.4100 -152.6500 28 3984 496.5400 -121.7800 30 4128 485.5400 -138.5100 25 3740 498.5500 -70.2900 26 4173 507.8400 -75.5600 27 4270 539.5800 -112.3400 32 3971 455.9000 -189.9900 21 3713 532.6100 -31.0500 23 4074 580.0400 -15.0300 24 3323 533.7600 -50.6800 34 3600 444.8000 -180.1700 19 3401 568.8700 45.5800 20 3276 579.6000 33.6400 35 3690 396.4500 -220.6500 36 3820 377.8900 -222.3300 18 3570 554.3900 7.1300 37 3790 389.4600 -235.7800 15 3479 510.3500 97.2000 16 4055 535.4500 121.7800 17 3836 571.7500 57.3000 13 3723 504.0000 157.7200 14 3591 517.5000 129.9100 12 3591 448.8800 165.7900 10 3014 435.8500 165.2600 8 3021 468.8600 221.5600 9 2991 483.6500 195.2800 7 2640 439.3500 224.5200 5 2636 388.1600 222.2900 6 2486 409.1200 244.1700 4 2452 441.7000 302.1500 1 3002 282.2400 245.8200 3 2960 439.1200 264.9700 2 1252 339.3400 218.3100
4.8401515841e+000 -2.5259657799e+000 -1.1734895073e+001
216 135 59
33 29 3580 436.6899 -219.8300 31 4176 432.1200 -228.1600 28 3532 457.5800 -206.0100 30 4180 437.3400 -218.5000 25 3348 477.5800 -162.6500 26 3782 480.6200 -168.2000 32 4012 396.7400 -255.0100 21 3779 529.7000 -134.1400 23 3781 570.0500 -119.8500 24 2947 516.5300 -150.6500 34 3634 382.5800 -237.9200 19 3478 581.5601 -58.3900 20 3344 584.6300 -71.9100 35 3712 334.0900 -271.0500 36 3381 313.5700 -265.4900 18 3325 576.1000 -96.8400 37 3363 322.0400 -272.4600 15 3535 554.6000 6.6600 16 3776 572.1899 25.2700 17 3567 604.3800 -45.3300 13 3761 558.6801 76.6700 14 3635 568.0200 44.6900 12 3215 505.5900 94.9000 10 3060 498.4200 100.0700 8 3048 544.6100 169.6300 9 3014 555.2700 135.5800 7 2669 516.0800 180.4300 5 2653 464.6700 192.0500 6 2506 484.5699 209.3900 4 2480 530.2800 286.0100 1 3006 356.1200 247.8400 3 2632 531.5200 253.4700 2 1255 422.2200 214.4600
4.4154119756e+000 -3.6416452910e+000 -1.2156091705e+001
185 96 52
29 29 4100 388.4399 -307.6400 31 4210 372.4600 -306.9200 28 4061 412.0800 -296.8300 30 4219 382.6900 -303.1400 25 3864 450.7100 -265.2500 26 4290 446.8800 -269.4900 32 4052 332.1000 -321.9000 21 3855 521.8400 -251.9900 23 4168 553.5100 -237.6300 24 3489 492.7100 -261.6900 34 3664 315.0700 -297.0900 19 3865 590.9800 -179.9700 20 3718 584.9301 -193.7900 35 3748 266.9000 -322.4500 36 3858 244.6400 -308.5500 18 3664 596.9100 -221.8500 37 3830 250.1000 -309.0300 15 3867 603.2400 -106.4900 16 4144 611.2100 -93.8400 38 3396 224.3700 -307.1800 13 4138 621.8700 -27.4900 14 4006 625.4100 -63.3500 12 3974 571.1400 2.6900 10 3410 573.7300 14.2100 7 3030 613.8400 120.8100 5 3029 561.9800 150.9800 6 2887 580.9100 162.3000 1 3016 451.5900 250.5300 2 1593 529.3900 207.5300
4.7250446998e+000 -2.5085760778e+000 -1.1966124394e+001
209 121 48
34 29 4048 419.4200 -214.7300 31 4175 414.8900 -219.8500 28 4006 440.0699 -202.3200 30 4164 420.5699 -212.2200 25 3804 459.8800 -163.8800 26 4233 462.3700 -167.9600 27 4330 487.6500 -204.1400 32 3991 380.6300 -244.0000 21 3778 510.3300 -140.4000 23 3797 549.2700 -124.6300 24 3423 496.7900 -153.2900 34 3633 367.9200 -226.4500 19 3477 562.1700 -69.1000 20 3343 564.4000 -81.1200 35 3709 320.7900 -258.1000 36 3839 300.8500 -250.6800 18 3326 557.6500 -109.9300 37 3814 309.2800 -256.4800 15 3534 539.5000 -12.1800 16 3793 555.1500 7.3700 17 3592 586.2700 -61.2600 13 3779 545.4200 54.3200 14 3656 554.0900 23.9600 12 3628 494.6100 72.7500 10 3062 489.3101 76.5300 8 3066 537.8700 144.0200 9 3023 547.5500 110.5800 7 3004 512.2600 154.8500 5 2657 463.6600 167.6100 6 2528 482.4500 184.3900 4 2497 531.5601 261.1200 1 3037 361.4600 227.0700 3 2993 534.6700 228.4500 2 1607 426.5699 190.5600
4.4337394516e+000 -3.1308716874e+000 -1.2259525519e+001
216 153 48
31 29 3597 386.0400 -261.8800 31 4186 375.8100 -261.8600 28 4035 408.6200 -252.0000 30 4198 383.2900 -256.8200 25 3831 438.0000 -220.6600 26 3831 436.5699 -223.7200 27 4355 457.6899 -259.3700 32 4011 338.6300 -278.5100 21 3817 499.2400 -207.2700 23 3840 532.5400 -191.3400 24 3441 476.6200 -215.8100 34 3196 324.3100 -256.5900 19 3514 560.7300 -139.8200 20 3685 557.7100 -151.4100 18 3363 562.6300 -183.1300 15 3579 561.1100 -79.6600 16 3829 571.0400 -62.9200 17 3629 597.3800 -135.0600 13 3819 575.1600 -8.5500 14 3694 580.2600 -41.1700 12 3659 526.7500 16.0500 10 3408 527.5200 23.0000 8 3098 586.1801 97.6900 9 3372 591.8500 59.5100 7 3024 562.9800 114.4900 5 2678 515.1600 137.2100 6 2883 533.6000 151.7400 4 2820 592.9900 239.2200 1 3040 414.0800 221.1800 3 2652 599.7800 210.1100 2 1610 485.3400 178.8100
5.3830247504e+000 -1.5397239697e+000 -1.0932414822e+001
135 70 51
35 29 4644 514.7500 -142.1400 31 4825 522.2500 -163.7100 28 4595 533.4200 -123.9200 30 4758 522.6700 -146.1700 25 4365 534.5400 -62.2900 26 4800 545.0900 -69.7400 27 4874 579.2600 -109.5200 32 4679 491.4000 -207.7000 21 4319 568.7900 -11.9800 23 4327 619.3500 2.0800 24 3961 572.5100 -38.4600 34 4255 478.2300 -200.6400 19 4015 603.7500 72.7400 20 4078 616.8800 57.8500 35 4377 427.5000 -243.8500 36 4507 406.6899 -248.7200 18 3836 586.9600 38.0500 37 4499 418.0400 -264.9600 15 4011 534.3300 136.0600 16 4310 563.4399 159.7300 17 4106 602.6400 92.9300 38 4431 396.3101 -290.7100 13 4283 523.3800 200.3100 14 4150 538.9399 170.9000 12 4127 464.1500 207.6400 10 3584 448.6100 208.5300 8 3598 476.3800 266.9500 9 3555 494.2900 240.3100 7 3213 444.0699 269.6700 5 3249 388.2200 264.4200 6 3106 411.2300 287.2800 4 3013 437.5400 345.4500 1 3384 272.6700 281.7500 3 3211 432.3800 308.4100 2 1848 330.6400 257.9700
5.1758516307e+000 -2.1456888340e+000 -1.1150053142e+001
177 81 53
34 29 4405 487.2900 -195.0300 31 4538 486.9900 -212.5000 28 4342 507.8300 -178.4600 30 4502 490.6400 -197.6100 25 4135 520.8101 -121.2300 26 4575 527.3300 -129.3100 27 4666 557.2600 -169.6400 32 4407 452.0699 -249.6800 21 4336 567.3300 -77.3400 23 4342 613.1300 -64.6300 24 3746 561.0300 -102.3000 34 3985 436.9600 -238.0400 19 4046 611.8700 8.1800 20 3896 620.0400 -8.4700 35 4086 386.3300 -276.6500 36 4205 364.2600 -276.3800 18 3859 601.0800 -26.2600 37 4198 373.6300 -288.4300 15 4023 561.7000 81.6000 16 4335 586.7500 101.0000 17 4130 623.4100 30.1600 38 4142 349.6200 -306.8600 13 4298 557.4301 152.4200 14 4164 570.5100 120.1100 12 4142 498.5200 165.9500 10 3598 486.6100 170.7900 8 3606 521.7500 237.8000 9 3562 537.7400 206.5000 7 3224 490.0100 245.6600 5 3257 433.4600 248.8900 6 3107 456.2000 269.0700 4 3014 489.3600 338.5200 1 3385 315.1700 285.1800 3 3212 485.8600 303.7000
4.8862765173e+000 -2.2656729906e+000 -1.1743986411e+001
229 156 63
34 29 4401 440.1600 -197.0200 31 4535 438.6000 -205.3700 28 4337 460.2600 -182.9300 30 4777 442.4700 -195.3600 25 4385 475.4600 -139.4200 26 4811 479.8700 -144.6900 27 4889 506.9301 -181.2800 32 4385 405.4100 -232.8200 21 4351 522.1500 -109.9300 23 4358 563.7400 -94.8600 24 3985 512.5800 -126.6100 34 3980 392.3600 -217.5800 19 4058 570.0100 -35.8100 20 3906 574.6200 -48.2800 35 4083 344.5400 -252.2600 36 4185 324.5900 -248.3300 18 3874 562.8600 -75.6300 37 4180 333.9300 -256.6900 15 4040 537.3400 22.0400 16 4348 555.6400 43.1300 17 4159 588.3000 -25.6100 13 4315 539.6000 88.7100 14 4186 549.7100 58.0200 12 4155 486.1801 104.6000 10 3616 479.4700 107.4500 8 3629 522.7100 172.6600 9 3583 534.0800 141.0700 7 3244 495.1899 181.9100 5 3275 445.3800 190.5200 6 3125 465.0800 208.7600 4 3034 508.5400 280.4600 1 3400 339.1500 239.2700 3 3234 508.9200 246.5400 2 1860 403.0800 206.5200
4.8864524216e+000 -2.6022652709e+000 -1.1613825718e+001
227 202 148
28 29 4058 445.1899 -229.0700 31 4557 439.8700 -239.1300 28 4358 466.8900 -214.9500 30 4518 445.7100 -228.7300 25 4149 488.2000 -168.3100 26 4589 491.0400 -174.6000 27 4683 517.1700 -213.5200 32 4014 403.2800 -267.3000 21 4100 542.1000 -136.5800 23 4128 582.6500 -123.1400 24 3770 528.4200 -155.3600 34 3649 388.1500 -250.5400 19 3824 594.6801 -57.7600 35 3738 338.8400 -283.7900 36 3841 317.4000 -277.9200 18 3603 589.8800 -95.0100 37 3834 325.7400 -285.9300 15 3815 565.4399 12.4400 16 4097 584.3600 29.9900 38 3820 301.9900 -296.3200 13 4078 569.1899 84.3300 12 3936 514.0000 102.8500 8 3363 552.4200 180.4900 9 3585 564.1200 146.3200 5 2995 470.2300 204.6300 6 2849 490.9301 221.5600 4 2789 535.4000 300.2200 1 3401 358.3300 261.5100
4.6105729739e+000 -2.8181563422e+000 -1.2044096350e+001
241 191 83
32 29 4679 407.6899 -239.3400 31 4852 400.9800 -243.1200 28 4630 428.6400 -227.1100 30 4800 407.3600 -236.4900 25 4409 453.2700 -191.1900 26 4832 453.3900 -194.9700 32 4405 365.9800 -265.7100 21 4568 509.0300 -171.2300 23 4558 545.6700 -155.7900 24 3994 491.0699 -183.0900 34 3979 351.3600 -245.3800 19 4280 565.3300 -100.9100 20 4112 564.9399 -112.9500 35 4081 303.7700 -275.1200 36 4198 283.8500 -266.5300 18 4064 563.0800 -142.6100 37 4178 291.5300 -270.8900 15 4257 552.8900 -40.6900 16 4561 566.5000 -22.6600 17 4358 595.4700 -93.3600 13 4511 562.6100 29.0800 14 4381 569.7300 -2.8700 12 4174 512.5601 50.5800 10 3643 509.2500 55.8100 9 3803 570.0900 91.3100 7 3257 537.9900 142.7100 5 3293 489.4500 161.4400 6 3143 508.3199 177.1500 4 3046 561.1400 259.3100 1 3404 385.4700 231.0000 3 3252 565.4700 228.1000 2 1876 453.9399 193.8900
4.9957469123e+000 -2.5855382947e+000 -1.1366055336e+001
151 77 49
33 29 4419 463.4200 -231.6500 31 4558 458.0601 -244.8300 28 4371 485.0200 -216.5100 30 4521 463.6801 -233.0900 25 4151 506.1899 -165.1000 26 4590 509.4200 -172.8900 27 4685 536.6100 -213.1900 32 4713 421.4700 -276.3800 21 4103 560.6000 -128.0000 23 4108 602.8300 -115.8100 24 3760 547.6600 -150.3700 34 4284 405.5400 -260.7400 19 3817 612.7500 -44.5500 20 3656 616.8101 -60.7600 36 4515 333.8600 -290.6500 18 3876 607.1700 -78.8500 37 4510 341.3400 -300.3800 15 4041 579.0200 34.9200 16 4350 600.0699 51.1700 17 3869 633.4500 -23.2800 38 4433 317.5100 -313.0700 13 4310 579.8199 109.5400 14 4178 590.8400 75.4600 10 3618 513.3700 135.5800 8 3615 555.2500 208.7400 9 3569 569.0800 173.8000 7 3233 524.2800 220.6300 5 3267 467.6000 230.6100 6 3116 489.7000 248.6000 4 3235 529.2800 326.3900 1 3659 348.4800 282.6800 3 3222 528.4000 293.8400 2 1850 415.3000 251.5400
4.6278835744e+000 -3.3420330970e+000 -1.1855853945e+001
168 68 49
31 29 4717 415.5000 -288.4800 31 4886 402.2800 -292.9100 28 4647 438.9301 -276.2600 30 4832 411.3101 -286.1000 25 4426 472.6899 -236.8000 26 4846 470.8400 -242.7300 27 4942 492.8300 -281.9900 32 4736 362.2900 -313.8100 21 4381 539.2800 -214.5600 23 4394 574.6400 -201.6000 24 4012 515.1400 -229.6300 34 4297 345.4000 -291.9200 19 4089 603.9000 -137.6900 20 3940 601.2400 -152.8700 35 4405 296.0500 -320.5800 36 4220 273.3800 -309.3800 18 3914 606.5400 -176.2700 37 4195 279.4200 -312.5900 15 4070 601.6200 -58.8800 16 4386 613.8800 -46.0400 13 4343 613.7300 19.2700 14 4214 619.7900 -16.3600 12 4176 560.6801 47.2800 10 3644 559.3700 58.1900 7 3458 588.8101 160.1500 5 3280 534.4100 183.6800 6 3361 554.7800 197.2400 4 3247 608.7900 290.7900 1 3662 418.6500 267.4900 3 3455 612.5900 262.3900 2 2092 492.9600 229.5500
8.6811570808e-001 -1.5122022118e+000 -9.8063241606e+000
198 187 166
31 29 4873 102.2000 -158.3100 31 5075 96.6600 -155.6800 28 4810 124.2500 -149.0300 30 5001 98.4400 -146.7200 25 4599 145.6600 -118.2400 26 5010 141.6900 -117.7800 27 5102 156.5100 -149.1800 32 4668 61.7800 -197.2300 21 4709 173.5100 -98.0400 23 4701 212.4000 -75.9300 24 4317 166.9500 -105.6600 34 4236 61.5300 -175.0300 19 4425 223.0800 -23.7700 20 4275 225.0600 -33.8900 18 4186 207.0500 -58.6200 15 4233 180.4100 40.2900 16 4715 197.2300 69.8800 17 4477 229.7400 -7.5200 13 4482 182.2300 111.8000 14 4510 195.0800 76.7900 12 4350 140.4600 121.2900 10 3818 133.7000 120.8300 8 3806 173.8800 195.0900 9 3777 186.8200 158.5700 7 3434 148.3000 203.5800 5 3474 115.9700 200.6700 6 3342 130.8600 227.0100 4 3230 172.0300 310.4800 1 3668 24.5300 250.5600 3 3438 167.7500 267.9800 2 2085 65.9700 217.3500
7.7093042207e-001 -1.7446123567e+000 -1.0026614672e+001
213 197 171
31 29 4872 90.9300 -178.4500 31 5074 83.1300 -172.4500 28 4829 113.1400 -170.3900 30 5015 86.1100 -165.6000 25 4614 138.0300 -144.4400 26 5025 132.7500 -143.1500 27 5113 146.3200 -174.1300 32 4925 47.7100 -209.4100 21 4720 169.7300 -130.2300 23 4714 206.6300 -107.6100 24 4328 159.7500 -134.9500 34 4460 46.6400 -184.3900 19 4440 222.7400 -58.8700 20 4281 222.3700 -68.4300 18 4195 208.7400 -95.7600 15 4248 187.2400 2.0100 16 4721 202.2300 31.4700 17 4483 233.3000 -46.7300 13 4492 191.5900 73.2300 14 4371 203.4400 38.7700 12 4362 151.1800 85.8100 10 3826 146.6000 85.8600 8 3820 190.8900 162.2400 9 3786 202.3200 124.4000 7 3441 166.7200 173.4800 5 3487 135.9100 176.6900 6 3343 149.8400 201.6200 4 3240 196.3200 291.1600 1 3670 46.2300 240.2300 3 3633 193.5100 250.7700 2 2086 89.7600 204.4300
4.5802151321e+000 -2.9497192841e+000 -1.2065910732e+001
218 119 62
34 29 4697 404.7400 -250.1800 31 4866 396.1200 -253.3500 28 4634 426.4800 -238.5500 30 4801 402.9100 -246.7400 25 4412 453.1801 -202.9800 26 4833 452.9000 -207.0300 27 4912 476.0200 -243.9600 32 4711 360.0400 -274.6300 21 4379 510.8400 -184.0400 23 4559 546.7200 -168.9600 24 4200 491.4399 -195.5800 34 4281 345.2900 -253.7500 19 4281 569.4399 -113.3600 20 4120 568.2500 -125.8700 35 4398 297.6900 -282.7200 36 4502 277.3300 -273.2200 18 4072 568.7100 -154.9400 37 4495 284.5000 -276.9900 15 4258 560.7100 -51.1600 16 4564 572.8900 -34.2200 17 4359 601.8101 -105.6700 13 4512 572.1899 20.2100 14 4382 578.3700 -12.5300 12 4175 521.9500 43.3300 10 3843 519.9700 49.9900 8 3834 573.7100 122.9500 9 3804 581.8000 86.4200 7 3457 549.3600 138.6400 5 3503 500.3500 159.1700 6 3360 518.9399 173.4000 4 3256 573.6700 259.1900 1 3679 395.4200 234.3000 3 3467 578.4301 228.8400 2 2105 465.4000 196.0000
4.5352197145e+000 -3.4440272170e+000 -1.1976371988e+001
230 193 113
27 29 4715 403.7200 -293.5400 31 5116 389.2500 -296.5200 25 4424 462.8700 -245.9100 26 4857 460.3600 -250.9500 27 4943 481.2700 -289.3800 32 4953 348.3400 -315.6200 21 4592 531.2700 -227.5600 23 4573 565.0699 -213.7300 24 4209 505.1000 -240.4400 34 4479 330.3100 -293.2400 19 4299 597.8300 -152.8500 20 4126 593.6200 -167.6200 35 4592 281.9300 -319.8800 36 4701 259.3300 -307.6900 18 4083 601.5100 -193.1600 37 4695 265.2300 -309.5300 15 4264 600.9000 -76.8900 16 4573 611.6600 -63.8700 13 4680 615.7000 2.5800 14 4387 620.8500 -33.9000 12 4380 563.4399 30.1900 10 3844 563.4800 41.0800 7 3609 596.7000 143.9400 5 3492 543.3000 170.0200 6 3363 563.1600 182.6500 1 3942 431.1600 259.2200 2 2094 505.6300 219.0200
1.1966116713e-001 -1.6017200933e+000 -1.0328734556e+001
184 160 132
29 29 4871 26.9300 -160.1200 31 5061 20.6200 -146.4900 28 4826 48.6000 -154.8900 30 5000 22.5000 -143.1900 25 4611 71.1600 -142.4800 26 5204 64.6000 -137.1200 27 5303 76.2300 -163.4800 21 4717 95.8500 -142.5200 23 4711 129.9400 -116.4500 24 4327 86.4700 -137.5600 19 4439 145.8700 -84.0000 20 4287 144.8700 -88.6900 18 4199 130.5900 -127.0400 15 4417 115.8900 -43.8600 16 4724 126.5500 -11.4400 17 4488 154.7500 -86.2500 13 4668 123.1900 20.6200 14 4533 134.0600 -10.7500 12 4530 89.0300 32.9300 10 4021 86.2200 28.7700 8 3995 133.5300 98.4300 9 3955 142.2600 62.0700 7 3614 113.1900 109.0200 5 3509 91.5000 114.7100 6 3369 102.4300 139.3500 4 3435 153.2700 225.8300 1 3958 13.0900 183.4300 3 3652 154.0200 182.9000 2 2113 53.9000 141.8800
3.9245077068e+000 -3.8349676809e+000 -1.3006649157e+001
134 74 46
30 29 4712 326.9200 -304.0600 31 4882 311.5100 -292.6300 28 4663 349.6900 -297.3000 30 4828 321.0800 -294.4300 25 4461 388.2300 -283.8600 26 4874 382.3400 -283.4400 27 4955 398.9800 -316.0300 32 4720 274.0100 -297.7800 21 4419 456.8000 -291.2500 23 4413 483.7200 -272.6300 24 4035 424.8199 -288.1800 34 4278 259.9000 -269.5700 19 4127 528.5800 -237.0500 20 4145 518.2500 -244.7000 35 4393 214.7900 -289.9400 36 4500 195.4100 -271.6200 18 4103 537.4301 -288.9100 37 4492 201.3900 -267.7400 15 4302 562.1899 -193.4900 16 4599 561.2200 -176.8600 17 4394 581.6600 -248.0600 13 4551 590.4301 -124.1300 14 4422 589.4200 -155.8600 12 4228 549.5000 -92.4600 10 3878 559.0699 -85.5100 7 3495 621.3199 16.9800 5 3538 581.5601 55.2600 6 3398 595.1500 64.4100 1 3967 493.9000 174.1800 2 2125 573.5000 120.5700
3.9758164678e+000 -3.4066096123e+000 -1.2972678440e+001
118 68 37
27 29 4907 331.4900 -270.4000 31 5106 319.9100 -260.4400 28 4871 353.1700 -262.9800 30 5042 327.5800 -260.9400 25 4797 385.3900 -247.9900 26 5230 381.8200 -247.2200 27 5327 399.7400 -278.7700 21 4744 446.7900 -252.1900 23 4735 475.7500 -232.9100 24 4356 420.5500 -249.7600 19 4561 512.2200 -198.2100 20 4310 504.9900 -205.1300 18 4324 517.6200 -249.2400 15 4544 532.5900 -160.8100 16 4877 534.7000 -141.2800 17 4624 557.3000 -209.5200 13 4793 555.6801 -96.3300 14 4671 556.6400 -125.9300 12 4657 514.5601 -69.4500 10 4153 521.7400 -64.8900 8 4121 594.6801 7.0100 9 4088 593.8900 -31.3100 7 3745 578.7300 25.9000 5 3686 540.5000 58.2900 6 3558 554.0400 69.1900 1 3981 458.3300 166.5900 2 2124 532.7000 114.2100
4.9688810852e+000 -2.1714526408e+000 -1.1606940987e+001
187 76 55
32 29 5061 452.4600 -190.2200 31 5253 452.2100 -201.8100 28 5001 472.5300 -176.0100 30 5193 455.5200 -189.9500 25 4774 485.5800 -128.8500 26 5208 490.8800 -134.1300 27 5308 519.1000 -171.7600 32 5085 418.3101 -233.0800 21 4712 530.6500 -95.7600 23 4710 573.7300 -81.0100 24 4324 522.8400 -113.8000 34 4608 405.1400 -218.6000 19 4431 576.6801 -19.9000 20 4279 582.5400 -33.0800 35 4720 356.3700 -254.6500 36 4829 336.2300 -251.4500 15 4399 537.6400 40.0700 16 4855 558.4301 60.7400 17 4598 591.8400 -7.3400 13 4763 538.3500 106.3500 14 4638 549.3199 75.8800 12 4511 484.3500 120.3300 10 4002 475.7900 123.5400 8 4092 517.6801 188.7700 9 4058 529.7100 157.3900 7 3722 489.7900 197.5600 5 3644 437.9000 203.4300 6 3515 458.4500 222.6200 4 3544 498.8700 292.4800 1 4101 330.0900 248.0500 3 3753 498.5900 258.0100 2 2290 392.7100 216.3800
4.3926894242e+000 -2.9400167686e+000 -1.2382293539e+001
189 85 55
30 29 4416 379.5100 -243.8000 31 4553 371.2000 -241.9700 28 4369 400.8900 -233.6800 30 4515 377.7600 -238.2000 25 4160 427.2200 -205.2800 26 4600 426.6000 -207.6300 27 4695 448.2600 -242.0500 32 4402 335.9100 -258.3700 21 4378 483.8500 -193.8200 23 4381 517.9100 -177.0000 24 3781 463.6700 -200.5100 34 3977 323.0000 -236.2200 19 4087 542.2900 -129.4100 20 3933 540.1700 -139.5400 18 3913 542.6300 -174.3000 15 4069 540.1801 -78.2800 16 4396 549.4500 -59.4000 17 4191 576.4700 -128.8800 13 4353 554.0699 -10.7200 14 4223 559.0400 -41.6600 12 4185 506.9800 11.9500 10 3656 506.8500 16.9100 8 3656 565.6500 87.6700 9 3621 571.0000 51.5600 7 3275 543.6000 102.6100 5 3310 498.8101 124.1100 6 3155 515.5601 138.3700 4 3059 575.5300 222.0800 3 3260 583.1700 191.4600 2 1895 472.2300 161.1900
4.3926894242e+000 -2.9400167686e+000 -1.2382293539e+001
189 85 55
