# Bundle file v0.3
46 7678
0 0 0
0 0 0
0 0 0
0 0 0
0 0 0
1.1264552674e+003 2.2909255045e-002 1.1129465507e-001
8.8505390448e-001 -4.0129032713e-001 -2.3589332233e-001
3.5666976641e-001 2.5899193131e-001 8.9761342305e-001
-2.9910911704e-001 -8.7857228096e-001 3.7234994727e-001
-1.7035602555e+000 5.9721964660e+000 -4.1199730915e+000
1.1272246648e+003 6.4990965101e-002 -3.9752518938e-002
8.9341346597e-001 -3.9420721542e-001 -2.1543688200e-001
3.4833330482e-001 3.0505386120e-001 8.8634420544e-001
-2.8368342843e-001 -8.6691568972e-001 4.0985472958e-001
-1.4286337891e+000 5.7587833888e+000 -3.4603193486e+000
1.1295880411e+003 6.1543683642e-002 -2.7728885408e-002
9.0326955678e-001 -3.8152341969e-001 -1.9632622854e-001
3.4267228531e-001 3.6607001611e-001 8.6519850219e-001
-2.5822434562e-001 -8.4878302500e-001 4.6139740333e-001
-1.3311910276e+000 5.6989618513e+000 -3.2742973239e+000
1.1219542457e+003 4.0639342993e-002 4.9766114407e-002
9.1752801705e-001 -3.6077239493e-001 -1.6728902231e-001
3.3253475756e-001 4.6534845391e-001 8.2028742003e-001
-2.1808936916e-001 -8.0826610439e-001 5.4693960504e-001
-1.0991139484e+000 5.4176890842e+000 -2.9397325409e+000
1.1268350366e+003 6.6067893789e-002 -6.8093201279e-003
9.2484835784e-001 -3.5116563787e-001 -1.4607604107e-001
3.1851004258e-001 5.0520257871e-001 8.0207338021e-001
-2.0786261755e-001 -7.8832293462e-001 5.7908555757e-001
-9.8662876407e-001 5.1686798916e+000 -2.7441727374e+000
1.1314062309e+003 7.9100296494e-002 -4.9936392437e-002
9.3174942595e-001 -3.3907982902e-001 -1.2987639045e-001
3.0886287670e-001 5.5207030158e-001 7.7448183033e-001
-1.9091026857e-001 -7.6173699639e-001 6.1912035800e-001
-8.4908230495e-001 5.0472277494e+000 -2.4993768251e+000
1.1304040787e+003 7.0296894750e-002 -3.9107886949e-002
9.3997473215e-001 -3.2373863884e-001 -1.0789252357e-001
2.9807024060e-001 6.2499941730e-001 7.2147755338e-001
-1.6613739672e-001 -7.1033022045e-001 6.8398051385e-001
-6.2692682238e-001 4.7166769476e+000 -1.9946374208e+000
1.1120791937e+003 7.6102256842e-002 -1.3980952807e-001
9.5425433675e-001 -2.8487892865e-001 -9.0789078647e-002
2.7603656657e-001 7.2269372123e-001 6.3365416372e-001
-1.1490202220e-001 -6.2972833929e-001 7.6827061898e-001
-1.8717492019e-001 3.9744731455e+000 -1.6003892031e+000
1.1232171175e+003 7.5012015379e-002 -1.3342180419e-001
9.5829846756e-001 -2.7654166447e-001 -7.2033012431e-002
2.6240868476e-001 7.5173048088e-001 6.0501484798e-001
-1.1316240201e-001 -5.9868688973e-001 7.9294910230e-001
-2.5246377653e-001 3.7749959271e+000 -1.4243686664e+000
1.1178535550e+003 8.4775553016e-002 -1.4603167492e-001
9.6440772914e-001 -2.5976123874e-001 -4.9414884593e-002
2.4178299896e-001 7.9065512832e-001 5.6249928842e-001
-1.0704538003e-001 -5.5442634038e-001 8.2531976816e-001
-2.2882655684e-001 3.5772807091e+000 -1.1654712463e+000
0 0 0
0 0 0
0 0 0
0 0 0
0 0 0
1.1213875930e+003 9.5004004749e-002 -1.7174956962e-001
9.7133031012e-001 -2.3520190874e-001 -3.4604779552e-002
2.1859911277e-001 8.2642216136e-001 5.1888422516e-001
-9.3444403463e-002 -5.1157254944e-001 8.5414382285e-001
-1.7234355018e-001 3.4011519637e+000 -9.7145279202e-001
1.1193605849e+003 7.5166627299e-002 -1.2909977936e-001
9.7710542127e-001 -2.1111580738e-001 -2.6364969063e-002
1.9864464631e-001 8.6088776321e-001 4.6841494815e-001
-7.6192520726e-002 -4.6292804520e-001 8.8311512542e-001
-7.7011865550e-002 3.0899249521e+000 -7.3658015167e-001
1.1142543310e+003 4.1708999151e-002 -4.2126383075e-002
9.8280140509e-001 -1.8392335691e-001 -1.6540765674e-002
1.7299616048e-001 8.8565879183e-001 4.3090698871e-001
-6.4604385337e-002 -4.2635748292e-001 9.0224473961e-001
-3.2076285002e-003 2.7219926373e+000 -7.9141075194e-001
1.1197931338e+003 7.2303420324e-002 -1.2429380491e-001
9.8893989257e-001 -1.4814974763e-001 -7.0385479980e-003
1.4077965635e-001 9.2269034764e-001 3.5892006177e-001
-4.6679516270e-002 -3.5594125169e-001 9.3334176383e-001
-2.3159756511e-003 2.2403351813e+000 -5.9446082064e-001
1.1170743048e+003 5.4171834871e-002 -7.7931322252e-002
9.9171695738e-001 -1.2842609780e-001 -2.0527660659e-003
1.2241135294e-001 9.4018929969e-001 3.1789863388e-001
-3.8896492356e-002 -3.1551674782e-001 9.4812248403e-001
2.3491086193e-002 1.9721891548e+000 -3.8739059747e-001
1.1195833092e+003 6.3286063248e-002 -1.1068424492e-001
9.9508788366e-001 -9.8865904631e-002 5.0632684041e-003
9.4385527098e-002 9.6293368786e-001 2.5268574366e-001
-2.9857596352e-002 -2.5096662263e-001 9.6753515609e-001
5.1050841142e-002 1.5313579783e+000 -1.6114354078e-001
1.1274273995e+003 4.7417138084e-002 -8.0569103832e-002
9.9715431130e-001 -7.1870234674e-002 2.2758489185e-002
6.6392465601e-002 9.8020976874e-001 1.8649624600e-001
-3.5711622387e-002 -1.8445454352e-001 9.8219203896e-001
7.7085577282e-002 1.1578101344e+000 1.7227943932e-001
1.1161524885e+003 4.0859452440e-002 -6.1561551961e-002
9.9912099461e-001 -3.5947065130e-002 2.1564939961e-002
3.3597798799e-002 9.9433295385e-001 1.0086210784e-001
-2.5068427211e-002 -1.0004891499e-001 9.9466667209e-001
1.4907866170e-001 5.5383030411e-001 6.0810898230e-002
1.1147435525e+003 6.4470411166e-003 3.8831545549e-002
9.9966863685e-001 2.7520260930e-003 2.5593804990e-002
-3.5292345046e-003 9.9953244487e-001 3.0371633976e-002
-2.5498254946e-002 -3.0451896475e-002 9.9921094920e-001
1.2697352784e-001 1.8484816641e-001 -6.0878067956e-002
1.1210475552e+003 1.8047865021e-002 1.3879731162e-003
9.9892441251e-001 2.6365654405e-002 3.8142762901e-002
-2.5876485749e-002 9.9957717276e-001 -1.3262095483e-002
-3.8476298928e-002 1.2260830278e-002 9.9918429054e-001
1.3322731838e-001 -4.1569081718e-001 1.8612320348e-003
0 0 0
0 0 0
0 0 0
0 0 0
0 0 0
1.1268448987e+003 1.3828395453e-002 1.4220942283e-002
9.9813878478e-001 5.4094435648e-002 2.8155964816e-002
-5.1676523488e-002 9.9541545082e-001 -8.0483645518e-002
-3.2380599794e-002 7.8878845754e-002 9.9635818080e-001
1.3799758190e-002 -8.6614594318e-001 -9.5764892303e-002
1.1293058896e+003 1.6000877479e-002 -1.0196078138e-002
9.9567084395e-001 8.9188446944e-002 2.6172341244e-002
-8.2772306727e-002 9.7888694747e-001 -1.8689325646e-001
-4.2288482517e-002 1.8391782133e-001 9.8203152660e-001
3.9117055163e-002 -1.5438563633e+000 3.1954876928e-002
1.1314811580e+003 3.5902932816e-003 1.9364260627e-002
9.9256583098e-001 1.1980640037e-001 2.1435895157e-002
-1.1127410908e-001 9.6463282660e-001 -2.3895937414e-001
-4.9306630585e-002 2.3479764962e-001 9.7079293359e-001
-4.3692502503e-002 -1.8707580883e+000 2.3792556103e-003
1.1290551980e+003 1.3541985089e-002 -1.4763332649e-002
9.8711818612e-001 1.5819479963e-001 2.3918444777e-002
-1.4398343562e-001 9.4354490154e-001 -2.9831491588e-001
-6.9759994968e-002 2.9102821881e-001 9.5416776248e-001
-5.1157869564e-003 -2.2725910234e+000 5.3308952587e-002
1.1335983016e+003 2.0617577119e-002 -2.2678892824e-002
9.7989019116e-001 1.9434467613e-001 4.5225657838e-002
-1.6635292537e-001 9.2083121320e-001 -3.5269899492e-001
-1.1019036932e-001 3.3808286507e-001 9.3464327893e-001
-5.3860233220e-002 -2.7108463122e+000 -2.4535314181e-001
1.1394854728e+003 3.9342774804e-002 -9.1451175046e-002
9.6915838710e-001 2.4008290893e-001 5.5607711352e-002
-1.8861408009e-001 8.6785005893e-001 -4.5963137840e-001
-1.5860879393e-001 4.3496720802e-001 8.8636718037e-001
-1.2909333865e-001 -3.4930911579e+000 -4.0665966992e-001
1.1423208364e+003 3.8722819790e-002 -9.0844089233e-002
9.5584653655e-001 2.8722941452e-001 6.2102028889e-002
-2.1061662680e-001 8.1696584105e-001 -5.3684956093e-001
-2.0493422133e-001 5.0006607362e-001 8.4138926006e-001
-1.4240327938e-001 -4.0519491109e+000 -7.1520965042e-001
1.1435376099e+003 4.3549533411e-002 -1.0534965252e-001
9.4806193653e-001 3.1527359976e-001 4.2203338586e-002
-2.2985477319e-001 7.7074457511e-001 -5.9423865844e-001
-2.1987575523e-001 5.5367441447e-001 8.0318073621e-001
-4.0021093869e-001 -4.4057461920e+000 -1.2353719673e+000
1.1454946519e+003 3.2325311532e-002 -9.1296813040e-002
9.4247130325e-001 3.3375672329e-001 1.8822651704e-002
-2.4647643738e-001 7.3183795125e-001 -6.3534445691e-001
-2.2582561495e-001 5.9415457818e-001 7.7199943579e-001
-5.0018897288e-001 -4.6874549476e+000 -1.4616358370e+000
1.1442568073e+003 3.7498021067e-002 -9.1441375994e-002
9.2901016446e-001 3.7003651446e-001 3.6183274813e-003
-2.6504006287e-001 6.7216715571e-001 -6.9133572153e-001
-2.5825158161e-001 6.4129891061e-001 7.2252462093e-001
-6.2943379864e-001 -5.0244024939e+000 -1.7450939038e+000
0 0 0
0 0 0
0 0 0
0 0 0
0 0 0
0 0 0
0 0 0
0 0 0
0 0 0
0 0 0
0 0 0
0 0 0
0 0 0
0 0 0
0 0 0
0 0 0
0 0 0
0 0 0
0 0 0
0 0 0
0 0 0
0 0 0
0 0 0
0 0 0
0 0 0
0 0 0
0 0 0
0 0 0
0 0 0
0 0 0
0 0 0
0 0 0
0 0 0
0 0 0
0 0 0
0 0 0
0 0 0
0 0 0
0 0 0
0 0 0
0 0 0
0 0 0
0 0 0
0 0 0
0 0 0
0 0 0
0 0 0
0 0 0
0 0 0
0 0 0
0 0 0
0 0 0
0 0 0
0 0 0
0 0 0
0 0 0
0 0 0
0 0 0
0 0 0
0 0 0
0 0 0
0 0 0
0 0 0
0 0 0
0 0 0
1.8123351439e+000 -9.8047158568e-001 -5.6461400577e+000
74 85 57
20 20 1964 350.6600 -191.1100 23 1892 311.0400 -286.8600 19 1824 383.0100 -190.6900 21 1898 335.2100 -270.0200 16 1904 400.9000 -106.7400 17 1958 400.0400 -139.0200 18 1480 394.4100 -159.3400 15 1910 398.8800 -87.6900 12 2027 418.0500 12.7900 13 2121 428.5300 -7.3000 10 2034 423.0000 14.0400 8 1748 473.5300 38.6800 9 1753 443.6600 21.0600 7 1824 417.2400 118.9700 5 1776 374.4200 145.2700 6 1622 387.7500 141.2000 4 1801 372.2100 185.6800 2 1675 374.1400 226.1700 3 1758 368.2300 220.8500 1 846 310.1600 247.1700
1.7547198341e+000 -9.7326041297e-001 -5.7283338194e+000
77 49 46
20 20 2489 332.0500 -185.0700 23 2319 296.8500 -276.4200 19 2323 363.0100 -185.9200 21 2354 317.4400 -261.9400 16 2285 381.1200 -111.8300 17 2324 379.5900 -140.8000 18 1846 373.2600 -158.0900 15 2287 379.5000 -93.4000 13 2486 409.6700 -17.0300 14 2173 393.7300 -60.7800 10 2426 406.2000 1.6200 8 2118 458.7200 24.8100 9 2160 427.6200 7.9700 7 2368 404.9301 102.7400 5 2254 365.0200 128.4000 6 2147 377.1200 124.7800 4 2262 363.4700 169.6000 2 2050 368.1500 209.5600 3 2179 361.5200 204.1500 1 1379 305.9800 232.2000
1.3301859569e+000 -1.3406083841e+000 -6.0318154646e+000
236 183 142
24 20 2283 239.7100 -247.5500 23 2063 200.2100 -323.5000 19 2131 269.3800 -258.5700 21 2065 222.4000 -316.8800 16 2134 300.4600 -204.7300 17 2188 292.9800 -229.3400 18 1692 278.8700 -244.5400 15 2138 302.8800 -189.3400 12 2355 334.4900 -110.8100 13 2452 339.1400 -127.2000 14 2081 322.4200 -162.4700 10 2381 345.9700 -112.5100 8 2080 406.3600 -90.5800 9 2118 371.9000 -108.3300 7 2373 359.1600 -16.1700 5 2316 328.7200 15.4700 6 2213 336.7800 9.6500 24 1611 200.5600 -337.0300 4 2323 331.4400 58.6100 2 2185 346.9200 100.9000 3 2315 335.1300 94.5700 25 1653 181.2900 -340.7600 26 1463 175.5600 -352.3700 1 1618 286.3600 136.3200
3.5253070001e-001 -3.9451021179e-001 -5.8312864320e+000
191 186 179
25 20 2531 65.5200 -74.3400 23 2355 38.2600 -155.2800 19 2392 78.6600 -81.0500 21 2336 52.1100 -143.6200 16 2307 84.4000 -40.0200 17 2352 81.7400 -55.8700 18 1873 68.3000 -59.5400 15 2308 84.9500 -31.6400 12 2472 89.3000 24.7500 13 2566 98.1400 17.1400 14 2238 96.1200 -15.4500 10 2499 95.2900 13.2200 8 2192 148.4500 16.4000 9 2232 116.5700 7.7300 7 2449 88.3000 71.8000 5 2389 60.8100 77.0700 6 2276 69.3600 80.9700 4 2390 62.8000 106.8500 2 2266 57.9600 118.0700 3 2388 53.4800 122.8100 25 2059 29.1500 -176.6600 26 1799 29.8400 -192.1600 27 2036 -8.3100 -208.6600 1 1682 24.1500 142.1400 28 1855 -41.4700 -240.9000
1.0214799109e+000 -6.1111003660e-001 -5.9559380712e+000
221 178 132
21 20 2533 185.7700 -112.9000 23 2402 157.3300 -193.1700 19 2398 205.9600 -118.8700 21 2387 173.0600 -182.0700 16 2312 215.6200 -70.8100 17 2355 213.8700 -90.0000 18 1877 204.0700 -97.4800 15 2313 215.0700 -60.2100 12 2476 225.7000 4.2800 13 2571 234.4300 -5.9800 14 2246 226.9000 -40.5600 10 2503 232.0600 -3.3000 8 2198 283.9300 6.3300 9 2235 253.2900 -5.1200 7 2451 228.4600 66.3600 5 2354 196.9100 77.4400 6 2277 206.5000 78.7300 4 2359 197.4800 110.8400 2 2236 197.9200 130.2000 3 2363 191.8200 131.8600 1 1685 153.9200 154.9900
1.8127768601e+000 -1.0537528815e+000 -5.6190177749e+000
180 187 169
20 20 1179 350.9200 -204.8400 23 671 310.3800 -300.7200 19 1049 384.4300 -204.9300 21 1125 335.0700 -283.9700 16 980 405.2900 -120.2600 17 1055 403.5601 -153.2600 15 994 403.5900 -100.6000 12 980 426.1400 2.1200 13 1033 435.7900 -18.8000 14 844 418.6801 -64.9500 10 970 431.9500 4.3800 8 767 484.0400 31.2500 9 748 453.4200 12.3900 7 879 429.3300 115.6300 5 855 386.3500 145.5900 6 760 399.1300 139.9400 24 575 314.4900 -328.1400 4 124 383.5400 187.4700 2 149 385.2200 230.9400 3 165 379.6700 225.0800
1.8064098703e+000 -1.0188717712e+000 -5.6480459323e+000
177 176 166
21 20 1507 348.6800 -197.9200 23 1464 308.2700 -292.8200 19 1636 381.3400 -197.8200 21 1707 332.6900 -276.4200 16 976 400.4500 -114.4600 17 1373 399.3101 -146.8800 18 1141 393.2200 -167.3500 15 1307 398.9900 -95.5200 12 1365 419.9600 5.2200 13 1475 429.9800 -15.1800 14 1204 413.2300 -60.4600 10 1406 425.7200 6.7400 8 1117 477.1300 32.3200 9 744 447.1300 14.2800 7 878 421.9600 114.4300 5 853 379.0900 141.8700 6 759 392.4700 137.5300 24 1238 312.5000 -319.8300 4 851 377.0100 183.1600 2 730 379.2300 224.3300 3 759 373.4700 219.7400
1.8039331136e+000 -1.0419661937e+000 -5.6422044810e+000
84 93 73
21 20 1177 348.2800 -202.1900 23 1130 307.4300 -297.5700 19 1047 381.2200 -202.5300 21 1463 331.8500 -281.2000 16 978 401.9399 -118.9100 17 1022 400.1600 -151.4000 18 633 393.3400 -172.6100 15 992 400.2500 -99.4100 12 978 421.7200 1.7300 13 1028 431.7600 -18.9100 14 313 414.6000 -64.1900 10 968 427.7100 3.5800 8 763 479.5900 29.3800 9 218 449.3199 11.7300 7 167 424.8600 112.4300 5 152 382.0300 140.6600 6 169 395.4399 136.6500 24 975 311.7500 -324.5000 4 125 379.9900 182.8800 2 731 382.4900 224.8400 3 166 376.5000 219.8300
1.7989784736e+000 -1.1862692505e+000 -5.6076039958e+000
173 185 170
19 20 1201 349.7600 -231.5000 23 698 307.1400 -326.9100 19 1095 384.8600 -233.0700 21 1133 333.1400 -311.0300 16 1015 410.1700 -146.9700 17 1067 407.0800 -181.0800 15 1028 409.2400 -126.1800 12 988 435.8000 -20.3900 13 1082 444.6000 -42.8400 14 883 425.6600 -89.1200 10 982 442.9200 -17.0300 8 779 497.1801 12.5300 7 906 443.5601 100.7300 5 878 400.6300 135.0300 6 775 413.6899 128.1300 24 995 309.6300 -353.8600 4 857 398.6700 179.4400 2 737 403.2600 229.0100 3 1226 396.4900 221.1200
1.7681285499e+000 -1.2581234298e+000 -5.6576502583e+000
198 202 195
20 20 1522 341.1500 -244.1200 23 1476 297.8600 -336.9500 19 1411 376.3200 -247.4600 21 1478 323.9700 -322.6500 16 1345 404.3900 -164.3400 17 1094 400.2100 -198.0100 18 940 391.6700 -220.3600 15 1336 404.1000 -143.8800 12 1399 433.0800 -39.9000 13 1520 441.2300 -62.1900 14 1219 421.4800 -107.0800 10 1435 441.2100 -36.6300 8 788 496.9900 -6.7500 9 1179 464.7100 -26.9000 7 1342 444.9700 81.4200 5 883 403.4900 117.4700 6 784 415.9399 109.9500 4 880 402.0699 162.5400 2 741 409.1300 213.6400 3 772 401.2900 205.1400
1.7095795371e+000 -1.2385415040e+000 -5.8251069114e+000
105 94 78
16 20 615 319.1900 -234.4800 23 1148 278.2200 -319.7500 18 648 365.9000 -216.1400 15 494 380.6200 -150.4200 12 439 409.7800 -56.4600 13 1113 416.5900 -75.9200 14 365 398.0400 -117.3900 10 1023 418.4900 -55.0500 8 809 475.3300 -28.5800 9 312 442.3800 -47.8700 7 929 425.8800 52.8100 5 901 388.4500 86.1000 6 795 399.4500 79.1700 4 902 388.4500 129.5900 2 763 398.3101 176.4000 3 797 389.2900 168.7400
1.9064637763e+000 -6.5294695284e-001 -5.4418516147e+000
130 100 95
16 20 1480 380.7100 -128.8100 23 1427 345.7900 -235.4100 21 1408 368.5500 -212.3500 16 1238 416.7600 -28.7900 17 1321 420.3400 -61.7800 15 1241 411.3800 -9.8500 12 1313 419.2200 94.7000 13 1422 433.4900 74.9500 14 1152 420.4900 25.5500 10 1351 420.7200 94.5300 8 1079 464.7100 116.4200 9 1091 437.8600 100.3600 7 1300 402.7900 195.1300 6 1123 370.1500 211.8900 2 1120 342.3900 281.3900 3 1188 340.5000 279.7400
1.7437734800e+000 -1.1975549008e+000 -5.7599921353e+000
73 89 60
19 20 1768 330.4900 -229.6700 23 1715 288.1600 -318.7200 19 1844 363.9300 -233.2800 21 1715 313.0800 -305.5400 16 1757 390.1899 -156.4500 17 1825 386.3500 -187.6400 18 1340 377.5400 -208.2500 15 1762 390.3500 -137.4400 12 1683 416.5200 -40.4800 13 1974 425.0500 -60.5200 14 1673 407.2700 -103.2300 10 1690 424.0699 -38.4500 8 1394 479.6000 -12.1700 7 1618 427.9800 70.2800 5 1326 389.0100 102.5300 6 1422 400.6200 96.4500 4 1318 388.2200 145.7000 2 1166 396.0000 191.9800 3 1240 387.6300 184.6600
2.9929402886e-001 -1.4825680541e-001 -5.6934087492e+000
158 145 131
28 20 1909 53.8300 -26.7400 23 1806 27.9000 -111.1400 19 1762 65.7600 -31.3800 21 1824 41.2800 -97.5300 16 1681 67.9100 11.7900 17 1747 66.4300 -3.8800 18 1261 53.7500 -5.7400 15 1701 67.8500 19.7800 12 1616 67.5400 76.7600 13 1924 77.6000 70.3000 14 1606 77.8700 35.6600 10 1646 72.5800 64.1200 8 1354 123.4100 64.2500 9 1386 92.7900 57.2300 7 1322 61.0800 118.3900 5 872 32.4600 117.9300 6 1159 42.1100 123.6300 24 1519 34.9900 -131.2400 4 873 33.8600 145.6000 2 1492 26.0600 144.7100 3 269 22.6600 158.9300 25 1562 22.7700 -139.4100 26 1382 26.7900 -157.1500 27 1591 -9.5500 -178.6500 28 1553 -39.1300 -218.1100 29 1320 -50.6800 -240.4700 30 1533 -77.1700 -232.9100 31 1435 -70.8200 -240.1300
2.0401935248e+000 -8.6486836244e-002 -5.1481779037e+000
227 217 219
21 20 1657 432.1400 -13.7200 23 1623 405.2200 -137.4900 19 1536 456.9200 3.7500 16 1173 437.0800 106.3300 17 1511 448.8900 74.1100 15 1185 426.3101 123.5200 12 1260 412.7200 227.3500 13 1372 433.3700 211.7600 14 1095 426.4000 157.1800 10 1295 407.3500 223.6200 8 1027 440.8800 237.0300 9 1035 418.6300 225.6500 7 760 369.2300 306.8500 5 776 314.1800 308.4100 6 675 332.8500 312.4200 24 1377 426.1500 -184.7300 4 773 306.9900 337.8900 25 1393 412.4301 -211.4200 26 1423 421.8700 -249.9900 27 1479 363.1800 -280.6500 28 1433 331.2100 -340.7000
1.9973867774e+000 -4.7211618429e-002 -5.2838244867e+000
212 187 180
21 20 1655 412.2900 -6.0300 23 1620 386.2600 -123.4700 19 1518 435.2800 8.8800 21 1604 404.5300 -93.3600 16 1182 416.1899 101.6700 17 1510 427.3500 72.3300 18 1019 435.6500 58.8100 15 1182 406.2400 117.4000 12 1261 393.3500 212.5400 13 1384 413.0601 198.9400 14 1093 406.6100 147.6600 10 1296 388.8700 207.4800 8 1039 423.5699 218.3200 9 1034 400.8400 208.1600 7 1257 354.3100 283.6700 5 784 302.6800 283.2100 6 697 319.9700 288.0300 24 1357 406.6700 -166.4500 4 783 296.3800 312.2100 25 1389 393.8900 -190.5300 27 1451 346.7000 -256.6000
1.9140039131e+000 -6.4726918034e-001 -5.4199963932e+000
115 54 53
17 20 481 385.0900 -128.4600 23 595 349.6100 -236.3600 19 419 415.3700 -120.8900 21 513 372.5600 -212.9500 16 320 419.9500 -26.2800 17 327 423.7400 -59.8600 18 580 423.9301 -79.3800 12 202 421.3199 98.2300 13 200 436.0000 78.6100 14 209 422.9000 28.9800 10 214 422.4200 98.1800 8 154 466.3500 120.3000 7 826 403.6300 199.7300 5 821 354.4900 218.2600 24 936 359.9000 -272.2500 4 805 350.1200 254.7400 25 534 342.1200 -290.6000
1.8036517241e+000 -1.1587976486e+000 -5.5991586018e+000
176 183 169
19 20 1198 351.2000 -226.1500 23 697 308.9800 -322.3000 19 1093 386.0601 -227.5600 21 659 334.7400 -306.3200 16 1013 410.4301 -141.0500 17 1064 407.6000 -175.0600 18 652 400.6700 -197.5500 15 1000 409.2800 -120.4500 12 987 434.8700 -14.5100 13 1075 444.0699 -36.6400 14 850 425.3600 -82.9800 10 979 441.7300 -11.3300 8 776 495.3500 18.2200 9 1148 463.9000 -1.9800 7 883 441.3500 105.6400 5 858 397.8000 139.6100 6 1165 411.1600 132.6600 24 611 311.7600 -349.7300 4 856 395.9399 183.2600
1.8133677014e+000 -9.2103258697e-001 -5.6637661401e+000
172 155 156
17 20 2135 348.7200 -178.1200 23 1882 309.8900 -272.9200 19 1996 379.9300 -177.4000 21 2061 333.3700 -256.0800 16 1903 396.3600 -96.0900 17 1957 395.7800 -127.1400 18 1584 390.5100 -146.0500 15 1909 393.8900 -77.5900 12 2025 411.6300 20.4000 13 2120 422.4500 1.1500 14 1811 406.9700 -43.8300 10 2031 416.5601 20.8900 8 1737 466.6899 44.4500 9 1751 437.0601 27.3600 7 2018 410.5601 123.2400 6 1818 381.0800 144.1300 4 1799 365.2300 186.4100
2.0490658049e-001 -2.9910531167e-001 -5.7406373588e+000
145 132 123
24 20 2090 34.8800 -56.3900 23 1814 7.7100 -137.6800 19 1959 47.3300 -63.3000 21 1839 21.7600 -126.7300 16 1856 53.2300 -21.7100 17 1923 50.1500 -37.2600 18 1443 35.3900 -40.3600 15 1881 53.9600 -13.2700 12 2017 57.3900 43.2600 13 2103 66.0700 36.1400 14 1792 65.6500 2.5500 10 2028 63.6000 31.0700 8 1745 116.6700 33.0500 9 1749 84.8000 24.6300 7 2021 54.9700 89.2300 5 1944 27.3900 92.7400 6 1822 36.1400 97.3100 24 1531 13.4000 -156.0400 4 1972 29.2200 121.8900 25 1567 0.7600 -162.3900 26 1383 3.0300 -177.7400 27 1396 -32.9000 -196.5100 28 1129 -62.3300 -232.3100 29 687 -74.5100 -250.0400
1.9592835042e+000 -9.4842239512e-002 -5.3787728978e+000
168 135 130
11 20 198 396.3900 -15.9200 23 383 369.9300 -128.9000 21 290 387.9900 -100.9300 17 838 413.6000 55.5900 12 109 385.3000 191.4000 13 130 403.7500 177.9600 14 132 396.8101 128.4400 10 123 381.8900 186.3600 8 677 418.4100 196.5300 7 63 351.3900 261.9100 5 57 302.0700 262.3400
1.9257044872e+000 -6.2237946459e-001 -5.3940833611e+000
131 84 76
18 20 478 389.4600 -123.5600 23 1088 353.9200 -233.2800 19 944 419.5400 -115.3100 21 1052 376.7900 -208.9000 16 242 423.0500 -18.6600 17 263 427.1801 -52.7000 18 581 427.8000 -73.9200 15 280 417.0200 0.2800 13 188 438.0500 87.4400 14 754 425.1899 36.1400 10 173 423.6899 106.8500 8 702 466.9600 127.9400 9 676 440.2000 112.5300 7 824 403.7500 206.9500 5 820 354.6400 223.8800 6 730 370.2800 223.4600 24 938 364.4800 -270.4800 25 934 346.7000 -289.1500
1.9727275218e+000 -5.8961975995e-002 -5.3532849000e+000
206 183 179
20 20 1898 400.8900 -9.0300 23 1817 375.0200 -122.2400 19 1750 423.6600 4.3400 21 1828 392.8101 -94.1400 16 1656 406.7900 92.3500 17 1714 416.9301 64.2400 18 1238 423.9500 51.7500 15 1665 397.3800 107.5300 12 1796 386.4600 200.3700 13 1884 405.3101 187.0800 14 1570 398.7400 136.9900 10 1823 382.6600 195.1500 8 1546 418.3500 205.9600 9 1548 395.2700 195.5000 7 1783 350.6100 270.4700 5 1746 300.3700 270.4900 6 1592 317.2800 275.2500 24 1537 394.8900 -162.2300 25 1583 382.4100 -184.9200 26 1406 391.5500 -219.4500
1.8026311212e+000 -1.2788811059e+000 -5.5582241062e+000
205 204 201
16 20 2154 354.2800 -252.0100 23 2074 309.8800 -347.9700 19 2015 391.0300 -254.0000 21 2069 337.1300 -332.1900 16 1920 420.0000 -163.9200 17 1978 416.0100 -200.0200 18 1489 407.5900 -224.7500 15 1929 419.3300 -142.5500 12 1881 448.4600 -32.1600 13 2135 457.4900 -55.3300 14 1835 437.1700 -102.4100 10 1882 456.2400 -27.3800 8 1594 511.4500 4.9700 7 1838 457.9399 97.4600 5 1777 413.7900 136.8500 6 1633 427.2900 128.1600
1.9338273463e+000 -5.9537652472e-001 -5.3666357238e+000
120 103 88
15 20 1451 393.9301 -118.8700 23 1430 358.8700 -229.7700 21 1410 381.5100 -204.8200 16 1220 425.1700 -12.0900 17 1296 430.4500 -45.8900 18 864 431.5400 -66.4000 15 1223 419.1100 7.5300 12 1290 423.3600 114.2300 13 1417 438.8400 94.9500 14 1366 425.5400 43.8800 10 1328 423.6500 114.2900 9 1065 439.7100 120.2800 7 823 402.3600 214.6700 6 726 368.6400 230.6400 24 1204 369.8200 -268.1100
1.9513032569e+000 -6.6234578637e-001 -5.3264562581e+000
133 104 96
13 20 1102 399.7400 -132.8100 23 1093 363.5500 -245.1200 19 972 431.2000 -123.9300 21 1093 387.3900 -219.8300 16 883 435.3900 -22.2600 17 968 439.4600 -58.1000 12 869 435.7500 109.1300 14 757 437.6400 35.6400 10 867 436.1801 110.5300 8 704 479.3101 134.7000 9 682 452.8500 117.8300 7 820 415.3400 216.8700 25 940 355.5800 -304.0100
1.8608369599e+000 -1.1909165450e+000 -5.3968570034e+000
178 113 45
13 20 1524 376.9900 -240.2200 23 1480 332.1700 -344.1400 19 1413 414.6700 -238.3500 21 1481 360.2200 -324.9000 16 1322 439.6000 -137.5800 17 1398 437.2800 -176.9100 12 1369 463.1400 5.2200 13 1478 473.7400 -20.2600 14 853 453.7800 -70.9300 10 1388 469.0500 10.9600 8 1108 521.3199 44.4900 9 1402 490.5300 22.4400 7 1315 463.9800 140.4700
1.9380238172e+000 -6.9455058629e-001 -5.3380388620e+000
135 114 105
15 20 1723 395.3500 -139.0300 23 1693 358.3900 -250.1600 19 1807 427.5000 -130.7700 21 1882 382.6600 -225.7200 16 1489 433.6100 -30.0000 17 1558 435.5699 -66.0700 18 1278 438.1899 -87.6600 15 1502 428.1500 -9.3300 12 1619 435.9500 101.9800 13 1693 451.2800 81.2800 14 1381 436.9800 28.6400 10 1331 436.5400 103.4700 8 1076 480.4800 127.7900 9 1376 453.9700 110.8300 7 1569 417.4000 211.2700
1.8333878413e+000 -1.1401067381e+000 -5.5181846463e+000
208 208 199
15 20 1772 362.8700 -225.3400 23 1717 319.9800 -325.0100 19 1846 398.4000 -225.0100 21 1717 346.4400 -307.6500 16 1749 421.7200 -132.7800 17 1816 419.5800 -168.4200 18 1342 413.3300 -192.6500 15 1746 420.0800 -111.1500 12 1865 444.3199 -0.8100 13 1954 454.3600 -24.2500 14 1655 435.5300 -72.2100 10 1869 450.3400 3.1200 8 1577 502.9000 33.5200 9 1587 472.0000 13.2000 7 1823 447.0500 123.3900
1.8122079906e+000 -1.0827740508e+000 -5.6081130526e+000
168 177 161
13 20 1183 352.2500 -211.3400 23 672 311.1200 -307.5700 19 1056 386.0800 -211.7100 21 1127 336.2400 -290.8900 16 1008 407.9399 -125.8600 17 1057 405.9200 -159.1800 18 635 399.2700 -180.3000 15 996 406.3300 -105.7800 13 1035 438.9399 -22.6800 10 975 435.4500 1.1600 8 768 487.5699 29.0500 24 578 314.8100 -335.3200 25 590 294.5100 -347.3300
1.7485164254e+000 -1.2648880803e+000 -5.7014731866e+000
176 187 160
13 20 1204 334.1100 -243.8000 23 700 290.8400 -334.3100 19 1089 368.8200 -247.5600 21 682 316.5400 -320.7000 16 1054 397.5200 -167.8300 17 1093 393.0800 -200.7300 15 1037 397.6801 -147.9800 12 1023 427.1899 -46.6700 13 1120 434.9301 -68.4100 14 879 415.3101 -112.1300 10 1024 435.8400 -43.5600 8 791 492.0400 -14.6600 9 804 459.9100 -34.5700
2.0665762484e+000 2.1967079967e-001 -5.1873114222e+000
134 97 57
11 20 1326 434.1500 50.5100 23 1583 413.2200 -71.9600 19 1208 454.1000 69.0800 16 1158 424.0000 161.2300 17 1238 438.6100 133.8300 15 1153 411.5200 175.3100 12 789 389.5000 266.8400 13 851 411.5400 255.7200 10 809 382.6000 259.6900 8 1017 412.9301 266.5100 9 621 392.1899 257.9400
1.7869772591e+000 -1.2186670076e+000 -5.6225540270e+000
195 203 183
14 20 1205 346.9300 -237.3400 23 1152 303.9400 -332.1200 19 1410 382.1500 -239.6100 21 1152 330.0500 -316.8300 16 1056 408.5200 -154.3700 17 1409 405.0500 -188.4000 18 923 397.1801 -211.4500 15 1032 407.8199 -133.7900 12 1398 435.3800 -28.4100 13 1498 444.0000 -50.8600 14 882 424.6600 -96.5100 10 1434 442.9200 -25.0300 8 1140 497.8900 4.7500 9 1152 465.7900 -15.2400
-7.7256252526e-001 -1.3463080507e-001 -5.4731546132e+000
59 52 59
22 20 2068 -159.1200 -22.8600 23 1977 -187.0500 -105.6700 19 1942 -153.8400 -32.6700 21 1987 -175.3700 -94.2500 16 1684 -145.2200 2.4100 17 1913 -151.8800 -10.8500 18 1430 -176.4400 -9.5800 15 1691 -141.4400 8.8000 12 1832 -143.1200 57.7000 13 1914 -135.3700 52.8400 14 1595 -128.3800 21.3000 10 1844 -135.2900 41.4300 8 1362 -77.0100 38.2000 9 1394 -112.2500 31.4700 24 1696 -187.5300 -124.6400 25 1726 -201.3400 -129.4800 26 1521 -201.7400 -143.6600 27 1743 -231.5300 -165.7200 28 1658 -267.3600 -208.8400 29 1440 -276.1900 -232.6000 30 1528 -291.6700 -223.8300 31 1432 -282.6300 -229.8600
6.0315024491e-001 -6.7734620203e-001 -6.0486773354e+000
195 185 175
15 20 2118 104.0900 -124.0900 23 2021 73.5700 -196.9200 19 1983 121.8300 -134.7400 21 2036 89.2400 -189.8700 16 1732 136.1000 -96.4900 17 1946 131.5700 -113.5300 18 1460 117.0800 -118.9900 15 1730 137.4800 -87.2900 12 1875 150.9500 -31.4000 13 1965 157.7500 -39.6600 14 1649 151.5400 -70.6600 10 1683 159.0600 -40.4500 8 1605 214.7300 -34.4700 9 1613 182.0600 -45.1600 24 1549 77.6100 -209.1700
5.6201387124e-001 -8.1798694036e-001 -5.9830833567e+000
179 165 152
17 20 1946 98.1700 -151.3400 23 1863 65.7000 -226.0600 19 1817 117.0600 -162.6100 21 1880 82.6200 -218.2500 16 1747 134.2700 -121.1000 17 1796 128.7100 -139.5200 18 1312 113.3700 -146.7300 15 1742 136.3200 -110.3800 12 1876 152.5900 -50.1300 13 1972 158.7800 -60.0700 14 1670 151.4400 -91.6100 10 1891 161.7600 -58.2300 8 1606 218.4000 -48.8100 9 1633 185.1000 -60.9100 24 1562 68.8400 -238.9400 25 1598 54.4900 -241.6000 26 1421 52.2100 -254.5600
1.4473049013e+000 -1.6470706203e+000 -6.3445523565e+000
187 110 50
12 20 1230 245.6900 -289.5800 23 1171 203.5600 -353.5100 19 1426 277.8700 -306.8700 21 1161 226.5200 -353.8300 17 1448 308.0300 -289.3800 15 1386 323.0400 -254.7800 12 1939 366.7100 -186.6500 13 1821 367.2400 -200.8300 14 1510 346.4200 -231.1000 10 1947 381.8500 -188.7700 8 1664 448.7900 -167.2400 9 1819 411.8500 -185.0200
1.9533499028e+000 -4.0452501575e-001 -5.3442324120e+000
135 104 102
14 20 2100 398.0000 -79.6300 23 2025 365.8200 -192.2700 19 2089 425.5100 -68.4500 21 2019 387.1600 -165.7400 16 1993 420.5300 27.5400 17 2045 427.3300 -4.8800 18 1553 431.0100 -22.8600 15 1983 413.2700 45.5200 12 2144 413.0500 148.2300 13 2234 429.4000 131.0600 14 1914 418.6700 79.8800 10 2145 411.4800 146.7400 8 1718 450.9399 165.4600 9 1860 427.0100 150.7900
1.8671646752e+000 -1.0812848339e+000 -5.4657333558e+000
179 105 64
14 20 2142 373.2900 -215.0000 23 2070 330.4600 -317.6700 19 2122 408.6300 -213.3900 21 2064 357.0900 -298.0100 16 1905 429.5100 -117.9500 17 2085 428.6000 -154.6000 15 1921 427.0900 -96.2700 12 2029 449.2100 17.3100 13 2124 460.2200 -6.3300 14 1814 441.4900 -56.1100 10 2036 454.2000 21.3100 8 1740 504.9700 52.1800 9 1755 475.0500 31.5900 24 1764 334.3900 -349.5600
1.9392821710e+000 -6.3916307215e-001 -5.3549490997e+000
112 46 43
14 20 2262 395.6000 -127.7700 23 2161 359.4500 -239.2000 19 2098 426.3500 -119.0000 21 2151 382.8200 -214.0300 16 2003 429.4301 -19.7800 17 2054 434.1200 -54.4000 18 1568 435.2900 -75.9200 15 2000 423.4100 0.3100 12 2151 429.1500 108.8900 13 2242 444.5900 88.6700 14 1930 431.4800 37.3300 10 2153 429.6600 109.5900 8 1850 472.8800 132.1800 9 1869 446.3500 116.1700
1.7183549263e+000 -1.3233641123e+000 -5.7604819534e+000
77 94 60
14 20 2290 324.0200 -252.3900 23 2068 281.4100 -340.0200 19 2134 358.9000 -258.1800 21 2174 306.7500 -328.0800 16 2040 390.0300 -182.9400 17 2089 384.7000 -214.5500 18 1598 374.2300 -235.3300 15 2038 390.6801 -163.6400 12 2194 423.5601 -64.4200 13 2279 429.9900 -86.0600 14 1974 409.7500 -128.5600 10 2195 432.6300 -61.9900 8 1877 491.6100 -31.5800 9 1908 457.8500 -52.4900
1.6261090722e+000 -1.4504675296e+000 -5.9685586365e+000
208 143 71
14 20 2289 295.7700 -269.6200 23 2180 252.6700 -347.4100 19 2133 329.6100 -279.5700 21 2172 277.1500 -340.1200 16 2049 365.0200 -216.9000 17 2096 357.4300 -244.5000 18 1605 344.1000 -262.2400 15 2040 367.2900 -199.3400 12 2201 404.0800 -111.3500 13 2290 408.2900 -130.4100 14 1978 387.7500 -167.8600 10 2199 415.9000 -110.5400 8 1885 477.2300 -83.6900 9 1930 442.5100 -103.4400
9.8168192878e-001 -8.4911164545e-001 -6.0606976660e+000
240 198 150
12 20 2432 175.1600 -156.1600 23 2315 142.6500 -230.5500 21 2308 160.1100 -222.6900 16 2190 213.1500 -120.6600 17 2229 209.2900 -140.1900 15 2188 213.7500 -109.2500 12 2279 229.4600 -44.5600 13 2364 236.5000 -55.1900 14 2053 227.3300 -88.0500 10 2283 237.5500 -51.3500 8 1993 293.6700 -40.4900 9 2012 260.8900 -52.8800
8.8675293293e-001 -8.7119782990e-001 -6.1514552493e+000
140 87 66
16 20 2483 152.3300 -157.7400 23 2361 120.0300 -228.7100 19 2319 173.5000 -168.9400 21 2348 137.1500 -223.1600 16 2241 191.7000 -129.9100 17 2280 186.7500 -147.2700 18 1845 172.8900 -154.8100 15 2244 193.3600 -119.9300 12 2403 213.3400 -60.9400 13 2493 218.9700 -70.9800 14 2174 209.0300 -101.5200 10 2434 222.8200 -68.2200 8 2128 280.6900 -56.5900 9 2166 247.1000 -69.9500 24 2036 124.2800 -239.6800 25 2074 109.6000 -242.3200
1.1710871901e+000 -1.3627196024e+000 -6.1791493014e+000
115 42 45
16 20 2543 206.5700 -246.5300 23 2408 168.1800 -316.2500 19 2367 233.9600 -259.5800 21 2402 188.8600 -311.9600 16 2294 264.3100 -216.8500 17 2331 256.7900 -238.2600 18 1850 241.3900 -250.5600 15 2292 266.4400 -202.6100 12 2448 296.1200 -135.2600 13 2534 300.0800 -148.5900 14 2220 285.2300 -179.8700 10 2441 307.6600 -138.8500 8 2132 367.8400 -121.6200 9 2210 333.4300 -137.5800 24 2092 167.2700 -325.1900 25 2123 148.9100 -327.7200
-5.3061746817e-001 -4.1064697673e-001 -5.4075014823e+000
171 88 58
18 20 2530 -111.5500 -79.1800 23 2354 -141.5400 -166.9300 19 2352 -102.5600 -88.4300 21 2384 -128.1900 -153.7200 16 2276 -90.8300 -41.8500 17 2315 -97.9800 -60.1800 18 1834 -121.4500 -64.9900 15 2275 -87.1500 -31.9600 12 2434 -84.8800 29.9600 13 2521 -77.0100 20.5800 14 2206 -73.0200 -13.9400 10 2467 -76.8600 17.8600 8 2161 -17.9900 22.2900 9 2196 -52.8600 12.2300 24 2031 -141.8200 -188.6900 25 2066 -157.0100 -195.2700 26 1846 -158.4300 -210.6900 27 2089 -190.6400 -229.9400
-7.5841742849e-001 -4.2069625651e-001 -5.5923435018e+000
189 100 61
14 20 2468 -153.1400 -80.1100 23 2300 -184.5200 -157.9100 19 2307 -145.2900 -93.2200 21 2298 -171.6300 -149.8100 16 2234 -133.9700 -59.8800 17 2271 -141.0000 -73.8800 18 1788 -166.3400 -75.6700 15 2237 -129.1800 -52.0900 12 2438 -127.3800 -2.5700 13 2523 -120.3300 -8.4400 14 2169 -114.8800 -38.2500 10 2471 -118.6900 -17.1500 8 2163 -58.6700 -17.0300 9 2202 -94.3500 -25.1200
2.0555915831e+000 -1.0220039403e-002 -5.0412728185e+000
226 182 76
15 20 2584 448.0699 1.7600 23 2430 420.0800 -128.1800 19 2408 473.2300 22.2800 21 2443 440.6801 -91.8100 17 2365 459.9700 96.1800 18 1895 472.8500 79.2800 15 2327 432.4200 150.6400 12 2495 412.3700 253.6200 13 2586 435.4900 240.0700 14 2256 429.6200 182.6400 10 2520 406.3700 249.9600 8 2218 437.0100 263.5500 9 2253 416.1600 252.6400 24 2120 440.0100 -176.7800 25 2151 428.9399 -201.8100
1.8388747918e+000 -1.0739821537e+000 -5.5295462270e+000
212 205 203
14 20 1967 363.1300 -211.7800 23 1708 321.3000 -311.4600 19 1828 397.6000 -210.8900 21 1910 347.1600 -293.5700 16 1738 418.6200 -119.6900 17 1815 417.0500 -154.7900 18 1329 411.3900 -177.9300 15 1744 416.4600 -98.6600 12 1852 438.4200 10.0400 13 1953 448.8700 -12.6200 14 1654 431.0800 -60.4200 10 1856 443.8700 13.0400 9 1586 464.9100 22.3300 24 1615 325.2100 -341.6800
-1.4955508032e+000 -4.7033543810e-001 -5.5054623124e+000
217 175 132
20 20 2420 -307.4700 -91.6900 23 2297 -337.7100 -165.6200 19 2258 -305.4600 -110.1800 21 2301 -328.0500 -160.5800 16 2095 -289.1600 -84.6700 17 2154 -300.6900 -97.1000 18 1750 -335.2100 -96.9700 15 2100 -281.6400 -78.3000 13 2355 -273.6000 -39.2300 14 2045 -263.8000 -66.3200 10 2181 -267.6000 -50.9100 9 1909 -240.2600 -60.9200 24 1967 -344.1000 -178.6900 25 2003 -359.2600 -177.2700 27 2030 -393.4000 -200.8300 28 1989 -435.3300 -235.9100 29 1722 -445.5600 -252.2600 30 1930 -451.6200 -235.7000 31 1819 -440.7000 -236.0700 32 1625 -449.9900 -231.3600
1.9643754500e+000 -3.6948776660e-002 -5.3635280474e+000
135 82 82
8 20 195 398.8600 -4.1200 23 309 373.5100 -117.5900 19 151 421.0699 8.6800 17 833 413.5200 68.6500 13 882 400.9500 188.9100 14 685 394.6700 139.5900 10 122 378.3800 195.6900 24 334 393.5100 -157.6300
1.9240354388e+000 -6.2230765535e-001 -5.3897992578e+000
131 84 76
11 20 479 389.4600 -123.5600 23 1089 353.9200 -233.2800 19 945 419.5400 -115.3100 21 1053 376.7900 -208.9000 16 243 423.0500 -18.6600 17 264 427.1801 -52.7000 18 582 427.8000 -73.9200 15 279 417.0200 0.2800 13 189 438.0500 87.4400 14 755 425.1899 36.1400 10 174 423.6899 106.8500
1.8788279837e+000 -6.1421870310e-001 -5.5217085921e+000
115 35 35
11 20 1053 370.4900 -119.8700 23 1077 336.4900 -223.4400 19 940 399.2600 -114.0100 21 510 358.1900 -201.8200 16 915 403.4100 -27.0800 17 959 406.9301 -57.9800 15 894 398.3500 -9.1500 12 196 405.6100 89.6200 13 929 420.1801 72.8900 14 748 407.0200 24.0500 10 205 407.4200 88.8600
-1.4226878627e+000 -4.8587185460e-001 -5.5165965997e+000
176 131 107
17 20 1037 -290.1800 -93.2200 23 431 -321.3000 -168.2300 19 923 -287.7000 -111.2900 21 986 -310.6600 -162.5600 16 933 -272.1300 -85.5300 17 365 -283.2800 -98.0200 15 386 -265.0000 -79.2100 12 396 -265.1700 -37.0000 13 383 -259.0400 -41.8100 10 357 -254.5600 -54.0400 24 807 -327.0700 -181.8300 25 773 -342.6700 -181.0400 26 741 -348.1200 -189.3200 27 385 -376.9400 -205.2800 29 675 -428.8200 -256.6100 30 421 -436.7300 -240.1800 31 403 -425.8000 -240.0700
1.8023588756e+000 -1.0426300396e+000 -5.6376290650e+000
84 93 73
11 20 1178 348.2800 -202.1900 23 1131 307.4300 -297.5700 19 1048 381.2200 -202.5300 16 979 401.9399 -118.9100 17 1023 400.1600 -151.4000 18 632 393.3400 -172.6100 15 993 400.2500 -99.4100 12 979 421.7200 1.7300 13 1029 431.7600 -18.9100 14 312 414.6000 -64.1900 10 969 427.7100 3.5800
1.9959043833e+000 -4.7679598282e-002 -5.2792277040e+000
212 187 180
17 20 1654 412.2900 -6.0300 23 1619 386.2600 -123.4700 19 1517 435.2800 8.8800 21 1603 404.5300 -93.3600 16 1183 416.1899 101.6700 17 1509 427.3500 72.3300 18 1020 435.6500 58.8100 15 1183 406.2400 117.4000 12 1262 393.3500 212.5400 13 1385 413.0601 198.9400 14 1092 406.6100 147.6600 10 1297 388.8700 207.4800 24 1356 406.6700 -166.4500 25 1388 393.8900 -190.5300 26 1242 403.1500 -226.6400 27 1450 346.7000 -256.6000 28 1428 315.7800 -313.1000
6.4845303630e-001 1.4214441311e-001 -5.6203196204e+000
224 221 212
14 20 1884 122.9700 30.3400 23 1792 100.3200 -59.8200 21 1796 113.2800 -42.9900 16 1654 127.4100 77.0200 17 1709 129.7100 61.7100 18 1236 122.6400 61.5400 13 1890 130.4000 136.6900 10 1624 121.0700 128.4500 24 1494 113.0100 -83.9800 25 1541 102.8300 -96.2200 26 1508 111.0300 -118.6700 27 1571 72.9700 -145.4000 29 1321 35.4600 -219.1900 30 1535 4.3700 -217.2300
4.5785418988e-001 -1.5823690594e-001 -5.7155391992e+000
199 195 183
16 20 2231 84.5700 -29.2200 23 2122 58.2400 -113.8100 19 2078 97.1400 -32.8100 21 2121 71.4600 -99.7500 16 1842 98.9900 12.0100 17 2043 97.4800 -4.0000 18 1550 86.8500 -6.6500 15 1869 98.3400 20.5600 12 2005 98.5800 78.9300 13 2088 109.1300 71.8500 14 1778 107.8300 37.0800 10 1849 103.8800 66.7500 24 1811 65.5600 -133.9200 25 1846 53.7600 -143.0200 26 1635 57.7900 -160.9500 27 1858 19.7500 -182.1400
-5.2965304465e-001 -5.1134334136e-001 -5.4601915140e+000
240 200 151
10 20 1695 -109.9900 -100.1000 23 1363 -140.2200 -183.2800 19 1579 -100.3500 -110.1000 16 1718 -88.3500 -64.6800 18 1287 -119.1900 -89.0500 15 1725 -84.3700 -54.5200 12 1857 -80.2300 6.7000 13 1948 -72.9400 -2.3400 14 1636 -69.6400 -36.2500 10 1861 -71.5400 -5.1900
-1.4553985544e+000 -6.1895610489e-001 -5.4703341998e+000
112 41 30
16 20 2113 -299.6200 -121.1000 23 1841 -330.0000 -196.9600 19 1977 -296.6100 -139.9500 21 2028 -320.0700 -191.6800 16 1893 -280.7800 -110.9900 17 1951 -292.4500 -125.1500 18 1470 -326.2400 -127.0700 15 1739 -273.2600 -103.6900 12 2061 -273.9700 -58.0100 13 2141 -267.4900 -64.2200 14 1831 -257.7600 -91.0000 10 2067 -262.9200 -73.9800 24 1543 -336.1700 -211.5900 25 1576 -351.9500 -210.4800 26 1393 -358.1100 -219.1600 27 1608 -385.1700 -233.6300
7.7904522610e-001 -6.4605655760e-001 -6.0025105883e+000
100 71 60
14 20 2480 140.1300 -118.5300 23 2358 111.5800 -195.8300 19 2355 157.9000 -126.8500 21 2347 126.5400 -186.8100 16 2280 167.2000 -84.5600 17 2320 165.2400 -102.0300 18 1838 153.5600 -108.1100 15 2282 166.8300 -75.1600 12 2441 177.7700 -15.9200 13 2528 184.8300 -25.2700 14 2211 178.6000 -57.4500 10 2476 184.8700 -24.8400 24 1974 117.5600 -212.7100 25 1949 104.7700 -218.1400
1.3469476683e+000 1.3854853842e-001 -5.4448197228e+000
213 205 193
20 20 1886 268.2200 30.6200 23 1796 245.5900 -73.1300 19 1740 284.0000 38.9500 21 1798 260.2300 -49.0400 16 1644 268.8900 106.5200 17 1706 275.7900 85.3900 18 1230 277.2800 79.4900 15 1664 262.3200 117.4400 12 1586 251.7300 191.9500 13 1882 267.5600 183.3700 14 1568 265.5700 138.7900 24 1688 263.7600 -106.4000 25 1730 253.4600 -124.9400 26 1537 263.8700 -154.6900 27 1592 218.1400 -184.4300 28 1669 192.1000 -238.5800 29 1330 176.2900 -270.2700 30 1548 135.8700 -269.6200 31 1464 138.6500 -285.2100 32 1344 126.1600 -293.4000
1.7091219782e+000 -1.2598021196e+000 -5.8246720896e+000
186 180 170
9 20 1517 319.1700 -238.3700 23 1472 277.5900 -324.4200 19 1409 352.7600 -244.0000 21 1474 302.0100 -312.8000 16 1344 381.1800 -172.1400 17 1408 376.2800 -202.1200 18 1153 366.0900 -221.5700 15 1351 381.6700 -153.8600 12 1697 411.9200 -59.6600
1.9829913994e+000 -8.8920023522e-002 -5.2911493318e+000
142 50 60
