# Bundle file v0.3
60 1816
0 0 0
0 0 0
0 0 0
0 0 0
0 0 0
1.6212561830e+003 9.3611392837e-002 -6.0564682900e-002
9.9991423209e-001 1.1738439676e-003 -1.3044177135e-002
-1.0796198283e-003 9.9997329371e-001 7.2281590462e-003
1.3052313504e-002 -7.2134563498e-003 9.9988879540e-001
-1.7440258201e-001 5.1969147252e-002 2.7761222001e+000
1.6091296162e+003 5.8697976587e-002 -3.0885118824e-002
9.9619701586e-001 8.6852168276e-002 6.9430865992e-003
-8.6283056816e-002 9.9446378568e-001 -5.9975103793e-002
-1.2113615991e-002 5.9147948689e-002 9.9817572625e-001
-3.2319345049e-002 -2.9114599451e-001 2.9369472501e+000
1.6102421585e+003 5.9896979746e-002 -1.1686568804e-002
9.8852847481e-001 1.5087092803e-001 7.0297629745e-003
-1.4806311445e-001 9.7721680180e-001 -1.5206786779e-001
-2.9812222828e-002 1.4928256881e-001 9.8834505413e-001
1.7457908600e-003 -9.1988569206e-001 2.8681866033e+000
1.6157802710e+003 9.2206740072e-002 -1.4574568105e-001
9.7843907116e-001 2.0646679802e-001 5.3334180786e-003
-2.0007462843e-001 9.5392303198e-001 -2.2360901617e-001
-5.1255507922e-002 2.1772071644e-001 9.7466433326e-001
-3.5354402320e-002 -1.4336563291e+000 2.6457106027e+000
1.6136166576e+003 9.2199507950e-002 -1.4702738645e-001
9.6280565698e-001 2.6975108725e-001 -1.5479593689e-002
-2.6255932953e-001 9.2053721210e-001 -2.8926430754e-001
-6.3779819443e-002 2.8256962340e-001 9.5712409988e-001
-1.0337049703e-001 -1.7157509088e+000 2.3283140335e+000
1.6098163197e+003 7.3326682640e-002 -1.0721978217e-001
9.4792027909e-001 3.1836868916e-001 -9.4086264674e-003
-3.0414197152e-001 8.9599958507e-001 -3.2354660363e-001
-9.4576982668e-002 3.0955794501e-001 9.4616545753e-001
-1.2421181430e-001 -2.2880948917e+000 2.2459469309e+000
1.6198414510e+003 6.8056148804e-002 -1.1028843885e-001
9.1259433188e-001 4.0524906519e-001 -5.4265832493e-002
-3.8504667780e-001 8.0718636436e-001 -4.4742511005e-001
-1.3751596755e-001 4.2921249789e-001 8.9267350712e-001
-3.6623578588e-001 -2.9424627405e+000 1.9027986634e+000
1.5951273462e+003 3.0801355401e-002 -6.1002801591e-003
8.9581004421e-001 4.4085163727e-001 -5.6340026713e-002
-4.1066838930e-001 7.7259877873e-001 -4.8419273140e-001
-1.6992892256e-001 4.5688178014e-001 8.7314557793e-001
-5.2253309058e-001 -3.4555401164e+000 1.8737697084e+000
1.6347167035e+003 1.0220601536e-001 -2.1201426140e-001
8.6793894052e-001 4.8619845648e-001 -1.0145470148e-001
-4.4135663224e-001 6.6133083244e-001 -6.0650297051e-001
-2.2778568593e-001 5.7118525102e-001 7.8858169539e-001
-6.8783744235e-001 -4.0826856556e+000 1.1093292479e+000
1.6213276463e+003 7.0689952073e-002 -1.2944768409e-001
8.1314752458e-001 5.7229246217e-001 -1.0617175243e-001
-4.8784972482e-001 5.7060951784e-001 -6.6061140176e-001
-3.1748031319e-001 5.8897038626e-001 7.4318243712e-001
-8.6363446229e-001 -4.5678977848e+000 1.0004297578e+000
0 0 0
0 0 0
0 0 0
0 0 0
0 0 0
1.6225866759e+003 6.9595496678e-002 -1.1722200152e-001
7.8668575076e-001 5.9747618216e-001 -1.5539543527e-001
-5.1271640898e-001 4.9210564602e-001 -7.0352961353e-001
-3.4387121647e-001 6.3313051174e-001 6.9346834216e-001
-1.0520624236e+000 -4.6980658912e+000 6.4687544769e-001
1.6222874748e+003 5.0286173198e-002 -5.0884282039e-002
7.3547325513e-001 6.4113859694e-001 -2.1913555282e-001
-5.5151372208e-001 3.7860962749e-001 -7.4329493765e-001
-3.9358824341e-001 6.6752981168e-001 6.3205398912e-001
-1.3582236705e+000 -5.0431445860e+000 3.1181553579e-001
1.6116294202e+003 3.1820747000e-002 1.6850395262e-002
7.0730340107e-001 6.5889473627e-001 -2.5608519160e-001
-5.6454969331e-001 3.0847375519e-001 -7.6558969830e-001
-4.2544746165e-001 6.8607701381e-001 5.9016335747e-001
-1.6228013921e+000 -5.0956260313e+000 -6.9080419614e-002
1.6155513551e+003 4.7682883764e-002 -8.4407898307e-002
6.6191190105e-001 6.9078870699e-001 -2.9100446309e-001
-5.7053433620e-001 2.1249232504e-001 -7.9330800010e-001
-4.8617199267e-001 6.9112804465e-001 5.3476987522e-001
-1.9437029634e+000 -5.4189505552e+000 -5.1860665377e-001
1.6096661887e+003 3.9348286754e-002 -7.6048730790e-002
6.2466256634e-001 7.0197701336e-001 -3.4208909793e-001
-5.6525735983e-001 1.0422305156e-001 -8.1830414436e-001
-5.3877712959e-001 7.0453234719e-001 4.6190191209e-001
-2.2363310150e+000 -5.5638886404e+000 -9.5162596579e-001
0 0 0
0 0 0
0 0 0
0 0 0
0 0 0
0 0 0
0 0 0
0 0 0
0 0 0
0 0 0
0 0 0
0 0 0
0 0 0
0 0 0
0 0 0
0 0 0
0 0 0
0 0 0
0 0 0
0 0 0
0 0 0
0 0 0
0 0 0
0 0 0
0 0 0
0 0 0
0 0 0
0 0 0
0 0 0
0 0 0
0 0 0
0 0 0
0 0 0
0 0 0
0 0 0
0 0 0
0 0 0
0 0 0
0 0 0
0 0 0
0 0 0
0 0 0
0 0 0
0 0 0
0 0 0
0 0 0
0 0 0
0 0 0
0 0 0
0 0 0
0 0 0
0 0 0
0 0 0
0 0 0
0 0 0
0 0 0
0 0 0
0 0 0
0 0 0
0 0 0
0 0 0
0 0 0
0 0 0
0 0 0
0 0 0
0 0 0
0 0 0
0 0 0
0 0 0
0 0 0
0 0 0
0 0 0
0 0 0
0 0 0
0 0 0
0 0 0
0 0 0
0 0 0
0 0 0
0 0 0
0 0 0
0 0 0
0 0 0
0 0 0
0 0 0
0 0 0
0 0 0
0 0 0
0 0 0
0 0 0
0 0 0
0 0 0
0 0 0
0 0 0
0 0 0
0 0 0
0 0 0
0 0 0
0 0 0
0 0 0
0 0 0
0 0 0
0 0 0
0 0 0
0 0 0
0 0 0
0 0 0
0 0 0
0 0 0
0 0 0
0 0 0
0 0 0
0 0 0
0 0 0
0 0 0
0 0 0
0 0 0
0 0 0
0 0 0
0 0 0
0 0 0
0 0 0
0 0 0
0 0 0
0 0 0
0 0 0
0 0 0
0 0 0
0 0 0
0 0 0
0 0 0
0 0 0
0 0 0
0 0 0
0 0 0
0 0 0
0 0 0
0 0 0
0 0 0
0 0 0
0 0 0
0 0 0
0 0 0
0 0 0
0 0 0
0 0 0
0 0 0
0 0 0
0 0 0
0 0 0
0 0 0
0 0 0
0 0 0
0 0 0
0 0 0
0 0 0
0 0 0
0 0 0
0 0 0
0 0 0
0 0 0
0 0 0
0 0 0
0 0 0
0 0 0
0 0 0
0 0 0
0 0 0
0 0 0
0 0 0
0 0 0
0 0 0
0 0 0
0 0 0
0 0 0
0 0 0
0 0 0
0 0 0
0 0 0
0 0 0
0 0 0
0 0 0
0 0 0
0 0 0
0 0 0
0 0 0
0 0 0
0 0 0
0 0 0
0 0 0
0 0 0
0 0 0
0 0 0
0 0 0
0 0 0
0 0 0
0 0 0
0 0 0
0 0 0
0 0 0
0 0 0
0 0 0
0 0 0
0 0 0
0 0 0
0 0 0
0 0 0
0 0 0
0 0 0
0 0 0
0 0 0
0 0 0
0 0 0
0 0 0
0 0 0
6.1244104553e-001 1.0898343414e+000 -6.6308776012e+000
18 10 20
5 1 9 223.1600 464.0300 3 172 331.4100 486.7300 4 168 339.1400 436.0300 6 350 374.3400 279.1000 7 384 447.1600 299.9400
-2.9284440272e-001 7.3370143815e-001 -7.5843802922e+000
166 150 142
4 1 40 -124.5400 247.1300 3 296 -82.7800 356.1200 2 145 -109.1100 322.5700 4 308 -75.0500 362.3500
6.7192550842e-001 4.6349905060e-001 -6.5347445124e+000
236 235 233
4 1 48 252.2400 202.3100 3 195 315.8199 195.2400 4 208 303.0500 148.7900 5 43 324.3800 179.2600
-2.8874129866e-001 2.8072822280e-001 -7.6104211731e+000
54 25 24
2 1 54 -122.2300 93.0900 3 21 -102.9100 194.2600
3.5924502967e-001 2.7384946247e-001 -6.8376425355e+000
146 133 125
3 1 57 109.7600 110.8200 3 203 146.7900 138.5700 4 328 136.0400 116.4500
-1.8016033072e-001 7.2386249236e-002 -6.7049127345e+000
82 44 35
12 1 66 -110.6500 31.6800 3 210 -92.0000 84.9400 4 46 -97.1700 71.8200 5 219 -61.0700 133.7600 6 55 -82.2600 0.9200 7 256 -54.9100 73.9800 8 191 -112.1500 -33.3900 9 496 -51.9500 43.6800 10 69 -106.5500 -3.1700 12 405 -45.1700 61.6300 13 450 10.0900 29.3300 14 337 6.6300 66.5300
-7.5384937404e-002 1.3666978942e-001 -6.8094251539e+000
124 111 102
3 1 68 -63.5800 56.9200 3 36 -42.9300 109.1900 2 29 -59.8100 107.9000
-2.4772904709e-002 1.3010435407e-001 -6.7481053522e+000
166 157 148
2 1 73 -45.7700 54.2500 3 40 -21.0700 101.0900
1.0361505073e-001 3.4631385334e-003 -6.6855132264e+000
132 119 111
5 1 87 7.5700 0.7100 3 56 24.3800 40.0100 4 61 13.2100 18.2100 6 84 15.1600 -61.6600 8 86 -21.3000 -103.6100
1.2149689786e-001 -1.3221604180e-002 -6.6935460228e+000
155 142 134
4 1 88 14.1300 -4.1400 3 57 31.0800 28.6800 5 75 45.0500 69.9500 6 85 19.6300 -67.3900
1.1908734411e+000 4.1717813256e-002 -6.0742496497e+000
247 87 98
3 1 89 546.5900 23.7500 3 107 585.9100 -67.7800 2 194 575.7600 6.7900
-1.7966703955e-001 -1.2370537785e-001 -6.6232135741e+000
33 17 4
4 1 98 -114.0000 -51.0400 3 67 -105.5600 -2.4000 4 71 -114.0400 -14.4600 5 89 -82.1900 52.8900
1.0552829285e+000 -1.3140924202e-001 -6.2071976531e+000
206 50 54
2 1 100 459.7500 -59.9400 3 131 478.9100 -127.2100
-6.7143415495e-001 -2.1860465239e-001 -6.2850708588e+000
94 23 19
3 1 105 -353.1200 -97.7000 3 87 -356.4000 -37.7400 4 80 -358.2200 -47.6500
-5.7093204826e-001 -2.2510015983e-001 -6.3936389082e+000
122 38 20
2 1 107 -296.8000 -98.0600 3 91 -299.0700 -38.7400
-3.8208843950e-001 -2.1981047320e-001 -6.4657029293e+000
118 12 13
2 1 110 -208.0900 -94.3000 3 96 -206.4800 -43.1100
-1.6248225932e-001 -2.0246764290e-001 -6.6799999041e+000
131 107 70
3 1 112 -104.1200 -82.3000 3 78 -100.8400 -33.1600 2 67 -111.2800 -33.9600
-2.2973522911e-001 -2.6205200084e-001 -6.6005534884e+000
130 109 98
2 1 125 -134.8900 -109.2200 3 100 -136.1800 -60.4200
-3.8016639435e-001 -3.1257797831e-001 -6.4544465487e+000
32 12 14
9 1 142 -208.1900 -134.9400 3 117 -212.5200 -84.4400 2 103 -221.4200 -84.6800 4 95 -221.9000 -92.7800 5 112 -187.7300 -15.6300 6 109 -214.7000 -149.3100 7 126 -201.1400 -67.2800 8 100 -265.4900 -172.9900 9 112 -205.8700 -82.6300
-3.9342536682e-001 -3.3525549287e-001 -6.4483890922e+000
179 154 126
5 1 143 -214.1700 -144.5200 3 118 -219.7600 -94.0000 2 102 -228.7600 -95.4500 4 103 -229.2400 -101.7700 5 109 -195.4100 -23.5400
-3.7480245887e-001 -3.3207988377e-001 -6.4555929717e+000
175 116 101
4 1 144 -205.4200 -143.5400 3 120 -210.9800 -93.6800 2 105 -219.3100 -93.1600 4 108 -220.8300 -101.6000
-3.7432996973e-001 -3.3039898564e-001 -6.4505868889e+000
175 116 101
3 1 145 -205.4200 -143.5400 3 119 -210.9800 -93.6800 4 107 -220.8300 -101.6000
-3.7772521636e-001 -3.4677596985e-001 -6.4444509570e+000
34 17 11
2 1 148 -207.0500 -150.8600 3 123 -213.9900 -101.5100
-2.3908652822e-001 -3.8663485185e-001 -6.5613214965e+000
201 196 193
2 1 151 -140.9500 -163.8500 3 127 -148.9200 -116.2400
-8.0138286594e-002 -4.1060427670e-001 -6.7488313464e+000
255 251 242
3 1 164 -68.8100 -166.8000 3 128 -77.9000 -117.7700 4 116 -93.9000 -120.9900
4.8554003739e-001 -1.0732827907e+000 -7.1090637463e+000
162 140 96
4 1 194 152.6899 -406.2200 3 160 101.1500 -358.0200 2 129 117.3700 -370.6400 4 146 63.7500 -344.8200
-2.0710792010e-001 8.7905955548e-001 -7.5063009189e+000
207 44 50
6 1 211 -98.3200 300.7500 3 7 -44.7200 406.8400 2 140 -76.3500 377.2000 4 171 -35.4700 409.2200 5 7 18.4300 465.7300 6 10 10.7900 351.0200
1.1265971944e-001 6.8225474442e-001 -7.0581680356e+000
194 185 180
9 1 216 10.6000 260.0400 3 181 67.0100 322.8000 2 252 34.7100 318.8200 4 182 70.9301 305.4200 6 194 102.9800 215.9100 7 226 156.3300 285.0000 10 360 154.1801 178.4200 12 369 228.4200 231.8200 14 306 301.9700 193.2400
-3.5438659005e+000 9.1224873648e-001 -1.1721504005e+001
35 29 31
3 1 230 -650.6000 161.9100 3 173 -663.3900 439.0300 2 253 -669.8800 304.2500
-2.8013233592e-001 2.9923103835e-001 -7.6277813206e+000
212 52 51
4 1 233 -119.0500 98.6700 3 193 -98.2000 198.7400 2 23 -117.3000 169.8300 4 26 -99.1300 211.7900
-2.1722146390e-001 3.0202069765e-001 -7.5746461347e+000
207 200 186
6 1 234 -101.2300 100.0500 3 415 -77.6300 197.3500 2 343 -96.7900 168.6200 4 421 -78.0800 205.5900 5 447 -37.1600 272.4000 7 525 -9.2200 266.9300
2.0807814596e-001 2.6094933199e-001 -6.7669179208e+000
154 140 124
7 1 240 49.0000 107.7800 3 321 84.7200 141.7500 2 275 64.4300 149.7100 5 339 108.1600 169.6500 6 226 85.7700 28.3200 7 418 118.9500 86.1500 10 401 71.0300 -20.7700
1.1527666563e+000 2.1598122949e-001 -6.1242377483e+000
25 15 23
5 1 243 519.3199 109.1300 3 230 575.4500 25.9300 5 271 532.0500 -21.3400 6 296 494.0000 -209.5100 7 489 496.8700 -212.0200
3.0481641142e-002 6.8472231929e-002 -6.7463461764e+000
118 107 101
14 1 253 -22.6000 29.7800 3 327 -2.1000 71.5200 2 183 -18.0600 75.4000 4 225 -11.8200 55.8800 5 231 19.2500 113.8700 6 254 -3.8000 -21.2300 7 425 22.3100 46.8700 9 326 22.1200 15.7700 10 601 -34.2700 -33.9900 12 641 24.6100 27.1700 13 694 77.0300 -7.8700 14 347 69.2200 29.3400 15 469 34.0200 -28.1400 16 497 55.2600 -21.7500
-3.4289265834e-002 4.6694519935e-002 -6.6970887474e+000
122 107 102
15 1 257 -49.6200 21.4400 3 213 -30.9500 64.1100 2 182 -47.4000 68.6400 4 223 -39.9300 48.8700 5 230 -7.8800 108.3000 6 252 -31.0800 -27.3600 7 269 -6.0000 41.4600 8 205 -63.4500 -66.3800 9 325 -5.6300 9.1600 10 406 -63.4200 -41.2900 12 427 -4.4100 22.4900 13 471 47.4900 -11.6100 14 359 40.7900 26.9800 15 163 5.5200 -31.3200 16 153 26.8900 -23.2500
1.1787253929e+000 3.9795350617e-002 -6.0855296871e+000
233 78 82
3 1 258 538.4399 23.1500 3 106 577.4700 -66.6000 4 122 533.9800 -132.1100
-1.4656892879e-001 -6.7620097011e-002 -6.6084239560e+000
115 33 22
11 1 262 -98.6000 -25.9600 3 337 -86.9100 17.9800 2 289 -100.9100 21.4700 4 341 -97.0200 4.5000 5 241 -64.4800 69.4500 6 260 -89.1200 -66.4300 7 288 -68.3400 6.3100 8 327 -128.3500 -101.9400 9 523 -70.7100 -21.4400 10 628 -133.4600 -70.5100 12 426 -75.1800 -2.5000
-1.3152508188e-001 -9.0058444987e-002 -6.5997484733e+000
149 67 49
7 1 263 -93.5900 -36.1400 3 226 -83.0500 7.1300 2 191 -96.2800 11.1700 4 74 -92.4000 -7.6100 7 119 -65.8900 -6.0300 8 225 -126.1800 -111.9400 9 86 -69.1300 -32.0100
-1.3158981306e-001 -9.0123136387e-002 -6.5997423249e+000
149 67 49
8 1 264 -93.5900 -36.1400 3 227 -83.0500 7.1300 2 190 -96.2800 11.1700 4 73 -92.4000 -7.6100 5 92 -61.5800 58.2600 7 118 -65.8900 -6.0300 8 226 -126.1800 -111.9400 9 85 -69.1300 -32.0100
8.7710403916e-002 -1.6070220301e-001 -6.6607922759e+000
206 201 197
3 1 273 -0.8900 -65.8300 3 236 7.3600 -33.1800 4 88 -6.5300 -47.7600
1.9943246816e-001 -1.5696667700e-001 -6.6510036963e+000
234 227 221
2 1 274 46.9700 -64.1400 3 247 55.1700 -39.4600
2.7959988186e-001 -1.2844467794e-001 -6.6818359566e+000
238 235 229
3 1 275 80.6400 -51.6600 3 237 90.3400 -30.5700 4 254 72.3300 -48.6700
1.0592021959e+000 -1.5623023121e-001 -6.2227051801e+000
161 38 46
3 1 283 460.4100 -70.3400 3 267 474.9800 -139.8100 4 278 434.2600 -185.5100
-5.6107993787e-001 -2.4522498751e-001 -6.4042182718e+000
154 52 29
3 1 286 -291.6600 -106.5000 3 241 -294.0200 -47.3600 2 292 -306.5400 -48.3600
4.8663133813e-001 -2.9826946937e-001 -6.7057278044e+000
211 204 195
4 1 297 165.4500 -122.2000 3 265 165.2000 -111.2100 4 120 138.8800 -129.6500 5 275 149.6100 -67.4500
-4.2677830917e-001 -3.2743424914e-001 -6.4461064997e+000
50 50 69
5 1 307 -228.8800 -142.0500 3 250 -235.1400 -89.5400 4 262 -243.8800 -96.4800 5 107 -208.0900 -17.4600 6 108 -235.2700 -150.2700
-2.4071834194e-001 -3.5969684611e-001 -6.5414668717e+000
163 155 150
5 1 309 -142.0100 -152.5600 3 260 -148.6600 -106.7100 2 222 -155.9900 -105.5400 4 272 -161.7600 -112.8700 5 124 -133.3200 -37.0500
-1.8826617313e-001 -3.5754037016e-001 -6.5914861276e+000
174 164 161
5 1 311 -117.4400 -149.9300 3 261 -124.0900 -103.5700 2 114 -130.8100 -103.9800 4 110 -138.0900 -110.6900 5 117 -110.9900 -35.5300
-1.8828444812e-001 -3.5770300119e-001 -6.5999151511e+000
174 164 161
2 1 312 -117.4400 -149.9300 3 262 -124.0900 -103.5700
-1.1277114143e-001 -3.3942159776e-001 -6.6696780397e+000
185 178 170
4 1 315 -83.3100 -140.2000 3 254 -88.5000 -94.0100 2 220 -95.5300 -93.9900 4 267 -103.5300 -100.5800
3.2106640382e-001 -4.6543559942e-001 -6.7652112867e+000
156 144 127
2 1 326 95.8000 -188.6600 3 134 83.0400 -162.7500
1.3267081763e+000 -3.6960727786e-001 -5.9855185424e+000
239 225 177
2 1 329 633.6300 -186.7800 3 280 629.5100 -293.7300
5.4509787419e-001 -5.8105245917e-001 -6.6049350526e+000
158 145 125
4 1 337 195.2100 -247.7200 3 272 174.2300 -240.9900 2 236 179.1700 -225.5300 6 430 103.8400 -320.0300
6.6677865501e-001 -6.9831831602e-001 -6.6343581107e+000
246 231 218
2 1 338 244.8300 -294.6900 3 151 215.7600 -293.1300
4.2903606546e-001 -1.0913088067e+000 -7.1659208481e+000
165 149 102
5 1 341 128.6200 -408.1800 3 156 78.1000 -353.6800 2 318 95.0500 -368.8800 4 376 42.2100 -337.9000 5 149 41.8800 -252.6800
5.1421581599e-001 -1.0656601191e+000 -7.0793275678e+000
233 219 164
7 1 342 164.4000 -405.7500 3 285 113.2700 -360.9200 2 319 129.6801 -372.2000 4 289 75.8000 -349.3800 5 296 72.0000 -265.1500 6 320 30.4300 -370.8600 7 340 17.0400 -273.0900
6.5083410992e-002 1.1042585004e+000 -7.1723208130e+000
202 190 185
2 1 347 -5.2800 408.9900 3 293 72.6600 494.9301
7.9193885846e-001 8.6700057676e-001 -6.4408476724e+000
18 3 6
5 1 349 312.8101 389.9400 3 392 415.1300 377.5600 2 245 370.9900 416.9200 4 411 413.3600 314.5500 6 468 426.6000 147.5800
7.9286514401e-001 7.9054088225e-001 -6.3738092697e+000
167 39 45
3 1 351 319.6300 362.3900 3 303 418.4500 340.9800 4 417 411.0699 278.9500
9.3251392346e-001 6.3223744346e-001 -6.3030335077e+000
18 7 11
15 1 354 389.8600 295.8500 3 410 478.8000 254.3200 2 256 441.9700 308.8400 4 428 464.4700 187.1000 5 461 482.2100 201.8200 6 485 457.2200 15.1500 7 559 492.6700 14.3200 8 454 433.1200 -136.5600 9 672 474.3199 -112.6500 10 791 418.7000 -225.5900 12 676 465.3199 -192.5900 13 766 503.3400 -284.8900 14 612 459.8500 -259.3000 15 567 392.0200 -339.8100 16 590 389.4700 -357.2400
3.2593183731e-001 6.9364184102e-001 -6.9507120211e+000
184 177 167
6 1 355 94.9100 270.8700 3 399 156.1700 317.2600 2 331 124.7600 320.4700 4 410 156.9500 292.1600 5 326 198.7100 329.1900 7 389 235.9600 241.9500
8.2119729325e-001 5.5479880412e-001 -6.3638291401e+000
222 53 59
2 1 356 332.4000 254.8800 3 192 410.4800 225.4600
-8.2260911368e-002 5.2626068977e-001 -7.2226615857e+000
170 161 154
3 1 364 -58.7000 192.4700 3 407 -21.0500 271.3500 2 337 -44.0300 255.2200
4.4564862620e-001 1.4224437282e-001 -6.6311320949e+000
154 141 132
6 1 376 151.0699 61.8900 3 430 181.9700 70.4300 4 441 167.3900 40.3200 5 474 188.6100 87.3600 6 494 161.6100 -60.8900 7 449 186.1700 -12.5500
-2.2962042815e-001 6.0425899218e-002 -6.7542755933e+000
72 27 22
4 1 380 -129.0500 26.1800 3 326 -111.5300 85.0700 2 278 -128.0900 81.9000 4 434 -117.5500 74.5900
-1.4070944016e-001 -1.3051402211e-002 -6.6410333789e+000
142 119 110
9 1 381 -95.0700 -1.1900 3 330 -79.9500 43.3100 4 337 -88.3400 28.1700 5 351 -55.4000 91.3100 8 432 -114.9900 -79.8200 9 649 -56.7400 -0.5000 10 766 -117.7600 -50.1100 12 771 -58.1300 16.7000 13 950 -7.8800 -12.5000
-3.9326985672e-001 -5.5155257971e-002 -6.5426868684e+000
86 18 7
7 1 385 -209.1200 -21.1700 3 432 -198.1800 36.3200 2 354 -212.1200 34.5300 5 349 -163.4100 94.0400 6 490 -185.3300 -40.9100 7 422 -161.7800 38.3300 8 428 -222.9600 -71.4400
-1.6374314886e-001 -7.7623425105e-002 -6.6016631367e+000
165 80 59
6 1 388 -106.0500 -30.5900 3 224 -96.8400 14.8800 2 189 -109.4800 17.5200 4 231 -105.1300 0.7500 5 242 -72.9100 66.5200 6 269 -96.3900 -69.3000
-5.3099536765e-001 -2.1997348535e-001 -6.5133962281e+000
134 33 10
2 1 395 -268.6300 -92.8900 3 231 -271.8500 -29.7500
-2.0629602824e-001 -2.8180282654e-001 -6.6479091838e+000
113 94 79
5 1 407 -122.7500 -116.0000 3 352 -125.4600 -66.2200 2 295 -133.9900 -67.4700 4 265 -137.9600 -72.5100 5 102 -108.6200 0.5700
5.7344510941e-001 -2.8251404287e-001 -6.6602139000e+000
172 163 148
4 1 410 204.0200 -116.9600 3 361 205.1300 -114.4400 4 361 177.5900 -135.1500 6 421 149.6801 -215.4200
-2.7443387927e-001 -3.5349747863e-001 -6.4965013735e+000
181 172 170
5 1 416 -157.9300 -152.2500 3 455 -166.0900 -103.7300 2 304 -172.7400 -104.2600 4 357 -177.2400 -113.6000 5 273 -147.5600 -38.0800
-2.2440532358e-001 -3.7915944150e-001 -6.5584654382e+000
253 254 249
4 1 417 -134.6400 -159.9900 3 358 -142.3300 -113.8400 2 305 -148.6100 -114.4900 4 358 -155.7600 -120.3900
4.5570533264e-001 -5.2101792480e-001 -6.7291226732e+000
229 226 218
8 1 426 152.9200 -213.1500 3 475 136.1300 -197.3800 2 385 138.3500 -187.1500 4 478 106.3900 -207.7400 5 382 112.3101 -138.4800 6 427 75.9399 -267.4700 7 481 75.1200 -195.2500 8 256 13.7700 -290.3900
4.5570533264e-001 -5.2101792480e-001 -6.7291226732e+000
229 226 218
8 1 427 152.9200 -213.1500 3 474 136.1300 -197.3800 2 386 138.3500 -187.1500 4 477 106.3900 -207.7400 5 381 112.3101 -138.4800 6 426 75.9399 -267.4700 7 480 75.1200 -195.2500 8 255 13.7700 -290.3900
1.0633545485e+000 -6.4116266172e-001 -6.2031115970e+000
18 1 7
6 1 430 465.3000 -304.4900 3 371 436.5300 -363.4400 2 476 455.9200 -319.0000 4 293 380.1100 -394.3900 5 412 355.2100 -332.9600 6 340 304.9301 -487.8700
8.2327334351e-001 7.7782119521e-001 -6.3872843493e+000
196 55 61
15 1 438 333.8199 357.4300 3 400 430.6600 334.0400 2 326 389.6500 380.5200 4 418 423.9500 270.3200 5 446 450.5000 284.5200 6 469 429.9900 100.1300 7 411 478.0900 102.9800 8 425 420.8600 -46.5600 9 749 470.5601 -25.5000 10 785 424.0500 -140.3000 12 794 478.1000 -110.0200 13 880 527.7600 -208.6800 14 721 487.1700 -188.7600 15 842 423.8300 -279.5200 16 759 427.5100 -306.7600
-3.8491046692e-001 8.9711167460e-001 -7.6877970226e+000
30 16 16
4 1 439 -151.3800 295.8300 3 493 -105.5600 417.2900 2 401 -134.9100 377.6200 4 403 -93.4300 427.4000
9.2232540948e-001 6.1319319480e-001 -6.3068254972e+000
176 42 37
7 1 443 385.7300 287.3700 3 504 471.6000 245.5600 2 335 437.0400 300.2600 4 427 457.1899 180.0000 5 460 474.0500 194.9700 6 486 448.5601 9.6000 7 560 482.2900 9.0100
1.1923612654e-001 6.0072835998e-001 -7.0325912999e+000
186 177 168
13 1 446 11.5500 229.5600 3 404 64.6000 289.0200 4 416 65.7900 273.0500 5 442 108.6200 319.4000 6 464 93.4301 186.7700 7 527 144.4301 253.7700 8 398 98.4700 144.0200 10 749 134.9000 150.6400 12 753 206.6100 201.1100 13 824 282.1500 148.3500 14 669 276.0100 171.2600 15 796 246.3700 90.2100 16 819 279.7700 78.0700
5.2137546477e-001 5.4334198713e-001 -6.7521623067e+000
166 157 150
7 1 448 178.4000 222.7700 3 411 238.2600 241.2000 2 338 208.5100 259.6700 4 519 231.0400 207.9700 5 456 262.1801 243.1200 7 535 285.1000 130.7100 9 641 292.0300 56.2600
3.2466424989e-001 3.4509690527e-001 -6.8690017432e+000
123 110 99
2 1 455 95.2800 137.6800 3 419 135.7100 171.9900
1.1359092340e+000 2.4668876618e-001 -6.1261542405e+000
25 5 9
11 1 459 510.3101 123.8500 3 437 569.6300 42.5000 2 349 550.7500 113.7600 4 452 534.9900 -27.2700 5 503 529.5000 -7.1300 6 529 492.2300 -194.2800 7 603 497.1600 -196.6200 8 576 427.9900 -343.3900 9 694 446.7300 -303.1800 10 688 368.4301 -405.6200 12 541 400.0601 -362.0600
6.3876509607e-002 2.0040835317e-001 -6.8477217330e+000
178 169 160
6 1 460 -7.2100 81.4100 3 511 19.9800 127.5500 2 417 0.2900 129.3500 5 462 45.1100 168.2700 6 477 23.7000 34.6200 7 543 57.1100 100.4400
6.3876509607e-002 2.0040835317e-001 -6.8477217330e+000
178 169 160
6 1 461 -7.2100 81.4100 3 512 19.9800 127.5500 2 418 0.2900 129.3500 5 463 45.1100 168.2700 6 478 23.7000 34.6200 7 544 57.1100 100.4400
3.8525837641e-001 2.0251812625e-001 -6.6487478378e+000
142 129 113
8 1 462 123.3400 85.3700 3 516 158.9800 101.3700 2 419 139.3700 119.5900 4 631 147.4900 71.8100 5 575 171.3400 119.2400 6 683 148.7900 -29.3700 7 766 175.3700 19.2800 8 610 119.3700 -98.1400
7.5237129341e-001 1.1820389693e-001 -6.5217560521e+000
195 188 178
5 1 470 289.2800 52.7200 3 436 323.3400 33.8600 2 352 306.5500 69.7300 5 368 311.3300 33.5800 6 403 280.2800 -122.5500
2.4213025446e-001 5.5712535956e-002 -6.6510772798e+000
192 182 172
4 1 473 64.3500 25.5600 3 333 87.7100 45.9200 4 443 75.0200 25.3800 5 354 99.7000 78.7200
2.4356788538e-001 2.2386861250e-002 -6.6556544176e+000
203 194 187
3 1 474 64.9200 10.7300 3 434 86.3900 33.9300 4 445 72.5699 11.4100
1.1914103522e+000 4.4811888697e-002 -6.0917566669e+000
243 79 98
9 1 475 543.3000 25.1400 3 541 583.0900 -64.7500 2 433 573.0900 8.8100 4 470 539.4301 -130.8600 5 509 524.2300 -102.1500 6 534 482.5601 -287.3600 7 720 473.8101 -283.5200 8 581 401.9000 -423.1000 9 794 413.7100 -370.7700
-9.1157207466e-002 -1.5648307585e-002 -6.6307956122e+000
183 173 164
10 1 477 -74.9500 -5.0300 3 433 -60.3900 39.3500 2 356 -74.2900 42.4100 4 442 -69.4200 23.5900 5 473 -36.9700 84.1900 6 493 -60.9900 -51.9800 7 556 -38.2600 18.5500 8 433 -97.5500 -90.0700 10 611 -100.9000 -63.2400 13 692 7.1400 -28.9900
1.1751346782e+000 -1.1916422501e-001 -6.1429118620e+000
249 79 93
7 1 487 528.3300 -54.5200 3 468 550.3101 -139.1300 2 527 545.7700 -69.5100 4 480 502.7600 -196.3400 5 512 484.5699 -159.9800 6 718 439.6899 -332.4300 7 796 425.2300 -317.6700
-8.9066270352e-001 -2.1448480389e-001 -6.3180085164e+000
135 113 67
3 1 488 -451.5000 -93.4900 3 343 -458.0000 -17.0400 2 360 -470.5500 -25.5700
-3.0442136155e+000 -6.5559280293e-001 -1.1170664834e+001
44 39 39
4 1 497 -597.6000 -131.7600 3 514 -633.1800 117.2800 2 429 -632.3100 -3.1400 4 517 -636.9700 208.1200
-4.4566519758e-001 -2.7388752891e-001 -6.4782056526e+000
188 105 67
7 1 499 -236.1300 -117.5900 3 534 -239.1600 -59.8500 2 443 -248.7000 -64.1500 4 551 -244.8200 -68.5500 5 589 -207.5600 8.6200 6 507 -234.8300 -123.1000 7 575 -218.8200 -39.2400
5.9261851953e-001 -2.7483783695e-001 -6.6043660937e+000
243 240 231
8 1 501 213.8500 -115.8500 3 551 217.0400 -118.0700 2 454 213.6899 -95.4800 4 569 189.0200 -141.3300 5 609 194.9600 -83.7000 6 628 160.4900 -225.1400 7 709 162.8800 -169.8300 8 567 100.8199 -275.9800
6.9407608765e-001 -2.7242370230e-001 -6.4969669949e+000
172 158 147
13 1 502 264.7200 -118.5000 3 464 267.9900 -134.7400 2 380 266.2300 -103.4500 4 472 236.5900 -163.4500 7 488 200.4399 -206.6300 8 363 136.1500 -317.9700 9 561 167.2500 -238.9100 10 664 90.8300 -297.1200 12 687 129.8700 -234.7800 13 761 153.1700 -267.4100 14 435 130.5400 -220.3000 15 530 78.3400 -257.3200 16 558 82.6200 -238.4500
8.6208366355e-001 -2.5645074860e-001 -6.3475403525e+000
158 145 134
4 1 503 351.8600 -115.5600 3 465 359.3800 -154.3400 4 475 321.2400 -192.8300 5 383 316.6500 -142.9100
-2.9854960678e-001 -3.7157371191e-001 -6.4958396022e+000
236 232 229
2 1 505 -169.8000 -159.9400 3 454 -176.8600 -112.4000
-8.4611746234e-003 -4.2352451247e-001 -6.8184008643e+000
255 254 249
3 1 511 -37.2300 -168.7400 3 457 -49.6900 -121.2100 2 378 -51.1800 -125.2200
9.1636624817e-001 -4.4169048367e-001 -6.2807704950e+000
182 159 106
5 1 517 385.0300 -204.7400 3 478 376.4100 -250.9000 2 388 381.2400 -206.6100 4 368 332.2000 -285.5500 5 391 316.9500 -228.2700
9.3989440117e-001 -5.4745948538e-001 -6.3493251052e+000
169 147 134
15 1 518 391.7800 -250.1900 3 568 370.7900 -289.3100 2 470 379.6400 -250.4100 4 584 323.6600 -317.7100 5 623 307.3500 -257.2300 6 648 262.6801 -407.0100 7 728 240.3300 -357.2600 8 583 170.7300 -464.2500 9 793 186.9600 -374.5700 10 815 98.6200 -428.7000 12 834 128.0500 -361.1200 13 901 136.8800 -384.4000 14 735 106.9500 -328.9100 15 564 50.9200 -354.0200 16 574 46.5000 -323.9400
4.9426049270e-001 -1.0855862033e+000 -7.0855908685e+000
45 32 34
3 1 521 154.2900 -413.0700 3 369 105.6500 -365.5800 4 377 66.8800 -352.8600
8.9565307606e-001 -9.4342926972e-001 -6.5526830994e+000
253 82 93
4 1 522 350.7800 -409.2900 3 486 301.1300 -419.7200 5 410 229.1801 -350.9500 6 444 181.6100 -480.9600
4.1209121055e-001 1.0396419342e+000 -6.8068490231e+000
219 212 209
3 1 528 132.4301 421.5600 3 581 225.0400 466.4000 2 398 180.3000 475.0300
3.2424767278e-002 1.1008406090e+000 -7.2038588512e+000
192 35 44
3 1 529 -17.6500 404.8200 3 491 58.8800 493.8199 2 397 18.2700 475.5500
8.3664306135e-001 8.2648263552e-001 -6.4268912920e+000
16 12 9
7 1 530 333.8500 373.0700 3 585 434.3300 353.7800 2 487 390.9200 397.9600 4 700 429.5300 291.8500 5 730 458.1500 305.9100 6 746 439.3800 122.0400 7 880 490.7500 126.7300
8.9776086103e-001 6.5002281228e-001 -6.3289241720e+000
203 42 57
15 1 531 371.8300 301.4400 3 503 460.2200 265.2300 2 403 423.7400 317.3500 4 523 446.9000 199.6000 5 567 466.0100 215.3100 6 583 441.7100 30.5900 7 672 479.4700 31.6700 8 547 420.7800 -116.9400 9 762 464.5699 -93.2400 10 890 411.2600 -205.1500 12 906 460.3500 -172.8100 13 984 501.3800 -265.7000 14 729 458.9500 -241.1200 15 850 393.2900 -322.9700 16 765 393.9100 -342.6800
-2.7795645739e-001 7.8701198445e-001 -7.5367816393e+000
206 191 183
13 1 532 -120.5500 268.7500 3 583 -74.4400 377.2600 2 489 -102.5100 344.3800 4 615 -65.2900 381.5300 5 652 -12.8800 441.0800 6 666 -23.3200 329.2400 8 646 1.8400 339.2800 9 880 82.1899 431.3300 12 1012 151.9900 463.2700 13 1057 252.3500 430.4700 14 908 262.5500 451.7200 15 1011 253.4500 371.6900 16 1050 309.6801 365.8200
4.9472055385e-001 5.6439452205e-001 -6.7711224967e+000
181 174 166
2 1 533 166.6700 230.8700 3 596 227.2100 252.8800
-8.3861880706e-002 5.5988448493e-001 -7.1999754792e+000
208 199 190
6 1 535 -59.5300 206.0800 3 499 -18.3900 284.7500 2 408 -44.0800 269.0600 4 514 -15.6400 277.5700 5 557 29.3900 332.4700 6 459 14.0100 209.2800
1.0432996849e+000 3.9814701950e-001 -6.1779119630e+000
214 49 60
4 1 536 458.4200 195.6000 3 607 530.2500 126.9300 4 537 504.5699 59.4700 5 675 506.0400 74.8000
1.0192343179e+000 2.9080260181e-001 -6.2326850575e+000
235 64 73
4 1 542 439.2200 139.9300 3 521 499.2900 80.8000 6 611 439.1500 -142.5900 7 706 450.9600 -137.6900
1.1229593606e+000 2.2401681536e-001 -6.1234196710e+000
229 58 64
13 1 544 504.6899 113.1200 3 612 561.5300 31.9400 2 501 542.5500 103.0700 4 553 526.5800 -36.4500 5 604 520.4000 -14.8100 6 629 483.0200 -202.6700 7 789 485.7000 -204.1200 8 577 416.5699 -349.9200 9 787 435.1200 -307.8700 10 910 357.4800 -407.8600 12 838 390.3199 -363.0900 13 994 404.4000 -434.2500 14 634 358.7600 -392.7200
7.1040880702e-001 1.6813256427e-001 -6.5828442188e+000
170 163 153
3 1 545 266.9600 73.6700 3 520 302.3900 62.0200 2 420 286.1899 93.2800
3.8574800689e-002 9.5411590094e-002 -6.7556356426e+000
179 168 162
15 1 546 -18.8200 40.6500 3 517 2.8900 83.0100 2 423 -13.1600 86.4500 4 528 -5.9700 66.7000 5 572 25.2300 124.5800 6 588 2.6800 -11.4300 7 670 29.7400 55.9500 8 421 -26.9500 -50.9800 9 743 30.6000 24.1700 10 860 -24.8600 -28.1200 12 880 34.4000 33.1500 13 948 87.3900 -2.6500 14 687 79.6400 33.6000 15 805 44.6100 -24.2400 16 830 66.0699 -18.8300
6.3594555260e-002 7.0710301249e-002 -6.7241401072e+000
182 171 165
7 1 548 -9.1700 30.1300 3 518 11.5100 69.5300 4 440 1.7200 53.0500 5 574 32.3300 108.8700 6 589 9.2600 -28.4200 7 551 33.9500 40.1000 8 423 -22.5200 -68.7500
1.1404609433e+000 5.9295581249e-002 -6.0675124766e+000
204 53 62
11 1 549 521.0800 32.7200 3 632 561.6300 -55.8800 2 517 549.9500 17.5500 4 567 521.4900 -122.6500 6 637 467.5500 -280.9800 7 719 460.1000 -277.7400 9 700 401.3199 -367.2900 10 705 316.5400 -460.6500 12 717 344.1000 -410.4300 13 914 353.8900 -472.2900 14 751 306.2700 -424.7400
1.2024550314e+000 8.6961555216e-002 -6.0820392071e+000
29 12 20
8 1 550 551.3500 45.6900 3 540 595.3101 -45.4700 2 511 584.6100 28.8500 4 568 551.9800 -112.9100 5 611 537.9700 -86.1500 7 617 488.6801 -272.5500 8 369 415.9100 -416.9900 9 571 426.9301 -367.1500
6.7854966052e-001 5.2929446292e-002 -6.4811522530e+000
162 150 138
15 1 554 257.0500 24.8100 3 619 286.7300 7.7100 2 426 272.9800 41.3200 4 643 264.8000 -31.1500 5 686 275.5000 12.1000 6 700 245.2100 -144.8200 7 782 257.7100 -107.6800 8 631 195.7200 -228.9000 9 868 233.1400 -165.0500 10 979 166.0800 -239.8600 12 981 210.0200 -185.4400 13 1044 241.9600 -234.3000 14 891 215.4200 -194.2900 15 922 162.4200 -247.6100 16 948 166.8700 -240.0600
1.1194447742e+000 3.1710292010e-002 -6.0771090136e+000
169 29 40
9 1 555 508.7500 19.0300 3 539 548.6400 -67.3400 2 432 538.1400 4.8300 4 571 506.9700 -132.0900 5 616 492.6100 -101.4000 6 636 451.3101 -285.3200 7 616 443.9000 -280.0900 8 483 371.3600 -419.8900 9 698 385.3800 -366.2300
3.8099757986e-001 -1.2815875978e-002 -6.5952753818e+000
204 194 185
4 1 556 124.0800 -3.5300 3 525 145.4100 5.6300 2 431 132.1200 25.7400 5 586 146.1801 32.6800
9.7106773144e-002 -9.7461513909e-002 -6.6411022522e+000
177 166 162
4 1 559 3.3900 -38.4800 3 622 15.7500 -9.2300 2 513 4.4000 0.0400 4 547 2.0600 -24.9300
4.9803604874e-001 -1.0335886794e-001 -6.5453605909e+000
224 221 214
6 1 560 176.5000 -42.3700 3 629 192.1700 -43.9700 2 441 182.2800 -20.3800 4 650 169.5601 -72.1000 5 601 181.5900 -19.3400 6 619 150.6801 -165.9600
-6.7787032243e-001 -1.8418918421e-001 -6.3061678105e+000
145 60 38
3 1 563 -354.2600 -79.7200 3 527 -354.7600 -18.7300 2 438 -368.9000 -20.4500
-9.5611976894e-002 -2.2122162351e-001 -6.6357688292e+000
238 235 230
3 1 564 -77.1000 -91.3000 3 450 -74.6900 -48.8700 2 446 -84.1500 -45.5900
1.2405878999e-001 -2.2731606411e-001 -6.6803515113e+000
205 191 182
5 1 565 13.9500 -93.6600 3 536 19.0700 -61.0900 2 448 10.6400 -54.7000 4 556 1.5600 -75.1400 5 599 23.4000 -9.7700
1.2405878999e-001 -2.2731606411e-001 -6.6803515113e+000
205 191 182
5 1 566 13.9500 -93.6600 3 537 19.0700 -61.0900 2 449 10.6400 -54.7000 4 557 1.5600 -75.1400 5 600 23.4000 -9.7700
9.3952745981e-001 -1.8427800242e-001 -6.3065772193e+000
164 149 141
12 1 569 391.9700 -82.7000 3 555 406.0200 -133.2600 2 526 402.5601 -84.7300 4 576 367.0200 -176.0400 5 615 359.5601 -130.7700 6 635 319.7000 -291.3400 7 615 313.5200 -261.2500 9 693 267.0400 -313.4000 10 805 185.7200 -383.3500 12 830 218.7000 -326.5800 13 902 234.6801 -367.0700 14 731 200.1899 -320.5900
-7.4836825824e-002 -2.6798867508e-001 -6.6960056563e+000
241 240 237
6 1 571 -66.6700 -109.1000 3 535 -68.0100 -64.5200 2 447 -75.2400 -64.2300 4 464 -82.2100 -72.8600 5 489 -56.4400 -2.5100 6 510 -84.2800 -130.9800
3.4549010014e-001 -2.8978980935e-001 -6.7402551125e+000
215 208 200
4 1 572 106.3900 -117.8000 3 546 104.8800 -96.5700 2 453 101.3700 -85.9700 4 564 83.8800 -109.6400
-4.1490938028e-001 -3.2934186555e-001 -6.4469834994e+000
46 42 53
2 1 575 -223.5200 -143.0900 3 544 -229.4500 -91.0800
-1.5893864345e-001 -3.4045177897e-001 -6.6233914949e+000
159 143 131
4 1 577 -104.2000 -141.5000 3 545 -109.3400 -95.9000 2 452 -116.4700 -95.8400 4 563 -123.7200 -102.4200
4.4580039230e-001 -4.8652350369e-001 -6.7340089853e+000
254 255 250
5 1 585 148.9301 -199.2100 3 639 133.7000 -182.0200 2 531 134.4301 -172.2900 4 573 106.4399 -192.8700 5 612 112.6801 -125.3600
5.3534172190e-001 -4.7176630626e-001 -6.6495527094e+000
151 132 94
3 1 586 188.8000 -197.7500 3 470 175.7600 -191.5300 2 462 177.9200 -174.7600
6.7408862709e-001 -5.2700319273e-001 -6.5083812911e+000
239 233 224
5 1 588 258.2000 -228.7200 3 561 239.4700 -240.1200 2 464 246.1899 -215.4700 4 579 201.4301 -260.1100 5 621 196.7700 -195.6000
4.6350811472e-001 -6.4528597154e-001 -6.7875876117e+000
254 255 250
7 1 593 153.3400 -261.7800 3 560 128.6500 -239.1500 2 469 133.1200 -235.6800 4 578 97.1600 -244.8200 5 516 100.9700 -171.8000 6 539 64.6700 -296.0900 7 598 60.6500 -218.9000
9.5540409442e-001 -8.1608698850e-001 -6.4075179501e+000
28 11 12
7 1 596 393.7200 -367.2900 3 487 349.7800 -395.9000 2 545 371.2300 -367.5600 4 596 297.1300 -413.5600 5 538 275.3900 -341.7800 6 545 224.8800 -481.2000 7 634 193.1100 -417.4900
3.8286839268e-001 -1.1307294357e+000 -7.2388054153e+000
208 191 147
9 1 598 110.1200 -416.3900 3 647 58.1300 -354.4100 2 543 73.7900 -374.1500 4 588 23.6100 -336.7500 5 622 23.2800 -249.3000 6 644 -16.8400 -348.3900 7 715 -26.5800 -243.6400 8 570 -84.4500 -311.1800 9 770 -53.4700 -187.1600
3.9365529979e-001 1.1002798684e+000 -6.8494959870e+000
196 34 40
15 1 606 122.5400 439.8500 3 656 217.7700 491.0500 2 549 171.6899 496.0000 4 679 229.2500 455.3100 5 716 280.3000 484.3300 6 732 272.3199 327.0600 7 872 348.2900 370.3700 8 649 305.9399 238.9200 9 938 387.9200 276.1800 10 1059 372.0699 179.1600 12 1079 452.3600 212.0600 13 1126 541.0400 116.3200 14 975 521.9700 122.1900 15 1081 481.4200 9.9300 16 1080 510.6600 -32.1800
4.5034782715e-001 1.0571975761e+000 -6.7864107504e+000
206 37 44
15 1 607 146.7200 430.8900 3 657 243.7400 472.6700 2 483 196.6801 482.6400 4 686 252.9600 433.2800 5 717 301.3800 458.7300 6 735 291.8300 297.8600 7 812 364.0000 335.1100 8 703 320.4200 201.3300 9 889 397.6801 234.8900 10 1060 378.8000 136.6000 12 1082 455.7800 168.6000 13 1127 538.8101 71.9300 14 978 517.2100 79.0100 15 1085 473.2900 -30.6000 16 1126 500.7400 -70.6700
8.4141606066e-001 7.5162575762e-001 -6.3725574878e+000
17 1 8
7 1 611 342.3600 344.5800 3 587 436.5100 319.0000 2 488 395.9700 366.2400 4 624 428.5200 255.0300 5 663 453.7400 269.5100 6 676 432.6400 85.5000 7 827 479.9000 86.9200
-3.5500476526e-001 9.3082227078e-001 -7.6108491786e+000
193 36 43
7 1 612 -144.0200 312.2100 3 582 -94.3200 431.4300 2 485 -124.0000 393.1900 4 504 -83.0800 438.5900 5 551 -26.2300 499.6600 6 559 -32.4400 388.8400 7 511 35.3500 495.4600
6.7376027894e-001 6.8542415995e-001 -6.5518426647e+000
148 124 116
15 1 613 251.2100 298.4600 3 591 331.6200 296.1300 2 490 295.1600 328.4400 4 627 326.7700 245.8500 5 662 356.4900 270.3400 6 674 337.2200 102.0400 7 756 383.2400 123.0700 8 604 330.0500 -13.8200 9 849 385.5699 19.5400 10 960 341.7200 -78.6800 12 968 399.6100 -42.7900 13 1028 454.0601 -127.4500 14 798 423.2600 -106.9800 15 917 369.0800 -191.8400 16 946 379.7400 -214.0300
6.6255944581e-001 6.4916836662e-001 -6.5574457391e+000
221 212 203
15 1 614 247.2000 282.1800 3 597 323.4000 280.2700 2 492 288.7200 311.9100 4 626 317.2100 231.7800 5 661 346.0300 257.6400 6 675 326.2600 90.2300 7 757 370.3000 112.7700 8 603 316.6600 -22.5200 9 848 371.4200 13.0200 10 961 326.7200 -83.8100 12 967 383.9399 -46.3100 13 1026 437.1700 -128.4600 14 880 407.3101 -106.5500 15 983 353.8101 -189.2500 16 1026 364.6700 -209.1500
-7.6596734525e-002 6.0203164869e-001 -7.2072391361e+000
150 141 131
8 1 616 -55.3900 221.7900 3 669 -12.5700 302.1600 2 558 -38.0600 285.7400 5 656 37.1100 346.7400 6 672 22.6500 222.2700 7 814 74.5000 303.5600 8 651 29.3500 204.3500 9 937 101.7800 282.6200
4.6489567804e-001 3.3828066440e-001 -6.8467257129e+000
142 132 119
15 1 621 151.7900 137.8100 3 602 194.5500 159.1300 2 495 171.6700 173.4800 4 628 184.2800 132.7900 5 668 210.8500 176.3700 6 679 188.5500 33.8900 7 760 222.0200 85.3000 8 602 170.2300 -29.1800 9 844 223.2200 33.4500 10 954 174.4200 -31.5000 12 960 232.4800 18.9700 13 1018 286.3800 -33.3500 14 871 270.1899 -4.6900 15 906 228.8500 -69.4700 16 929 247.8600 -73.0000
1.0947427366e+000 2.9682093069e-001 -6.1495663548e+000
232 58 71
13 1 622 486.3400 146.6300 3 611 549.3400 71.5800 2 497 527.3900 140.7400 4 540 518.6899 2.7400 5 595 516.5699 22.9400 6 624 481.1500 -165.0500 7 787 489.1000 -167.9800 8 575 422.9000 -314.6500 9 785 444.9800 -276.9100 10 907 370.9399 -379.7600 12 921 404.9800 -337.5400 13 910 424.6500 -413.3100 14 821 375.7600 -373.4500
4.5765607164e-001 1.6895883643e-001 -6.6450134820e+000
194 184 174
9 1 623 155.7800 72.8300 3 691 190.1600 82.5800 2 500 172.0800 103.0400 4 635 174.6200 51.4400 5 576 195.3300 97.5100 6 592 170.1100 -50.7700 7 681 193.8101 -3.6800 8 544 135.8300 -119.7000 9 753 182.6899 -56.1100
4.6633563806e-001 7.1242477416e-002 -6.5914841345e+000
146 136 127
14 1 624 158.7200 30.4300 3 693 188.0000 36.3600 2 508 172.8000 58.9600 4 719 170.7200 6.6100 5 748 188.8900 54.5800 6 759 162.1600 -93.5700 7 839 180.3300 -46.4000 8 677 120.8101 -162.8900 9 914 166.4100 -96.5500 10 1033 104.9000 -162.7000 12 1049 153.8101 -106.9800 13 1094 193.6100 -152.3800 14 945 174.4900 -114.0600 15 1044 128.2000 -168.6800
8.0904303056e-001 1.1002999533e-001 -6.4735563938e+000
188 181 171
15 1 625 318.3500 52.4800 3 620 353.6300 23.8500 2 506 338.8500 64.3800 4 644 328.5601 -18.8800 5 594 335.7700 18.7900 6 702 304.5900 -140.8100 7 702 315.6899 -111.9700 8 632 254.8300 -233.8200 9 773 288.3101 -176.2700 10 898 220.3300 -253.8700 12 982 262.9900 -202.4100 13 1045 292.7100 -256.3800 14 811 263.2300 -217.6400 15 925 206.4100 -271.0000 16 949 209.1899 -265.9000
-1.7509365036e-001 4.3755036190e-002 -6.6891010164e+000
77 20 13
15 1 626 -108.1800 20.2300 3 608 -91.5100 72.2200 2 503 -107.0000 72.2400 4 633 -97.5900 58.7600 5 670 -61.9900 122.0000 6 681 -84.6300 -12.3300 7 759 -58.3000 60.7800 8 606 -115.7200 -45.7600 9 842 -55.4500 32.6700 10 952 -113.4500 -16.0600 12 956 -51.8500 49.7000 13 1076 1.3400 18.1900 14 862 -1.7600 56.2400 15 962 -33.6100 -1.3900 16 997 -10.8100 5.9100
-1.3622858888e-001 2.5296101380e-002 -6.6680919574e+000
156 144 132
15 1 627 -93.5300 11.8500 3 609 -76.6600 60.7700 2 504 -91.8900 62.3700 4 634 -83.9300 46.1100 5 671 -49.4200 109.0500 6 682 -72.3000 -26.2600 7 762 -47.1200 45.5900 8 607 -105.3100 -62.3300 9 846 -45.7300 16.0200 10 953 -104.9400 -34.1000 12 957 -44.7900 31.5100 13 1017 7.2000 -0.5900 14 863 2.3100 38.2100 15 964 -30.8900 -18.8800 16 921 -9.3600 -11.2900
5.9620558837e-001 5.4965322647e-002 -6.5059083089e+000
160 150 141
8 1 629 220.9200 24.9900 3 618 250.2200 15.7100 2 509 237.3000 46.7300 4 548 228.8800 -19.5800 5 592 241.7600 25.5300 6 605 213.1700 -127.7000 7 697 225.1300 -89.3000 8 558 163.8000 -209.0400
6.8395762664e-001 1.5322418519e-002 -6.4483139873e+000
209 200 193
3 1 631 263.0300 8.5500 3 702 291.0300 -11.6900 2 515 278.4301 24.0100
-2.4512154516e-001 -2.6669899147e-001 -6.5520080053e+000
169 145 135
3 1 645 -143.6300 -111.7900 3 628 -144.5600 -65.1300 2 522 -153.9300 -64.3800
