# Bundle file v0.3
60 7942
1604.207365 0.0 0.0
0.995932 0.075388 -0.049355
-0.085492 0.963617 -0.253245
0.028467 0.256434 0.966142
0.191950 2.243021 -20.094493
1666.115348 0.0 0.0
0.930353 0.313043 -0.190911
-0.335219 0.515215 -0.788785
-0.148563 0.797846 0.584270
-0.655115 -5.049928 -21.907017
1699.538871 0.0 0.0
0.920543 0.328468 -0.211446
-0.347672 0.442093 -0.826848
-0.178115 0.834663 0.521165
0.108387 -5.126743 -23.190199
1881.755970 0.0 0.0
0.999319 -0.023558 0.028399
0.015823 0.968893 0.246973
-0.033334 -0.246355 0.968606
0.648208 6.163880 -24.900909
1891.345596 0.0 0.0
0.999716 0.010798 0.021253
-0.013509 0.991175 0.131873
-0.019641 -0.132123 0.991039
0.970215 5.484471 -23.903792
1878.275677 0.0 0.0
0.998906 0.043091 0.018188
-0.043952 0.997785 0.049942
-0.015996 -0.050687 0.998586
1.586961 4.260719 -23.382121
1859.986637 0.0 0.0
0.996977 0.076776 0.011902
-0.075741 0.994579 -0.071239
-0.017307 0.070123 0.997388
1.595248 3.483610 -22.353903
1851.689390 0.0 0.0
0.995116 0.098013 0.011717
-0.095924 0.988189 -0.119503
-0.023292 0.117796 0.992765
1.458585 3.816148 -22.705626
1852.352544 0.0 0.0
0.990662 0.134151 -0.024334
-0.136242 0.967287 -0.213995
-0.005170 0.215312 0.976532
1.268979 3.191580 -23.058354
1864.771413 0.0 0.0
0.984906 0.172673 -0.012011
-0.167784 0.935364 -0.311356
-0.042528 0.308672 0.950217
0.947493 1.945855 -23.410999
1874.932948 0.0 0.0
0.981148 0.192329 -0.018919
-0.184954 0.906095 -0.380504
-0.056040 0.376830 0.924586
0.332391 1.432535 -24.178584
1604.842928 0.0 0.0
0.993414 0.110194 -0.031407
-0.114481 0.942955 -0.312617
-0.004833 0.314153 0.949360
0.022499 1.383417 -18.906308
1872.529717 0.0 0.0
0.969835 0.235222 -0.063956
-0.236450 0.844009 -0.481394
-0.059255 0.481996 0.874168
0.094825 -0.207235 -26.181019
1884.965322 0.0 0.0
0.967095 0.237947 -0.090042
-0.247373 0.796789 -0.551302
-0.059436 0.555436 0.829432
0.067102 -0.192211 -25.818135
1868.475051 0.0 0.0
0.959718 0.248922 -0.130302
-0.265367 0.650700 -0.711456
-0.092310 0.717375 0.690545
-0.395566 -1.549784 -25.209293
1580.475991 0.0 0.0
0.983824 -0.147789 -0.101239
0.176174 0.900608 0.397326
0.032456 -0.408734 0.912076
-1.841478 10.795245 -22.277502
1521.545287 0.0 0.0
0.988614 -0.122515 -0.087363
0.143806 0.940176 0.308851
0.044297 -0.317897 0.947090
-1.570437 8.184362 -20.622797
1518.921560 0.0 0.0
0.990582 -0.106474 -0.086086
0.123922 0.964556 0.232969
0.058229 -0.241443 0.968667
-1.257144 7.827969 -19.594741
1527.597139 0.0 0.0
0.994287 -0.080568 -0.070011
0.088740 0.988460 0.122765
0.059312 -0.128277 0.989963
-0.994885 6.906684 -17.791988
1524.857675 0.0 0.0
0.996343 -0.051319 -0.068315
0.053961 0.997842 0.037415
0.066247 -0.040965 0.996962
-0.794075 5.990174 -17.058001
1494.512474 0.0 0.0
0.996591 -0.015441 -0.081048
0.012397 0.999204 -0.037923
0.081569 0.036789 0.995988
-0.074836 4.151453 -16.514805
1457.611008 0.0 0.0
0.997377 0.004446 -0.072249
-0.010729 0.996167 -0.086807
0.071586 0.087355 0.993602
-0.289748 2.843748 -15.620110
1565.586832 0.0 0.0
0.991042 0.123890 -0.049864
-0.133534 0.924911 -0.355962
0.002020 0.359432 0.933169
0.779940 1.048565 -18.252347
1454.235835 0.0 0.0
0.996451 0.042689 -0.072552
-0.058805 0.969712 -0.237067
0.060235 0.240492 0.968780
0.076303 1.916465 -14.560477
1473.212991 0.0 0.0
0.996953 0.064397 -0.044014
-0.074289 0.955904 -0.284127
0.023776 0.286531 0.957776
-1.153941 1.055064 -14.889406
1518.112875 0.0 0.0
0.995097 0.088731 -0.043695
-0.098424 0.931948 -0.348978
0.009756 0.351568 0.936112
-1.242149 1.740525 -14.974317
1541.077640 0.0 0.0
0.989869 0.122723 -0.071402
-0.141684 0.886371 -0.440762
0.009197 0.446414 0.894779
-1.402858 -0.381522 -17.070501
1551.138646 0.0 0.0
0.984002 0.155652 -0.086680
-0.177911 0.832769 -0.524255
-0.009417 0.531289 0.847139
-1.130940 -0.679407 -18.133059
1553.863538 0.0 0.0
0.979285 0.170792 -0.108770
-0.202199 0.796242 -0.570187
-0.010776 0.580369 0.814282
-0.924249 -2.069942 -18.765660
1559.022608 0.0 0.0
0.974434 0.195930 -0.109950
-0.219954 0.732171 -0.644629
-0.045800 0.652332 0.756548
-1.379304 -2.662126 -19.530919
1548.141063 0.0 0.0
0.966185 0.215571 -0.141478
-0.245741 0.603662 -0.758422
-0.078089 0.767542 0.636224
-1.539453 -2.889864 -20.877119
1554.156701 0.0 0.0
0.960517 0.230361 -0.156018
-0.259671 0.540917 -0.799987
-0.099893 0.808915 0.579378
-1.469900 -3.474707 -20.741959
1687.473239 0.0 0.0
0.990719 -0.105295 -0.085958
0.128294 0.933290 0.335427
0.044905 -0.343342 0.938137
-1.218000 9.248219 -23.478467
1619.952265 0.0 0.0
0.983892 0.163661 -0.071917
-0.178449 0.875255 -0.449538
-0.010627 0.455130 0.890361
0.165557 -0.784341 -19.917684
1738.860942 0.0 0.0
0.996882 -0.067208 -0.041349
0.077270 0.937665 0.338842
0.015998 -0.340981 0.939934
-1.912552 5.954899 -24.462262
1726.277369 0.0 0.0
0.998102 -0.054263 -0.029104
0.059997 0.963367 0.261391
0.013854 -0.262641 0.964794
-2.030996 6.643764 -23.758289
1733.403598 0.0 0.0
0.999507 -0.020045 -0.024179
0.023553 0.987656 0.154855
0.020777 -0.155348 0.987641
-1.553894 6.023294 -22.508996
1724.249110 0.0 0.0
0.999402 0.004688 -0.034246
-0.002722 0.998358 0.057218
0.034458 -0.057090 0.997774
-1.446311 5.389700 -22.923736
1722.693627 0.0 0.0
0.998811 0.032687 -0.036170
-0.034233 0.998490 -0.042970
0.034711 0.044157 0.998421
-1.290345 4.502139 -21.872370
1703.757619 0.0 0.0
0.997892 0.064506 -0.007047
-0.064816 0.985697 -0.155566
-0.003089 0.155695 0.987800
-1.302527 1.527769 -19.648283
1714.811260 0.0 0.0
0.994957 0.093802 -0.035534
-0.098991 0.975427 -0.196834
0.016198 0.199358 0.979793
-0.835295 2.144972 -20.566657
1737.373472 0.0 0.0
0.990774 0.135050 -0.011319
-0.129353 0.917438 -0.376264
-0.040430 0.374257 0.926443
-1.149864 0.786206 -19.535889
1749.349419 0.0 0.0
0.987322 0.157840 -0.016801
-0.150726 0.899071 -0.411039
-0.049773 0.408360 0.911463
-0.953154 0.150465 -20.019254
1738.532212 0.0 0.0
0.981227 0.188787 -0.039405
-0.184275 0.857525 -0.480306
-0.056885 0.478551 0.876215
-0.971253 -0.416584 -20.039642
1625.681905 0.0 0.0
0.979238 0.191118 -0.067579
-0.196778 0.816098 -0.543381
-0.048698 0.545397 0.836762
0.938929 -2.448681 -19.720209
1713.671269 0.0 0.0
0.974257 0.212446 -0.075436
-0.214909 0.774124 -0.595437
-0.068101 0.596321 0.799852
-1.430352 -2.016114 -20.365699
1675.607437 0.0 0.0
0.969122 0.217690 -0.115815
-0.234053 0.664296 -0.709881
-0.077599 0.715068 0.694735
-1.155251 -4.479391 -20.514048
1663.811239 0.0 0.0
0.962614 0.239578 -0.126398
-0.247126 0.585662 -0.771965
-0.110919 0.774340 0.622972
-1.487306 -4.758938 -20.611830
1637.124762 0.0 0.0
0.985183 -0.140928 -0.097742
0.169302 0.890213 0.422916
0.027411 -0.433197 0.900882
-2.275100 8.230797 -22.623193
1642.560342 0.0 0.0
0.989780 -0.123800 -0.070775
0.140997 0.923857 0.355820
0.021335 -0.362163 0.931871
-2.475189 7.646285 -22.037072
1650.283343 0.0 0.0
0.993001 -0.100350 -0.062279
0.112935 0.961096 0.252073
0.034561 -0.257342 0.965702
-1.879293 6.531234 -20.319484
1633.927291 0.0 0.0
0.996823 -0.072510 -0.032972
0.077284 0.980642 0.179910
0.019289 -0.181887 0.983130
-1.802989 7.221583 -18.412097
1655.328088 0.0 0.0
0.999277 -0.036475 -0.010712
0.037289 0.995287 0.089521
0.007396 -0.089856 0.995927
-1.761732 4.415129 -17.746819
1641.768516 0.0 0.0
0.999882 -0.011762 -0.009847
0.011561 0.999728 -0.020254
0.010082 0.020138 0.999746
-1.382884 3.637115 -16.714587
1668.628643 0.0 0.0
0.999537 0.022393 -0.020581
-0.024622 0.993020 -0.115350
0.017855 0.115803 0.993112
-1.439664 0.696864 -17.951025
1649.026356 0.0 0.0
0.970990 0.223165 -0.085877
-0.226333 0.741892 -0.631165
-0.077143 0.632292 0.770880
1.207251 -2.545964 -20.596268
1644.643451 0.0 0.0
0.997027 0.062212 -0.045453
-0.071829 0.963943 -0.256231
0.027873 0.258734 0.965546
-1.105486 3.003876 -18.048975
1597.772332 0.0 0.0
0.963716 0.254246 -0.081302
-0.244293 0.717335 -0.652496
-0.107574 0.648682 0.753418
-0.389830 -4.066646 -19.762399
1683.511131 0.0 0.0
0.948417 0.285683 -0.137444
-0.294410 0.632862 -0.716106
-0.117596 0.719632 0.684325
-0.813216 -1.909415 -22.150295
1629.505433 0.0 0.0
0.943511 0.294182 -0.152462
-0.308221 0.610369 -0.729692
-0.121605 0.735464 0.666562
-0.389694 -5.184802 -21.225876
0.421882 -7.066144 -7.477790
141 54 61
20 5 1520 94.59 -195.24 6 1483 84.41 -185.64 7 1400 63.68 -137.28 8 957 52.25 -120.36 4 1469 70.83 -155.65 9 1044 12.09 -135.66 10 550 -27.46 -121.87 39 1428 -77.92 -262.92 40 1280 -47.78 -195.96 41 964 -96.74 -178.45 42 1183 -91.26 -191.03 43 620 -93.70 -173.18 38 1258 -47.29 -132.57 36 1313 -47.69 -128.10 35 1171 -57.11 -125.25 0 800 26.07 -148.12 22 1054 40.62 -160.29 54 743 -63.41 -347.72 53 1579 -52.65 -220.35 52 1711 -65.87 -219.33
-0.452839 -7.459862 -7.329642
141 130 128
29 5 1533 39.60 -219.50 6 1492 28.64 -209.04 7 1399 9.48 -159.04 8 981 -0.68 -139.69 4 1477 15.63 -180.74 9 1042 -40.29 -153.51 10 982 -79.03 -137.26 39 1084 -133.09 -283.84 40 972 -101.79 -214.17 41 962 -152.82 -194.19 42 635 -143.99 -205.60 43 618 -146.51 -185.93 36 1328 -105.09 -149.89 37 1206 -99.69 -142.14 35 847 -110.12 -150.47 0 823 -25.29 -168.20 11 568 -56.94 -187.85 21 479 -10.33 -245.61 22 519 -13.57 -178.48 23 593 -9.64 -220.03 24 891 -104.66 -241.30 56 966 -101.59 -137.81 54 1094 -120.41 -374.89 20 1187 12.95 -186.56 53 1598 -113.18 -249.73 52 1479 -125.92 -250.58 18 1383 -19.66 -86.51 50 1590 -74.00 -163.92 51 1689 -100.21 -96.66
-0.018264 -8.023893 -7.759895
144 133 129
15 5 1813 65.19 -254.45 6 1766 52.92 -240.29 8 1315 21.85 -167.72 4 1736 43.29 -218.88 9 1384 -19.31 -177.20 10 1327 -58.05 -158.08 13 1112 -57.96 -119.69 40 1535 -77.68 -240.60 38 1643 -75.67 -182.23 37 1610 -72.34 -174.55 0 1132 -2.88 -188.81 21 1574 14.69 -272.12 22 1426 8.06 -196.12 53 1919 -81.72 -280.24 52 1907 -95.09 -283.98
1.046707 -0.775060 -7.515190
52 30 20
25 5 269 156.99 183.15 6 1331 159.53 195.04 7 1533 148.43 234.60 8 1436 150.39 235.34 9 1716 121.88 204.14 10 1684 85.43 201.54 12 1794 83.32 140.77 13 2136 94.73 177.92 0 1256 89.31 193.68 11 1816 72.62 176.69 21 1468 77.86 172.42 22 1811 127.62 177.05 23 1108 105.15 192.24 24 1525 8.59 158.79 25 1417 1.57 243.31 27 1091 24.36 152.02 28 990 45.36 85.37 33 2090 95.39 104.20 44 1949 140.89 49.29 56 1741 13.98 265.31 54 1434 -17.07 50.19 26 1041 2.06 135.03 29 1452 16.71 83.82 53 1411 -20.63 204.34 52 178 -43.31 196.13
1.055815 -0.781605 -7.530229
52 30 20
21 5 268 156.99 183.15 6 1330 159.53 195.04 7 1534 148.43 234.60 8 1437 150.39 235.34 9 1717 121.88 204.14 10 1685 85.43 201.54 12 1795 83.32 140.77 13 2137 94.73 177.92 14 2122 86.07 182.47 0 1257 89.31 193.68 11 1817 72.62 176.69 23 1109 105.15 192.24 24 1526 8.59 158.79 27 1092 24.36 152.02 28 991 45.36 85.37 33 2091 95.39 104.20 44 1950 140.89 49.29 26 1042 2.06 135.03 29 1453 16.71 83.82 53 1412 -20.63 204.34 52 177 -43.31 196.13
-0.075724 -7.282617 -7.261258
145 125 126
26 5 2407 63.29 -209.29 6 2209 52.00 -199.65 7 2135 33.27 -150.78 8 2021 21.84 -133.61 4 2279 39.18 -169.62 9 2075 -18.60 -149.62 39 2043 -110.33 -274.39 40 1919 -79.58 -206.76 41 1978 -128.14 -190.18 38 1867 -79.24 -142.72 36 1936 -81.05 -139.29 37 1862 -76.87 -132.55 0 1781 -4.18 -162.23 11 2118 -35.97 -182.54 21 2005 9.83 -235.96 22 2149 7.78 -176.19 23 1379 15.62 -213.93 24 1878 -80.89 -238.77 56 2115 -77.76 -130.60 54 1805 -97.27 -364.72 20 1862 36.61 -176.84 53 2498 -87.85 -237.34 52 2230 -100.96 -236.37 19 1686 1.84 -99.41 50 2076 -49.65 -149.65 51 2148 -74.40 -82.48
-1.811442 -6.215880 -6.472980
99 70 54
13 5 613 -41.52 -141.82 6 1096 -49.45 -134.80 7 1373 -63.54 -85.75 4 1056 -68.74 -97.40 9 529 -110.71 -94.68 3 960 -77.00 -93.60 40 457 -181.55 -149.48 42 570 -222.24 -154.72 43 592 -222.40 -139.53 38 933 -183.02 -80.23 36 1300 -189.14 -69.87 34 253 -185.74 -135.17 35 806 -200.92 -68.86
0.782469 -5.868160 -7.225333
148 108 60
3 5 583 123.50 -123.35 6 563 113.87 -117.75 37 431 -25.82 -51.38
0.913944 -3.174837 -5.900321
163 120 78
2 5 1057 145.82 48.92 6 989 143.11 44.28
1.021433 -3.123161 -5.935837
156 75 56
9 5 1438 152.95 51.79 6 1405 149.89 47.93 7 1319 136.10 80.71 8 365 123.08 84.97 9 1291 92.39 42.43 10 1257 51.93 37.92 3 825 98.09 107.65 12 789 40.97 -14.35 42 1096 -20.71 -19.52
-1.440431 -6.160844 -6.526453
119 84 66
3 5 1173 -14.35 -136.91 6 1081 -25.68 -131.06 8 481 -49.63 -71.09
8.274376 -8.547266 -5.529343
158 111 89
10 5 783 625.74 -326.02 6 1207 603.42 -345.64 7 1454 560.08 -304.82 8 1047 522.42 -310.06 4 1509 612.15 -259.19 9 1132 457.20 -339.97 10 1059 395.65 -329.56 3 1059 602.06 -224.94 12 505 341.84 -354.37 13 1199 345.55 -320.09
-1.103037 -8.121035 -7.473884
147 127 126
5 5 1227 -0.75 -257.99 6 1152 -12.83 -243.75 7 583 -31.90 -192.79 8 996 -41.24 -168.04 4 1134 -23.85 -221.61
2.657088 -4.623541 -6.605055
155 133 125
7 5 1756 247.83 -49.57 6 1707 242.80 -54.50 7 1354 221.98 -14.51 8 1514 208.42 -12.79 4 1669 218.86 -0.67 9 1334 169.69 -45.89 3 1360 200.76 5.99
8.332056 -9.394291 -5.463046
147 90 73
8 5 1614 629.78 -384.74 6 1226 603.01 -401.68 7 1460 557.00 -359.09 8 1379 517.05 -361.56 4 1188 619.68 -317.13 9 1140 449.18 -386.36 10 1394 386.33 -373.03 3 1482 614.24 -281.55
-1.379713 -6.602184 -6.643369
121 44 45
9 5 1786 -12.80 -164.78 6 1737 -23.38 -158.21 7 1631 -40.61 -110.43 8 1288 -48.42 -94.14 4 1709 -39.73 -122.75 9 1349 -86.89 -113.22 10 966 -123.41 -101.68 3 1868 -49.49 -120.38 13 587 -119.32 -79.10
-1.826359 -6.493864 -6.439619
108 90 81
7 5 1976 -39.34 -156.96 6 1935 -50.85 -151.00 7 1826 -66.65 -103.47 8 1530 -76.64 -87.71 4 1885 -67.88 -114.47 10 1300 -150.38 -96.30 3 1867 -77.16 -111.89
11.959357 1.826619 -7.680727
158 106 59
7 5 2355 822.47 319.19 6 2284 855.05 315.42 4 2217 767.70 368.77 3 2197 709.61 357.18 36 1975 612.22 399.22 37 1887 621.31 386.94 25 1694 782.28 342.18
3.918316 -3.984776 -7.365377
139 125 124
6 5 2260 320.47 -15.06 6 2188 317.69 -15.52 7 2120 296.49 23.16 8 1995 285.86 22.39 4 2129 289.42 31.37 3 2112 268.97 32.73
0.553789 -5.397828 -6.857768
148 103 54
15 5 2389 112.11 -91.92 6 2316 104.01 -88.97 7 2252 85.99 -45.23 8 2125 75.02 -37.39 4 2267 83.81 -47.43 9 2064 36.13 -62.56 10 2030 -4.64 -55.79 3 2246 70.87 -43.99 39 2034 -67.09 -174.13 40 1911 -34.15 -111.51 38 1947 -39.23 -36.45 36 2016 -42.69 -23.17 34 1474 -41.42 -84.86 35 1901 -57.11 -20.55 32 1751 30.87 119.30
3.739691 -5.124325 -7.817959
151 104 58
5 5 2390 301.26 -85.51 6 2197 296.88 -81.57 7 2253 273.63 -40.39 4 2268 273.98 -41.48 3 2247 256.85 -40.54
7.721129 -4.932317 -5.615851
80 51 39
9 5 2492 591.94 -84.18 6 2413 586.25 -106.88 7 2363 553.25 -72.98 8 2209 530.10 -89.60 4 2378 562.99 -16.32 9 2266 477.49 -135.97 10 2130 419.83 -140.14 3 2340 537.78 8.00 12 2119 377.20 -192.77
-5.017871 -1.308657 -2.983709
66 71 74
6 5 2599 -253.83 216.82 6 2538 -261.92 204.76 7 2485 -268.46 243.09 8 2317 -270.76 230.94 4 2495 -293.82 277.00 3 2404 -306.31 283.01
1.119617 -6.184441 -7.072126
141 124 123
2 5 621 143.44 -144.28 6 579 135.00 -140.31
0.409870 -3.161864 -5.827250
150 111 70
6 5 1437 114.15 50.54 6 1399 110.48 47.18 7 932 95.07 87.72 4 923 79.76 103.10 9 1288 53.47 45.46 3 1283 61.62 104.81
1.317702 -6.703766 -7.564571
149 131 127
6 5 1198 152.09 -175.73 6 609 141.33 -167.61 7 546 120.23 -120.66 8 505 107.56 -106.85 40 954 7.42 -179.65 38 958 5.40 -111.80
-1.387795 -6.251133 -6.549902
33 23 22
7 5 1174 -10.95 -142.87 6 1097 -22.44 -137.51 7 1033 -38.69 -90.43 9 530 -84.84 -97.47 39 1042 -192.47 -220.23 34 770 -157.91 -136.21 35 1162 -175.06 -70.82
1.085691 -6.705699 -7.592983
142 128 127
32 5 1521 137.77 -175.68 6 1120 128.73 -167.55 7 1388 106.51 -120.06 8 959 95.59 -105.72 4 1083 114.65 -135.73 9 1353 53.92 -121.88 10 1317 13.56 -108.58 3 1698 101.25 -132.86 12 1178 1.76 -127.19 13 1494 9.88 -85.11 14 532 -0.41 -44.00 39 1417 -37.49 -240.29 40 1512 -9.98 -174.79 42 1545 -48.57 -172.62 43 1216 -50.24 -158.11 38 956 -8.08 -111.17 45 1642 -70.93 -163.05 37 1181 -8.47 -99.92 34 970 -7.13 -166.30 35 1390 -23.63 -100.94 32 947 71.64 33.83 21 1293 83.05 -198.01 23 1168 86.17 -176.32 24 1593 -11.18 -199.01 25 1355 -26.46 -119.57 27 675 -22.76 -136.68 26 800 -34.04 -178.73 20 1443 106.61 -139.24 19 1263 72.77 -59.25 18 1364 75.81 -36.14 17 1422 74.29 -16.44 16 1347 61.32 -17.39
-1.266213 -6.752387 -6.703910
125 108 101
9 5 1787 -4.57 -174.74 6 1748 -16.25 -167.14 7 1633 -33.13 -118.68 8 1295 -44.25 -102.87 4 1888 -30.54 -132.65 9 1028 -83.01 -121.15 10 546 -121.32 -108.71 3 1869 -40.23 -130.77 13 588 -116.59 -84.26
6.593688 1.579927 -7.172306
86 49 40
7 5 896 501.80 320.79 6 828 523.31 322.95 7 757 511.40 354.94 4 81 453.07 366.25 9 151 489.25 285.39 10 779 447.54 270.32 3 85 409.34 352.87
6.994037 1.523711 -6.477752
125 92 73
3 5 897 540.33 326.96 6 830 562.89 321.96 3 86 443.12 367.61
-5.215490 -7.075981 -3.080782
223 132 123
2 5 667 -289.02 -197.60 6 619 -302.76 -212.73
6.778602 -0.686443 -7.197177
112 55 38
4 5 984 508.40 182.04 6 921 520.49 175.97 4 856 466.32 232.25 3 153 428.26 226.17
-6.026363 -2.474325 -3.576489
236 227 152
3 5 301 -324.94 131.82 6 279 -335.66 125.25 3 167 -370.60 191.80
1.009240 -3.703407 -6.271708
140 94 74
5 5 1083 149.07 12.91 6 461 145.05 10.49 7 420 127.11 51.15 8 390 117.05 51.19 3 272 98.99 65.43
7.173837 -6.796582 -6.658813
121 77 59
4 5 698 530.18 -201.90 6 633 518.19 -212.56 8 548 459.31 -176.65 3 422 493.70 -123.83
6.996798 2.745075 -6.335528
192 165 138
11 5 870 541.73 408.00 6 810 569.93 405.40 8 66 566.73 408.03 4 757 486.03 456.62 9 75 544.53 348.03 3 666 435.82 439.77 40 45 442.15 354.73 41 115 446.58 338.70 42 148 462.26 292.39 43 927 477.25 258.87 38 20 380.50 451.63
6.205353 3.030235 -8.309091
77 48 26
7 5 1336 462.97 392.76 6 1270 487.99 407.60 7 1178 479.61 441.29 8 1085 492.66 433.08 9 1175 472.85 390.51 10 1114 436.37 378.08 3 687 367.38 400.58
5.980829 -1.342175 -7.756409
66 47 41
5 5 1412 448.06 137.70 6 1367 455.56 138.96 7 1282 438.14 172.90 8 1187 433.55 165.43 3 786 376.54 178.50
6.339133 -1.554573 -7.780624
88 64 59
5 5 1413 468.98 124.48 6 942 476.32 124.35 7 1284 457.56 158.68 9 909 415.86 109.81 3 787 399.36 165.92
6.973967 -5.157526 -6.909412
132 107 103
6 5 1490 516.60 -95.39 6 1727 509.00 -106.97 8 1290 461.71 -75.90 4 1051 490.12 -39.42 10 1321 360.56 -109.30 3 922 468.31 -27.79
-8.561334 -5.760953 -5.200851
231 226 164
5 5 540 -493.82 -94.14 6 1057 -502.32 -81.58 7 461 -505.81 -29.58 9 472 -532.89 -23.86 3 928 -531.75 -55.36
-8.561334 -5.760953 -5.200851
231 226 164
5 5 541 -493.82 -94.14 6 1056 -502.32 -81.58 7 460 -505.81 -29.58 9 471 -532.89 -23.86 3 929 -531.75 -55.36
-0.530762 -7.550397 -7.310481
45 35 33
18 5 1208 34.30 -225.33 6 1138 22.96 -213.92 7 1058 3.27 -164.22 8 982 -7.25 -144.22 4 1103 10.47 -186.88 3 1028 3.25 -186.58 39 519 -140.47 -288.33 40 971 -106.94 -219.19 38 973 -105.69 -157.15 37 488 -101.18 -147.88 21 973 -17.88 -250.30 20 378 10.61 -192.09 53 1182 -117.97 -256.12 52 1478 -131.93 -257.26 18 1047 -21.99 -92.74 50 1352 -77.07 -171.23 51 1434 -103.85 -104.51 15 1030 -27.40 64.55
6.818925 2.969170 -6.772923
160 97 64
7 5 1330 528.64 412.82 6 1260 554.81 415.96 7 1166 544.41 446.25 8 672 553.72 425.78 4 1245 473.73 457.87 9 768 532.59 368.25 3 1167 424.31 438.95
7.036511 0.842228 -6.280798
135 110 80
9 5 1359 545.36 285.56 6 1620 564.83 277.17 7 1518 549.41 306.22 8 1124 548.47 283.85 9 1223 518.62 226.71 10 1186 472.29 207.39 3 1193 451.79 334.51 12 1094 448.01 109.11 13 1412 468.42 134.67
6.398580 -1.389953 -7.726815
76 54 54
8 5 1716 473.29 136.94 6 1369 481.97 133.39 7 1283 463.83 167.15 8 1460 459.97 157.54 4 1342 434.55 181.27 9 1543 424.10 118.31 10 1519 380.00 113.21 3 1262 401.25 176.13
0.866303 -3.016596 -5.956644
162 120 92
19 5 1428 142.66 59.91 6 1404 140.05 55.59 7 1311 124.00 94.01 8 1226 115.59 89.72 4 924 107.59 111.80 9 1290 82.62 50.55 10 1256 41.58 47.39 3 1284 88.30 114.77 12 1136 32.56 -8.27 13 1042 39.76 24.00 39 1356 -37.69 -37.36 40 1214 -1.27 19.28 41 1282 -41.16 11.37 42 1497 -29.52 -14.21 43 1569 -28.24 -17.64 38 1197 -17.32 103.94 45 1189 -48.34 -61.03 36 1224 -29.00 130.04 37 766 -22.94 120.95
-9.082218 -4.660414 -5.561066
234 219 156
5 5 1459 -517.58 -19.23 6 1003 -528.14 -4.63 8 851 -521.42 70.76 9 935 -554.31 53.91 3 1341 -556.79 9.55
-9.086917 -4.662149 -5.572945
234 219 156
8 5 1458 -517.58 -19.23 6 1002 -528.14 -4.63 7 1325 -530.67 47.58 8 850 -521.42 70.76 4 1389 -553.45 17.02 9 934 -554.31 53.91 10 869 -581.79 63.51 3 1342 -556.79 9.55
1.929125 -4.884978 -6.508187
157 131 116
3 5 1476 201.91 -65.81 6 1441 195.14 -66.80 3 1378 157.49 -8.79
1.262215 -5.300929 -7.139820
130 75 44
4 5 555 155.89 -88.06 6 1065 147.05 -87.28 4 1042 126.91 -43.93 3 1392 111.32 -45.75
7.280374 -7.320493 -6.494176
139 76 59
5 5 1566 539.93 -236.55 6 1514 525.82 -246.80 8 1335 459.94 -211.44 4 1484 521.22 -175.82 3 1429 506.80 -156.05
3.568114 -7.471932 -8.736404
136 120 122
7 5 1539 277.02 -224.41 6 1499 264.14 -211.84 7 1414 239.15 -164.84 8 1307 224.75 -148.26 4 1482 256.95 -187.42 9 1371 178.39 -159.99 3 1443 247.92 -189.89
6.697584 3.029737 -6.932100
187 163 112
5 5 1639 516.78 415.18 6 1582 544.26 417.98 8 1399 545.61 430.93 9 1475 525.86 374.76 3 1543 412.35 437.44
6.801359 2.574223 -6.763126
161 86 54
5 5 1337 525.49 388.35 6 1271 551.82 389.34 7 1183 541.22 419.43 4 1257 471.12 434.85 3 1544 421.99 417.86
7.119008 -0.316184 -6.176315
143 112 84
9 5 1694 550.62 213.92 6 1642 565.20 203.12 7 1540 545.48 230.70 8 1447 539.95 207.38 4 1607 505.35 270.03 9 1534 505.47 150.74 10 1507 458.06 136.16 3 1576 464.57 270.21 12 1117 428.28 46.70
1.112154 -5.184082 -6.857610
146 93 54
5 5 1959 146.69 -82.30 6 1713 140.07 -79.36 7 1617 121.00 -36.61 4 1676 119.00 -35.93 3 1659 105.40 -33.12
7.397831 -6.486947 -6.003234
73 46 27
8 5 1794 559.72 -184.51 6 1763 547.50 -200.27 8 1324 484.33 -173.09 4 1711 536.92 -121.17 9 1404 429.28 -208.38 10 1360 373.26 -204.11 3 1684 519.60 -96.68 13 1159 336.16 -211.17
7.181340 -6.640566 -6.536168
136 78 59
10 5 1984 534.30 -191.39 6 1953 522.13 -203.47 7 1845 487.66 -164.33 8 1559 462.96 -169.46 4 1894 512.19 -133.35 9 1631 408.29 -201.60 10 1605 354.46 -194.41 3 1694 495.81 -113.66 12 1226 313.54 -231.95 13 1830 321.45 -196.66
0.365794 -6.753952 -7.304405
147 59 57
26 5 1788 91.44 -175.75 6 1749 82.94 -167.86 4 1715 66.79 -134.83 9 1351 13.82 -123.69 10 1314 -26.25 -110.20 3 1696 58.12 -134.13 39 1416 -82.33 -247.02 41 1355 -100.58 -165.31 42 1182 -92.09 -178.10 43 1213 -93.18 -162.77 38 1475 -53.75 -115.47 36 1558 -55.33 -110.33 35 1389 -67.13 -107.04 32 1196 28.26 27.62 11 1087 -6.81 -156.82 23 810 44.81 -182.73 54 1313 -66.58 -333.34 20 1442 63.95 -143.17 53 1899 -57.01 -201.36 19 1262 25.76 -62.60 18 1602 28.03 -37.48 17 1712 31.06 -18.01 50 1576 -25.12 -113.08 16 1680 20.70 -19.76 49 1804 -47.04 -70.43 51 1850 -47.13 -45.53
1.053668 -7.101547 -7.674808
141 125 125
24 5 1535 133.74 -198.12 6 1119 123.69 -188.25 7 1401 101.16 -141.10 8 961 90.54 -124.25 4 1085 111.83 -158.23 9 584 49.86 -139.26 10 968 7.28 -124.90 3 1699 98.40 -159.32 12 865 -5.73 -142.39 13 593 4.09 -98.44 39 1086 -39.84 -261.53 40 974 -10.79 -196.64 41 966 -58.58 -177.44 42 1184 -54.44 -190.11 43 1627 -58.85 -174.06 38 494 -9.07 -131.38 36 976 -9.40 -128.84 37 1197 -11.23 -122.54 34 971 -7.52 -192.89 35 1173 -22.58 -126.81 21 959 81.80 -220.83 19 1060 73.16 -84.77 18 1035 76.62 -60.24 17 1434 75.40 -41.70
1.852655 -7.231882 -8.138914
143 49 51
9 5 1800 180.19 -206.37 6 1751 168.79 -194.85 7 1403 146.96 -147.28 8 1296 133.08 -131.28 3 1711 148.81 -168.89 38 1271 34.56 -141.55 36 994 37.39 -140.90 35 850 25.25 -137.14 53 1901 40.98 -225.13
8.387826 -9.899971 -5.560281
143 92 73
7 5 1621 629.59 -417.53 6 1563 601.56 -433.82 8 1378 512.39 -388.01 4 1780 622.93 -352.56 9 1442 444.34 -409.86 3 1757 619.69 -317.02 13 1208 326.37 -369.38
11.523044 3.216608 -7.703652
146 119 94
8 5 2052 798.54 402.89 6 1998 838.77 402.71 7 2066 827.13 428.67 8 1958 842.33 403.27 4 1940 738.35 449.63 3 1783 676.11 431.39 38 1676 635.73 455.46 36 1625 577.55 473.61
6.086156 2.226481 -7.636296
72 84 93
4 5 2055 464.81 353.19 6 2003 485.48 365.37 4 1945 414.88 395.51 3 1790 372.62 376.62
7.015719 1.258397 -6.253892
139 108 87
10 5 1873 546.51 308.23 6 1839 566.91 306.99 7 1723 552.85 334.31 8 1642 553.54 312.20 4 1798 495.24 366.60 10 1469 480.09 232.28 3 1791 449.30 359.85 12 1375 455.45 131.70 13 1709 476.89 156.53 14 1818 477.86 119.03
6.751462 0.220784 -7.057658
137 75 64
10 5 1880 510.17 237.26 6 1851 526.68 235.75 7 1739 510.01 266.39 8 1662 510.18 250.48 4 1810 465.59 288.05 9 1718 479.46 200.75 3 1803 425.31 280.09 12 1388 413.10 102.07 13 1719 432.22 130.79 14 1817 434.24 111.06
7.096765 -5.129030 -6.668441
125 67 52
10 5 1962 528.52 -95.38 6 1728 524.24 -104.59 7 1823 493.03 -69.50 8 1732 472.98 -78.77 4 1869 501.18 -38.11 9 1794 422.94 -117.02 10 1583 371.48 -114.04 3 1846 479.75 -22.60 12 1457 333.18 -162.99 13 1803 343.54 -129.80
7.462777 -5.433837 -5.713578
135 108 82
10 5 1968 571.72 -115.67 6 1939 563.70 -136.82 7 1834 530.83 -100.92 8 1744 505.40 -116.28 4 1871 544.86 -50.32 9 1801 452.79 -158.86 10 1596 396.76 -158.39 3 1847 523.02 -26.52 12 1478 352.60 -209.56 13 1818 361.17 -180.31
7.140146 -5.505727 -6.642010
129 67 57
14 5 1966 529.55 -119.40 6 1932 523.02 -130.56 7 1824 491.01 -94.01 8 1540 471.07 -101.11 4 1870 503.75 -62.14 9 1609 419.57 -137.55 10 1593 366.92 -134.55 3 1856 483.97 -44.39 12 1205 329.63 -180.03 13 1812 338.62 -146.45 14 1452 323.92 -128.01 41 1601 330.06 -166.46 42 1786 330.36 -191.78 43 1917 321.78 -197.95
-1.487723 -7.080003 -6.856158
111 90 70
7 5 1192 -21.04 -192.93 6 1114 -32.17 -184.37 7 1398 -49.06 -137.99 8 954 -58.35 -117.02 4 1080 -47.47 -152.24 9 1041 -96.26 -134.39 3 1871 -54.36 -154.72
2.074913 -7.466231 -8.185520
40 34 30
5 5 1988 192.06 -222.32 6 1949 180.22 -210.65 7 1835 157.27 -163.25 4 1898 170.48 -184.62 3 1879 161.82 -185.89
8.302275 3.649234 -6.816159
150 65 56
10 5 2199 618.59 452.64 6 2123 652.82 454.14 7 2051 644.80 481.75 8 2084 656.52 458.94 3 1936 502.19 476.94 39 2086 486.67 372.64 40 1956 527.87 406.94 38 1785 455.96 501.84 36 1741 403.95 517.84 37 1773 420.71 504.25
6.565418 3.444499 -7.418137
182 109 66
5 5 2201 500.29 431.11 6 2131 529.57 440.90 7 2060 521.56 473.33 4 2080 445.52 471.19 3 1941 396.89 446.80
6.407557 3.165366 -8.132606
162 121 64
6 5 2206 478.01 403.44 6 2129 504.99 417.35 7 2059 497.15 450.38 8 1955 509.36 439.99 4 2086 425.85 439.95 3 1949 378.72 411.56
-1.088401 -5.737527 -6.382367
126 58 46
6 5 2143 8.01 -111.26 6 1930 1.93 -110.79 8 1726 -26.92 -49.92 4 2004 -21.44 -64.12 9 1784 -62.11 -74.00 3 1995 -30.06 -63.16
1.958801 -5.627503 -6.922101
138 117 111
4 5 2144 198.44 -112.92 6 2063 189.34 -110.95 4 2006 171.55 -63.17 3 1996 159.60 -60.98
1.163418 -6.913440 -7.653745
36 26 24
24 5 2150 139.95 -187.24 6 2070 129.24 -178.37 7 1986 108.59 -131.03 8 1894 96.62 -115.94 4 2020 116.06 -147.10 9 1791 55.67 -132.33 10 1757 15.55 -118.32 3 2015 106.05 -146.49 43 2080 -48.33 -166.61 38 1758 -5.61 -121.24 36 1931 -6.62 -117.03 37 1738 -5.21 -111.12 34 1357 -1.43 -179.51 35 1671 -17.93 -113.92 32 1639 76.51 21.16 21 1876 87.12 -210.03 23 1290 93.78 -189.24 24 1757 -1.67 -210.99 25 1474 -18.22 -132.46 26 949 -25.58 -188.26 20 1758 112.47 -152.13 19 1616 78.31 -72.59 18 1953 79.73 -48.42 17 2126 79.08 -28.82
12.738761 1.901024 -8.010231
150 123 102
3 5 2219 863.34 315.60 6 2285 895.75 310.59 3 2066 747.04 354.78
8.269626 -0.132659 -6.392545
147 116 101
18 5 2236 618.47 217.67 6 2157 635.42 204.59 7 2083 615.19 232.77 4 2102 572.05 275.15 3 2075 528.20 276.84 39 2002 463.50 123.32 40 1877 493.50 160.13 38 1825 448.12 271.69 36 1896 419.97 312.50 37 1803 422.57 293.35 34 1187 382.51 250.11 35 1617 374.74 313.33 32 1439 444.74 478.19 21 1945 558.79 211.05 20 1812 570.38 286.51 19 1576 516.81 398.54 18 1916 489.64 427.12 16 1995 411.15 415.29
3.251278 -3.595443 -6.937916
140 123 124
10 5 2250 284.89 11.47 6 2179 282.98 10.03 7 2113 263.48 49.00 8 1988 253.16 46.13 4 2261 252.65 59.68 9 2053 215.52 12.28 10 1873 172.73 12.65 3 2102 231.80 61.61 12 1825 154.84 -36.99 13 1972 165.58 -2.31
3.253357 -3.594194 -6.938215
140 123 124
7 5 2251 284.89 11.47 6 2180 282.98 10.03 7 2114 263.48 49.00 8 1989 253.16 46.13 10 1874 172.73 12.65 3 2103 231.80 61.61 13 1973 165.58 -2.31
3.913273 -3.986666 -7.345127
139 125 124
7 5 2261 320.47 -15.06 6 2189 317.69 -15.52 7 2121 296.49 23.16 8 1996 285.86 22.39 4 2130 289.42 31.37 9 2059 246.38 -9.42 3 2113 268.97 32.73
12.205145 -9.172656 -6.788906
156 124 99
10 5 2313 849.32 -368.79 6 2246 823.20 -385.12 7 2179 772.12 -344.19 8 2061 732.62 -352.33 4 2178 843.70 -303.96 9 1966 656.06 -376.73 10 1935 587.75 -362.13 3 2163 833.27 -272.20 40 1941 636.40 -396.04 41 1908 575.07 -390.33
6.825327 3.259962 -6.644084
183 185 178
8 5 2342 531.73 433.29 6 2276 560.58 435.51 7 2205 551.70 464.48 8 2086 560.80 442.71 4 2200 475.53 479.49 9 2218 540.61 385.91 10 2170 500.44 367.77 3 2188 424.28 459.70
10.456791 3.618241 -7.533310
84 55 32
12 5 2444 737.00 433.38 6 2364 775.27 435.03 7 2311 766.00 462.19 4 2201 674.44 478.29 3 2189 613.46 457.78 39 2259 614.11 357.98 40 2121 653.68 389.87 38 1979 575.92 485.01 36 2051 519.62 499.41 37 1959 534.05 489.17 34 1291 459.25 406.55 35 1847 459.65 478.27
7.297208 1.981299 -6.247937
69 44 31
9 5 2451 565.53 359.28 6 2370 590.65 351.95 7 2322 577.57 380.77 8 2175 581.61 354.67 4 2336 511.69 409.58 9 2224 555.95 292.82 10 2179 512.13 271.97 3 2194 462.66 400.74 12 2190 490.03 168.40
3.405561 -4.063545 -7.196748
36 20 21
10 5 2258 290.46 -19.17 6 2186 287.28 -19.15 7 2118 267.75 21.47 8 1993 256.86 21.16 4 2262 259.77 28.38 9 1921 217.49 -10.43 10 1880 174.14 -7.99 3 2235 239.61 29.87 12 1651 156.36 -53.08 13 1982 165.78 -17.36
-0.084374 -7.281797 -7.342002
145 125 126
20 5 2406 63.29 -209.29 6 2210 52.00 -199.65 7 2136 33.27 -150.78 4 2278 39.18 -169.62 3 2257 30.99 -168.67 39 2044 -110.33 -274.39 40 1920 -79.58 -206.76 38 1866 -79.24 -142.72 36 1935 -81.05 -139.29 37 1861 -76.87 -132.55 34 1359 -72.40 -202.40 35 1915 -90.84 -137.49 54 1806 -97.27 -364.72 20 1861 36.61 -176.84 53 2499 -87.85 -237.34 52 2231 -100.96 -236.37 19 1685 1.84 -99.41 18 2026 4.04 -75.67 50 2075 -49.65 -149.65 51 2147 -74.40 -82.48
6.447524 -0.853165 -7.410186
116 102 101
4 5 2469 483.58 170.41 6 2386 496.07 166.81 4 2359 441.47 219.01 3 2323 405.92 212.10
-4.474399 -4.255671 -2.371425
220 113 113
5 5 2565 -229.75 5.87 6 2483 -242.33 -17.24 7 2433 -251.83 23.51 4 2448 -266.03 75.38 3 2422 -273.29 100.69
4.045522 -3.361052 -7.383692
35 25 26
8 5 2567 329.60 21.67 6 2482 328.87 21.35 7 2432 308.23 60.16 8 2270 300.18 58.17 4 2451 297.46 69.51 9 2324 260.36 24.03 10 2278 219.46 27.90 3 2428 275.10 69.96
5.305666 -4.636761 -8.069723
99 32 49
5 5 2571 394.95 -62.05 6 2487 392.13 -59.12 7 2439 368.10 -16.65 4 2454 365.84 -14.74 3 2435 345.18 -13.81
-1.182299 -7.548879 -7.093792
142 121 119
7 5 2579 -4.53 -224.53 6 2497 -15.80 -214.06 7 2368 -32.54 -161.64 8 2213 -41.53 -142.69 4 2466 -29.30 -184.72 9 2265 -79.68 -156.40 3 2448 -36.88 -183.73
-4.913168 -3.257364 -2.849448
66 72 72
6 5 2602 -253.63 77.57 6 2543 -264.44 60.90 7 2487 -272.07 100.87 8 2323 -277.80 92.88 4 2497 -293.53 141.60 3 2467 -302.21 157.72
4.418699 -5.092183 -8.124789
35 23 24
8 5 2610 340.12 -85.25 6 2550 334.14 -80.41 7 2497 311.48 -38.70 8 2330 298.20 -34.49 4 2503 314.04 -42.04 9 2331 253.79 -58.03 10 2284 210.70 -50.45 3 2471 297.34 -42.88
-4.759907 -7.177317 -2.727294
76 82 81
6 5 2614 -259.07 -208.54 6 2557 -273.30 -226.51 7 2502 -285.60 -178.31 8 2288 -296.81 -171.24 4 2506 -291.39 -143.46 3 2472 -296.47 -112.81
5.795703 -5.268565 -6.474483
40 26 26
4 5 2677 445.96 -98.48 6 2602 443.07 -112.35 4 2557 420.68 -42.96 3 2513 402.30 -28.81
-6.812638 -1.826370 -4.127183
231 225 168
5 5 230 -371.11 174.27 6 902 -381.97 175.74 8 764 -382.66 220.04 4 151 -409.48 222.90 10 270 -442.78 174.07
6.696593 -0.407267 -7.078111
102 58 51
3 5 212 505.07 199.55 6 226 518.99 195.41 4 168 462.84 249.98
-1.529368 -6.823758 -6.734388
119 98 90
4 5 645 -24.58 -178.17 6 602 -31.40 -170.23 7 544 -50.64 -121.97 4 536 -49.02 -137.07
7.254991 -7.973851 -6.441438
149 103 87
7 5 733 538.44 -279.00 6 676 521.35 -289.49 7 628 482.99 -247.31 8 592 453.64 -248.63 4 606 522.15 -219.44 9 663 395.29 -274.81 10 632 339.15 -263.32
6.871342 -0.422766 -6.990346
124 62 53
3 5 958 517.80 198.58 6 896 531.90 194.01 4 855 474.85 250.58
1.106131 -6.723188 -7.620667
135 122 121
8 5 649 139.38 -176.68 6 1121 128.73 -167.55 8 960 95.59 -105.72 4 1084 114.65 -135.73 12 1179 1.76 -127.19 43 1217 -50.24 -158.11 38 957 -8.08 -111.17 21 1294 83.05 -198.01
4.721980 -7.192531 -6.175005
62 31 26
3 5 1212 379.90 -222.02 6 646 364.67 -230.81 4 1090 358.81 -164.49
-0.630921 -7.471762 -7.238185
139 128 127
18 5 1206 28.97 -220.31 6 622 16.30 -209.81 7 562 -2.72 -160.73 8 527 -13.85 -140.75 4 1101 4.28 -182.11 39 1083 -144.46 -283.28 40 970 -112.17 -213.97 38 972 -111.18 -152.81 36 988 -112.54 -151.41 37 923 -108.33 -143.35 21 476 -23.53 -245.44 56 475 -114.53 -140.00 53 567 -127.75 -253.79 52 1088 -140.05 -253.70 19 769 -30.28 -110.85 18 1045 -29.81 -88.67 51 1012 -111.65 -99.93 15 1029 -33.60 70.23
-0.635918 -7.483105 -7.287998
139 128 127
12 5 1207 28.97 -220.31 6 623 16.30 -209.81 7 563 -2.72 -160.73 4 1102 4.28 -182.11 36 989 -112.54 -151.41 37 924 -108.33 -143.35 21 477 -23.53 -245.44 53 566 -127.75 -253.79 52 1089 -140.05 -253.70 19 770 -30.28 -110.85 18 1046 -29.81 -88.67 51 1013 -111.65 -99.93
7.636389 -9.112306 -5.632712
195 113 81
5 5 1293 579.42 -361.90 6 1214 554.74 -376.55 7 661 511.61 -331.84 8 629 474.88 -336.41 4 1186 567.66 -297.13
8.655400 -6.957502 -5.715636
148 121 102
2 5 1545 647.92 -220.96 6 1516 633.69 -242.37
-11.031866 -3.879267 -5.965582
84 67 54
3 5 1048 -637.09 39.02 6 1392 -649.53 58.37 4 1361 -675.48 65.49
1.184767 -3.446293 -6.132192
138 65 47
5 5 1441 161.22 29.33 6 1416 157.78 25.71 8 1229 131.73 64.03 4 1370 127.57 79.82 10 899 57.37 24.91
1.183396 -3.442841 -6.177922
138 65 47
5 5 1440 161.22 29.33 6 1415 157.78 25.71 7 939 140.10 66.24 8 1230 131.73 64.03 4 1371 127.57 79.82
-4.127518 -6.623292 -2.277855
126 150 146
4 5 1515 -213.26 -170.90 6 1478 -228.02 -195.68 8 1300 -254.62 -150.74 4 1441 -246.54 -99.35
-4.126774 -6.623437 -2.281650
126 150 146
3 5 1514 -213.26 -170.90 6 1479 -228.02 -195.68 4 1442 -246.54 -99.35
-1.610649 -7.322700 -6.955594
126 65 41
4 5 1532 -29.74 -209.16 6 1136 -40.93 -199.10 8 953 -66.67 -128.84 4 1476 -55.16 -169.39
3.563450 -7.468256 -8.720579
136 120 122
6 5 1538 277.02 -224.41 6 1498 264.14 -211.84 7 1415 239.15 -164.84 8 1308 224.75 -148.26 4 1481 256.95 -187.42 9 1370 178.39 -159.99
7.171498 -0.281964 -6.321407
143 112 84
3 5 1693 550.62 213.92 6 1643 565.20 203.12 4 1608 505.35 270.03
1.899434 -4.146442 -5.723003
154 135 128
7 5 1749 209.14 -16.81 6 1701 204.19 -21.93 7 1595 185.02 17.24 8 1506 173.00 14.62 4 1658 177.83 35.67 39 1624 21.36 -121.40 40 1488 53.30 -64.72
8.308001 -8.132365 -5.600060
139 64 58
3 5 1596 625.70 -296.23 6 1539 605.18 -319.79 4 1752 610.64 -231.66
-4.082340 -6.464559 -2.226741
82 94 94
5 5 1973 -209.94 -159.73 6 1944 -224.12 -184.34 7 1642 -236.68 -140.07 8 1545 -251.55 -140.94 4 1879 -242.52 -86.74
-3.960834 -6.650250 -2.068732
149 172 170
4 5 2149 -202.62 -173.94 6 2078 -217.43 -200.81 7 1994 -231.26 -155.91 4 2011 -234.72 -100.34
1.936574 -6.798270 -7.893550
36 23 29
17 5 2152 186.58 -179.76 6 2072 176.18 -171.46 7 1988 154.39 -125.06 8 1738 141.52 -110.46 4 2021 162.93 -140.10 9 1792 99.64 -127.43 10 1758 58.38 -113.80 38 1759 38.81 -115.02 36 1834 40.39 -111.89 37 1739 39.17 -104.38 21 1877 133.69 -201.71 23 1291 141.22 -181.03 24 1758 43.88 -202.77 25 1468 28.81 -124.45 20 1759 159.24 -143.81 19 1503 126.45 -63.63 18 1859 127.31 -38.85
1.916619 -6.756065 -7.839629
36 23 29
7 5 2153 186.58 -179.76 6 2073 176.18 -171.46 7 1989 154.39 -125.06 8 1739 141.52 -110.46 4 2022 162.93 -140.10 9 1793 99.64 -127.43 10 1759 58.38 -113.80
0.184573 -8.176790 -7.923387
45 34 35
7 5 2302 77.05 -262.40 6 2085 64.35 -247.71 7 2006 43.44 -196.91 8 1908 31.50 -173.33 4 2038 54.94 -226.39 9 1951 -9.91 -182.24 10 1766 -48.67 -162.57
8.083267 3.310906 -6.783413
151 123 102
9 5 2203 605.25 432.50 6 2132 637.77 432.69 7 2062 628.29 461.14 8 1956 638.80 437.14 4 2075 547.45 478.83 39 1972 469.79 351.18 40 1849 510.10 385.56 38 1784 442.12 481.99 37 1772 406.95 487.23
6.586747 3.461473 -7.497273
182 109 66
4 5 2202 500.29 431.11 6 2130 529.57 440.90 7 2061 521.56 473.33 4 2079 445.52 471.19
6.097198 -0.109932 -7.034947
131 109 105
4 5 2235 470.32 221.04 6 2156 482.52 217.04 7 2082 465.42 248.21 4 2101 425.86 268.25
-4.490535 -1.888755 -2.614245
75 83 85
7 5 2238 -219.21 176.76 6 2158 -229.01 158.68 7 2085 -235.94 197.84 8 1975 -241.93 182.94 4 2105 -259.65 242.09 9 2037 -269.00 124.68 10 2002 -305.75 106.35
13.292717 -5.804193 -7.392196
149 124 107
3 5 2274 904.32 -154.64 6 2207 896.14 -173.59 4 2149 880.73 -89.57
3.367520 -7.504363 -8.680016
139 124 122
9 5 2285 265.07 -226.43 6 2214 253.24 -213.56 7 2146 228.71 -166.01 8 2025 214.16 -148.86 4 2154 245.19 -189.93 9 1942 168.65 -160.32 10 1909 125.72 -142.93 12 1839 106.76 -157.65 13 2005 115.75 -112.60
7.345622 -9.395871 -6.554837
183 104 66
7 5 2312 540.33 -369.54 6 2245 516.61 -377.97 7 2024 476.05 -330.94 8 1935 442.07 -326.40 4 2177 529.91 -314.71 9 1962 379.86 -345.28 10 1793 322.78 -328.87
7.254943 -9.922473 -7.285444
195 160 78
3 5 2318 519.10 -396.66 6 2250 494.89 -397.71 4 2179 509.80 -346.62
-5.866910 0.631971 -3.565225
216 189 102
3 5 2349 -303.08 349.90 6 2369 -311.32 350.12 4 2213 -344.38 399.05
1.459284 -6.257271 -7.379328
142 124 120
17 5 2393 161.31 -146.75 6 2319 152.11 -142.26 7 2255 131.60 -97.23 8 2128 119.40 -85.32 4 2274 136.05 -104.73 9 2173 79.06 -107.01 10 2038 38.27 -97.18 36 2020 10.35 -74.87 20 1858 128.79 -115.04 19 1609 95.57 -30.59 18 1951 94.71 -3.13 17 2220 92.14 14.76 50 1973 41.91 -75.52 16 2186 79.99 12.98 49 2092 17.55 -33.87 51 2140 23.93 -9.15 48 2086 48.05 -11.65
7.337492 -9.708060 -6.350189
190 111 64
9 5 2429 543.64 -392.13 6 2251 518.65 -400.20 7 2178 476.81 -353.27 8 1936 441.07 -347.62 4 2302 534.02 -337.34 9 1965 377.99 -367.10 10 1932 320.04 -349.18 12 1716 272.78 -363.01 13 2034 276.72 -320.65
11.458789 -3.889742 -6.901710
144 63 44
3 5 2485 804.75 -28.75 6 2410 806.89 -49.00 4 2371 772.80 35.11
-5.214551 -4.312431 -2.941487
223 119 116
4 5 2482 -279.09 3.71 6 2407 -290.57 -16.44 7 2357 -298.43 29.62 10 2120 -372.14 -25.61
8.042095 -9.835909 -5.544769
69 43 30
10 5 2526 608.53 -412.98 6 2445 580.29 -428.39 7 2293 533.96 -383.13 8 2235 493.57 -381.02 4 2406 600.23 -347.68 9 2201 425.69 -404.05 10 2163 363.49 -386.96 12 2148 309.25 -402.06 13 2347 310.86 -363.70 14 2213 284.15 -313.53
-4.482277 -4.256355 -2.386250
220 113 113
4 5 2566 -229.75 5.87 6 2484 -242.33 -17.24 7 2434 -251.83 23.51 4 2447 -266.03 75.38
4.772965 -0.051269 -6.482252
144 53 69
4 5 2598 395.54 229.36 6 2536 406.33 228.15 7 2483 390.45 262.72 4 2496 351.02 284.92
-4.350500 -6.250392 -2.323600
222 117 116
4 5 2613 -228.23 -142.42 6 2554 -242.26 -165.93 7 2500 -255.13 -120.95 4 2504 -261.59 -71.41
7.719587 0.513666 -6.270082
148 60 56
8 5 2642 588.53 264.62 6 2573 606.99 250.42 7 2522 589.84 281.40 8 2346 589.38 254.78 4 2526 540.54 321.17 9 2393 556.78 196.55 10 2342 509.45 178.97 12 2346 480.74 85.59
-3.732252 1.271345 -3.593050
43 50 56
3 5 2683 -148.52 386.72 6 2617 -150.71 381.36 7 2566 -157.48 422.04
6.468627 3.629448 -7.285686
203 163 89
2 5 8 497.44 445.30 6 9 527.08 456.27
6.668027 2.281677 -7.120510
120 73 60
3 5 73 509.44 364.60 6 73 534.26 368.99 8 65 530.21 382.22
5.757874 0.574257 -6.822966
97 74 68
2 5 126 452.98 265.23 6 135 469.13 263.91
6.547112 0.462207 -7.029290
136 106 101
2 5 131 499.31 253.91 6 863 515.09 252.21
-6.396572 -0.855834 -3.791121
231 216 149
2 5 136 -342.45 244.70 6 151 -352.16 243.21
-5.999434 -0.895666 -3.624738
228 219 163
2 5 137 -316.56 242.61 6 153 -325.30 238.60
-7.900913 -1.237950 -4.971025
239 224 160
2 5 172 -432.80 210.07 6 146 -443.87 220.65
0.403436 -1.530723 -5.762138
109 52 51
4 5 267 119.47 157.10 6 935 118.90 154.49 8 1180 101.62 184.86 10 1703 33.72 134.96
0.837980 -1.420553 -5.825477
57 33 26
4 5 271 147.04 160.26 6 260 149.89 160.47 8 783 131.78 191.78 40 278 1.27 115.81
-6.049573 -2.476159 -3.638491
236 227 152
