# Bundle file v0.3
60 7864
1.5977530484e+003 4.5738076251e-002 -1.7868271347e-001
9.9581146248e-001 7.6945206009e-002 -4.9385893420e-002
-8.6972101487e-002 9.6379389795e-001 -2.5206581649e-001
2.8202566545e-002 2.5530522429e-001 9.6644909731e-001
1.2763972392e-001 2.1997359575e+000 -1.8869091447e+001
1.6628234183e+003 3.6229800276e-003 -6.5720638764e-002
9.2975799585e-001 3.1496902629e-001 -1.9064254939e-001
-3.3644128013e-001 5.1655863830e-001 -7.8738455549e-001
-1.4952369104e-001 7.9621710964e-001 5.8624310669e-001
-7.0102162215e-001 -5.0366981128e+000 -2.0714352374e+001
1.6969995609e+003 2.4748935371e-003 -6.1025623536e-002
9.1991890948e-001 3.3043797338e-001 -2.1109226829e-001
-3.4875269431e-001 4.4344934612e-001 -8.2566593465e-001
-1.7922264979e-001 8.3316470351e-001 5.2317857241e-001
3.0161028727e-002 -5.1334603038e+000 -2.1975290195e+001
1.8767294712e+003 1.3429942674e-001 -2.3422810854e-001
9.9935551927e-001 -2.2002839139e-002 2.8362319554e-002
1.4283851864e-002 9.6861967469e-001 2.4813685211e-001
-3.2932015981e-002 -2.4757180952e-001 9.6830970327e-001
5.8268901013e-001 6.1402862989e+000 -2.3597196288e+001
1.8870833602e+003 1.6714846408e-001 -3.6325790816e-001
9.9970000188e-001 1.2324632784e-002 2.1166238653e-002
-1.5035391368e-002 9.9098798008e-001 1.3310432132e-001
-1.9335026206e-002 -1.3338263295e-001 9.9087599123e-001
8.9365693696e-001 5.4514361452e+000 -2.2630193738e+001
1.8741866231e+003 1.4518831481e-001 -2.4400571643e-001
9.9884070833e-001 4.4602388331e-002 1.8107079569e-002
-4.5479261484e-002 9.9764656654e-001 5.1312425842e-002
-1.5775809018e-002 -5.2076436380e-002 9.9851848687e-001
1.4901483391e+000 4.2486780444e+000 -2.2116542962e+001
1.8561298800e+003 1.3617888337e-001 -1.8647834826e-001
9.9686170270e-001 7.8266542424e-002 1.1878300932e-002
-7.7255318023e-002 9.9456828233e-001 -6.9753477439e-002
-1.7273144856e-002 6.8616908373e-002 9.9749353800e-001
1.5002862409e+000 3.4614243340e+000 -2.1114837222e+001
1.8479042408e+003 1.3959011805e-001 -1.7579946692e-001
9.9496829523e-001 9.9501380195e-002 1.1728888370e-002
-9.7434358501e-002 9.8821514502e-001 -1.1805665135e-001
-2.3337464872e-002 1.1631982842e-001 9.9293759132e-001
1.3715037591e+000 3.7651633597e+000 -2.1448050094e+001
1.8487679345e+003 1.2492044303e-001 -1.0613033279e-001
9.9045536195e-001 1.3567980789e-001 -2.4272736138e-002
-1.3772994102e-001 9.6740404615e-001 -2.1250852886e-001
-5.3515732202e-003 2.1382329438e-001 9.7685769662e-001
1.1815053805e+000 3.1317681283e+000 -2.1782821285e+001
1.8611566841e+003 1.3142808271e-001 -1.3472796419e-001
9.8464118230e-001 1.7418711446e-001 -1.1857119083e-002
-1.6924632926e-001 9.3562520804e-001 -3.0977596762e-001
-4.2865162420e-002 3.0702494889e-001 9.5073564076e-001
8.8166865403e-001 1.8984041836e+000 -2.2115245762e+001
1.8712241621e+003 1.3158336610e-001 -1.4089367602e-001
9.8084832818e-001 1.9387567942e-001 -1.8675600167e-002
-1.8638850741e-001 9.0647019939e-001 -3.7890777497e-001
-5.6532127301e-002 3.7513197485e-001 9.2524597812e-001
2.9045432972e-001 1.3785997900e+000 -2.2849729002e+001
1.5998328464e+003 6.7951252202e-002 -2.2056513704e-001
9.9323803104e-001 1.1175917852e-001 -3.1434053553e-002
-1.1598203379e-001 9.4322240646e-001 -3.1125497553e-001
-5.1362967381e-003 3.1279606451e-001 9.4980642264e-001
-2.4952325190e-002 1.3529464386e+000 -1.7749523764e+001
1.8688079657e+003 1.4465946997e-001 -1.3080540235e-001
9.6945295783e-001 2.3687664889e-001 -6.3642876836e-002
-2.3785598055e-001 8.4457687853e-001 -4.7970243774e-001
-5.9879003657e-002 4.8018678602e-001 8.7512008059e-001
5.2656310656e-002 -2.3750395608e-001 -2.4774996798e+001
1.8814509994e+003 9.7418049666e-002 2.2107813438e-003
9.6671039718e-001 2.3962996601e-001 -8.9713362271e-002
-2.4869516745e-001 7.9748138528e-001 -5.4970369638e-001
-6.0180741661e-002 5.5371555832e-001 8.3052836123e-001
1.7828492895e-002 -2.5237997014e-001 -2.4434125595e+001
1.8700838275e+003 7.0111760410e-002 7.8250302570e-002
9.5931377390e-001 2.5060046889e-001 -1.3006340070e-001
-2.6648787241e-001 6.5145971252e-001 -7.1034108485e-001
-9.3280743305e-002 7.1610030579e-001 6.9173626114e-001
-4.4096859387e-001 -1.6333279365e+000 -2.3937508282e+001
0 0 0
0 0 0
0 0 0
0 0 0
0 0 0
1.5049735185e+003 -6.9464660920e-002 8.1073295930e-002
9.8880590571e-001 -1.2051481183e-001 -8.7971932853e-002
1.4201837885e-001 9.4098419204e-001 3.0721251666e-001
4.5756539522e-002 -3.1626718207e-001 9.4756604447e-001
-1.6056468159e+000 8.0748821374e+000 -1.9305426342e+001
1.5099317176e+003 -8.5119349931e-002 1.0237999911e-001
9.9070301929e-001 -1.0459357275e-001 -8.6992597989e-002
1.2226368555e-001 9.6495551670e-001 2.3219052947e-001
5.9658350306e-002 -2.4066789425e-001 9.6877233957e-001
-1.3061318921e+000 7.7166172298e+000 -1.8413423932e+001
1.5216949034e+003 -8.4909681802e-002 9.6017807152e-002
9.9436990432e-001 -7.8800382198e-002 -7.0844852668e-002
8.7101665163e-002 9.8858277651e-001 1.2295281171e-001
6.0347272597e-002 -1.2843128025e-001 9.8988060540e-001
-1.0451289699e+000 6.8034087382e+000 -1.6718920171e+001
1.5198861864e+003 -1.2119350685e-001 1.7933870727e-001
9.9636248050e-001 -4.9794626311e-002 -6.9154194685e-002
5.2485154562e-002 9.9791174478e-001 3.7649145911e-002
6.7135057925e-002 -4.1141765005e-002 9.9689530000e-001
-8.4887337964e-001 5.8963633282e+000 -1.6013813199e+001
1.4890192087e+003 -1.5540821283e-001 2.3407845871e-001
9.9653464291e-001 -1.3933318986e-002 -8.2003464001e-002
1.0918793551e-002 9.9925208016e-001 -3.7095285977e-002
8.2458992435e-002 3.6071358671e-002 9.9594144991e-001
-1.5740040975e-001 4.1069589711e+000 -1.5475695276e+001
1.4527262071e+003 -1.7212608274e-001 2.9179487555e-001
9.9731012800e-001 5.9636645779e-003 -7.3054385813e-002
-1.2234192527e-002 9.9624676336e-001 -8.5689620306e-002
7.2269171262e-002 8.6352887617e-002 9.9363994771e-001
-3.5778327614e-001 2.8346775171e+000 -1.4616730302e+001
1.5611694076e+003 7.1836983484e-002 -1.9437537771e-001
9.9084026844e-001 1.2544606199e-001 -4.9988478267e-002
-1.3502740430e-001 9.2524700026e-001 -3.5452163348e-001
1.7783467521e-003 3.5802412495e-001 9.3371064224e-001
6.9862951441e-001 1.0155061307e+000 -1.7129660681e+001
1.4493866592e+003 -1.5351931113e-001 2.5842715669e-001
9.9633506377e-001 4.4122853228e-002 -7.3277653683e-002
-6.0267982850e-002 9.7003925873e-001 -2.3535421553e-001
6.0697701352e-002 2.3890795371e-001 9.6914332206e-001
-6.5161628899e-004 1.8954076710e+000 -1.3589792295e+001
1.4679569867e+003 -1.2437024992e-001 2.5839062360e-001
9.9683018648e-001 6.5905296993e-002 -4.4565358208e-002
-7.5848511524e-002 9.5631675342e-001 -2.8232121853e-001
2.4012134921e-002 2.8480652900e-001 9.5828422632e-001
-1.1709963927e+000 1.0501868323e+000 -1.3898004489e+001
1.5131606529e+003 -1.2683571852e-001 2.5632726528e-001
9.9494153290e-001 9.0198400722e-002 -4.4222105496e-002
-9.9964970469e-002 9.3244539361e-001 -3.4720684413e-001
9.9171965060e-003 3.4987117120e-001 9.3674532973e-001
-1.2528766378e+000 1.6864499628e+000 -1.3984241201e+001
1.5359363912e+003 -1.0093511704e-001 2.2034350618e-001
9.8963578341e-001 1.2428719533e-001 -7.1928501157e-002
-1.4330045230e-001 8.8709714165e-001 -4.3877516070e-001
9.2734336754e-003 4.4453498665e-001 8.9571348604e-001
-1.4122631163e+000 -3.8806768257e-001 -1.5994881343e+001
1.5462348176e+003 -7.6521865392e-002 1.4475996178e-001
9.8370422769e-001 1.5721950999e-001 -8.7223953678e-002
-1.7954787786e-001 8.3362111897e-001 -5.2233934330e-001
-9.4102057365e-003 5.2948829607e-001 8.4826504841e-001
-1.1516818321e+000 -7.0771073350e-001 -1.7022108837e+001
1.5491653953e+003 -7.0417409739e-002 1.2493192522e-001
9.7893574433e-001 1.7242059274e-001 -1.0934325616e-001
-2.0388247055e-001 7.9721144336e-001 -5.6823045745e-001
-1.0804937223e-002 5.7855427902e-001 8.1557231412e-001
-9.5827745571e-001 -2.0646339825e+000 -1.7635623004e+001
1.5540685595e+003 -5.3854685955e-002 1.0627221387e-001
9.7404511577e-001 1.9758945944e-001 -1.1042879135e-001
-2.2162931203e-001 7.3336189514e-001 -6.4269804636e-001
-4.6006091867e-002 6.5049115003e-001 7.5811918802e-001
-1.3927239229e+000 -2.6664261211e+000 -1.8373442356e+001
1.5440475970e+003 1.0611474612e-002 -5.2988464025e-002
9.6574980113e-001 2.1718354464e-001 -1.4198108871e-001
-2.4732805993e-001 6.0504137862e-001 -7.5680496889e-001
-7.8461152092e-002 7.6600015542e-001 6.3803417582e-001
-1.5548461502e+000 -2.9390700321e+000 -1.9700021562e+001
1.5503564235e+003 9.6274265809e-003 -3.8405899596e-002
9.6005247499e-001 2.3186812753e-001 -1.5664104410e-001
-2.6128511632e-001 5.4248876202e-001 -7.9839591123e-001
-1.0014655887e-001 8.0742994403e-001 5.8140136931e-001
-1.4913539874e+000 -3.5225131718e+000 -1.9582377895e+001
1.6796504218e+003 1.4557996162e-001 -2.9001789547e-001
9.9085111540e-001 -1.0364489857e-001 -8.6439586498e-002
1.2688397779e-001 9.3364070346e-001 3.3498581018e-001
4.5983946026e-002 -3.4288886223e-001 9.3824980941e-001
-1.2654724159e+000 9.1198077102e+000 -2.2200433484e+001
1.6152763853e+003 5.2654727350e-002 -2.0594651265e-001
9.8361565484e-001 1.6530283520e-001 -7.1938975664e-002
-1.7994120634e-001 8.7583306916e-001 -4.4781424412e-001
-1.1018430348e-002 4.5342188704e-001 8.9122790943e-001
1.0597869668e-001 -7.8111356358e-001 -1.8727489506e+001
1.7301705004e+003 5.8164521845e-002 -1.6191327790e-001
9.9697550758e-001 -6.5618302859e-002 -4.1642233631e-002
7.5877749204e-002 9.3772453264e-001 3.3899154569e-001
1.6804894158e-002 -3.4112598729e-001 9.3986736103e-001
-1.9133218558e+000 5.9564918795e+000 -2.3138233111e+001
1.7166944600e+003 5.9118891769e-002 -1.4986321876e-001
9.9818089453e-001 -5.2669254899e-002 -2.9340269125e-002
5.8519799115e-002 9.6346679339e-001 2.6135640638e-001
1.4502927824e-002 -2.6259795816e-001 9.6479633988e-001
-2.0209010292e+000 6.5960889897e+000 -2.2430865886e+001
1.7282761893e+003 8.0955819667e-002 -2.3958111596e-001
9.9953028195e-001 -1.8633951455e-002 -2.4330871690e-002
2.2217558095e-002 9.8743059885e-001 1.5648384125e-001
2.1109134902e-002 -1.5695091053e-001 9.8738078577e-001
-1.5566348045e+000 5.9765961546e+000 -2.1281934050e+001
1.7153158118e+003 8.3156739007e-002 -2.2500792322e-001
9.9938927330e-001 6.3293457930e-003 -3.4365968629e-002
-4.3572404682e-003 9.9835552364e-001 5.7159976181e-002
3.4671239861e-002 -5.6975326268e-002 9.9777337974e-001
-1.4522845062e+000 5.3264502427e+000 -2.1591431497e+001
1.7162369904e+003 8.6163965357e-002 -2.3719819382e-001
9.9873797541e-001 3.4285904315e-002 -3.6700588989e-002
-3.5843013819e-002 9.9844711185e-001 -4.2645553043e-002
3.5181455728e-002 4.3907193025e-002 9.9841595719e-001
-1.3028165526e+000 4.4416565411e+000 -2.0608458732e+001
1.6982498050e+003 9.5209789057e-002 -2.2176804463e-001
9.9778769649e-001 6.6083961909e-002 -7.2541517107e-003
-6.6410637447e-002 9.8576525779e-001 -1.5445544265e-001
-3.0561368579e-003 1.5459549318e-001 9.8797312388e-001
-1.2985402273e+000 1.5454814582e+000 -1.8474199212e+001
1.7142239966e+003 8.0101400534e-002 -2.0508678753e-001
9.9482502104e-001 9.5451944412e-002 -3.4815281448e-002
-1.0043334533e-001 9.7568346348e-001 -1.9482023058e-001
1.5372724566e-002 1.9730865517e-001 9.8022088018e-001
-8.4819924872e-001 2.1329298044e+000 -1.9431130446e+001
1.7336833124e+003 8.3593309677e-002 -2.3856500019e-001
9.9056171560e-001 1.3660433101e-001 -1.1258078418e-002
-1.3084291120e-001 9.1791254981e-001 -3.7458868574e-001
-4.0836505354e-002 3.7252625095e-001 9.2712273847e-001
-1.1425081651e+000 7.5710690590e-001 -1.8385483087e+001
1.7450268044e+003 8.1368280599e-002 -2.3374366307e-001
9.8707360170e-001 1.5938895862e-001 -1.6759018357e-002
-1.5221561777e-001 8.9961434748e-001 -4.0929748536e-001
-5.0160846592e-002 4.0655772737e-001 9.1224706291e-001
-9.5231370229e-001 1.3293668293e-001 -1.8842442190e+001
1.7349357771e+003 8.5013137464e-002 -2.4871119814e-001
9.8092392295e-001 1.9037716273e-001 -3.9303858635e-002
-1.8572874354e-001 8.5816445926e-001 -4.7860066307e-001
-5.7385461725e-002 4.7677069623e-001 8.7715255914e-001
-9.7296230267e-001 -4.3951295594e-001 -1.8873592041e+001
1.6214127670e+003 6.5658913265e-002 -2.1596013904e-001
9.7891637299e-001 1.9270042528e-001 -6.7744230696e-002
-1.9829447689e-001 8.1695535923e-001 -5.4153784860e-001
-4.9010561406e-002 5.4355357337e-001 8.3794240718e-001
8.5398681343e-001 -2.4192506824e+000 -1.8551107694e+001
1.7117842524e+003 1.5844551108e-002 -6.9707045521e-002
9.7389831803e-001 2.1412036920e-001 -7.5329500402e-002
-2.1631773667e-001 7.7498793019e-001 -5.9380160396e-001
-6.8765565075e-002 5.9459749037e-001 8.0107747534e-001
-1.4237137619e+000 -2.0262375808e+000 -1.9219085250e+001
1.6734110682e+003 -1.9314249442e-002 2.0216642843e-002
9.6872680648e-001 2.1944118420e-001 -1.1581856965e-001
-2.3542796641e-001 6.6544059540e-001 -7.0835195110e-001
-7.8371213037e-002 7.1346645378e-001 6.9629273463e-001
-1.1724102911e+000 -4.4477260175e+000 -1.9377838065e+001
1.6621615420e+003 -3.6984945383e-002 7.4516436208e-002
9.6216971373e-001 2.4138544776e-001 -1.2634281772e-001
-2.4842243010e-001 5.8686416058e-001 -7.7063399435e-001
-1.1187376011e-001 7.7286707954e-001 6.2462848090e-001
-1.4922517355e+000 -4.7475531916e+000 -1.9493212009e+001
1.6446061933e+003 5.2330344556e-002 -2.4230539271e-001
9.8525659347e-001 -1.3896891265e-001 -9.9785200967e-002
1.6856094556e-001 8.8829654972e-001 4.2721943704e-001
2.9268629102e-002 -4.3774065504e-001 8.9862476389e-001
-2.3037408868e+000 8.1835034242e+000 -2.1717393688e+001
1.6478525380e+003 5.9085506096e-002 -2.7102543965e-001
9.8990178020e-001 -1.2205491789e-001 -7.2090655276e-002
1.3989243139e-001 9.2330245781e-001 3.5769075896e-001
2.2903562987e-002 -3.6416365611e-001 9.3105330587e-001
-2.4818104658e+000 7.5928864208e+000 -2.1056967161e+001
1.6421710185e+003 6.8530922416e-002 -2.4975136009e-001
9.9313888571e-001 -9.8782938599e-002 -6.2586617857e-002
1.1148522958e-001 9.6135526151e-001 2.5172823589e-001
3.5301519507e-002 -2.5697858316e-001 9.6577213178e-001
-1.8925456592e+000 6.4799786965e+000 -1.9147075126e+001
1.6299929696e+003 7.4746720080e-002 -2.3381544787e-001
9.9691319491e-001 -7.0943969737e-002 -3.3630863440e-002
7.5859952891e-002 9.8078291947e-001 1.7975019450e-001
2.0232384071e-002 -1.8174657640e-001 9.8313723996e-001
-1.8096803493e+000 7.1252611857e+000 -1.7367756253e+001
1.6502843611e+003 7.1248738937e-002 -2.4464192682e-001
9.9932783898e-001 -3.4974953735e-002 -1.0982843304e-002
3.5821368205e-002 9.9531634067e-001 8.9789818855e-002
7.7910086474e-003 -9.0122886112e-002 9.9590017852e-001
-1.7547097335e+000 4.3985801176e+000 -1.6683504905e+001
1.6367430566e+003 7.9668259420e-002 -2.4637656424e-001
9.9989654924e-001 -1.0265467494e-002 -1.0075266962e-002
1.0066167579e-002 9.9975651281e-001 -1.9636378690e-002
1.0274390371e-002 1.9532927966e-002 9.9975642115e-001
-1.3865440793e+000 3.6160808256e+000 -1.5677799318e+001
1.6637586675e+003 8.0015835788e-002 -3.2251981506e-001
9.9950087995e-001 2.3957679992e-002 -2.0591759108e-002
-2.6152340106e-002 9.9314560187e-001 -1.1392044852e-001
1.7721345343e-002 1.1440211123e-001 9.9327645239e-001
-1.4389189381e+000 7.6094100948e-001 -1.6853066393e+001
1.6449285309e+003 5.9447269593e-002 -2.1706364971e-001
9.7061332498e-001 2.2475906939e-001 -8.5983336123e-002
-2.2778763841e-001 7.4288091059e-001 -6.2947656387e-001
-7.7605187665e-002 6.3056428174e-001 7.7224744832e-001
1.1106818713e+000 -2.5507609162e+000 -1.9405312746e+001
1.6325962495e+003 8.3999424853e-002 -2.4992395493e-001
9.9696141048e-001 6.3880297617e-002 -4.4578622632e-002
-7.3182946504e-002 9.6415132494e-001 -2.5506171598e-001
2.6687119748e-002 2.5754908307e-001 9.6589661323e-001
-1.1130748145e+000 2.9295872364e+000 -1.6824054862e+001
1.5941703788e+003 1.1184428302e-001 -3.1050628879e-001
9.6326859627e-001 2.5597488744e-001 -8.1181700132e-002
-2.4575987481e-001 7.1845816122e-001 -6.5070727252e-001
-1.0823906584e-001 6.4675708544e-001 7.5497654073e-001
-4.1869259760e-001 -4.0224295121e+000 -1.8612276791e+001
1.6794967646e+003 -1.5421384310e-002 -3.5084484546e-002
9.4789194170e-001 2.8752915952e-001 -1.3721461035e-001
-2.9573070450e-001 6.3387951107e-001 -7.1466083974e-001
-1.1850830047e-001 7.1799982442e-001 6.8588048146e-001
-8.3974236698e-001 -1.9780663175e+000 -2.0915160324e+001
1.6259056671e+003 5.9820762607e-002 -2.0302945480e-001
9.4296150857e-001 2.9603474815e-001 -1.5227285129e-001
-3.0959015283e-001 6.1165974586e-001 -7.2802904651e-001
-1.2238272191e-001 7.3364554328e-001 6.6842103961e-001
-4.3619374344e-001 -5.1347321400e+000 -2.0035688584e+001
4.6520693083e-001 -6.9197143784e+000 -7.5478408218e+000
141 54 61
20 5 1520 94.5900 -195.2400 6 1483 84.4100 -185.6400 7 1400 63.6800 -137.2800 8 957 52.2500 -120.3600 4 1469 70.8300 -155.6500 9 1044 12.0900 -135.6600 10 550 -27.4600 -121.8700 39 1428 -77.9200 -262.9200 40 1280 -47.7800 -195.9600 41 964 -96.7400 -178.4500 42 1183 -91.2600 -191.0300 43 620 -93.7000 -173.1800 38 1258 -47.2900 -132.5700 36 1313 -47.6900 -128.1000 35 1171 -57.1100 -125.2500 0 800 26.0700 -148.1200 22 1054 40.6200 -160.2900 54 743 -63.4100 -347.7200 53 1579 -52.6500 -220.3500 52 1711 -65.8700 -219.3300
-3.7641396595e-001 -7.3001097851e+000 -7.4050088652e+000
141 130 128
29 5 1533 39.6000 -219.5000 6 1492 28.6400 -209.0400 7 1399 9.4800 -159.0400 8 981 -0.6800 -139.6900 4 1477 15.6300 -180.7400 9 1042 -40.2900 -153.5100 10 982 -79.0300 -137.2600 39 1084 -133.0900 -283.8400 40 972 -101.7900 -214.1700 41 962 -152.8200 -194.1900 42 635 -143.9900 -205.6000 43 618 -146.5100 -185.9300 36 1328 -105.0900 -149.8900 37 1206 -99.6900 -142.1400 35 847 -110.1200 -150.4700 0 823 -25.2900 -168.2000 11 568 -56.9400 -187.8500 21 479 -10.3300 -245.6100 22 519 -13.5700 -178.4800 23 593 -9.6400 -220.0300 24 891 -104.6600 -241.3000 56 966 -101.5900 -137.8100 54 1094 -120.4100 -374.8900 20 1187 12.9500 -186.5600 53 1598 -113.1800 -249.7300 52 1479 -125.9200 -250.5800 18 1383 -19.6600 -86.5100 50 1590 -74.0000 -163.9200 51 1689 -100.2100 -96.6600
4.2806717533e-002 -7.8432712308e+000 -7.8237416452e+000
144 133 129
15 5 1813 65.1899 -254.4500 6 1766 52.9200 -240.2900 8 1315 21.8500 -167.7200 4 1736 43.2900 -218.8800 9 1384 -19.3100 -177.2000 10 1327 -58.0500 -158.0800 13 1112 -57.9600 -119.6900 40 1535 -77.6800 -240.6000 38 1643 -75.6700 -182.2300 37 1610 -72.3400 -174.5500 0 1132 -2.8800 -188.8100 21 1574 14.6900 -272.1200 22 1426 8.0600 -196.1200 53 1919 -81.7200 -280.2400 52 1907 -95.0900 -283.9800
1.0575782660e+000 -8.6242704047e-001 -7.5711788056e+000
52 30 20
25 5 269 156.9900 183.1500 6 1331 159.5300 195.0400 7 1533 148.4301 234.6000 8 1436 150.3900 235.3400 9 1716 121.8800 204.1400 10 1684 85.4301 201.5400 12 1794 83.3199 140.7700 13 2136 94.7300 177.9200 0 1256 89.3101 193.6800 11 1816 72.6200 176.6900 21 1468 77.8600 172.4200 22 1811 127.6200 177.0500 23 1108 105.1500 192.2400 24 1525 8.5900 158.7900 25 1417 1.5700 243.3100 27 1091 24.3600 152.0200 28 990 45.3600 85.3700 33 2090 95.3900 104.2000 44 1949 140.8900 49.2900 56 1741 13.9800 265.3100 54 1434 -17.0700 50.1900 26 1041 2.0600 135.0300 29 1452 16.7100 83.8200 53 1411 -20.6300 204.3400 52 178 -43.3100 196.1300
1.0663583131e+000 -8.6866112657e-001 -7.5853956895e+000
52 30 20
21 5 268 156.9900 183.1500 6 1330 159.5300 195.0400 7 1534 148.4301 234.6000 8 1437 150.3900 235.3400 9 1717 121.8800 204.1400 10 1685 85.4301 201.5400 12 1795 83.3199 140.7700 13 2137 94.7300 177.9200 14 2122 86.0699 182.4700 0 1257 89.3101 193.6800 11 1817 72.6200 176.6900 23 1109 105.1500 192.2400 24 1526 8.5900 158.7900 27 1092 24.3600 152.0200 28 991 45.3600 85.3700 33 2091 95.3900 104.2000 44 1950 140.8900 49.2900 26 1042 2.0600 135.0300 29 1453 16.7100 83.8200 53 1412 -20.6300 204.3400 52 177 -43.3100 196.1300
-1.3572164200e-002 -7.1291691266e+000 -7.3394438806e+000
145 125 126
26 5 2407 63.2900 -209.2900 6 2209 52.0000 -199.6500 7 2135 33.2700 -150.7800 8 2021 21.8400 -133.6100 4 2279 39.1800 -169.6200 9 2075 -18.6000 -149.6200 39 2043 -110.3300 -274.3900 40 1919 -79.5800 -206.7600 41 1978 -128.1400 -190.1800 38 1867 -79.2400 -142.7200 36 1936 -81.0500 -139.2900 37 1862 -76.8700 -132.5500 0 1781 -4.1800 -162.2300 11 2118 -35.9700 -182.5400 21 2005 9.8300 -235.9600 22 2149 7.7800 -176.1900 23 1379 15.6200 -213.9300 24 1878 -80.8900 -238.7700 56 2115 -77.7600 -130.6000 54 1805 -97.2700 -364.7200 20 1862 36.6100 -176.8400 53 2498 -87.8500 -237.3400 52 2230 -100.9600 -236.3700 19 1686 1.8400 -99.4100 50 2076 -49.6500 -149.6500 51 2148 -74.4000 -82.4800
-1.6860480696e+000 -6.1051369471e+000 -6.5768868966e+000
99 70 54
13 5 613 -41.5200 -141.8200 6 1096 -49.4500 -134.8000 7 1373 -63.5400 -85.7500 4 1056 -68.7400 -97.4000 9 529 -110.7100 -94.6800 3 960 -77.0000 -93.6000 40 457 -181.5500 -149.4800 42 570 -222.2400 -154.7200 43 592 -222.4000 -139.5300 38 933 -183.0200 -80.2300 36 1300 -189.1400 -69.8700 34 253 -185.7400 -135.1700 35 806 -200.9200 -68.8600
8.1058094877e-001 -5.7663773408e+000 -7.3030548712e+000
148 108 60
3 5 583 123.5000 -123.3500 6 563 113.8700 -117.7500 37 431 -25.8200 -51.3800
9.3319874677e-001 -3.1749053123e+000 -6.0227591874e+000
163 120 78
2 5 1057 145.8199 48.9200 6 989 143.1100 44.2800
1.0366298461e+000 -3.1250835293e+000 -6.0559688749e+000
156 75 56
9 5 1438 152.9500 51.7900 6 1405 149.8900 47.9300 7 1319 136.1000 80.7100 8 365 123.0800 84.9700 9 1291 92.3900 42.4300 10 1257 51.9300 37.9200 3 825 98.0900 107.6500 12 789 40.9700 -14.3500 42 1096 -20.7100 -19.5200
-1.3289306514e+000 -6.0522164173e+000 -6.6307701639e+000
119 84 66
3 5 1173 -14.3500 -136.9100 6 1081 -25.6800 -131.0600 8 481 -49.6300 -71.0900
8.0267704860e+000 -8.3360674469e+000 -5.6734151518e+000
158 111 89
10 5 783 625.7400 -326.0200 6 1207 603.4200 -345.6400 7 1454 560.0800 -304.8200 8 1047 522.4200 -310.0600 4 1509 612.1500 -259.1900 9 1132 457.2000 -339.9700 10 1059 395.6500 -329.5600 3 1059 602.0601 -224.9400 12 505 341.8400 -354.3700 13 1199 345.5500 -320.0900
-1.0013679157e+000 -7.9379747180e+000 -7.5465968041e+000
147 127 126
5 5 1227 -0.7500 -257.9900 6 1152 -12.8300 -243.7500 7 583 -31.9000 -192.7900 8 996 -41.2400 -168.0400 4 1134 -23.8500 -221.6100
2.6135198984e+000 -4.5660278191e+000 -6.7037127684e+000
155 133 125
7 5 1756 247.8300 -49.5700 6 1707 242.8000 -54.5000 7 1354 221.9800 -14.5100 8 1514 208.4200 -12.7900 4 1669 218.8600 -0.6700 9 1334 169.6899 -45.8900 3 1360 200.7600 5.9900
8.0829091402e+000 -9.1511810658e+000 -5.6092542850e+000
147 90 73
8 5 1614 629.7800 -384.7400 6 1226 603.0100 -401.6800 7 1460 557.0000 -359.0900 8 1379 517.0500 -361.5600 4 1188 619.6801 -317.1300 9 1140 449.1801 -386.3600 10 1394 386.3300 -373.0300 3 1482 614.2400 -281.5500
-1.2697875728e+000 -6.4768844897e+000 -6.7437401600e+000
121 44 45
9 5 1786 -12.8000 -164.7800 6 1737 -23.3800 -158.2100 7 1631 -40.6100 -110.4300 8 1288 -48.4200 -94.1400 4 1709 -39.7300 -122.7500 9 1349 -86.8900 -113.2200 10 966 -123.4100 -101.6800 3 1868 -49.4900 -120.3800 13 587 -119.3200 -79.1000
-1.6999841943e+000 -6.3734921585e+000 -6.5472442428e+000
108 90 81
7 5 1976 -39.3400 -156.9600 6 1935 -50.8500 -151.0000 7 1826 -66.6500 -103.4700 8 1530 -76.6400 -87.7100 4 1885 -67.8800 -114.4700 10 1300 -150.3800 -96.3000 3 1867 -77.1600 -111.8900
1.1559046126e+001 1.6583535419e+000 -7.7276979632e+000
158 106 59
7 5 2355 822.4700 319.1900 6 2284 855.0500 315.4200 4 2217 767.7000 368.7700 3 2197 709.6100 357.1800 36 1975 612.2200 399.2200 37 1887 621.3101 386.9400 25 1694 782.2800 342.1800
3.8270397418e+000 -3.9481610046e+000 -7.4353792976e+000
139 125 124
6 5 2260 320.4700 -15.0600 6 2188 317.6899 -15.5200 7 2120 296.4900 23.1600 8 1995 285.8600 22.3900 4 2129 289.4200 31.3700 3 2112 268.9700 32.7300
5.8971349812e-001 -5.3136956094e+000 -6.9461872670e+000
148 103 54
15 5 2389 112.1100 -91.9200 6 2316 104.0100 -88.9700 7 2252 85.9900 -45.2300 8 2125 75.0200 -37.3900 4 2267 83.8101 -47.4300 9 2064 36.1300 -62.5600 10 2030 -4.6400 -55.7900 3 2246 70.8700 -43.9900 39 2034 -67.0900 -174.1300 40 1911 -34.1500 -111.5100 38 1947 -39.2300 -36.4500 36 2016 -42.6900 -23.1700 34 1474 -41.4200 -84.8600 35 1901 -57.1100 -20.5500 32 1751 30.8700 119.3000
3.6569872790e+000 -5.0449877103e+000 -7.8733261821e+000
151 104 58
5 5 2390 301.2600 -85.5100 6 2197 296.8800 -81.5700 7 2253 273.6300 -40.3900 4 2268 273.9800 -41.4800 3 2247 256.8500 -40.5400
7.4885421777e+000 -4.8570235667e+000 -5.7512772042e+000
80 51 39
9 5 2492 591.9399 -84.1800 6 2413 586.2500 -106.8800 7 2363 553.2500 -72.9800 8 2209 530.1000 -89.6000 4 2378 562.9900 -16.3200 9 2266 477.4900 -135.9700 10 2130 419.8300 -140.1400 3 2340 537.7800 8.0000 12 2119 377.2000 -192.7700
-4.7786646658e+000 -1.3918743210e+000 -3.2121575791e+000
66 71 74
6 5 2599 -253.8300 216.8200 6 2538 -261.9200 204.7600 7 2485 -268.4600 243.0900 8 2317 -270.7600 230.9400 4 2495 -293.8200 277.0000 3 2404 -306.3100 283.0100
1.1358300793e+000 -6.0705382290e+000 -7.1569557040e+000
141 124 123
2 5 621 143.4399 -144.2800 6 579 135.0000 -140.3100
4.4787639628e-001 -3.1633517940e+000 -5.9520104677e+000
150 111 70
6 5 1437 114.1500 50.5400 6 1399 110.4800 47.1800 7 932 95.0699 87.7200 4 923 79.7600 103.1000 9 1288 53.4700 45.4600 3 1283 61.6200 104.8100
1.3275413892e+000 -6.5702342917e+000 -7.6357340661e+000
149 131 127
6 5 1198 152.0900 -175.7300 6 609 141.3300 -167.6100 7 546 120.2300 -120.6600 8 505 107.5601 -106.8500 40 954 7.4200 -179.6500 38 958 5.4000 -111.8000
-1.2782735628e+000 -6.1382040995e+000 -6.6493707245e+000
33 23 22
7 5 1174 -10.9500 -142.8700 6 1097 -22.4400 -137.5100 7 1033 -38.6900 -90.4300 9 530 -84.8400 -97.4700 39 1042 -192.4700 -220.2300 34 770 -157.9100 -136.2100 35 1162 -175.0600 -70.8200
1.1038259834e+000 -6.5709267279e+000 -7.6563122817e+000
142 128 127
32 5 1521 137.7700 -175.6800 6 1120 128.7300 -167.5500 7 1388 106.5100 -120.0600 8 959 95.5900 -105.7200 4 1083 114.6500 -135.7300 9 1353 53.9200 -121.8800 10 1317 13.5600 -108.5800 3 1698 101.2500 -132.8600 12 1178 1.7600 -127.1900 13 1494 9.8800 -85.1100 14 532 -0.4100 -44.0000 39 1417 -37.4900 -240.2900 40 1512 -9.9800 -174.7900 42 1545 -48.5700 -172.6200 43 1216 -50.2400 -158.1100 38 956 -8.0800 -111.1700 45 1642 -70.9300 -163.0500 37 1181 -8.4700 -99.9200 34 970 -7.1300 -166.3000 35 1390 -23.6300 -100.9400 32 947 71.6400 33.8300 21 1293 83.0500 -198.0100 23 1168 86.1700 -176.3200 24 1593 -11.1800 -199.0100 25 1355 -26.4600 -119.5700 27 675 -22.7600 -136.6800 26 800 -34.0400 -178.7300 20 1443 106.6100 -139.2400 19 1263 72.7700 -59.2500 18 1364 75.8101 -36.1400 17 1422 74.2900 -16.4400 16 1347 61.3200 -17.3900
-1.1603082034e+000 -6.6212508128e+000 -6.8023149043e+000
125 108 101
9 5 1787 -4.5700 -174.7400 6 1748 -16.2500 -167.1400 7 1633 -33.1300 -118.6800 8 1295 -44.2500 -102.8700 4 1888 -30.5400 -132.6500 9 1028 -83.0100 -121.1500 10 546 -121.3200 -108.7100 3 1869 -40.2300 -130.7700 13 588 -116.5900 -84.2600
6.3936923300e+000 1.4123588301e+000 -7.2389895956e+000
86 49 40
7 5 896 501.8000 320.7900 6 828 523.3101 322.9500 7 757 511.4000 354.9400 4 81 453.0699 366.2500 9 151 489.2500 285.3900 10 779 447.5400 270.3200 3 85 409.3400 352.8700
6.7790227423e+000 1.3577046382e+000 -6.5704856876e+000
125 92 73
3 5 897 540.3300 326.9600 6 830 562.8900 321.9600 3 86 443.1200 367.6100
-4.9603352219e+000 -6.9424973323e+000 -3.3129796742e+000
223 132 123
2 5 667 -289.0200 -197.6000 6 619 -302.7600 -212.7300
6.5756275210e+000 -7.6884971134e-001 -7.2675973507e+000
112 55 38
4 5 984 508.4000 182.0400 6 921 520.4900 175.9700 4 856 466.3199 232.2500 3 153 428.2600 226.1700
-5.7482680691e+000 -2.5141533278e+000 -3.7860032865e+000
236 227 152
3 5 301 -324.9400 131.8200 6 279 -335.6600 125.2500 3 167 -370.6000 191.8000
1.0257334732e+000 -3.6831063687e+000 -6.3816243728e+000
140 94 74
5 5 1083 149.0699 12.9100 6 461 145.0500 10.4900 7 420 127.1100 51.1500 8 390 117.0500 51.1900 3 272 98.9900 65.4300
6.9649438242e+000 -6.6511945564e+000 -6.7581965862e+000
121 77 59
4 5 698 530.1801 -201.9000 6 633 518.1899 -212.5600 8 548 459.3101 -176.6500 3 422 493.7000 -123.8300
6.7791823561e+000 2.5326746117e+000 -6.4303656531e+000
192 165 138
11 5 870 541.7300 408.0000 6 810 569.9301 405.4000 8 66 566.7300 408.0300 4 757 486.0300 456.6200 9 75 544.5300 348.0300 3 666 435.8199 439.7700 40 45 442.1500 354.7300 41 115 446.5800 338.7000 42 148 462.2600 292.3900 43 927 477.2500 258.8700 38 20 380.5000 451.6300
6.0180019234e+000 2.8100466423e+000 -8.3311100999e+000
77 48 26
7 5 1336 462.9700 392.7600 6 1270 487.9900 407.6000 7 1178 479.6100 441.2900 8 1085 492.6600 433.0800 9 1175 472.8500 390.5100 10 1114 436.3700 378.0800 3 687 367.3800 400.5800
5.8087487449e+000 -1.4003833760e+000 -7.8074073193e+000
66 47 41
5 5 1412 448.0601 137.7000 6 1367 455.5601 138.9600 7 1282 438.1400 172.9000 8 1187 433.5500 165.4300 3 786 376.5400 178.5000
6.1540026587e+000 -1.6043332082e+000 -7.8308868427e+000
88 64 59
5 5 1413 468.9800 124.4800 6 942 476.3199 124.3500 7 1284 457.5601 158.6800 9 909 415.8600 109.8100 3 787 399.3600 165.9200
6.7703506006e+000 -5.0732903786e+000 -6.9976084359e+000
132 107 103
6 5 1490 516.6000 -95.3900 6 1727 509.0000 -106.9700 8 1290 461.7100 -75.9000 4 1051 490.1200 -39.4200 10 1321 360.5601 -109.3000 3 922 468.3101 -27.7900
-8.1841001983e+000 -5.6794864455e+000 -5.3530163256e+000
231 226 164
5 5 540 -493.8200 -94.1400 6 1057 -502.3200 -81.5800 7 461 -505.8100 -29.5800 9 472 -532.8900 -23.8600 3 928 -531.7500 -55.3600
-8.1841001983e+000 -5.6794864455e+000 -5.3530163256e+000
231 226 164
5 5 541 -493.8200 -94.1400 6 1056 -502.3200 -81.5800 7 460 -505.8100 -29.5800 9 471 -532.8900 -23.8600 3 929 -531.7500 -55.3600
-4.5723533512e-001 -7.3946276215e+000 -7.4361629124e+000
45 35 33
17 5 1208 34.3000 -225.3300 6 1138 22.9600 -213.9200 7 1058 3.2700 -164.2200 8 982 -7.2500 -144.2200 4 1103 10.4700 -186.8800 3 1028 3.2500 -186.5800 39 519 -140.4700 -288.3300 40 971 -106.9400 -219.1900 38 973 -105.6900 -157.1500 37 488 -101.1800 -147.8800 21 973 -17.8800 -250.3000 20 378 10.6100 -192.0900 53 1182 -117.9700 -256.1200 52 1478 -131.9300 -257.2600 18 1047 -21.9900 -92.7400 50 1352 -77.0700 -171.2300 51 1434 -103.8500 -104.5100
6.6082122055e+000 2.7492558417e+000 -6.8520745850e+000
160 97 64
7 5 1330 528.6400 412.8200 6 1260 554.8101 415.9600 7 1166 544.4100 446.2500 8 672 553.7200 425.7800 4 1245 473.7300 457.8700 9 768 532.5900 368.2500 3 1167 424.3101 438.9500
6.8204921299e+000 7.0131623715e-001 -6.3811996211e+000
135 110 80
9 5 1359 545.3600 285.5600 6 1620 564.8300 277.1700 7 1518 549.4100 306.2200 8 1124 548.4700 283.8500 9 1223 518.6200 226.7100 10 1186 472.2900 207.3900 3 1193 451.7900 334.5100 12 1094 448.0100 109.1100 13 1412 468.4200 134.6700
6.2108888068e+000 -1.4458723664e+000 -7.7787152370e+000
76 54 54
8 5 1716 473.2900 136.9400 6 1369 481.9700 133.3900 7 1283 463.8300 167.1500 8 1460 459.9700 157.5400 4 1342 434.5500 181.2700 9 1543 424.1000 118.3100 10 1519 380.0000 113.2100 3 1262 401.2500 176.1300
8.8725759961e-001 -3.0223326743e+000 -6.0749077924e+000
162 120 92
19 5 1428 142.6600 59.9100 6 1404 140.0500 55.5900 7 1311 124.0000 94.0100 8 1226 115.5900 89.7200 4 924 107.5900 111.8000 9 1290 82.6200 50.5500 10 1256 41.5800 47.3900 3 1284 88.3000 114.7700 12 1136 32.5600 -8.2700 13 1042 39.7600 24.0000 39 1356 -37.6900 -37.3600 40 1214 -1.2700 19.2800 41 1282 -41.1600 11.3700 42 1497 -29.5200 -14.2100 43 1569 -28.2400 -17.6400 38 1197 -17.3200 103.9400 45 1189 -48.3400 -61.0300 36 1224 -29.0000 130.0400 37 766 -22.9400 120.9500
-8.6874811561e+000 -4.6204477998e+000 -5.6985609325e+000
234 219 156
5 5 1459 -517.5800 -19.2300 6 1003 -528.1400 -4.6300 8 851 -521.4200 70.7600 9 935 -554.3100 53.9100 3 1341 -556.7900 9.5500
-8.6918096447e+000 -4.6220556448e+000 -5.7092254405e+000
234 219 156
8 5 1458 -517.5800 -19.2300 6 1002 -528.1400 -4.6300 7 1325 -530.6700 47.5800 8 850 -521.4200 70.7600 4 1389 -553.4500 17.0200 9 934 -554.3100 53.9100 10 869 -581.7900 63.5100 3 1342 -556.7900 9.5500
1.9130727902e+000 -4.8189188022e+000 -6.6110900587e+000
157 131 116
3 5 1476 201.9100 -65.8100 6 1441 195.1400 -66.8000 3 1378 157.4900 -8.7900
1.2717709251e+000 -5.2195527549e+000 -7.2204096437e+000
130 75 44
4 5 555 155.8900 -88.0600 6 1065 147.0500 -87.2800 4 1042 126.9100 -43.9300 3 1392 111.3199 -45.7500
7.0681667191e+000 -7.1555825058e+000 -6.6002239854e+000
139 76 59
5 5 1566 539.9301 -236.5500 6 1514 525.8199 -246.8000 8 1335 459.9399 -211.4400 4 1484 521.2200 -175.8200 3 1429 506.8000 -156.0500
3.4955352272e+000 -7.3046255356e+000 -8.7619515008e+000
136 120 122
7 5 1539 277.0200 -224.4100 6 1499 264.1400 -211.8400 7 1414 239.1500 -164.8400 8 1307 224.7500 -148.2600 4 1482 256.9500 -187.4200 9 1371 178.3900 -159.9900 3 1443 247.9200 -189.8900
6.4913409706e+000 2.8076651515e+000 -7.0050411872e+000
187 163 112
5 5 1639 516.7800 415.1800 6 1582 544.2600 417.9800 8 1399 545.6100 430.9300 9 1475 525.8600 374.7600 3 1543 412.3500 437.4400
6.5921004378e+000 2.3691879723e+000 -6.8438043271e+000
161 86 54
5 5 1337 525.4900 388.3500 6 1271 551.8199 389.3400 7 1183 541.2200 419.4300 4 1257 471.1200 434.8500 3 1544 421.9900 417.8600
6.9018388059e+000 -4.1373206833e-001 -6.2830461088e+000
143 112 84
9 5 1694 550.6200 213.9200 6 1642 565.2000 203.1200 7 1540 545.4800 230.7000 8 1447 539.9500 207.3800 4 1607 505.3500 270.0300 9 1534 505.4700 150.7400 10 1507 458.0601 136.1600 3 1576 464.5699 270.2100 12 1117 428.2800 46.7000
1.1270798794e+000 -5.1076270790e+000 -6.9483113271e+000
146 93 54
5 5 1959 146.6899 -82.3000 6 1713 140.0699 -79.3600 7 1617 121.0000 -36.6100 4 1676 119.0000 -35.9300 3 1659 105.4000 -33.1200
7.1799924238e+000 -6.3535509837e+000 -6.1269736345e+000
73 46 27
8 5 1794 559.7200 -184.5100 6 1763 547.5000 -200.2700 8 1324 484.3300 -173.0900 4 1711 536.9200 -121.1700 9 1404 429.2800 -208.3800 10 1360 373.2600 -204.1100 3 1684 519.6000 -96.6800 13 1159 336.1600 -211.1700
6.9722402804e+000 -6.5011873974e+000 -6.6408862887e+000
136 78 59
10 5 1984 534.3000 -191.3900 6 1953 522.1300 -203.4700 7 1845 487.6600 -164.3300 8 1559 462.9600 -169.4600 4 1894 512.1899 -133.3500 9 1631 408.2900 -201.6000 10 1605 354.4600 -194.4100 3 1694 495.8101 -113.6600 12 1226 313.5400 -231.9500 13 1830 321.4500 -196.6600
4.1105203331e-001 -6.6186016650e+000 -7.3774697224e+000
147 59 57
26 5 1788 91.4399 -175.7500 6 1749 82.9399 -167.8600 4 1715 66.7900 -134.8300 9 1351 13.8200 -123.6900 10 1314 -26.2500 -110.2000 3 1696 58.1200 -134.1300 39 1416 -82.3300 -247.0200 41 1355 -100.5800 -165.3100 42 1182 -92.0900 -178.1000 43 1213 -93.1800 -162.7700 38 1475 -53.7500 -115.4700 36 1558 -55.3300 -110.3300 35 1389 -67.1300 -107.0400 32 1196 28.2600 27.6200 11 1087 -6.8100 -156.8200 23 810 44.8100 -182.7300 54 1313 -66.5800 -333.3400 20 1442 63.9500 -143.1700 53 1899 -57.0100 -201.3600 19 1262 25.7600 -62.6000 18 1602 28.0300 -37.4800 17 1712 31.0600 -18.0100 50 1576 -25.1200 -113.0800 16 1680 20.7000 -19.7600 49 1804 -47.0400 -70.4300 51 1850 -47.1300 -45.5300
1.0735927984e+000 -6.9523829845e+000 -7.7369984865e+000
141 125 125
24 5 1535 133.7400 -198.1200 6 1119 123.6899 -188.2500 7 1401 101.1600 -141.1000 8 961 90.5400 -124.2500 4 1085 111.8300 -158.2300 9 584 49.8600 -139.2600 10 968 7.2800 -124.9000 3 1699 98.4000 -159.3200 12 865 -5.7300 -142.3900 13 593 4.0900 -98.4400 39 1086 -39.8400 -261.5300 40 974 -10.7900 -196.6400 41 966 -58.5800 -177.4400 42 1184 -54.4400 -190.1100 43 1627 -58.8500 -174.0600 38 494 -9.0700 -131.3800 36 976 -9.4000 -128.8400 37 1197 -11.2300 -122.5400 34 971 -7.5200 -192.8900 35 1173 -22.5800 -126.8100 21 959 81.8000 -220.8300 19 1060 73.1600 -84.7700 18 1035 76.6200 -60.2400 17 1434 75.4000 -41.7000
1.8428094774e+000 -7.0766958485e+000 -8.1832859101e+000
143 49 51
9 5 1800 180.1899 -206.3700 6 1751 168.7900 -194.8500 7 1403 146.9600 -147.2800 8 1296 133.0800 -131.2800 3 1711 148.8101 -168.8900 38 1271 34.5600 -141.5500 36 994 37.3900 -140.9000 35 850 25.2500 -137.1400 53 1901 40.9800 -225.1300
8.1377748578e+000 -9.6378675577e+000 -5.7046446274e+000
143 92 73
7 5 1621 629.5900 -417.5300 6 1563 601.5601 -433.8200 8 1378 512.3900 -388.0100 4 1780 622.9301 -352.5600 9 1442 444.3400 -409.8600 3 1757 619.6899 -317.0200 13 1208 326.3700 -369.3800
1.1137911772e+001 2.9967254337e+000 -7.7490899583e+000
146 119 94
8 5 2052 798.5400 402.8900 6 1998 838.7700 402.7100 7 2066 827.1300 428.6700 8 1958 842.3300 403.2700 4 1940 738.3500 449.6300 3 1783 676.1100 431.3900 38 1676 635.7300 455.4600 36 1625 577.5500 473.6100
5.9046023263e+000 2.0350059604e+000 -7.6853135594e+000
72 84 93
4 5 2055 464.8101 353.1900 6 2003 485.4800 365.3700 4 1945 414.8800 395.5100 3 1790 372.6200 376.6200
6.8001112828e+000 1.1018483732e+000 -6.3552410723e+000
139 108 87
10 5 1873 546.5100 308.2300 6 1839 566.9100 306.9900 7 1723 552.8500 334.3100 8 1642 553.5400 312.2000 4 1798 495.2400 366.6000 10 1469 480.0900 232.2800 3 1791 449.3000 359.8500 12 1375 455.4500 131.7000 13 1709 476.8900 156.5300 14 1818 477.8600 119.0300
6.5475286275e+000 1.0405565125e-001 -7.1307295853e+000
137 75 64
10 5 1880 510.1700 237.2600 6 1851 526.6801 235.7500 7 1739 510.0100 266.3900 8 1662 510.1801 250.4800 4 1810 465.5900 288.0500 9 1718 479.4600 200.7500 3 1803 425.3101 280.0900 12 1388 413.1000 102.0700 13 1719 432.2200 130.7900 14 1817 434.2400 111.0600
6.8884838900e+000 -5.0459832422e+000 -6.7658090154e+000
125 67 52
10 5 1962 528.5200 -95.3800 6 1728 524.2400 -104.5900 7 1823 493.0300 -69.5000 8 1732 472.9800 -78.7700 4 1869 501.1801 -38.1100 9 1794 422.9399 -117.0200 10 1583 371.4800 -114.0400 3 1846 479.7500 -22.6000 12 1457 333.1801 -162.9900 13 1803 343.5400 -129.8000
7.2407505796e+000 -5.3400563404e+000 -5.8463794322e+000
135 108 82
10 5 1968 571.7200 -115.6700 6 1939 563.7000 -136.8200 7 1834 530.8300 -100.9200 8 1744 505.4000 -116.2800 4 1871 544.8600 -50.3200 9 1801 452.7900 -158.8600 10 1596 396.7600 -158.3900 3 1847 523.0200 -26.5200 12 1478 352.6000 -209.5600 13 1818 361.1700 -180.3100
6.9307507057e+000 -5.4086092367e+000 -6.7411724143e+000
129 67 57
14 5 1966 529.5500 -119.4000 6 1932 523.0200 -130.5600 7 1824 491.0100 -94.0100 8 1540 471.0699 -101.1100 4 1870 503.7500 -62.1400 9 1609 419.5699 -137.5500 10 1593 366.9200 -134.5500 3 1856 483.9700 -44.3900 12 1205 329.6300 -180.0300 13 1812 338.6200 -146.4500 14 1452 323.9200 -128.0100 41 1601 330.0601 -166.4600 42 1786 330.3600 -191.7800 43 1917 321.7800 -197.9500
-1.3731767090e+000 -6.9368229056e+000 -6.9495133987e+000
111 90 70
7 5 1192 -21.0400 -192.9300 6 1114 -32.1700 -184.3700 7 1398 -49.0600 -137.9900 8 954 -58.3500 -117.0200 4 1080 -47.4700 -152.2400 9 1041 -96.2600 -134.3900 3 1871 -54.3600 -154.7200
2.0576162223e+000 -7.3019511244e+000 -8.2308586903e+000
40 34 30
5 5 1988 192.0601 -222.3200 6 1949 180.2200 -210.6500 7 1835 157.2700 -163.2500 4 1898 170.4800 -184.6200 3 1879 161.8199 -185.8900
8.0351369226e+000 3.4062350431e+000 -6.8931554192e+000
150 65 56
10 5 2199 618.5900 452.6400 6 2123 652.8199 454.1400 7 2051 644.8000 481.7500 8 2084 656.5200 458.9400 3 1936 502.1899 476.9400 39 2086 486.6700 372.6400 40 1956 527.8700 406.9400 38 1785 455.9600 501.8400 36 1741 403.9500 517.8400 37 1773 420.7100 504.2500
6.3639569581e+000 3.2078261152e+000 -7.4731285989e+000
182 109 66
5 5 2201 500.2900 431.1100 6 2131 529.5699 440.9000 7 2060 521.5601 473.3300 4 2080 445.5200 471.1900 3 1941 396.8900 446.8000
6.2126907399e+000 2.9402314366e+000 -8.1616730274e+000
162 121 64
6 5 2206 478.0100 403.4400 6 2129 504.9900 417.3500 7 2059 497.1500 450.3800 8 1955 509.3600 439.9900 4 2086 425.8500 439.9500 3 1949 378.7200 411.5600
-9.9065031382e-001 -5.6443398878e+000 -6.4910243570e+000
126 58 46
6 5 2143 8.0100 -111.2600 6 1930 1.9300 -110.7900 8 1726 -26.9200 -49.9200 4 2004 -21.4400 -64.1200 9 1784 -62.1100 -74.0000 3 1995 -30.0600 -63.1600
1.9428613967e+000 -5.5332100596e+000 -7.0108647689e+000
138 117 111
4 5 2144 198.4399 -112.9200 6 2063 189.3400 -110.9500 4 2006 171.5500 -63.1700 3 1996 159.6000 -60.9800
1.1788544003e+000 -6.7711578595e+000 -7.7151687927e+000
36 26 24
