# Bundle file v0.3
60 3192
0 0 0
0 0 0
0 0 0
0 0 0
0 0 0
0 0 0
0 0 0
0 0 0
0 0 0
0 0 0
0 0 0
0 0 0
0 0 0
0 0 0
0 0 0
1.8263244466e+003 3.6077490186e-002 -8.3955049815e-002
9.9925831020e-001 -2.3618100029e-002 3.0414056575e-002
1.5566194767e-002 9.7016318581e-001 2.4195265337e-001
-3.5221059991e-002 -2.4129976843e-001 9.6981126962e-001
4.1225887857e-001 5.7034150924e+000 -1.8303345237e+001
1.8430048127e+003 6.4492163730e-002 -1.9692163590e-001
9.9970814928e-001 1.0614533228e-002 2.1701335221e-002
-1.3281394980e-002 9.9185271695e-001 1.2669566853e-001
-2.0179712917e-002 -1.2694691632e-001 9.9170421983e-001
6.6457160768e-001 4.9899432317e+000 -1.7511905482e+001
1.8284304052e+003 3.4891876084e-002 -6.8933850525e-002
9.9892566792e-001 4.2698891966e-002 1.8008736837e-002
-4.3495373021e-002 9.9797383698e-001 4.6436765900e-002
-1.5989449750e-002 -4.7170174119e-002 9.9875888590e-001
1.1737516400e+000 3.8851352576e+000 -1.7009104669e+001
1.8142809439e+003 2.8825504202e-002 -2.9536239015e-002
9.9703775826e-001 7.5989488542e-002 1.1887230013e-002
-7.4916723845e-002 9.9447182264e-001 -7.3574985284e-002
-1.7412440798e-002 7.2466486063e-002 9.9721884023e-001
1.1825101573e+000 3.0856085667e+000 -1.6184723838e+001
1.8176964724e+003 2.3636818344e-002 -1.6186893189e-002
9.9524594419e-001 9.6870813573e-002 1.0077501920e-002
-9.4901833400e-002 9.8783346441e-001 -1.2320182065e-001
-2.1889554235e-002 1.2165973891e-001 9.9233046680e-001
1.0607097176e+000 3.2814610210e+000 -1.6588924092e+001
1.8113991064e+003 -2.0156290446e-003 8.3146881986e-002
9.9086597596e-001 1.3253147186e-001 -2.4900334465e-002
-1.3476671698e-001 9.6672074180e-001 -2.1746020182e-001
-4.7486508120e-003 2.1882965143e-001 9.7575152266e-001
8.7039736013e-001 2.6326774337e+000 -1.6756897346e+001
1.8376816129e+003 -6.7150526440e-003 5.4795876879e-002
9.8535702677e-001 1.6995348433e-001 -1.3687328674e-002
-1.6560921173e-001 9.3488594229e-001 -3.1394563845e-001
-4.0560063979e-002 3.1161528858e-001 9.4934229503e-001
6.1922037233e-001 1.4699557619e+000 -1.7227597238e+001
1.8323761053e+003 -2.5963483188e-002 1.4044667954e-001
9.8160735202e-001 1.9012261980e-001 -1.7331933125e-002
-1.8215617053e-001 9.0554794999e-001 -3.8314754312e-001
-5.7150118159e-002 3.7925756380e-001 9.2352453367e-001
1.3371628691e-001 9.3754441825e-001 -1.7637884748e+001
0 0 0
0 0 0
0 0 0
0 0 0
0 0 0
1.8279163816e+003 -1.1287167328e-002 1.3016006424e-001
9.7051814730e-001 2.3281249332e-001 -6.2392857898e-002
-2.3353588417e-001 8.4425803542e-001 -4.8237885571e-001
-5.9628152488e-002 4.8272840457e-001 8.7373781585e-001
-1.1315050899e-001 -5.5452879965e-001 -1.9272872684e+001
1.8320127378e+003 -2.6052470092e-002 1.5964866948e-001
9.6793985295e-001 2.3529225159e-001 -8.7920403825e-002
-2.4385421616e-001 7.9632538562e-001 -5.5353500474e-001
-6.0229248121e-002 5.5722835225e-001 8.2817208424e-001
-1.6838118319e-001 -6.6924382255e-001 -1.8947350831e+001
1.7997572205e+003 -3.6527962901e-002 2.0581977493e-001
9.6139974587e-001 2.4439787382e-001 -1.2641284713e-001
-2.5919663671e-001 6.5021703478e-001 -7.1416728517e-001
-9.2345179428e-002 7.1936603128e-001 6.8846559891e-001
-5.9916274692e-001 -2.0764136173e+000 -1.8416440180e+001
0 0 0
0 0 0
0 0 0
0 0 0
0 0 0
0 0 0
0 0 0
0 0 0
0 0 0
0 0 0
0 0 0
0 0 0
0 0 0
0 0 0
0 0 0
0 0 0
0 0 0
0 0 0
0 0 0
0 0 0
0 0 0
0 0 0
0 0 0
0 0 0
0 0 0
0 0 0
0 0 0
0 0 0
0 0 0
0 0 0
0 0 0
0 0 0
0 0 0
0 0 0
0 0 0
0 0 0
0 0 0
0 0 0
0 0 0
0 0 0
0 0 0
0 0 0
0 0 0
0 0 0
0 0 0
0 0 0
0 0 0
0 0 0
0 0 0
0 0 0
0 0 0
0 0 0
0 0 0
0 0 0
0 0 0
0 0 0
0 0 0
0 0 0
0 0 0
0 0 0
0 0 0
0 0 0
0 0 0
0 0 0
0 0 0
0 0 0
0 0 0
0 0 0
0 0 0
0 0 0
0 0 0
0 0 0
0 0 0
0 0 0
0 0 0
0 0 0
0 0 0
0 0 0
0 0 0
0 0 0
0 0 0
0 0 0
0 0 0
0 0 0
0 0 0
0 0 0
0 0 0
0 0 0
0 0 0
0 0 0
0 0 0
0 0 0
0 0 0
0 0 0
0 0 0
1.5262640585e+003 5.5003107186e-002 -1.4952155460e-001
9.9747033163e-001 -6.7137073898e-002 -2.3357029414e-002
7.1049380342e-002 9.5188301702e-001 2.9811190428e-001
2.2187986800e-003 -2.9901728249e-001 9.5424511616e-001
-1.6950276048e+000 5.4416018885e+000 -1.5758056391e+001
1.5166471957e+003 6.8346294325e-002 -1.7586357692e-001
9.9835539598e-001 -5.5986342393e-002 -1.2330157623e-002
5.7324640431e-002 9.7259273009e-001 2.2533811699e-001
-6.2363530699e-004 -2.2567434687e-001 9.7420259712e-001
-1.7860606449e+000 5.9132193319e+000 -1.5226979751e+001
1.5027575931e+003 8.0887059703e-002 -1.8165476235e-001
9.9972554841e-001 -2.2271785533e-002 -7.2660463452e-003
2.3008186681e-002 9.9182024726e-001 1.2555166451e-001
4.4103521374e-003 -1.2568438521e-001 9.9206047402e-001
-1.3732419058e+000 5.2842185720e+000 -1.3993699860e+001
1.5182144679e+003 7.3582231603e-002 -1.7996043642e-001
9.9984148086e-001 1.9294771015e-003 -1.7700007589e-002
-1.3815813388e-003 9.9952107113e-001 3.0914714853e-002
1.7751179779e-002 -3.0885360278e-002 9.9936529364e-001
-1.3061523483e+000 4.6336661758e+000 -1.4516064727e+001
1.5214686782e+003 7.1231846437e-002 -1.8292796625e-001
9.9932017227e-001 2.9574713423e-002 -2.2012033667e-002
-3.0827204329e-002 9.9778647757e-001 -5.8922225389e-002
2.0220701607e-002 5.9560737885e-002 9.9801986039e-001
-1.1908794678e+000 3.8258947623e+000 -1.3788736804e+001
1.4645455876e+003 1.7150438828e-002 9.3711349824e-003
9.9794632398e-001 6.3721566855e-002 6.5342459219e-003
-6.1986049746e-002 9.8638566108e-001 -1.5231893267e-001
-1.6151287535e-002 1.5160108684e-001 9.8830979272e-001
-1.1337865365e+000 1.3674483586e+000 -1.1601412498e+001
1.5058568292e+003 3.7727759042e-002 -8.0537378070e-002
9.9545288910e-001 9.1980710828e-002 -2.4760743546e-002
-9.5045472024e-002 9.7635592290e-001 -1.9415321284e-001
6.3169480895e-003 1.9562377321e-001 9.8065867432e-001
-8.1680072506e-001 1.8133146651e+000 -1.2700298224e+001
1.5361582615e+003 1.9621013481e-002 -3.3228387573e-002
9.9129375933e-001 1.3158373551e-001 -4.7332090898e-003
-1.2421578627e-001 9.2265480016e-001 -3.6507336000e-001
-4.3670598357e-002 3.6248288275e-001 9.3096672258e-001
-1.0640358229e+000 4.9421867439e-001 -1.2066126995e+001
1.5313666433e+003 2.0275121677e-002 -3.7880238327e-002
9.8807372627e-001 1.5348724951e-001 -1.2327842177e-002
-1.4573379973e-001 9.0629694531e-001 -3.9672094291e-001
-4.9718920642e-002 3.9378612363e-001 9.1785647994e-001
-9.2022786700e-001 -5.1867000280e-002 -1.2239681535e+001
1.5605102733e+003 3.9152338774e-002 -1.1388160010e-001
9.8220300464e-001 1.8451012094e-001 -3.5117986083e-002
-1.7923845811e-001 8.6490529698e-001 -4.6884155361e-001
-5.6132279577e-002 4.6679207633e-001 8.8258389101e-001
-9.6469387355e-001 -6.4320699555e-001 -1.2771961645e+001
0 0 0
0 0 0
0 0 0
0 0 0
0 0 0
1.5755821518e+003 -1.3266795091e-002 -3.7445402456e-002
9.7550351167e-001 2.0839601855e-001 -7.0455646844e-002
-2.0949444895e-001 7.8233432869e-001 -5.8657060446e-001
-6.7119107391e-002 5.8696175141e-001 8.0682769400e-001
-1.3883698666e+000 -2.1656810048e+000 -1.3560486466e+001
0 0 0
0 0 0
0 0 0
0 0 0
0 0 0
0 0 0
0 0 0
0 0 0
0 0 0
0 0 0
0 0 0
0 0 0
0 0 0
0 0 0
0 0 0
0 0 0
0 0 0
0 0 0
0 0 0
0 0 0
0 0 0
0 0 0
0 0 0
0 0 0
0 0 0
0 0 0
0 0 0
0 0 0
0 0 0
0 0 0
0 0 0
0 0 0
0 0 0
0 0 0
0 0 0
0 0 0
0 0 0
0 0 0
0 0 0
0 0 0
0 0 0
0 0 0
0 0 0
0 0 0
0 0 0
0 0 0
0 0 0
0 0 0
0 0 0
0 0 0
0 0 0
0 0 0
0 0 0
0 0 0
0 0 0
0 0 0
0 0 0
0 0 0
0 0 0
0 0 0
0 0 0
0 0 0
0 0 0
0 0 0
0 0 0
0 0 0
0 0 0
0 0 0
0 0 0
0 0 0
5.0472832615e-001 -6.1406135287e+000 -7.5918751576e+000
141 54 61
15 5 1520 94.5900 -195.2400 6 1483 84.4100 -185.6400 7 1400 63.6800 -137.2800 8 957 52.2500 -120.3600 4 1469 70.8300 -155.6500 9 1044 12.0900 -135.6600 10 550 -27.4600 -121.8700 39 1428 -77.9200 -262.9200 40 1280 -47.7800 -195.9600 41 964 -96.7400 -178.4500 42 1183 -91.2600 -191.0300 43 620 -93.7000 -173.1800 38 1258 -47.2900 -132.5700 36 1313 -47.6900 -128.1000 35 1171 -57.1100 -125.2500
-2.2390534670e-001 -6.4632052864e+000 -7.4835308632e+000
141 130 128
15 5 1533 39.6000 -219.5000 6 1492 28.6400 -209.0400 7 1399 9.4800 -159.0400 8 981 -0.6800 -139.6900 4 1477 15.6300 -180.7400 9 1042 -40.2900 -153.5100 10 982 -79.0300 -137.2600 39 1084 -133.0900 -283.8400 40 972 -101.7900 -214.1700 41 962 -152.8200 -194.1900 42 635 -143.9900 -205.6000 43 618 -146.5100 -185.9300 36 1328 -105.0900 -149.8900 37 1206 -99.6900 -142.1400 35 847 -110.1200 -150.4700
5.0463886216e-001 -1.4533390934e+000 -6.5731639330e+000
115 89 76
16 5 976 116.7700 167.8700 6 915 121.8300 167.7000 7 1266 107.8500 206.5800 8 1444 103.0601 203.4800 9 1247 77.1100 161.9600 12 1613 31.6900 93.2000 13 1730 42.3300 123.4600 14 1813 26.3400 116.6000 39 894 -62.5000 68.5600 40 777 -22.5500 122.9300 41 814 -59.1900 119.2400 42 1431 -46.7100 92.5700 43 1525 -40.9300 86.4200 38 792 -45.4700 202.4800 45 2112 -61.4500 36.9700 37 220 -50.8800 211.1300
1.5417369368e-001 -6.9347308547e+000 -7.8103289343e+000
144 133 129
10 5 1813 65.1899 -254.4500 6 1766 52.9200 -240.2900 8 1315 21.8500 -167.7200 4 1736 43.2900 -218.8800 9 1384 -19.3100 -177.2000 10 1327 -58.0500 -158.0800 13 1112 -57.9600 -119.6900 40 1535 -77.6800 -240.6000 38 1643 -75.6700 -182.2300 37 1610 -72.3400 -174.5500
1.1109244704e+000 -1.0037985417e+000 -7.6917888640e+000
52 30 20
8 5 269 156.9900 183.1500 6 1331 159.5300 195.0400 7 1533 148.4301 234.6000 8 1436 150.3900 235.3400 9 1716 121.8800 204.1400 10 1684 85.4301 201.5400 12 1794 83.3199 140.7700 13 2136 94.7300 177.9200
1.1086469753e+000 -1.0043808484e+000 -7.6971496376e+000
52 30 20
9 5 268 156.9900 183.1500 6 1330 159.5300 195.0400 7 1534 148.4301 234.6000 8 1437 150.3900 235.3400 9 1717 121.8800 204.1400 10 1685 85.4301 201.5400 12 1795 83.3199 140.7700 13 2137 94.7300 177.9200 14 2122 86.0699 182.4700
6.5794515428e-001 -1.4665493984e+000 -6.4804987368e+000
51 30 25
14 5 1702 130.1300 164.9900 6 1864 132.6801 165.5400 7 1759 119.8500 203.0800 8 1849 116.5100 197.9700 10 1858 49.2200 149.7900 12 1809 44.5300 84.2200 13 2151 53.5700 115.1200 40 1633 -12.5500 121.2700 41 1851 -48.8800 116.0600 42 2037 -35.6400 88.2900 43 2178 -30.4100 81.9100 38 1398 -35.7600 202.5400 45 2263 -47.8100 29.1800 37 1327 -42.0400 210.8200
8.1846529147e-002 -6.3095364700e+000 -7.4172833569e+000
145 125 126
12 5 2407 63.2900 -209.2900 6 2209 52.0000 -199.6500 7 2135 33.2700 -150.7800 8 2021 21.8400 -133.6100 4 2279 39.1800 -169.6200 9 2075 -18.6000 -149.6200 39 2043 -110.3300 -274.3900 40 1919 -79.5800 -206.7600 41 1978 -128.1400 -190.1800 38 1867 -79.2400 -142.7200 36 1936 -81.0500 -139.2900 37 1862 -76.8700 -132.5500
6.3344286985e+000 -7.2192906283e+000 -6.1123568592e+000
171 170 165
10 5 2515 567.6600 -311.1400 6 2433 547.1200 -326.9400 7 2383 506.7500 -284.3500 8 2230 472.4600 -287.8700 4 2471 552.5100 -246.7100 9 2192 410.9900 -316.5200 10 2154 352.6500 -305.2100 3 2450 542.8000 -216.3300 12 2138 304.2200 -332.2000 13 2339 309.0000 -296.8500
-1.3252120752e+000 -5.4180416092e+000 -6.7655417798e+000
99 70 54
13 5 613 -41.5200 -141.8200 6 1096 -49.4500 -134.8000 7 1373 -63.5400 -85.7500 4 1056 -68.7400 -97.4000 9 529 -110.7100 -94.6800 3 960 -77.0000 -93.6000 40 457 -181.5500 -149.4800 42 570 -222.2400 -154.7200 43 592 -222.4000 -139.5300 38 933 -183.0200 -80.2300 36 1300 -189.1400 -69.8700 34 253 -185.7400 -135.1700 35 806 -200.9200 -68.8600
8.0949927263e-001 -5.1471033955e+000 -7.3959294859e+000
148 108 60
3 5 583 123.5000 -123.3500 6 563 113.8700 -117.7500 37 431 -25.8200 -51.3800
9.0765654264e-001 -2.9418947659e+000 -6.2608216701e+000
163 120 78
2 5 1057 145.8199 48.9200 6 989 143.1100 44.2800
1.0089433285e+000 -2.8988082032e+000 -6.3270311073e+000
156 75 56
9 5 1438 152.9500 51.7900 6 1405 149.8900 47.9300 7 1319 136.1000 80.7100 8 365 123.0800 84.9700 9 1291 92.3900 42.4300 10 1257 51.9300 37.9200 3 825 98.0900 107.6500 12 789 40.9700 -14.3500 42 1096 -20.7100 -19.5200
-1.0138879940e+000 -5.3827143291e+000 -6.7865985818e+000
119 84 66
3 5 1173 -14.3500 -136.9100 6 1081 -25.6800 -131.0600 8 481 -49.6300 -71.0900
6.9899318284e+000 -7.3627906716e+000 -5.9282064539e+000
158 111 89
10 5 783 625.7400 -326.0200 6 1207 603.4200 -345.6400 7 1454 560.0800 -304.8200 8 1047 522.4200 -310.0600 4 1509 612.1500 -259.1900 9 1132 457.2000 -339.9700 10 1059 395.6500 -329.5600 3 1059 602.0601 -224.9400 12 505 341.8400 -354.3700 13 1199 345.5500 -320.0900
-7.3866411839e-001 -6.9972872192e+000 -7.5707256524e+000
147 127 126
5 5 1227 -0.7500 -257.9900 6 1152 -12.8300 -243.7500 7 583 -31.9000 -192.7900 8 996 -41.2400 -168.0400 4 1134 -23.8500 -221.6100
2.3414392658e+000 -4.1292851087e+000 -6.8468422550e+000
155 133 125
7 5 1756 247.8300 -49.5700 6 1707 242.8000 -54.5000 7 1354 221.9800 -14.5100 8 1514 208.4200 -12.7900 4 1669 218.8600 -0.6700 9 1334 169.6899 -45.8900 3 1360 200.7600 5.9900
7.0359824615e+000 -8.0607631074e+000 -5.8565557795e+000
147 90 73
8 5 1614 629.7800 -384.7400 6 1226 603.0100 -401.6800 7 1460 557.0000 -359.0900 8 1379 517.0500 -361.5600 4 1188 619.6801 -317.1300 9 1140 449.1801 -386.3600 10 1394 386.3300 -373.0300 3 1482 614.2400 -281.5500
-9.6076926948e-001 -5.7462612237e+000 -6.9018285160e+000
121 44 45
9 5 1786 -12.8000 -164.7800 6 1737 -23.3800 -158.2100 7 1631 -40.6100 -110.4300 8 1288 -48.4200 -94.1400 4 1709 -39.7300 -122.7500 9 1349 -86.8900 -113.2200 10 966 -123.4100 -101.6800 3 1868 -49.4900 -120.3800 13 587 -119.3200 -79.1000
-1.3276314780e+000 -5.6561600786e+000 -6.7311357759e+000
108 90 81
7 5 1976 -39.3400 -156.9600 6 1935 -50.8500 -151.0000 7 1826 -66.6500 -103.4700 8 1530 -76.6400 -87.7100 4 1885 -67.8800 -114.4700 10 1300 -150.3800 -96.3000 3 1867 -77.1600 -111.8900
1.0213914285e+001 1.2971567130e+000 -7.9757846196e+000
158 106 59
6 5 2355 822.4700 319.1900 6 2284 855.0500 315.4200 4 2217 767.7000 368.7700 3 2197 709.6100 357.1800 36 1975 612.2200 399.2200 37 1887 621.3101 386.9400
3.3790123839e+000 -3.6095822533e+000 -7.4639533709e+000
139 125 124
6 5 2260 320.4700 -15.0600 6 2188 317.6899 -15.5200 7 2120 296.4900 23.1600 8 1995 285.8600 22.3900 4 2129 289.4200 31.3700 3 2112 268.9700 32.7300
6.1970933328e-001 -4.7544460125e+000 -7.0564514553e+000
148 103 54
14 5 2389 112.1100 -91.9200 6 2316 104.0100 -88.9700 7 2252 85.9900 -45.2300 8 2125 75.0200 -37.3900 4 2267 83.8101 -47.4300 9 2064 36.1300 -62.5600 10 2030 -4.6400 -55.7900 3 2246 70.8700 -43.9900 39 2034 -67.0900 -174.1300 40 1911 -34.1500 -111.5100 38 1947 -39.2300 -36.4500 36 2016 -42.6900 -23.1700 34 1474 -41.4200 -84.8600 35 1901 -57.1100 -20.5500
3.2344222186e+000 -4.5449881376e+000 -7.8404553672e+000
151 104 58
5 5 2390 301.2600 -85.5100 6 2197 296.8800 -81.5700 7 2253 273.6300 -40.3900 4 2268 273.9800 -41.4800 3 2247 256.8500 -40.5400
6.5227224553e+000 -4.3832635096e+000 -6.0185655186e+000
80 51 39
9 5 2492 591.9399 -84.1800 6 2413 586.2500 -106.8800 7 2363 553.2500 -72.9800 8 2209 530.1000 -89.6000 4 2378 562.9900 -16.3200 9 2266 477.4900 -135.9700 10 2130 419.8300 -140.1400 3 2340 537.7800 8.0000 12 2119 377.2000 -192.7700
6.7166623418e+000 -7.1341143883e+000 -5.9277537744e+000
64 36 24
11 5 2517 603.8700 -306.3000 6 2435 582.8800 -326.9600 7 2384 540.9600 -286.1600 8 2232 505.3900 -293.2100 4 2392 588.7100 -239.1000 10 2155 380.9301 -315.1700 3 2360 577.9000 -206.4600 12 2139 328.1400 -347.1100 41 2150 352.5699 -352.3600 42 2296 346.2600 -374.3700 45 2596 280.6500 -388.9600
-3.9331600190e+000 -1.4058349297e+000 -3.8853257062e+000
66 71 74
6 5 2599 -253.8300 216.8200 6 2538 -261.9200 204.7600 7 2485 -268.4600 243.0900 8 2317 -270.7600 230.9400 4 2495 -293.8200 277.0000 3 2404 -306.3100 283.0100
1.0789896557e+000 -5.4062276980e+000 -7.2296269477e+000
141 124 123
2 5 621 143.4399 -144.2800 6 579 135.0000 -140.3100
5.0186374934e-001 -2.9307504634e+000 -6.2165484926e+000
150 111 70
6 5 1437 114.1500 50.5400 6 1399 110.4800 47.1800 7 932 95.0699 87.7200 4 923 79.7600 103.1000 9 1288 53.4700 45.4600 3 1283 61.6200 104.8100
1.2526089177e+000 -5.8418722911e+000 -7.6762139270e+000
149 131 127
6 5 1198 152.0900 -175.7300 6 609 141.3300 -167.6100 7 546 120.2300 -120.6600 8 505 107.5601 -106.8500 40 954 7.4200 -179.6500 38 958 5.4000 -111.8000
-9.7388924355e-001 -5.4491318282e+000 -6.7895609444e+000
33 23 22
7 5 1174 -10.9500 -142.8700 6 1097 -22.4400 -137.5100 7 1033 -38.6900 -90.4300 9 530 -84.8400 -97.4700 39 1042 -192.4700 -220.2300 34 770 -157.9100 -136.2100 35 1162 -175.0600 -70.8200
1.0269885295e+000 -5.2962108543e+000 -7.3801985277e+000
137 120 115
17 5 1176 137.8000 -135.1100 6 1084 128.9200 -130.1400 7 1377 110.3500 -84.4300 8 485 95.8600 -72.7300 4 1061 110.9399 -92.1800 9 1020 59.7000 -95.0100 10 522 18.0400 -84.0100 3 1406 100.3101 -89.9100 12 845 9.8300 -111.4700 13 592 15.3400 -70.7300 39 1047 -39.1100 -207.0800 40 1270 -5.0300 -145.3400 41 1341 -49.5700 -133.8000 42 1540 -42.8200 -149.5800 38 937 -11.2400 -74.4000 36 939 -13.8200 -64.5000 35 1143 -25.6700 -61.1800
1.0552604934e+000 -5.8347335680e+000 -7.6819191506e+000
142 128 127
20 5 1521 137.7700 -175.6800 6 1120 128.7300 -167.5500 7 1388 106.5100 -120.0600 8 959 95.5900 -105.7200 4 1083 114.6500 -135.7300 9 1353 53.9200 -121.8800 10 1317 13.5600 -108.5800 3 1698 101.2500 -132.8600 12 1178 1.7600 -127.1900 13 1494 9.8800 -85.1100 14 532 -0.4100 -44.0000 39 1417 -37.4900 -240.2900 40 1512 -9.9800 -174.7900 42 1545 -48.5700 -172.6200 43 1216 -50.2400 -158.1100 38 956 -8.0800 -111.1700 45 1642 -70.9300 -163.0500 37 1181 -8.4700 -99.9200 34 970 -7.1300 -166.3000 35 1390 -23.6300 -100.9400
-8.6805828054e-001 -5.8696128304e+000 -6.9507336514e+000
125 108 101
9 5 1787 -4.5700 -174.7400 6 1748 -16.2500 -167.1400 7 1633 -33.1300 -118.6800 8 1295 -44.2500 -102.8700 4 1888 -30.5400 -132.6500 9 1028 -83.0100 -121.1500 10 546 -121.3200 -108.7100 3 1869 -40.2300 -130.7700 13 588 -116.5900 -84.2600
6.3463607149e+000 -7.2221035305e+000 -6.1312931065e+000
171 170 165
4 5 2516 567.6600 -311.1400 6 2434 547.1200 -326.9400 4 2472 552.5100 -246.7100 3 2451 542.8000 -216.3300
5.6106211855e+000 9.7760409817e-001 -7.3015735081e+000
86 49 40
7 5 896 501.8000 320.7900 6 828 523.3101 322.9500 7 757 511.4000 354.9400 4 81 453.0699 366.2500 9 151 489.2500 285.3900 10 779 447.5400 270.3200 3 85 409.3400 352.8700
5.9340203205e+000 9.2975165532e-001 -6.7161383797e+000
125 92 73
3 5 897 540.3300 326.9600 6 830 562.8900 321.9600 3 86 443.1200 367.6100
-4.0971145169e+000 -6.1152306047e+000 -3.9382843424e+000
223 132 123
2 5 667 -289.0200 -197.6000 6 619 -302.7600 -212.7300
5.7515451968e+000 -8.9439232521e-001 -7.3206181072e+000
112 55 38
4 5 984 508.4000 182.0400 6 921 520.4900 175.9700 4 856 466.3199 232.2500 3 153 428.2600 226.1700
-4.7644032287e+000 -2.3604787894e+000 -4.3664016871e+000
236 227 152
3 5 301 -324.9400 131.8200 6 279 -335.6600 125.2500 3 167 -370.6000 191.8000
9.8954608644e-001 -3.3756244462e+000 -6.5713248814e+000
140 94 74
5 5 1083 149.0699 12.9100 6 461 145.0500 10.4900 7 420 127.1100 51.1500 8 390 117.0500 51.1900 3 272 98.9900 65.4300
6.0718172293e+000 -5.9209297206e+000 -6.8676209227e+000
121 77 59
4 5 698 530.1801 -201.9000 6 633 518.1899 -212.5600 8 548 459.3101 -176.6500 3 422 493.7000 -123.8300
5.9103228007e+000 1.9176347868e+000 -6.5008272407e+000
192 165 138
11 5 870 541.7300 408.0000 6 810 569.9301 405.4000 8 66 566.7300 408.0300 4 757 486.0300 456.6200 9 75 544.5300 348.0300 3 666 435.8199 439.7700 40 45 442.1500 354.7300 41 115 446.5800 338.7000 42 148 462.2600 292.3900 43 927 477.2500 258.8700 38 20 380.5000 451.6300
5.3054754901e+000 2.1822047337e+000 -8.2504792550e+000
77 48 26
7 5 1336 462.9700 392.7600 6 1270 487.9900 407.6000 7 1178 479.6100 441.2900 8 1085 492.6600 433.0800 9 1175 472.8500 390.5100 10 1114 436.3700 378.0800 3 687 367.3800 400.5800
5.0892577415e+000 -1.4377183515e+000 -7.7836038675e+000
66 47 41
5 5 1412 448.0601 137.7000 6 1367 455.5601 138.9600 7 1282 438.1400 172.9000 8 1187 433.5500 165.4300 3 786 376.5400 178.5000
5.3853277949e+000 -1.6121685584e+000 -7.8000630477e+000
88 64 59
5 5 1413 468.9800 124.4800 6 942 476.3199 124.3500 7 1284 457.5601 158.6800 9 909 415.8600 109.8100 3 787 399.3600 165.9200
5.9068385442e+000 -4.5722378323e+000 -7.0856071673e+000
132 107 103
6 5 1490 516.6000 -95.3900 6 1727 509.0000 -106.9700 8 1290 461.7100 -75.9000 4 1051 490.1200 -39.4200 10 1321 360.5601 -109.3000 3 922 468.3101 -27.7900
-6.8730243296e+000 -5.0550519197e+000 -5.7167626202e+000
231 226 164
5 5 540 -493.8200 -94.1400 6 1057 -502.3200 -81.5800 7 461 -505.8100 -29.5800 9 472 -532.8900 -23.8600 3 928 -531.7500 -55.3600
-6.8730243296e+000 -5.0550519197e+000 -5.7167626202e+000
231 226 164
5 5 541 -493.8200 -94.1400 6 1056 -502.3200 -81.5800 7 460 -505.8100 -29.5800 9 471 -532.8900 -23.8600 3 929 -531.7500 -55.3600
-2.9424940353e-001 -6.5373499326e+000 -7.4683141293e+000
45 35 33
10 5 1208 34.3000 -225.3300 6 1138 22.9600 -213.9200 7 1058 3.2700 -164.2200 8 982 -7.2500 -144.2200 4 1103 10.4700 -186.8800 3 1028 3.2500 -186.5800 39 519 -140.4700 -288.3300 40 971 -106.9400 -219.1900 38 973 -105.6900 -157.1500 37 488 -101.1800 -147.8800
5.8063451912e+000 2.1326709479e+000 -6.9748702346e+000
160 97 64
7 5 1330 528.6400 412.8200 6 1260 554.8101 415.9600 7 1166 544.4100 446.2500 8 672 553.7200 425.7800 4 1245 473.7300 457.8700 9 768 532.5900 368.2500 3 1167 424.3101 438.9500
5.9705171883e+000 3.6983425344e-001 -6.5663730593e+000
135 110 80
9 5 1359 545.3600 285.5600 6 1620 564.8300 277.1700 7 1518 549.4100 306.2200 8 1124 548.4700 283.8500 9 1223 518.6200 226.7100 10 1186 472.2900 207.3900 3 1193 451.7900 334.5100 12 1094 448.0100 109.1100 13 1412 468.4200 134.6700
5.4368661609e+000 -1.4759249433e+000 -7.7600415170e+000
76 54 54
8 5 1716 473.2900 136.9400 6 1369 481.9700 133.3900 7 1283 463.8300 167.1500 8 1460 459.9700 157.5400 4 1342 434.5500 181.2700 9 1543 424.1000 118.3100 10 1519 380.0000 113.2100 3 1262 401.2500 176.1300
8.8277978659e-001 -2.7963544641e+000 -6.3308943157e+000
162 120 92
19 5 1428 142.6600 59.9100 6 1404 140.0500 55.5900 7 1311 124.0000 94.0100 8 1226 115.5900 89.7200 4 924 107.5900 111.8000 9 1290 82.6200 50.5500 10 1256 41.5800 47.3900 3 1284 88.3000 114.7700 12 1136 32.5600 -8.2700 13 1042 39.7600 24.0000 39 1356 -37.6900 -37.3600 40 1214 -1.2700 19.2800 41 1282 -41.1600 11.3700 42 1497 -29.5200 -14.2100 43 1569 -28.2400 -17.6400 38 1197 -17.3200 103.9400 45 1189 -48.3400 -61.0300 36 1224 -29.0000 130.0400 37 766 -22.9400 120.9500
-7.3086381506e+000 -4.1506224274e+000 -6.0242621082e+000
234 219 156
5 5 1459 -517.5800 -19.2300 6 1003 -528.1400 -4.6300 8 851 -521.4200 70.7600 9 935 -554.3100 53.9100 3 1341 -556.7900 9.5500
-7.3160030639e+000 -4.1514116394e+000 -6.0407852021e+000
234 219 156
8 5 1458 -517.5800 -19.2300 6 1002 -528.1400 -4.6300 7 1325 -530.6700 47.5800 8 850 -521.4200 70.7600 4 1389 -553.4500 17.0200 9 934 -554.3100 53.9100 10 869 -581.7900 63.5100 3 1342 -556.7900 9.5500
1.7421937717e+000 -4.3416759155e+000 -6.7694630676e+000
157 131 116
3 5 1476 201.9100 -65.8100 6 1441 195.1400 -66.8000 3 1378 157.4900 -8.7900
1.1987089146e+000 -4.6838054172e+000 -7.2949092814e+000
130 75 44
4 5 555 155.8900 -88.0600 6 1065 147.0500 -87.2800 4 1042 126.9100 -43.9300 3 1392 111.3199 -45.7500
6.1599484106e+000 -6.3517308095e+000 -6.7269995155e+000
139 76 59
5 5 1566 539.9301 -236.5500 6 1514 525.8199 -246.8000 8 1335 459.9399 -211.4400 4 1484 521.2200 -175.8200 3 1429 506.8000 -156.0500
3.0990007427e+000 -6.4774929313e+000 -8.6034053802e+000
136 120 122
7 5 1539 277.0200 -224.4100 6 1499 264.1400 -211.8400 7 1414 239.1500 -164.8400 8 1307 224.7500 -148.2600 4 1482 256.9500 -187.4200 9 1371 178.3900 -159.9900 3 1443 247.9200 -189.8900
5.7072513248e+000 2.1823367754e+000 -7.1071644192e+000
187 163 112
5 5 1639 516.7800 415.1800 6 1582 544.2600 417.9800 8 1399 545.6100 430.9300 9 1475 525.8600 374.7600 3 1543 412.3500 437.4400
5.7846542615e+000 1.8022432294e+000 -6.9603075491e+000
161 86 54
5 5 1337 525.4900 388.3500 6 1271 551.8199 389.3400 7 1183 541.2200 419.4300 4 1257 471.1200 434.8500 3 1544 421.9900 417.8600
6.0327613735e+000 -5.8624803003e-001 -6.4801065134e+000
143 112 84
9 5 1694 550.6200 213.9200 6 1642 565.2000 203.1200 7 1540 545.4800 230.7000 8 1447 539.9500 207.3800 4 1607 505.3500 270.0300 9 1534 505.4700 150.7400 10 1507 458.0601 136.1600 3 1576 464.5699 270.2100 12 1117 428.2800 46.7000
1.0745492534e+000 -4.5878499445e+000 -7.0555539483e+000
146 93 54
5 5 1959 146.6899 -82.3000 6 1713 140.0699 -79.3600 7 1617 121.0000 -36.6100 4 1676 119.0000 -35.9300 3 1659 105.4000 -33.1200
6.2574018620e+000 -5.6633585803e+000 -6.3364107123e+000
73 46 27
8 5 1794 559.7200 -184.5100 6 1763 547.5000 -200.2700 8 1324 484.3300 -173.0900 4 1711 536.9200 -121.1700 9 1404 429.2800 -208.3800 10 1360 373.2600 -204.1100 3 1684 519.6000 -96.6800 13 1159 336.1600 -211.1700
6.0813180783e+000 -5.7921362245e+000 -6.7806438181e+000
136 78 59
10 5 1984 534.3000 -191.3900 6 1953 522.1300 -203.4700 7 1845 487.6600 -164.3300 8 1559 462.9600 -169.4600 4 1894 512.1899 -133.3500 9 1631 408.2900 -201.6000 10 1605 354.4600 -194.4100 3 1694 495.8101 -113.6600 12 1226 313.5400 -231.9500 13 1830 321.4500 -196.6600
4.4486235342e-001 -5.8795387778e+000 -7.4512111488e+000
147 59 57
13 5 1788 91.4399 -175.7500 6 1749 82.9399 -167.8600 4 1715 66.7900 -134.8300 9 1351 13.8200 -123.6900 10 1314 -26.2500 -110.2000 3 1696 58.1200 -134.1300 39 1416 -82.3300 -247.0200 41 1355 -100.5800 -165.3100 42 1182 -92.0900 -178.1000 43 1213 -93.1800 -162.7700 38 1475 -53.7500 -115.4700 36 1558 -55.3300 -110.3300 35 1389 -67.1300 -107.0400
1.0277238326e+000 -6.1620136191e+000 -7.7566547562e+000
141 125 125
20 5 1535 133.7400 -198.1200 6 1119 123.6899 -188.2500 7 1401 101.1600 -141.1000 8 961 90.5400 -124.2500 4 1085 111.8300 -158.2300 9 584 49.8600 -139.2600 10 968 7.2800 -124.9000 3 1699 98.4000 -159.3200 12 865 -5.7300 -142.3900 13 593 4.0900 -98.4400 39 1086 -39.8400 -261.5300 40 974 -10.7900 -196.6400 41 966 -58.5800 -177.4400 42 1184 -54.4400 -190.1100 43 1627 -58.8500 -174.0600 38 494 -9.0700 -131.3800 36 976 -9.4000 -128.8400 37 1197 -11.2300 -122.5400 34 971 -7.5200 -192.8900 35 1173 -22.5800 -126.8100
1.6999758342e+000 -6.2841614737e+000 -8.1689285615e+000
143 49 51
8 5 1800 180.1899 -206.3700 6 1751 168.7900 -194.8500 7 1403 146.9600 -147.2800 8 1296 133.0800 -131.2800 3 1711 148.8101 -168.8900 38 1271 34.5600 -141.5500 36 994 37.3900 -140.9000 35 850 25.2500 -137.1400
7.0868730584e+000 -8.4808530989e+000 -5.9398197948e+000
143 92 73
7 5 1621 629.5900 -417.5300 6 1563 601.5601 -433.8200 8 1378 512.3900 -388.0100 4 1780 622.9301 -352.5600 9 1442 444.3400 -409.8600 3 1757 619.6899 -317.0200 13 1208 326.3700 -369.3800
9.7494555188e+000 2.3678389697e+000 -7.7476261131e+000
146 119 94
8 5 2052 798.5400 402.8900 6 1998 838.7700 402.7100 7 2066 827.1300 428.6700 8 1958 842.3300 403.2700 4 1940 738.3500 449.6300 3 1783 676.1100 431.3900 38 1676 635.7300 455.4600 36 1625 577.5500 473.6100
5.1914565074e+000 1.5099028225e+000 -7.6832968680e+000
72 84 93
4 5 2055 464.8101 353.1900 6 2003 485.4800 365.3700 4 1945 414.8800 395.5100 3 1790 372.6200 376.6200
5.9543253475e+000 7.1412539156e-001 -6.5455644188e+000
139 108 87
10 5 1873 546.5100 308.2300 6 1839 566.9100 306.9900 7 1723 552.8500 334.3100 8 1642 553.5400 312.2000 4 1798 495.2400 366.6000 10 1469 480.0900 232.2800 3 1791 449.3000 359.8500 12 1375 455.4500 131.7000 13 1709 476.8900 156.5300 14 1818 477.8600 119.0300
5.7367110873e+000 -1.4427874322e-001 -7.2156667441e+000
137 75 64
10 5 1880 510.1700 237.2600 6 1851 526.6801 235.7500 7 1739 510.0100 266.3900 8 1662 510.1801 250.4800 4 1810 465.5900 288.0500 9 1718 479.4600 200.7500 3 1803 425.3101 280.0900 12 1388 413.1000 102.0700 13 1719 432.2200 130.7900 14 1817 434.2400 111.0600
6.0099123351e+000 -4.5483469571e+000 -6.8935399106e+000
125 67 52
10 5 1962 528.5200 -95.3800 6 1728 524.2400 -104.5900 7 1823 493.0300 -69.5000 8 1732 472.9800 -78.7700 4 1869 501.1801 -38.1100 9 1794 422.9399 -117.0200 10 1583 371.4800 -114.0400 3 1846 479.7500 -22.6000 12 1457 333.1801 -162.9900 13 1803 343.5400 -129.8000
6.3096932120e+000 -4.7958991542e+000 -6.1022873765e+000
135 108 82
10 5 1968 571.7200 -115.6700 6 1939 563.7000 -136.8200 7 1834 530.8300 -100.9200 8 1744 505.4000 -116.2800 4 1871 544.8600 -50.3200 9 1801 452.7900 -158.8600 10 1596 396.7600 -158.3900 3 1847 523.0200 -26.5200 12 1478 352.6000 -209.5600 13 1818 361.1700 -180.3100
6.0545176911e+000 -4.8567924106e+000 -6.8745738109e+000
129 67 57
14 5 1966 529.5500 -119.4000 6 1932 523.0200 -130.5600 7 1824 491.0100 -94.0100 8 1540 471.0699 -101.1100 4 1870 503.7500 -62.1400 9 1609 419.5699 -137.5500 10 1593 366.9200 -134.5500 3 1856 483.9700 -44.3900 12 1205 329.6300 -180.0300 13 1812 338.6200 -146.4500 14 1452 323.9200 -128.0100 41 1601 330.0601 -166.4600 42 1786 330.3600 -191.7800 43 1917 321.7800 -197.9500
-1.0516838034e+000 -6.1384945286e+000 -7.0656890146e+000
111 90 70
7 5 1192 -21.0400 -192.9300 6 1114 -32.1700 -184.3700 7 1398 -49.0600 -137.9900 8 954 -58.3500 -117.0200 4 1080 -47.4700 -152.2400 9 1041 -96.2600 -134.3900 3 1871 -54.3600 -154.7200
6.0799107803e+000 -6.1037510579e+000 -6.7331193208e+000
133 64 52
11 5 1989 534.2100 -217.4000 6 1957 520.5900 -228.3500 7 1846 484.6801 -188.5600 8 1763 459.0200 -191.9400 4 1895 515.1300 -155.6900 9 1828 402.2200 -223.2300 10 1611 348.7700 -214.4300 3 1874 500.1200 -137.0400 12 1483 307.0000 -248.1500 13 1829 314.5300 -212.3600 14 1469 297.5601 -182.2100
1.8688801613e+000 -6.4663341474e+000 -8.1476097685e+000
40 34 30
5 5 1988 192.0601 -222.3200 6 1949 180.2200 -210.6500 7 1835 157.2700 -163.2500 4 1898 170.4800 -184.6200 3 1879 161.8199 -185.8900
7.0190485058e+000 2.6867715319e+000 -6.9599565929e+000
150 65 56
10 5 2199 618.5900 452.6400 6 2123 652.8199 454.1400 7 2051 644.8000 481.7500 8 2084 656.5200 458.9400 3 1936 502.1899 476.9400 39 2086 486.6700 372.6400 40 1956 527.8700 406.9400 38 1785 455.9600 501.8400 36 1741 403.9500 517.8400 37 1773 420.7100 504.2500
5.5981763595e+000 2.5259059344e+000 -7.5070174269e+000
182 109 66
5 5 2201 500.2900 431.1100 6 2131 529.5699 440.9000 7 2060 521.5601 473.3300 4 2080 445.5200 471.1900 3 1941 396.8900 446.8000
5.4722332016e+000 2.2971151170e+000 -8.1102761230e+000
162 121 64
6 5 2206 478.0100 403.4400 6 2129 504.9900 417.3500 7 2059 497.1500 450.3800 8 1955 509.3600 439.9900 4 2086 425.8500 439.9500 3 1949 378.7200 411.5600
-7.2379070390e-001 -5.0365913209e+000 -6.6780138948e+000
126 58 46
6 5 2143 8.0100 -111.2600 6 1930 1.9300 -110.7900 8 1726 -26.9200 -49.9200 4 2004 -21.4400 -64.1200 9 1784 -62.1100 -74.0000 3 1995 -30.0600 -63.1600
1.7690325487e+000 -4.9511714476e+000 -7.1107787063e+000
138 117 111
4 5 2144 198.4399 -112.9200 6 2063 189.3400 -110.9500 4 2006 171.5500 -63.1700 3 1996 159.6000 -60.9800
1.1054582921e+000 -6.0019437316e+000 -7.7310740063e+000
36 26 24
14 5 2150 139.9500 -187.2400 6 2070 129.2400 -178.3700 7 1986 108.5900 -131.0300 8 1894 96.6200 -115.9400 4 2020 116.0601 -147.1000 9 1791 55.6700 -132.3300 10 1757 15.5500 -118.3200 3 2015 106.0500 -146.4900 43 2080 -48.3300 -166.6100 38 1758 -5.6100 -121.2400 36 1931 -6.6200 -117.0300 37 1738 -5.2100 -111.1200 34 1357 -1.4300 -179.5100 35 1671 -17.9300 -113.9200
1.0758739574e+001 1.2731754689e+000 -7.9741160232e+000
150 123 102
3 5 2219 863.3400 315.6000 6 2285 895.7500 310.5900 3 2066 747.0400 354.7800
6.9879154171e+000 -4.2612555465e-001 -6.6321054502e+000
147 116 101
12 5 2236 618.4700 217.6700 6 2157 635.4200 204.5900 7 2083 615.1899 232.7700 4 2102 572.0500 275.1500 3 2075 528.2000 276.8400 39 2002 463.5000 123.3200 40 1877 493.5000 160.1300 38 1825 448.1200 271.6900 36 1896 419.9700 312.5000 37 1803 422.5699 293.3500 34 1187 382.5100 250.1100 35 1617 374.7400 313.3300
2.8360948460e+000 -3.2882902514e+000 -7.1337505927e+000
140 123 124
10 5 2250 284.8900 11.4700 6 2179 282.9800 10.0300 7 2113 263.4800 49.0000 8 1988 253.1600 46.1300 4 2261 252.6500 59.6800 9 2053 215.5200 12.2800 10 1873 172.7300 12.6500 3 2102 231.8000 61.6100 12 1825 154.8400 -36.9900 13 1972 165.5800 -2.3100
2.8365280324e+000 -3.2875158899e+000 -7.1327197588e+000
140 123 124
7 5 2251 284.8900 11.4700 6 2180 282.9800 10.0300 7 2114 263.4800 49.0000 8 1989 253.1600 46.1300 10 1874 172.7300 12.6500 3 2103 231.8000 61.6100 13 1973 165.5800 -2.3100
3.3756993053e+000 -3.6107987573e+000 -7.4500950999e+000
139 125 124
7 5 2261 320.4700 -15.0600 6 2189 317.6899 -15.5200 7 2121 296.4900 23.1600 8 1996 285.8600 22.3900 4 2130 289.4200 31.3700 9 2059 246.3800 -9.4200 3 2113 268.9700 32.7300
1.0295632939e+001 -7.9079869833e+000 -6.9428629449e+000
156 124 99
10 5 2313 849.3199 -368.7900 6 2246 823.2000 -385.1200 7 2179 772.1200 -344.1900 8 2061 732.6200 -352.3300 4 2178 843.7000 -303.9600 9 1966 656.0601 -376.7300 10 1935 587.7500 -362.1300 3 2163 833.2700 -272.2000 40 1941 636.4000 -396.0400 41 1908 575.0699 -390.3300
5.8127344440e+000 2.3736237816e+000 -6.8659300271e+000
183 185 178
8 5 2342 531.7300 433.2900 6 2276 560.5800 435.5100 7 2205 551.7000 464.4800 8 2086 560.8000 442.7100 4 2200 475.5300 479.4900 9 2218 540.6100 385.9100 10 2170 500.4399 367.7700 3 2188 424.2800 459.7000
8.8568958035e+000 2.6922579769e+000 -7.6245873738e+000
84 55 32
12 5 2444 737.0000 433.3800 6 2364 775.2700 435.0300 7 2311 766.0000 462.1900 4 2201 674.4399 478.2900 3 2189 613.4600 457.7800 39 2259 614.1100 357.9800 40 2121 653.6801 389.8700 38 1979 575.9200 485.0100 36 2051 519.6200 499.4100 37 1959 534.0500 489.1700 34 1291 459.2500 406.5500 35 1847 459.6500 478.2700
6.1927541133e+000 1.3134727248e+000 -6.5327653394e+000
69 44 31
9 5 2451 565.5300 359.2800 6 2370 590.6500 351.9500 7 2322 577.5699 380.7700 8 2175 581.6100 354.6700 4 2336 511.6899 409.5800 9 2224 555.9500 292.8200 10 2179 512.1300 271.9700 3 2194 462.6600 400.7400 12 2190 490.0300 168.4000
2.9632780611e+000 -3.6726955869e+000 -7.3463066598e+000
36 20 21
10 5 2258 290.4600 -19.1700 6 2186 287.2800 -19.1500 7 2118 267.7500 21.4700 8 1993 256.8600 21.1600 4 2262 259.7700 28.3800 9 1921 217.4900 -10.4300 10 1880 174.1400 -7.9900 3 2235 239.6100 29.8700 12 1651 156.3600 -53.0800 13 1982 165.7800 -17.3600
8.0750359019e-002 -6.3119545794e+000 -7.4570894216e+000
145 125 126
12 5 2406 63.2900 -209.2900 6 2210 52.0000 -199.6500 7 2136 33.2700 -150.7800 4 2278 39.1800 -169.6200 3 2257 30.9900 -168.6700 39 2044 -110.3300 -274.3900 40 1920 -79.5800 -206.7600 38 1866 -79.2400 -142.7200 36 1935 -81.0500 -139.2900 37 1861 -76.8700 -132.5500 34 1359 -72.4000 -202.4000 35 1915 -90.8400 -137.4900
5.4773322670e+000 -1.0328214764e+000 -7.4983181405e+000
116 102 101
4 5 2469 483.5800 170.4100 6 2386 496.0699 166.8100 4 2359 441.4700 219.0100 3 2323 405.9200 212.1000
-3.4867576703e+000 -3.8122749852e+000 -3.3879719264e+000
220 113 113
5 5 2565 -229.7500 5.8700 6 2483 -242.3300 -17.2400 7 2433 -251.8300 23.5100 4 2448 -266.0300 75.3800 3 2422 -273.2900 100.6900
3.4867897971e+000 -3.0977496758e+000 -7.4851108204e+000
35 25 26
8 5 2567 329.6000 21.6700 6 2482 328.8700 21.3500 7 2432 308.2300 60.1600 8 2270 300.1801 58.1700 4 2451 297.4600 69.5100 9 2324 260.3600 24.0300 10 2278 219.4600 27.9000 3 2428 275.1000 69.9600
4.5279013635e+000 -4.1471548578e+000 -8.0452663394e+000
99 32 49
5 5 2571 394.9500 -62.0500 6 2487 392.1300 -59.1200 7 2439 368.1000 -16.6500 4 2454 365.8400 -14.7400 3 2435 345.1801 -13.8100
-8.0214103903e-001 -6.5245756061e+000 -7.2605361734e+000
142 121 119
7 5 2579 -4.5300 -224.5300 6 2497 -15.8000 -214.0600 7 2368 -32.5400 -161.6400 8 2213 -41.5300 -142.6900 4 2466 -29.3000 -184.7200 9 2265 -79.6800 -156.4000 3 2448 -36.8800 -183.7300
-3.8462216271e+000 -2.9979884478e+000 -3.7832100477e+000
66 72 72
6 5 2602 -253.6300 77.5700 6 2543 -264.4400 60.9000 7 2487 -272.0700 100.8700 8 2323 -277.8000 92.8800 4 2497 -293.5300 141.6000 3 2467 -302.2100 157.7200
3.7962554266e+000 -4.5202977720e+000 -8.0963912004e+000
35 23 24
8 5 2610 340.1200 -85.2500 6 2550 334.1400 -80.4100 7 2497 311.4800 -38.7000 8 2330 298.2000 -34.4900 4 2503 314.0400 -42.0400 9 2331 253.7900 -58.0300 10 2284 210.7000 -50.4500 3 2471 297.3400 -42.8800
-3.7246259292e+000 -6.1980947674e+000 -3.6683207880e+000
76 82 81
6 5 2614 -259.0700 -208.5400 6 2557 -273.3000 -226.5100 7 2502 -285.6000 -178.3100 8 2288 -296.8100 -171.2400 4 2506 -291.3900 -143.4600 3 2472 -296.4700 -112.8100
4.9255086168e+000 -4.6607653830e+000 -6.7230909786e+000
40 26 26
4 5 2677 445.9600 -98.4800 6 2602 443.0699 -112.3500 4 2557 420.6801 -42.9600 3 2513 402.3000 -28.8100
-5.4174549332e+000 -1.8217627389e+000 -4.8586177157e+000
231 225 168
5 5 230 -371.1100 174.2700 6 902 -381.9700 175.7400 8 764 -382.6600 220.0400 4 151 -409.4800 222.9000 10 270 -442.7800 174.0700
5.6834514467e+000 -6.6425195867e-001 -7.2241921261e+000
102 58 51
3 5 212 505.0699 199.5500 6 226 518.9900 195.4100 4 168 462.8400 249.9800
-1.0871366480e+000 -5.9276782980e+000 -6.9589174186e+000
119 98 90
4 5 645 -24.5800 -178.1700 6 602 -31.4000 -170.2300 7 544 -50.6400 -121.9700 4 536 -49.0200 -137.0700
6.1440550819e+000 -6.8918241696e+000 -6.6945325098e+000
149 103 87
7 5 733 538.4399 -279.0000 6 676 521.3500 -289.4900 7 628 482.9900 -247.3100 8 592 453.6400 -248.6300 4 606 522.1500 -219.4400 9 663 395.2900 -274.8100 10 632 339.1500 -263.3200
5.8279267449e+000 -6.7654591213e-001 -7.1503187307e+000
124 62 53
3 5 958 517.8000 198.5800 6 896 531.9000 194.0100 4 855 474.8500 250.5800
1.0760818706e+000 -5.8516353868e+000 -7.7290869653e+000
135 122 121
7 5 649 139.3800 -176.6800 6 1121 128.7300 -167.5500 8 960 95.5900 -105.7200 4 1084 114.6500 -135.7300 12 1179 1.7600 -127.1900 43 1217 -50.2400 -158.1100 38 957 -8.0800 -111.1700
4.0384812117e+000 -6.2367440290e+000 -6.4717248948e+000
62 31 26
3 5 1212 379.9000 -222.0200 6 646 364.6700 -230.8100 4 1090 358.8101 -164.4900
-3.7574085086e-001 -6.4776530242e+000 -7.4593571855e+000
139 128 127
10 5 1206 28.9700 -220.3100 6 622 16.3000 -209.8100 7 562 -2.7200 -160.7300 8 527 -13.8500 -140.7500 4 1101 4.2800 -182.1100 39 1083 -144.4600 -283.2800 40 970 -112.1700 -213.9700 38 972 -111.1800 -152.8100 36 988 -112.5400 -151.4100 37 923 -108.3300 -143.3500
-3.7836299268e-001 -6.4756830136e+000 -7.4189998142e+000
139 128 127
6 5 1207 28.9700 -220.3100 6 623 16.3000 -209.8100 7 563 -2.7200 -160.7300 4 1102 4.2800 -182.1100 36 989 -112.5400 -151.4100 37 924 -108.3300 -143.3500
6.4576456495e+000 -7.8266272368e+000 -6.0034074475e+000
195 113 81
5 5 1293 579.4200 -361.9000 6 1214 554.7400 -376.5500 7 661 511.6100 -331.8400 8 629 474.8800 -336.4100 4 1186 567.6600 -297.1300
7.3041390663e+000 -6.0566937944e+000 -6.0834422316e+000
148 121 102
2 5 1545 647.9200 -220.9600 6 1516 633.6899 -242.3700
-8.9274934929e+000 -3.5095716315e+000 -6.3266560939e+000
84 67 54
3 5 1048 -637.0900 39.0200 6 1392 -649.5300 58.3700 4 1361 -675.4800 65.4900
1.1370024599e+000 -3.1639697746e+000 -6.4729390804e+000
138 65 47
5 5 1441 161.2200 29.3300 6 1416 157.7800 25.7100 8 1229 131.7300 64.0300 4 1370 127.5699 79.8200 10 899 57.3700 24.9100
1.1320309335e+000 -3.1624465681e+000 -6.4919692735e+000
138 65 47
5 5 1440 161.2200 29.3300 6 1415 157.7800 25.7100 7 939 140.1000 66.2400 8 1230 131.7300 64.0300 4 1371 127.5699 79.8200
-3.2048061780e+000 -5.7416604449e+000 -3.3056487279e+000
126 150 146
4 5 1515 -213.2600 -170.9000 6 1478 -228.0200 -195.6800 8 1300 -254.6200 -150.7400 4 1441 -246.5400 -99.3500
-3.2041842655e+000 -5.7415556594e+000 -3.2986634723e+000
126 150 146
3 5 1514 -213.2600 -170.9000 6 1479 -228.0200 -195.6800 4 1442 -246.5400 -99.3500
-1.1539761482e+000 -6.3381432221e+000 -7.1459081962e+000
126 65 41
4 5 1532 -29.7400 -209.1600 6 1136 -40.9300 -199.1000 8 953 -66.6700 -128.8400 4 1476 -55.1600 -169.3900
3.0946348803e+000 -6.4751976894e+000 -8.5941744199e+000
136 120 122
6 5 1538 277.0200 -224.4100 6 1498 264.1400 -211.8400 7 1415 239.1500 -164.8400 8 1308 224.7500 -148.2600 4 1481 256.9500 -187.4200 9 1370 178.3900 -159.9900
6.0727971678e+000 -5.5998584908e-001 -6.5914082030e+000
143 112 84
3 5 1693 550.6200 213.9200 6 1643 565.2000 203.1200 4 1608 505.3500 270.0300
1.7227218330e+000 -3.7342661500e+000 -6.1741537443e+000
154 135 128
7 5 1749 209.1400 -16.8100 6 1701 204.1899 -21.9300 7 1595 185.0200 17.2400 8 1506 173.0000 14.6200 4 1658 177.8300 35.6700 39 1624 21.3600 -121.4000 40 1488 53.3000 -64.7200
7.0057125309e+000 -7.0197509267e+000 -5.9573074274e+000
139 64 58
3 5 1596 625.7000 -296.2300 6 1539 605.1801 -319.7900 4 1752 610.6400 -231.6600
