# Bundle file v0.3
60 2419
0 0 0
0 0 0
0 0 0
0 0 0
0 0 0
0 0 0
0 0 0
0 0 0
0 0 0
0 0 0
0 0 0
0 0 0
0 0 0
0 0 0
0 0 0
1.7302499262e+003 7.5398807610e-003 -6.7197219308e-002
9.9961215361e-001 -2.3371751567e-002 1.5142773524e-002
1.9263800261e-002 9.7298226299e-001 2.3007481807e-001
-2.0110901541e-002 -2.2969387702e-001 9.7305512408e-001
-7.4840937035e-001 5.1891532947e+000 -8.6107313512e+000
1.7414194499e+003 4.0979723621e-002 -1.7527271545e-001
9.9993820219e-001 9.0150244009e-003 6.5054691969e-003
-9.7103221569e-003 9.9317279941e-001 1.1624758128e-001
-5.4130802720e-003 -1.1630356764e-001 9.9319896230e-001
-5.8005434229e-001 4.4871932111e+000 -7.9297719228e+000
1.7280311934e+003 8.5681081813e-003 -5.3429512098e-002
9.9916818395e-001 4.0748472149e-002 1.5818353602e-003
-4.0779157375e-002 9.9839456139e-001 3.9311068472e-002
2.2570158155e-005 -3.9342874807e-002 9.9922576913e-001
-2.3976624044e-001 3.6264338492e+000 -7.5305748583e+000
1.7135564350e+003 1.9521289759e-002 -6.7987310947e-002
9.9736285010e-001 7.2434444673e-002 -4.5383331807e-003
-7.2565321513e-002 9.9416154688e-001 -7.9856701767e-002
-1.2725395107e-003 7.9975433281e-002 9.9679602262e-001
-2.2097638174e-001 2.8306688406e+000 -6.9064525150e+000
1.7119648777e+003 1.0872199151e-002 -5.2081645044e-002
9.9564677198e-001 9.3060119629e-002 -5.2268126949e-003
-9.2945680709e-002 9.8710067904e-001 -1.3035854358e-001
-6.9717913000e-003 1.3027687278e-001 9.9145314087e-001
-2.7405059641e-001 2.8341819768e+000 -7.0553412322e+000
1.7041169507e+003 -1.3999010958e-002 2.4096885630e-002
9.9099177092e-001 1.2794620749e-001 -3.9561066304e-002
-1.3357397675e-001 9.6560717852e-001 -2.2307122074e-001
9.6593329203e-003 2.2634607303e-001 9.7399905160e-001
-4.4453864110e-001 2.2004291725e+000 -7.0959062003e+000
1.7179593792e+003 -2.5793267860e-002 2.9734657893e-002
9.8589285516e-001 1.6540949341e-001 -2.5592530984e-002
-1.6493780027e-001 9.3408556953e-001 -3.1666965571e-001
-2.8474553449e-002 3.1642352677e-001 9.4819056709e-001
-5.1302921086e-001 1.2224420670e+000 -7.2113060521e+000
1.7194083411e+003 -4.8047117697e-002 9.6571868457e-002
9.8221107334e-001 1.8548154556e-001 -2.9291699525e-002
-1.8234133804e-001 9.0481599182e-001 -3.8478520943e-001
-4.4866957196e-002 3.8328138124e-001 9.2254123970e-001
-8.1117238968e-001 6.9746975245e-001 -7.4928496620e+000
0 0 0
0 0 0
0 0 0
0 0 0
0 0 0
1.7106733798e+003 -4.2463270382e-002 9.0212938975e-002
9.7077347701e-001 2.2830365653e-001 -7.4002005103e-002
-2.3535721281e-001 8.4527514180e-001 -4.7970503127e-001
-4.6966357336e-002 4.8310182681e-001 8.7430360071e-001
-1.0299356919e+000 -4.9227063117e-001 -8.4513398137e+000
1.7191509023e+003 -5.6668540167e-002 1.0850448081e-001
9.6799521022e-001 2.3029350263e-001 -9.9750567101e-002
-2.4644965794e-001 7.9717026497e-001 -5.5116434459e-001
-4.7411381433e-002 5.5810793875e-001 8.2841275317e-001
-1.1290011387e+000 -7.9045988013e-001 -8.3432266034e+000
1.7132065375e+003 -8.1522227574e-002 1.9012429687e-001
9.6102618469e-001 2.3940153597e-001 -1.3825909342e-001
-2.6467467834e-001 6.5229509861e-001 -7.1025236288e-001
-7.9849777625e-002 7.1916479955e-001 6.9023619443e-001
-1.4892946611e+000 -2.2225445549e+000 -8.4096216987e+000
0 0 0
0 0 0
0 0 0
0 0 0
0 0 0
0 0 0
0 0 0
0 0 0
0 0 0
0 0 0
0 0 0
0 0 0
0 0 0
0 0 0
0 0 0
0 0 0
0 0 0
0 0 0
0 0 0
0 0 0
0 0 0
0 0 0
0 0 0
0 0 0
0 0 0
0 0 0
0 0 0
0 0 0
0 0 0
0 0 0
0 0 0
0 0 0
0 0 0
0 0 0
0 0 0
0 0 0
0 0 0
0 0 0
0 0 0
0 0 0
0 0 0
0 0 0
0 0 0
0 0 0
0 0 0
0 0 0
0 0 0
0 0 0
0 0 0
0 0 0
0 0 0
0 0 0
0 0 0
0 0 0
0 0 0
0 0 0
0 0 0
0 0 0
0 0 0
0 0 0
0 0 0
0 0 0
0 0 0
0 0 0
0 0 0
0 0 0
0 0 0
0 0 0
0 0 0
0 0 0
0 0 0
0 0 0
0 0 0
0 0 0
0 0 0
0 0 0
0 0 0
0 0 0
0 0 0
0 0 0
0 0 0
0 0 0
0 0 0
0 0 0
0 0 0
0 0 0
0 0 0
0 0 0
0 0 0
0 0 0
0 0 0
0 0 0
0 0 0
0 0 0
0 0 0
0 0 0
0 0 0
0 0 0
0 0 0
0 0 0
0 0 0
0 0 0
0 0 0
0 0 0
0 0 0
0 0 0
0 0 0
0 0 0
0 0 0
0 0 0
0 0 0
0 0 0
0 0 0
0 0 0
0 0 0
0 0 0
0 0 0
0 0 0
0 0 0
0 0 0
1.3762970964e+003 -3.9307402983e-002 1.0565300465e-001
9.9825675614e-001 5.8884358988e-002 -4.0101231656e-003
-5.8729116879e-002 9.8428273411e-001 -1.6654846193e-001
-5.8600044275e-003 1.6649363834e-001 9.8602511568e-001
-1.7000481523e+000 1.4405916001e+000 -3.9515040146e+000
1.4015202750e+003 -2.0514438954e-002 3.8618716972e-002
9.9558493904e-001 8.7266274488e-002 -3.4572048007e-002
-9.2603079818e-002 9.7334290357e-001 -2.0982912496e-001
1.5339451575e-002 2.1210419470e-001 9.7712666109e-001
-1.5391907977e+000 1.6284080797e+000 -4.4931257213e+000
1.4498732661e+003 -1.4146519989e-002 1.8042513092e-002
9.9176604148e-001 1.2722298502e-001 -1.4643464219e-002
-1.2371321251e-001 9.2224754436e-001 -3.6627108535e-001
-3.3093201886e-002 3.6506681443e-001 9.3039296052e-001
-1.6033490260e+000 4.2659233031e-001 -4.2099653801e+000
1.4417085387e+003 -1.2563252453e-002 1.1341367564e-002
9.8855331607e-001 1.4920180253e-001 -2.2386679173e-002
-1.4586471974e-001 9.0725447030e-001 -3.9447789502e-001
-3.8546398240e-002 3.9322785792e-001 9.1863269425e-001
-1.5058787446e+000 2.8371225214e-002 -4.2808104044e+000
1.4582232503e+003 1.3890267395e-002 -6.3746374850e-002
9.8265651411e-001 1.7998435874e-001 -4.4629652570e-002
-1.8005226530e-001 8.6851777741e-001 -4.6179871383e-001
-4.4354898720e-002 4.6182518439e-001 8.8586124310e-001
-1.5521878128e+000 -5.0510286570e-001 -4.5344332899e+000
0 0 0
0 0 0
0 0 0
0 0 0
0 0 0
0 0 0
0 0 0
0 0 0
0 0 0
0 0 0
0 0 0
0 0 0
0 0 0
0 0 0
0 0 0
0 0 0
0 0 0
0 0 0
0 0 0
0 0 0
0 0 0
0 0 0
0 0 0
0 0 0
0 0 0
0 0 0
0 0 0
0 0 0
0 0 0
0 0 0
0 0 0
0 0 0
0 0 0
0 0 0
0 0 0
0 0 0
0 0 0
0 0 0
0 0 0
0 0 0
0 0 0
0 0 0
0 0 0
0 0 0
0 0 0
0 0 0
0 0 0
0 0 0
0 0 0
0 0 0
0 0 0
0 0 0
0 0 0
0 0 0
0 0 0
0 0 0
0 0 0
0 0 0
0 0 0
0 0 0
0 0 0
0 0 0
0 0 0
0 0 0
0 0 0
0 0 0
0 0 0
0 0 0
0 0 0
0 0 0
0 0 0
0 0 0
0 0 0
0 0 0
0 0 0
0 0 0
0 0 0
0 0 0
0 0 0
0 0 0
1.2714169565e+000 -4.9623515568e+000 -7.4257534367e+000
141 54 61
12 5 1520 94.5900 -195.2400 6 1483 84.4100 -185.6400 7 1400 63.6800 -137.2800 8 957 52.2500 -120.3600 4 1469 70.8300 -155.6500 9 1044 12.0900 -135.6600 10 550 -27.4600 -121.8700 39 1428 -77.9200 -262.9200 40 1280 -47.7800 -195.9600 41 964 -96.7400 -178.4500 42 1183 -91.2600 -191.0300 43 620 -93.7000 -173.1800
8.0856745571e-001 -5.1853650922e+000 -7.3888848730e+000
141 130 128
12 5 1533 39.6000 -219.5000 6 1492 28.6400 -209.0400 7 1399 9.4800 -159.0400 8 981 -0.6800 -139.6900 4 1477 15.6300 -180.7400 9 1042 -40.2900 -153.5100 10 982 -79.0300 -137.2600 39 1084 -133.0900 -283.8400 40 972 -101.7900 -214.1700 41 962 -152.8200 -194.1900 42 635 -143.9900 -205.6000 43 618 -146.5100 -185.9300
1.3005509800e+000 -1.9446134274e+000 -6.7711283619e+000
115 89 76
13 5 976 116.7700 167.8700 6 915 121.8300 167.7000 7 1266 107.8500 206.5800 8 1444 103.0601 203.4800 9 1247 77.1100 161.9600 12 1613 31.6900 93.2000 13 1730 42.3300 123.4600 14 1813 26.3400 116.6000 39 894 -62.5000 68.5600 40 777 -22.5500 122.9300 41 814 -59.1900 119.2400 42 1431 -46.7100 92.5700 43 1525 -40.9300 86.4200
1.0516247317e+000 -5.4931685807e+000 -7.6037091836e+000
144 133 129
8 5 1813 65.1899 -254.4500 6 1766 52.9200 -240.2900 8 1315 21.8500 -167.7200 4 1736 43.2900 -218.8800 9 1384 -19.3100 -177.2000 10 1327 -58.0500 -158.0800 13 1112 -57.9600 -119.6900 40 1535 -77.6800 -240.6000
1.6775961416e+000 -1.6681646781e+000 -7.5278769002e+000
52 30 20
8 5 269 156.9900 183.1500 6 1331 159.5300 195.0400 7 1533 148.4301 234.6000 8 1436 150.3900 235.3400 9 1716 121.8800 204.1400 10 1684 85.4301 201.5400 12 1794 83.3199 140.7700 13 2136 94.7300 177.9200
1.6760203614e+000 -1.6681160849e+000 -7.5258963050e+000
52 30 20
9 5 268 156.9900 183.1500 6 1330 159.5300 195.0400 7 1534 148.4301 234.6000 8 1437 150.3900 235.3400 9 1717 121.8800 204.1400 10 1685 85.4301 201.5400 12 1795 83.3199 140.7700 13 2137 94.7300 177.9200 14 2122 86.0699 182.4700
5.0008503616e+000 -3.9049809988e+000 -6.6190976333e+000
163 163 160
7 5 2134 565.1700 -89.4800 6 1933 560.4900 -111.9500 8 1733 504.5100 -92.7200 9 1800 453.1700 -136.4100 10 1594 398.2000 -138.9300 40 1509 399.1500 -142.5100 41 1767 361.4301 -161.9800
1.3994006946e+000 -1.9523629803e+000 -6.7045967276e+000
51 30 25
11 5 1702 130.1300 164.9900 6 1864 132.6801 165.5400 7 1759 119.8500 203.0800 8 1849 116.5100 197.9700 10 1858 49.2200 149.7900 12 1809 44.5300 84.2200 13 2151 53.5700 115.1200 40 1633 -12.5500 121.2700 41 1851 -48.8800 116.0600 42 2037 -35.6400 88.2900 43 2178 -30.4100 81.9100
1.0054068688e+000 -5.0826962614e+000 -7.3326959169e+000
145 125 126
9 5 2407 63.2900 -209.2900 6 2209 52.0000 -199.6500 7 2135 33.2700 -150.7800 8 2021 21.8400 -133.6100 4 2279 39.1800 -169.6200 9 2075 -18.6000 -149.6200 39 2043 -110.3300 -274.3900 40 1919 -79.5800 -206.7600 41 1978 -128.1400 -190.1800
4.7058831591e+000 -1.2647853902e-001 -6.9671559861e+000
159 155 146
10 5 2450 531.4399 361.8400 6 2466 555.8400 361.2300 7 2412 543.8101 391.0100 4 2335 479.1400 410.5100 9 2299 524.8199 311.4600 10 2253 482.1500 291.2600 3 2304 431.8400 396.6000 12 2188 462.0000 186.8500 13 2524 485.8300 213.6600 14 2459 491.8800 173.1000
4.9629956463e+000 -3.7917728767e+000 -6.7313437489e+000
156 151 148
16 5 2491 557.9301 -78.5500 6 2412 552.4100 -96.9600 7 2362 521.0800 -62.5400 8 2208 499.2600 -78.0700 4 2377 528.9100 -13.1000 9 2264 448.7600 -119.8400 10 2213 394.7900 -121.3700 3 2339 504.2500 7.9700 12 2118 353.3199 -174.9200 13 2559 362.9600 -142.8500 14 2417 347.6801 -129.2700 39 2222 374.4900 -171.3200 40 2081 392.9500 -124.5700 41 2137 356.1100 -142.6500 42 2365 356.9800 -171.1700 43 2570 348.6300 -182.3800
4.2270921189e+000 -4.9537354175e+000 -6.9172139116e+000
37 26 24
8 5 2504 457.5200 -214.7000 6 2422 443.4399 -224.9600 7 2371 410.4399 -184.0100 8 2215 385.4800 -184.5500 4 2385 436.4600 -155.6000 3 2350 422.7400 -136.8700 39 2234 266.7300 -296.3400 40 2094 283.6400 -242.3900
4.5250538677e+000 -4.7531525096e+000 -6.9230876792e+000
125 107 102
13 5 2577 495.4900 -192.3600 6 2498 483.3400 -203.7500 7 2451 450.7300 -163.6300 8 2292 425.9200 -168.6400 4 2464 472.7800 -131.7200 9 2342 371.9500 -200.1600 3 2444 455.9500 -112.4100 12 2235 278.6300 -227.7100 13 2563 285.5500 -191.9200 39 2285 302.0300 -273.8400 40 2146 318.4500 -221.6100 42 2371 273.1801 -248.6000 43 2575 261.4100 -249.1400
5.0291639708e+000 -5.6610789578e+000 -6.5148351047e+000
171 170 165
10 5 2515 567.6600 -311.1400 6 2433 547.1200 -326.9400 7 2383 506.7500 -284.3500 8 2230 472.4600 -287.8700 4 2471 552.5100 -246.7100 9 2192 410.9900 -316.5200 10 2154 352.6500 -305.2100 3 2450 542.8000 -216.3300 12 2138 304.2200 -332.2000 13 2339 309.0000 -296.8500
1.0630405491e-001 -4.5118284340e+000 -6.9410890829e+000
99 70 54
9 5 613 -41.5200 -141.8200 6 1096 -49.4500 -134.8000 7 1373 -63.5400 -85.7500 4 1056 -68.7400 -97.4000 9 529 -110.7100 -94.6800 3 960 -77.0000 -93.6000 40 457 -181.5500 -149.4800 42 570 -222.2400 -154.7200 43 592 -222.4000 -139.5300
1.4746240507e+000 -4.3325870409e+000 -7.3139302194e+000
148 108 60
2 5 583 123.5000 -123.3500 6 563 113.8700 -117.7500
1.5547187297e+000 -2.9092966054e+000 -6.6342155770e+000
163 120 78
2 5 1057 145.8199 48.9200 6 989 143.1100 44.2800
1.6173597836e+000 -2.8827737505e+000 -6.6525884766e+000
156 75 56
9 5 1438 152.9500 51.7900 6 1405 149.8900 47.9300 7 1319 136.1000 80.7100 8 365 123.0800 84.9700 9 1291 92.3900 42.4300 10 1257 51.9300 37.9200 3 825 98.0900 107.6500 12 789 40.9700 -14.3500 42 1096 -20.7100 -19.5200
3.0985649233e-001 -4.4780952921e+000 -6.9398067429e+000
119 84 66
3 5 1173 -14.3500 -136.9100 6 1081 -25.6800 -131.0600 8 481 -49.6300 -71.0900
5.4499816449e+000 -5.7523488209e+000 -6.3962692045e+000
158 111 89
10 5 783 625.7400 -326.0200 6 1207 603.4200 -345.6400 7 1454 560.0800 -304.8200 8 1047 522.4200 -310.0600 4 1509 612.1500 -259.1900 9 1132 457.2000 -339.9700 10 1059 395.6500 -329.5600 3 1059 602.0601 -224.9400 12 505 341.8400 -354.3700 13 1199 345.5500 -320.0900
4.7591840807e-001 -5.5239443068e+000 -7.4287936867e+000
147 127 126
5 5 1227 -0.7500 -257.9900 6 1152 -12.8300 -243.7500 7 583 -31.9000 -192.7900 8 996 -41.2400 -168.0400 4 1134 -23.8500 -221.6100
2.4675468508e+000 -3.6773080018e+000 -6.9960251349e+000
155 133 125
7 5 1756 247.8300 -49.5700 6 1707 242.8000 -54.5000 7 1354 221.9800 -14.5100 8 1514 208.4200 -12.7900 4 1669 218.8600 -0.6700 9 1334 169.6899 -45.8900 3 1360 200.7600 5.9900
5.4733416633e+000 -6.1971466795e+000 -6.3327412615e+000
147 90 73
8 5 1614 629.7800 -384.7400 6 1226 603.0100 -401.6800 7 1460 557.0000 -359.0900 8 1379 517.0500 -361.5600 4 1188 619.6801 -317.1300 9 1140 449.1801 -386.3600 10 1394 386.3300 -373.0300 3 1482 614.2400 -281.5500
3.4149127979e-001 -4.7119210751e+000 -7.0089635418e+000
121 44 45
9 5 1786 -12.8000 -164.7800 6 1737 -23.3800 -158.2100 7 1631 -40.6100 -110.4300 8 1288 -48.4200 -94.1400 4 1709 -39.7300 -122.7500 9 1349 -86.8900 -113.2200 10 966 -123.4100 -101.6800 3 1868 -49.4900 -120.3800 13 587 -119.3200 -79.1000
1.0810603255e-001 -4.6519570188e+000 -6.8956302789e+000
108 90 81
7 5 1976 -39.3400 -156.9600 6 1935 -50.8500 -151.0000 7 1826 -66.6500 -103.4700 8 1530 -76.6400 -87.7100 4 1885 -67.8800 -114.4700 10 1300 -150.3800 -96.3000 3 1867 -77.1600 -111.8900
7.5261974790e+000 -2.0527934901e-001 -7.7265501076e+000
158 106 59
4 5 2355 822.4700 319.1900 6 2284 855.0500 315.4200 4 2217 767.7000 368.7700 3 2197 709.6100 357.1800
3.1333324973e+000 -3.3483679823e+000 -7.4040563170e+000
139 125 124
6 5 2260 320.4700 -15.0600 6 2188 317.6899 -15.5200 7 2120 296.4900 23.1600 8 1995 285.8600 22.3900 4 2129 289.4200 31.3700 3 2112 268.9700 32.7300
1.3527158863e+000 -4.0688097131e+000 -7.0762125397e+000
148 103 54
10 5 2389 112.1100 -91.9200 6 2316 104.0100 -88.9700 7 2252 85.9900 -45.2300 8 2125 75.0200 -37.3900 4 2267 83.8101 -47.4300 9 2064 36.1300 -62.5600 10 2030 -4.6400 -55.7900 3 2246 70.8700 -43.9900 39 2034 -67.0900 -174.1300 40 1911 -34.1500 -111.5100
3.0371849112e+000 -3.9526816124e+000 -7.6413310575e+000
151 104 58
5 5 2390 301.2600 -85.5100 6 2197 296.8800 -81.5700 7 2253 273.6300 -40.3900 4 2268 273.9800 -41.4800 3 2247 256.8500 -40.5400
5.1520555947e+000 -3.8423049886e+000 -6.4749522814e+000
80 51 39
9 5 2492 591.9399 -84.1800 6 2413 586.2500 -106.8800 7 2363 553.2500 -72.9800 8 2209 530.1000 -89.6000 4 2378 562.9900 -16.3200 9 2266 477.4900 -135.9700 10 2130 419.8300 -140.1400 3 2340 537.7800 8.0000 12 2119 377.2000 -192.7700
5.2725969180e+000 -5.6046406695e+000 -6.3922937386e+000
64 36 24
10 5 2517 603.8700 -306.3000 6 2435 582.8800 -326.9600 7 2384 540.9600 -286.1600 8 2232 505.3900 -293.2100 4 2392 588.7100 -239.1000 10 2155 380.9301 -315.1700 3 2360 577.9000 -206.4600 12 2139 328.1400 -347.1100 41 2150 352.5699 -352.3600 42 2296 346.2600 -374.3700
-1.5164202561e+000 -1.9106373624e+000 -5.0663944334e+000
66 71 74
6 5 2599 -253.8300 216.8200 6 2538 -261.9200 204.7600 7 2485 -268.4600 243.0900 8 2317 -270.7600 230.9400 4 2495 -293.8200 277.0000 3 2404 -306.3100 283.0100
1.6525644016e+000 -4.4995276742e+000 -7.2342458664e+000
141 124 123
2 5 621 143.4399 -144.2800 6 579 135.0000 -140.3100
1.2923078137e+000 -2.9016342859e+000 -6.5849875353e+000
150 111 70
6 5 1437 114.1500 50.5400 6 1399 110.4800 47.1800 7 932 95.0699 87.7200 4 923 79.7600 103.1000 9 1288 53.4700 45.4600 3 1283 61.6200 104.8100
1.7533463547e+000 -4.7718375061e+000 -7.4541599344e+000
149 131 127
5 5 1198 152.0900 -175.7300 6 609 141.3300 -167.6100 7 546 120.2300 -120.6600 8 505 107.5601 -106.8500 40 954 7.4200 -179.6500
3.3268001578e-001 -4.5276325439e+000 -6.9624232370e+000
33 23 22
5 5 1174 -10.9500 -142.8700 6 1097 -22.4400 -137.5100 7 1033 -38.6900 -90.4300 9 530 -84.8400 -97.4700 39 1042 -192.4700 -220.2300
1.6168759024e+000 -4.4271572984e+000 -7.3209802400e+000
137 120 115
14 5 1176 137.8000 -135.1100 6 1084 128.9200 -130.1400 7 1377 110.3500 -84.4300 8 485 95.8600 -72.7300 4 1061 110.9399 -92.1800 9 1020 59.7000 -95.0100 10 522 18.0400 -84.0100 3 1406 100.3101 -89.9100 12 845 9.8300 -111.4700 13 592 15.3400 -70.7300 39 1047 -39.1100 -207.0800 40 1270 -5.0300 -145.3400 41 1341 -49.5700 -133.8000 42 1540 -42.8200 -149.5800
1.6336413986e+000 -4.7798240143e+000 -7.5198884504e+000
142 128 127
15 5 1521 137.7700 -175.6800 6 1120 128.7300 -167.5500 7 1388 106.5100 -120.0600 8 959 95.5900 -105.7200 4 1083 114.6500 -135.7300 9 1353 53.9200 -121.8800 10 1317 13.5600 -108.5800 3 1698 101.2500 -132.8600 12 1178 1.7600 -127.1900 13 1494 9.8800 -85.1100 14 532 -0.4100 -44.0000 39 1417 -37.4900 -240.2900 40 1512 -9.9800 -174.7900 42 1545 -48.5700 -172.6200 43 1216 -50.2400 -158.1100
4.0038498986e-001 -4.7918238914e+000 -7.0405302685e+000
125 108 101
9 5 1787 -4.5700 -174.7400 6 1748 -16.2500 -167.1400 7 1633 -33.1300 -118.6800 8 1295 -44.2500 -102.8700 4 1888 -30.5400 -132.6500 9 1028 -83.0100 -121.1500 10 546 -121.3200 -108.7100 3 1869 -40.2300 -130.7700 13 588 -116.5900 -84.2600
5.0310251857e+000 -5.6619162531e+000 -6.5183120949e+000
171 170 165
4 5 2516 567.6600 -311.1400 6 2434 547.1200 -326.9400 4 2472 552.5100 -246.7100 3 2451 542.8000 -216.3300
4.5692204390e+000 -4.0610134962e-001 -7.2974592689e+000
86 49 40
7 5 896 501.8000 320.7900 6 828 523.3101 322.9500 7 757 511.4000 354.9400 4 81 453.0699 366.2500 9 151 489.2500 285.3900 10 779 447.5400 270.3200 3 85 409.3400 352.8700
4.7786376489e+000 -4.3679587535e-001 -6.9240038354e+000
125 92 73
3 5 897 540.3300 326.9600 6 830 562.8900 321.9600 3 86 443.1200 367.6100
-1.6342192906e+000 -4.9217742327e+000 -5.1016898134e+000
223 132 123
2 5 667 -289.0200 -197.6000 6 619 -302.7600 -212.7300
4.6624960510e+000 -1.6057592898e+000 -7.3248264541e+000
112 55 38
4 5 984 508.4000 182.0400 6 921 520.4900 175.9700 4 856 466.3199 232.2500 3 153 428.2600 226.1700
-2.0612479799e+000 -2.5190864849e+000 -5.3732984064e+000
236 227 152
3 5 301 -324.9400 131.8200 6 279 -335.6600 125.2500 3 167 -370.6000 191.8000
1.6027710103e+000 -3.1893413413e+000 -6.8171599523e+000
140 94 74
5 5 1083 149.0699 12.9100 6 461 145.0500 10.4900 7 420 127.1100 51.1500 8 390 117.0500 51.1900 3 272 98.9900 65.4300
4.8604247528e+000 -4.8340182119e+000 -7.0081967758e+000
121 77 59
4 5 698 530.1801 -201.9000 6 633 518.1899 -212.5600 8 548 459.3101 -176.6500 3 422 493.7000 -123.8300
4.7436536033e+000 1.8678483093e-001 -6.7366107232e+000
192 165 138
10 5 870 541.7300 408.0000 6 810 569.9301 405.4000 8 66 566.7300 408.0300 4 757 486.0300 456.6200 9 75 544.5300 348.0300 3 666 435.8199 439.7700 40 45 442.1500 354.7300 41 115 446.5800 338.7000 42 148 462.2600 292.3900 43 927 477.2500 258.8700
4.3742025788e+000 3.7095457753e-001 -7.9061036007e+000
77 48 26
7 5 1336 462.9700 392.7600 6 1270 487.9900 407.6000 7 1178 479.6100 441.2900 8 1085 492.6600 433.0800 9 1175 472.8500 390.5100 10 1114 436.3700 378.0800 3 687 367.3800 400.5800
4.2358213201e+000 -1.9547497130e+000 -7.6220266283e+000
66 47 41
5 5 1412 448.0601 137.7000 6 1367 455.5601 138.9600 7 1282 438.1400 172.9000 8 1187 433.5500 165.4300 3 786 376.5400 178.5000
4.4264122004e+000 -2.0675246720e+000 -7.6336512907e+000
88 64 59
5 5 1413 468.9800 124.4800 6 942 476.3199 124.3500 7 1284 457.5601 158.6800 9 909 415.8600 109.8100 3 787 399.3600 165.9200
4.7577993540e+000 -3.9694774903e+000 -7.1617382978e+000
132 107 103
6 5 1490 516.6000 -95.3900 6 1727 509.0000 -106.9700 8 1290 461.7100 -75.9000 4 1051 490.1200 -39.4200 10 1321 360.5601 -109.3000 3 922 468.3101 -27.7900
-3.4497290633e+000 -4.2512153057e+000 -6.2266657305e+000
231 226 164
5 5 540 -493.8200 -94.1400 6 1057 -502.3200 -81.5800 7 461 -505.8100 -29.5800 9 472 -532.8900 -23.8600 3 928 -531.7500 -55.3600
-3.4497290633e+000 -4.2512153057e+000 -6.2266657305e+000
231 226 164
5 5 541 -493.8200 -94.1400 6 1056 -502.3200 -81.5800 7 460 -505.8100 -29.5800 9 471 -532.8900 -23.8600 3 929 -531.7500 -55.3600
7.6036223461e-001 -5.2265417417e+000 -7.3350592975e+000
45 35 33
8 5 1208 34.3000 -225.3300 6 1138 22.9600 -213.9200 7 1058 3.2700 -164.2200 8 982 -7.2500 -144.2200 4 1103 10.4700 -186.8800 3 1028 3.2500 -186.5800 39 519 -140.4700 -288.3300 40 971 -106.9400 -219.1900
4.6936290903e+000 3.3151836040e-001 -7.0767471962e+000
160 97 64
7 5 1330 528.6400 412.8200 6 1260 554.8101 415.9600 7 1166 544.4100 446.2500 8 672 553.7200 425.7800 4 1245 473.7300 457.8700 9 768 532.5900 368.2500 3 1167 424.3101 438.9500
4.7969348368e+000 -7.9767575928e-001 -6.8227362385e+000
135 110 80
9 5 1359 545.3600 285.5600 6 1620 564.8300 277.1700 7 1518 549.4100 306.2200 8 1124 548.4700 283.8500 9 1223 518.6200 226.7100 10 1186 472.2900 207.3900 3 1193 451.7900 334.5100 12 1094 448.0100 109.1100 13 1412 468.4200 134.6700
4.4591298510e+000 -1.9803474487e+000 -7.6061152190e+000
76 54 54
8 5 1716 473.2900 136.9400 6 1369 481.9700 133.3900 7 1283 463.8300 167.1500 8 1460 459.9700 157.5400 4 1342 434.5500 181.2700 9 1543 424.1000 118.3100 10 1519 380.0000 113.2100 3 1262 401.2500 176.1300
1.5341905662e+000 -2.8145508765e+000 -6.6360568935e+000
162 120 92
15 5 1428 142.6600 59.9100 6 1404 140.0500 55.5900 7 1311 124.0000 94.0100 8 1226 115.5900 89.7200 4 924 107.5900 111.8000 9 1290 82.6200 50.5500 10 1256 41.5800 47.3900 3 1284 88.3000 114.7700 12 1136 32.5600 -8.2700 13 1042 39.7600 24.0000 39 1356 -37.6900 -37.3600 40 1214 -1.2700 19.2800 41 1282 -41.1600 11.3700 42 1497 -29.5200 -14.2100 43 1569 -28.2400 -17.6400
-3.7359748506e+000 -3.6707240222e+000 -6.4277533505e+000
234 219 156
5 5 1459 -517.5800 -19.2300 6 1003 -528.1400 -4.6300 8 851 -521.4200 70.7600 9 935 -554.3100 53.9100 3 1341 -556.7900 9.5500
-3.7395061443e+000 -3.6707016048e+000 -6.4336840429e+000
234 219 156
8 5 1458 -517.5800 -19.2300 6 1002 -528.1400 -4.6300 7 1325 -530.6700 47.5800 8 850 -521.4200 70.7600 4 1389 -553.4500 17.0200 9 934 -554.3100 53.9100 10 869 -581.7900 63.5100 3 1342 -556.7900 9.5500
2.0827604100e+000 -3.8121781958e+000 -6.9415656551e+000
157 131 116
3 5 1476 201.9100 -65.8100 6 1441 195.1400 -66.8000 3 1378 157.4900 -8.7900
1.7294866435e+000 -4.0349536673e+000 -7.2775723200e+000
130 75 44
4 5 555 155.8900 -88.0600 6 1065 147.0500 -87.2800 4 1042 126.9100 -43.9300 3 1392 111.3199 -45.7500
4.9160258519e+000 -5.1099077758e+000 -6.9148417018e+000
139 76 59
5 5 1566 539.9301 -236.5500 6 1514 525.8199 -246.8000 8 1335 459.9399 -211.4400 4 1484 521.2200 -175.8200 3 1429 506.8000 -156.0500
2.9450452265e+000 -5.2046753487e+000 -8.1246343729e+000
136 120 122
7 5 1539 277.0200 -224.4100 6 1499 264.1400 -211.8400 7 1414 239.1500 -164.8400 8 1307 224.7500 -148.2600 4 1482 256.9500 -187.4200 9 1371 178.3900 -159.9900 3 1443 247.9200 -189.8900
4.6292192005e+000 3.6389505820e-001 -7.1598458075e+000
187 163 112
5 5 1639 516.7800 415.1800 6 1582 544.2600 417.9800 8 1399 545.6100 430.9300 9 1475 525.8600 374.7600 3 1543 412.3500 437.4400
4.6828191329e+000 1.2216721818e-001 -7.0757923494e+000
161 86 54
5 5 1337 525.4900 388.3500 6 1271 551.8199 389.3400 7 1183 541.2200 419.4300 4 1257 471.1200 434.8500 3 1544 421.9900 417.8600
4.8386070366e+000 -1.4098270723e+000 -6.7734406639e+000
143 112 84
9 5 1694 550.6200 213.9200 6 1642 565.2000 203.1200 7 1540 545.4800 230.7000 8 1447 539.9500 207.3800 4 1607 505.3500 270.0300 9 1534 505.4700 150.7400 10 1507 458.0601 136.1600 3 1576 464.5699 270.2100 12 1117 428.2800 46.7000
1.6516869803e+000 -3.9713290064e+000 -7.1231530411e+000
146 93 54
5 5 1959 146.6899 -82.3000 6 1713 140.0699 -79.3600 7 1617 121.0000 -36.6100 4 1676 119.0000 -35.9300 3 1659 105.4000 -33.1200
4.9816996568e+000 -4.6651074762e+000 -6.6727337473e+000
73 46 27
8 5 1794 559.7200 -184.5100 6 1763 547.5000 -200.2700 8 1324 484.3300 -173.0900 4 1711 536.9200 -121.1700 9 1404 429.2800 -208.3800 10 1360 373.2600 -204.1100 3 1684 519.6000 -96.6800 13 1159 336.1600 -211.1700
4.8702522299e+000 -4.7516367778e+000 -6.9610520666e+000
136 78 59
10 5 1984 534.3000 -191.3900 6 1953 522.1300 -203.4700 7 1845 487.6600 -164.3300 8 1559 462.9600 -169.4600 4 1894 512.1899 -133.3500 9 1631 408.2900 -201.6000 10 1605 354.4600 -194.4100 3 1694 495.8101 -113.6600 12 1226 313.5400 -231.9500 13 1830 321.4500 -196.6600
1.2420219629e+000 -4.7918030749e+000 -7.3432296026e+000
147 59 57
10 5 1788 91.4399 -175.7500 6 1749 82.9399 -167.8600 4 1715 66.7900 -134.8300 9 1351 13.8200 -123.6900 10 1314 -26.2500 -110.2000 3 1696 58.1200 -134.1300 39 1416 -82.3300 -247.0200 41 1355 -100.5800 -165.3100 42 1182 -92.0900 -178.1000 43 1213 -93.1800 -162.7700
1.6109426399e+000 -4.9820904724e+000 -7.5475454584e+000
141 125 125
15 5 1535 133.7400 -198.1200 6 1119 123.6899 -188.2500 7 1401 101.1600 -141.1000 8 961 90.5400 -124.2500 4 1085 111.8300 -158.2300 9 584 49.8600 -139.2600 10 968 7.2800 -124.9000 3 1699 98.4000 -159.3200 12 865 -5.7300 -142.3900 13 593 4.0900 -98.4400 39 1086 -39.8400 -261.5300 40 974 -10.7900 -196.6400 41 966 -58.5800 -177.4400 42 1184 -54.4400 -190.1100 43 1627 -58.8500 -174.0600
2.0366796209e+000 -5.0471197700e+000 -7.7611725673e+000
143 49 51
5 5 1800 180.1899 -206.3700 6 1751 168.7900 -194.8500 7 1403 146.9600 -147.2800 8 1296 133.0800 -131.2800 3 1711 148.8101 -168.8900
5.5091696855e+000 -6.4686007339e+000 -6.3906388379e+000
143 92 73
7 5 1621 629.5900 -417.5300 6 1563 601.5601 -433.8200 8 1378 512.3900 -388.0100 4 1780 622.9301 -352.5600 9 1442 444.3400 -409.8600 3 1757 619.6899 -317.0200 13 1208 326.3700 -369.3800
7.2390919928e+000 4.9212561714e-001 -7.5836763741e+000
146 119 94
6 5 2052 798.5400 402.8900 6 1998 838.7700 402.7100 7 2066 827.1300 428.6700 8 1958 842.3300 403.2700 4 1940 738.3500 449.6300 3 1783 676.1100 431.3900
4.3045570819e+000 -5.8273673120e-002 -7.5557095682e+000
72 84 93
4 5 2055 464.8101 353.1900 6 2003 485.4800 365.3700 4 1945 414.8800 395.5100 3 1790 372.6200 376.6200
4.7873214655e+000 -5.7760746269e-001 -6.8085849991e+000
139 108 87
10 5 1873 546.5100 308.2300 6 1839 566.9100 306.9900 7 1723 552.8500 334.3100 8 1642 553.5400 312.2000 4 1798 495.2400 366.6000 10 1469 480.0900 232.2800 3 1791 449.3000 359.8500 12 1375 455.4500 131.7000 13 1709 476.8900 156.5300 14 1818 477.8600 119.0300
4.6491906984e+000 -1.1260143863e+000 -7.2452197911e+000
137 75 64
10 5 1880 510.1700 237.2600 6 1851 526.6801 235.7500 7 1739 510.0100 266.3900 8 1662 510.1801 250.4800 4 1810 465.5900 288.0500 9 1718 479.4600 200.7500 3 1803 425.3101 280.0900 12 1388 413.1000 102.0700 13 1719 432.2200 130.7900 14 1817 434.2400 111.0600
4.8255717021e+000 -3.9532051788e+000 -7.0413027192e+000
125 67 52
10 5 1962 528.5200 -95.3800 6 1728 524.2400 -104.5900 7 1823 493.0300 -69.5000 8 1732 472.9800 -78.7700 4 1869 501.1801 -38.1100 9 1794 422.9399 -117.0200 10 1583 371.4800 -114.0400 3 1846 479.7500 -22.6000 12 1457 333.1801 -162.9900 13 1803 343.5400 -129.8000
5.0159468832e+000 -4.1071134954e+000 -6.5276864811e+000
135 108 82
10 5 1968 571.7200 -115.6700 6 1939 563.7000 -136.8200 7 1834 530.8300 -100.9200 8 1744 505.4000 -116.2800 4 1871 544.8600 -50.3200 9 1801 452.7900 -158.8600 10 1596 396.7600 -158.3900 3 1847 523.0200 -26.5200 12 1478 352.6000 -209.5600 13 1818 361.1700 -180.3100
4.8545630418e+000 -4.1518075907e+000 -7.0266805760e+000
129 67 57
14 5 1966 529.5500 -119.4000 6 1932 523.0200 -130.5600 7 1824 491.0100 -94.0100 8 1540 471.0699 -101.1100 4 1870 503.7500 -62.1400 9 1609 419.5699 -137.5500 10 1593 366.9200 -134.5500 3 1856 483.9700 -44.3900 12 1205 329.6300 -180.0300 13 1812 338.6200 -146.4500 14 1452 323.9200 -128.0100 41 1601 330.0601 -166.4600 42 1786 330.3600 -191.7800 43 1917 321.7800 -197.9500
2.8122086825e-001 -4.9654620473e+000 -7.1103650500e+000
111 90 70
7 5 1192 -21.0400 -192.9300 6 1114 -32.1700 -184.3700 7 1398 -49.0600 -137.9900 8 954 -58.3500 -117.0200 4 1080 -47.4700 -152.2400 9 1041 -96.2600 -134.3900 3 1871 -54.3600 -154.7200
4.8704408326e+000 -4.9521504895e+000 -6.9327373709e+000
133 64 52
11 5 1989 534.2100 -217.4000 6 1957 520.5900 -228.3500 7 1846 484.6801 -188.5600 8 1763 459.0200 -191.9400 4 1895 515.1300 -155.6900 9 1828 402.2200 -223.2300 10 1611 348.7700 -214.4300 3 1874 500.1200 -137.0400 12 1483 307.0000 -248.1500 13 1829 314.5300 -212.3600 14 1469 297.5601 -182.2100
2.1525997788e+000 -5.1908353761e+000 -7.8159203899e+000
40 34 30
5 5 1988 192.0601 -222.3200 6 1949 180.2200 -210.6500 7 1835 157.2700 -163.2500 4 1898 170.4800 -184.6200 3 1879 161.8199 -185.8900
5.4434712769e+000 6.7423633769e-001 -7.0075767341e+000
150 65 56
7 5 2199 618.5900 452.6400 6 2123 652.8199 454.1400 7 2051 644.8000 481.7500 8 2084 656.5200 458.9400 3 1936 502.1899 476.9400 39 2086 486.6700 372.6400 40 1956 527.8700 406.9400
4.5645745802e+000 5.8969209802e-001 -7.4284589932e+000
182 109 66
5 5 2201 500.2900 431.1100 6 2131 529.5699 440.9000 7 2060 521.5601 473.3300 4 2080 445.5200 471.1900 3 1941 396.8900 446.8000
4.4834853456e+000 4.4529725124e-001 -7.8205932408e+000
162 121 64
6 5 2206 478.0100 403.4400 6 2129 504.9900 417.3500 7 2059 497.1500 450.3800 8 1955 509.3600 439.9900 4 2086 425.8500 439.9500 3 1949 378.7200 411.5600
4.9801612370e-001 -4.2541528357e+000 -6.8697685478e+000
126 58 46
6 5 2143 8.0100 -111.2600 6 1930 1.9300 -110.7900 8 1726 -26.9200 -49.9200 4 2004 -21.4400 -64.1200 9 1784 -62.1100 -74.0000 3 1995 -30.0600 -63.1600
2.0968712743e+000 -4.2064234962e+000 -7.1582952473e+000
138 117 111
4 5 2144 198.4399 -112.9200 6 2063 189.3400 -110.9500 4 2006 171.5500 -63.1700 3 1996 159.6000 -60.9800
1.6647606678e+000 -4.8826625718e+000 -7.5465263561e+000
36 26 24
9 5 2150 139.9500 -187.2400 6 2070 129.2400 -178.3700 7 1986 108.5900 -131.0300 8 1894 96.6200 -115.9400 4 2020 116.0601 -147.1000 9 1791 55.6700 -132.3300 10 1757 15.5500 -118.3200 3 2015 106.0500 -146.4900 43 2080 -48.3300 -166.6100
4.9597827648e+000 -5.3655168412e+000 -6.7248464958e+000
152 142 138
4 5 2167 551.2400 -270.6700 6 2092 533.5400 -284.2200 4 2042 534.6899 -207.9100 3 2020 522.9800 -183.0800
4.9741141868e+000 -5.3698210312e+000 -6.7659779435e+000
152 142 138
14 5 2166 551.2400 -270.6700 6 2091 533.5400 -284.2200 7 2018 495.1801 -243.7600 8 1922 464.4000 -246.7900 4 2043 534.6899 -207.9100 9 1959 405.6200 -274.9000 10 1926 348.7400 -264.5200 3 2021 522.9800 -183.0800 13 2026 309.6801 -256.2700 39 1835 355.5200 -356.0200 40 1696 367.0900 -302.2000 41 1804 316.4700 -305.0600 42 1985 312.6200 -325.8800 43 2102 297.8101 -323.7500
7.9066163870e+000 -2.1200480449e-001 -7.7679725277e+000
150 123 102
3 5 2219 863.3400 315.6000 6 2285 895.7500 310.5900 3 2066 747.0400 354.7800
5.4748570855e+000 -1.3125099893e+000 -6.9576658960e+000
147 116 101
7 5 2236 618.4700 217.6700 6 2157 635.4200 204.5900 7 2083 615.1899 232.7700 4 2102 572.0500 275.1500 3 2075 528.2000 276.8400 39 2002 463.5000 123.3200 40 1877 493.5000 160.1300
2.7852046578e+000 -3.1393591764e+000 -7.1857353314e+000
140 123 124
10 5 2250 284.8900 11.4700 6 2179 282.9800 10.0300 7 2113 263.4800 49.0000 8 1988 253.1600 46.1300 4 2261 252.6500 59.6800 9 2053 215.5200 12.2800 10 1873 172.7300 12.6500 3 2102 231.8000 61.6100 12 1825 154.8400 -36.9900 13 1972 165.5800 -2.3100
2.7855214395e+000 -3.1387142344e+000 -7.1843217785e+000
140 123 124
7 5 2251 284.8900 11.4700 6 2180 282.9800 10.0300 7 2114 263.4800 49.0000 8 1989 253.1600 46.1300 10 1874 172.7300 12.6500 3 2103 231.8000 61.6100 13 1973 165.5800 -2.3100
3.1312463377e+000 -3.3491053265e+000 -7.3946938854e+000
139 125 124
7 5 2261 320.4700 -15.0600 6 2189 317.6899 -15.5200 7 2121 296.4900 23.1600 8 1996 285.8600 22.3900 4 2130 289.4200 31.3700 9 2059 246.3800 -9.4200 3 2113 268.9700 32.7300
7.5840159302e+000 -6.1221435201e+000 -7.0383319811e+000
156 124 99
10 5 2313 849.3199 -368.7900 6 2246 823.2000 -385.1200 7 2179 772.1200 -344.1900 8 2061 732.6200 -352.3300 4 2178 843.7000 -303.9600 9 1966 656.0601 -376.7300 10 1935 587.7500 -362.1300 3 2163 833.2700 -272.2000 40 1941 636.4000 -396.0400 41 1908 575.0699 -390.3300
4.6964170674e+000 4.8462443915e-001 -7.0027568554e+000
183 185 178
8 5 2342 531.7300 433.2900 6 2276 560.5800 435.5100 7 2205 551.7000 464.4800 8 2086 560.8000 442.7100 4 2200 475.5300 479.4900 9 2218 540.6100 385.9100 10 2170 500.4399 367.7700 3 2188 424.2800 459.7000
6.5983971298e+000 6.6347311629e-001 -7.3651764297e+000
84 55 32
7 5 2444 737.0000 433.3800 6 2364 775.2700 435.0300 7 2311 766.0000 462.1900 4 2201 674.4399 478.2900 3 2189 613.4600 457.7800 39 2259 614.1100 357.9800 40 2121 653.6801 389.8700
4.9395379861e+000 -1.9471840905e-001 -6.7967964771e+000
69 44 31
9 5 2451 565.5300 359.2800 6 2370 590.6500 351.9500 7 2322 577.5699 380.7700 8 2175 581.6100 354.6700 4 2336 511.6899 409.5800 9 2224 555.9500 292.8200 10 2179 512.1300 271.9700 3 2194 462.6600 400.7400 12 2190 490.0300 168.4000
2.8659471723e+000 -3.3877277503e+000 -7.3241824462e+000
36 20 21
10 5 2258 290.4600 -19.1700 6 2186 287.2800 -19.1500 7 2118 267.7500 21.4700 8 1993 256.8600 21.1600 4 2262 259.7700 28.3800 9 1921 217.4900 -10.4300 10 1880 174.1400 -7.9900 3 2235 239.6100 29.8700 12 1651 156.3600 -53.0800 13 1982 165.7800 -17.3600
1.0032843265e+000 -5.0822171271e+000 -7.3312747027e+000
145 125 126
7 5 2406 63.2900 -209.2900 6 2210 52.0000 -199.6500 7 2136 33.2700 -150.7800 4 2278 39.1800 -169.6200 3 2257 30.9900 -168.6700 39 2044 -110.3300 -274.3900 40 1920 -79.5800 -206.7600
4.4861962783e+000 -1.6942755755e+000 -7.4401785426e+000
116 102 101
4 5 2469 483.5800 170.4100 6 2386 496.0699 166.8100 4 2359 441.4700 219.0100 3 2323 405.9200 212.1000
-1.2289343921e+000 -3.4445332262e+000 -4.7496113528e+000
220 113 113
5 5 2565 -229.7500 5.8700 6 2483 -242.3300 -17.2400 7 2433 -251.8300 23.5100 4 2448 -266.0300 75.3800 3 2422 -273.2900 100.6900
3.2030546284e+000 -3.0194970664e+000 -7.4184820153e+000
35 25 26
8 5 2567 329.6000 21.6700 6 2482 328.8700 21.3500 7 2432 308.2300 60.1600 8 2270 300.1801 58.1700 4 2451 297.4600 69.5100 9 2324 260.3600 24.0300 10 2278 219.4600 27.9000 3 2428 275.1000 69.9600
3.8706523230e+000 -3.6998888287e+000 -7.7824795246e+000
99 32 49
5 5 2571 394.9500 -62.0500 6 2487 392.1300 -59.1200 7 2439 368.1000 -16.6500 4 2454 365.8400 -14.7400 3 2435 345.1801 -13.8100
4.3920037096e-001 -5.2159691665e+000 -7.2333673715e+000
142 121 119
7 5 2579 -4.5300 -224.5300 6 2497 -15.8000 -214.0600 7 2368 -32.5400 -161.6400 8 2213 -41.5300 -142.6900 4 2466 -29.3000 -184.7200 9 2265 -79.6800 -156.4000 3 2448 -36.8800 -183.7300
5.0725064717e+000 -6.2386081802e+000 -6.3988793670e+000
189 192 182
14 5 2522 574.1600 -383.7900 6 2441 548.5900 -399.1400 7 2390 505.0300 -353.8100 8 2150 467.0100 -353.4900 4 2400 563.6100 -320.3900 3 2453 559.0800 -296.2400 12 2146 289.7900 -382.8600 13 2477 292.6600 -344.5300 14 2212 267.3600 -298.5700 39 2069 367.6500 -473.9200 40 1940 372.7600 -416.0900 41 2003 315.6100 -417.8000 42 2200 308.4800 -434.5000 43 2404 288.1200 -428.8300
-1.4631079594e+000 -2.9262286076e+000 -5.0028017946e+000
66 72 72
6 5 2602 -253.6300 77.5700 6 2543 -264.4400 60.9000 7 2487 -272.0700 100.8700 8 2323 -277.8000 92.8800 4 2497 -293.5300 141.6000 3 2467 -302.2100 157.7200
3.3996398069e+000 -3.9393885831e+000 -7.8133005235e+000
35 23 24
8 5 2610 340.1200 -85.2500 6 2550 334.1400 -80.4100 7 2497 311.4800 -38.7000 8 2330 298.2000 -34.4900 4 2503 314.0400 -42.0400 9 2331 253.7900 -58.0300 10 2284 210.7000 -50.4500 3 2471 297.3400 -42.8800
-1.3885475144e+000 -4.9680338630e+000 -4.9093089743e+000
76 82 81
6 5 2614 -259.0700 -208.5400 6 2557 -273.3000 -226.5100 7 2502 -285.6000 -178.3100 8 2288 -296.8100 -171.2400 4 2506 -291.3900 -143.4600 3 2472 -296.4700 -112.8100
3.9157720493e+000 -4.7907446858e+000 -7.2423655260e+000
143 52 69
6 5 2615 410.7800 -193.5300 6 2496 400.5800 -188.8700 7 2446 370.3700 -150.7700 4 2507 389.0400 -137.6200 39 2284 224.0300 -264.3100 40 2145 243.0400 -211.9700
4.1255507991e+000 -4.0222688842e+000 -6.9205912596e+000
40 26 26
4 5 2677 445.9600 -98.4800 6 2602 443.0699 -112.3500 4 2557 420.6801 -42.9600 3 2513 402.3000 -28.8100
-2.4811308007e+000 -2.1747249231e+000 -5.6768317949e+000
231 225 168
5 5 230 -371.1100 174.2700 6 902 -381.9700 175.7400 8 764 -382.6600 220.0400 4 151 -409.4800 222.9000 10 270 -442.7800 174.0700
4.6201882943e+000 -1.4572389794e+000 -7.2653845656e+000
102 58 51
3 5 212 505.0699 199.5500 6 226 518.9900 195.4100 4 168 462.8400 249.9800
2.6008097766e-001 -4.8291751415e+000 -7.0411914845e+000
119 98 90
4 5 645 -24.5800 -178.1700 6 602 -31.4000 -170.2300 7 544 -50.6400 -121.9700 4 536 -49.0200 -137.0700
4.9067164288e+000 -5.4571824683e+000 -6.8905335416e+000
149 103 87
7 5 733 538.4399 -279.0000 6 676 521.3500 -289.4900 7 628 482.9900 -247.3100 8 592 453.6400 -248.6300 4 606 522.1500 -219.4400 9 663 395.2900 -274.8100 10 632 339.1500 -263.3200
4.7129916762e+000 -1.4654012865e+000 -7.2178209371e+000
124 62 53
3 5 958 517.8000 198.5800 6 896 531.9000 194.0100 4 855 474.8500 250.5800
1.6454720972e+000 -4.7901806313e+000 -7.5594917985e+000
135 122 121
6 5 649 139.3800 -176.6800 6 1121 128.7300 -167.5500 8 960 95.5900 -105.7200 4 1084 114.6500 -135.7300 12 1179 1.7600 -127.1900 43 1217 -50.2400 -158.1100
3.5543614335e+000 -5.0305663579e+000 -6.7463958533e+000
62 31 26
3 5 1212 379.9000 -222.0200 6 646 364.6700 -230.8100 4 1090 358.8101 -164.4900
7.0743550686e-001 -5.1922498887e+000 -7.3432907458e+000
139 128 127
7 5 1206 28.9700 -220.3100 6 622 16.3000 -209.8100 7 562 -2.7200 -160.7300 8 527 -13.8500 -140.7500 4 1101 4.2800 -182.1100 39 1083 -144.4600 -283.2800 40 970 -112.1700 -213.9700
7.0546000465e-001 -5.1880960205e+000 -7.3110410445e+000
139 128 127
4 5 1207 28.9700 -220.3100 6 623 16.3000 -209.8100 7 563 -2.7200 -160.7300 4 1102 4.2800 -182.1100
5.1033185353e+000 -6.0491909033e+000 -6.4342945711e+000
195 113 81
5 5 1293 579.4200 -361.9000 6 1214 554.7400 -376.5500 7 661 511.6100 -331.8400 8 629 474.8800 -336.4100 4 1186 567.6600 -297.1300
5.6521261058e+000 -4.9179330155e+000 -6.5124912269e+000
148 121 102
2 5 1545 647.9200 -220.9600 6 1516 633.6899 -242.3700
-4.7927748976e+000 -3.2557354092e+000 -6.6118086094e+000
84 67 54
3 5 1048 -637.0900 39.0200 6 1392 -649.5300 58.3700 4 1361 -675.4800 65.4900
1.6979477373e+000 -3.0535960517e+000 -6.7505136960e+000
138 65 47
5 5 1441 161.2200 29.3300 6 1416 157.7800 25.7100 8 1229 131.7300 64.0300 4 1370 127.5699 79.8200 10 899 57.3700 24.9100
1.6952792388e+000 -3.0524708992e+000 -6.7681454951e+000
138 65 47
5 5 1440 161.2200 29.3300 6 1415 157.7800 25.7100 7 939 140.1000 66.2400 8 1230 131.7300 64.0300 4 1371 127.5699 79.8200
-1.0512157324e+000 -4.6745900549e+000 -4.6852802735e+000
126 150 146
4 5 1515 -213.2600 -170.9000 6 1478 -228.0200 -195.6800 8 1300 -254.6200 -150.7400 4 1441 -246.5400 -99.3500
-1.0495089478e+000 -4.6745537589e+000 -4.6799074403e+000
126 150 146
3 5 1514 -213.2600 -170.9000 6 1479 -228.0200 -195.6800 4 1442 -246.5400 -99.3500
2.1420056290e-001 -5.0948781494e+000 -7.1590887968e+000
126 65 41
4 5 1532 -29.7400 -209.1600 6 1136 -40.9300 -199.1000 8 953 -66.6700 -128.8400 4 1476 -55.1600 -169.3900
2.9431753105e+000 -5.2042515186e+000 -8.1231821114e+000
136 120 122
6 5 1538 277.0200 -224.4100 6 1498 264.1400 -211.8400 7 1415 239.1500 -164.8400 8 1308 224.7500 -148.2600 4 1481 256.9500 -187.4200 9 1370 178.3900 -159.9900
4.8691347096e+000 -1.3912770449e+000 -6.8548029999e+000
143 112 84
3 5 1693 550.6200 213.9200 6 1643 565.2000 203.1200 4 1608 505.3500 270.0300
2.0749091283e+000 -3.4181237652e+000 -6.5656104812e+000
154 135 128
7 5 1749 209.1400 -16.8100 6 1701 204.1899 -21.9300 7 1595 185.0200 17.2400 8 1506 173.0000 14.6200 4 1658 177.8300 35.6700 39 1624 21.3600 -121.4000 40 1488 53.3000 -64.7200
5.4565896083e+000 -5.5331363524e+000 -6.4185937726e+000
139 64 58
3 5 1596 625.7000 -296.2300 6 1539 605.1801 -319.7900 4 1752 610.6400 -231.6600
-1.0262229895e+000 -4.5916108648e+000 -4.6607888771e+000
82 94 94
5 5 1973 -209.9400 -159.7300 6 1944 -224.1200 -184.3400 7 1642 -236.6800 -140.0700 8 1545 -251.5500 -140.9400 4 1879 -242.5200 -86.7400
-9.6029177406e-001 -4.6862864557e+000 -4.5719246284e+000
149 172 170
4 5 2149 -202.6200 -173.9400 6 2078 -217.4300 -200.8100 7 1994 -231.2600 -155.9100 4 2011 -234.7200 -100.3400
2.0727020430e+000 -4.8126641992e+000 -7.6544661433e+000
36 23 29
7 5 2152 186.5800 -179.7600 6 2072 176.1801 -171.4600 7 1988 154.3900 -125.0600 8 1738 141.5200 -110.4600 4 2021 162.9301 -140.1000 9 1792 99.6400 -127.4300 10 1758 58.3800 -113.8000
2.0727020430e+000 -4.8126641992e+000 -7.6544661433e+000
36 23 29
