# Bundle file v0.3
60 11746
1753.243297 0.0 0.0
0.674661 -0.014969 -0.737976
-0.015825 -0.999858 0.005813
-0.737958 0.007756 -0.674802
-7.383184 0.272521 -11.125830
1652.167652 0.0 0.0
0.752051 0.193388 -0.630096
-0.108207 -0.906789 -0.407461
-0.650162 0.374612 -0.661026
-6.564533 -3.279098 -12.132787
1660.047758 0.0 0.0
0.746764 0.171974 -0.642471
-0.129444 -0.909939 -0.394025
-0.652371 0.377408 -0.657248
-6.526355 -3.188755 -11.894141
1661.049626 0.0 0.0
0.733730 0.137443 -0.665394
-0.074397 -0.957185 -0.279752
-0.675356 0.254766 -0.692090
-6.922825 -2.300533 -12.232997
1652.394965 0.0 0.0
0.731661 0.102641 -0.673897
-0.029794 -0.982839 -0.182044
-0.681018 0.153272 -0.716047
-6.964093 -1.422829 -12.381898
1659.432946 0.0 0.0
0.730135 0.070449 -0.679661
0.001775 -0.994863 -0.101213
-0.683300 0.072693 -0.726510
-6.951274 -0.569777 -12.615617
1656.488104 0.0 0.0
0.722742 0.037328 -0.690109
0.023544 -0.999291 -0.029395
-0.690717 0.004997 -0.723108
-7.091610 -0.067312 -12.519650
1652.498505 0.0 0.0
0.731821 -0.010768 -0.681412
0.095962 -0.988285 0.118678
-0.674707 -0.152240 -0.722214
-6.896700 1.232548 -12.571439
1670.135282 0.0 0.0
0.732837 -0.026278 -0.679896
0.099013 -0.984498 0.144774
-0.673161 -0.173415 -0.718875
-6.912435 1.446822 -12.485513
1662.036364 0.0 0.0
0.736406 -0.082660 -0.671471
0.139538 -0.952610 0.270301
-0.661994 -0.292747 -0.689974
-6.829193 2.368129 -12.215286
1656.295511 0.0 0.0
0.745861 -0.108982 -0.657125
0.204788 -0.901227 0.381907
-0.633840 -0.419421 -0.649872
-6.598677 3.717205 -11.720122
296.446429 0.0 0.0
0.183722 -0.238637 -0.953572
0.339690 -0.894906 0.289402
-0.922419 -0.377088 -0.083351
-9.874192 3.118251 -1.998880
1658.755412 0.0 0.0
0.745865 -0.159080 -0.646823
0.191121 -0.879122 0.436598
-0.638090 -0.449264 -0.625302
-6.459080 4.125374 -11.516813
1653.970190 0.0 0.0
0.737483 -0.204464 -0.643672
0.237239 -0.813905 0.530355
-0.632326 -0.543832 -0.551735
-6.542407 4.982298 -10.428385
1651.703153 0.0 0.0
0.735557 -0.245310 -0.631489
0.271003 -0.747763 0.606142
-0.620897 -0.616988 -0.483542
-6.559531 5.865719 -9.514465
1657.319021 0.0 0.0
0.755054 -0.266742 -0.598950
0.274384 -0.701118 0.658139
-0.595488 -0.661273 -0.456193
-5.866686 6.372882 -9.270282
1647.334766 0.0 0.0
0.767026 -0.298404 -0.568002
0.342616 -0.557996 0.755814
-0.542480 -0.774336 -0.325760
-5.895731 7.206132 -8.090217
1645.015546 0.0 0.0
0.794027 -0.321438 -0.515946
0.358144 -0.438435 0.824323
-0.491177 -0.839317 -0.233008
-5.414253 7.915700 -7.082055
1641.192989 0.0 0.0
0.802745 -0.321025 -0.502536
0.368364 -0.395762 0.841237
-0.468943 -0.860416 -0.199442
-5.056066 7.669033 -7.399034
1645.687703 0.0 0.0
0.816355 -0.333587 -0.471471
0.399864 -0.262584 0.878157
-0.416742 -0.905411 -0.080973
-5.009766 8.210681 -6.341998
1636.708240 0.0 0.0
0.847098 -0.335288 -0.412320
0.393861 -0.124800 0.910658
-0.356790 -0.933813 0.026339
-4.386515 8.598010 -5.302778
1636.112280 0.0 0.0
0.858104 -0.338314 -0.386265
0.388268 -0.064754 0.919269
-0.336014 -0.938803 0.075791
-4.274158 8.531115 -4.954446
1578.250403 0.0 0.0
0.917893 -0.333379 -0.215246
0.321167 0.305515 0.896389
-0.233076 -0.891919 0.387501
-2.851026 8.249737 -2.124935
1649.033485 0.0 0.0
0.872704 -0.337267 -0.353042
0.394791 0.062000 0.916676
-0.287276 -0.939365 0.187258
-3.790813 8.237246 -3.959832
1641.408839 0.0 0.0
0.882925 -0.344093 -0.319443
0.383792 0.137011 0.913199
-0.270458 -0.928885 0.253030
-3.591850 8.234183 -3.188664
1654.464535 0.0 0.0
0.893165 -0.349791 -0.282671
0.372743 0.224088 0.900471
-0.251634 -0.909632 0.330530
-3.283512 8.323854 -2.353807
1672.674886 0.0 0.0
0.907713 -0.346774 -0.236231
0.363006 0.366654 0.856616
-0.210437 -0.863315 0.458698
-2.744934 7.820780 -0.999091
1660.584324 0.0 0.0
0.921186 -0.329897 -0.206358
0.349658 0.469072 0.810993
-0.170747 -0.819231 0.547454
-2.411379 7.435014 -0.043992
1668.903932 0.0 0.0
0.934551 -0.316146 -0.163299
0.315714 0.525027 0.790362
-0.164133 -0.790189 0.590476
-1.991680 7.321459 0.442221
1644.486795 0.0 0.0
0.944236 -0.303342 -0.128073
0.297422 0.618854 0.727021
-0.141277 -0.724571 0.674565
-1.679954 6.624284 1.361479
1658.154257 0.0 0.0
0.958355 -0.268955 -0.096018
0.265963 0.718097 0.643118
-0.104019 -0.641872 0.759724
-1.361542 5.851702 2.064362
1662.108568 0.0 0.0
0.969134 -0.231050 -0.085992
0.238080 0.786575 0.569752
-0.064002 -0.572639 0.817306
-1.253722 5.206947 2.183377
1661.655163 0.0 0.0
0.976140 -0.213131 -0.041548
0.204659 0.839075 0.504052
-0.072567 -0.500528 0.862673
-1.146908 4.500501 2.756477
2537.067534 0.0 0.0
0.931425 -0.289065 -0.221107
0.312982 0.326215 0.891979
-0.185711 -0.900014 0.394317
-2.879663 8.069152 -4.841089
1667.571503 0.0 0.0
0.984725 -0.172099 -0.026446
0.167878 0.898111 0.406464
-0.046201 -0.404695 0.913284
-0.974937 3.586959 3.091909
1670.248525 0.0 0.0
0.990156 -0.139035 -0.016136
0.137003 0.939112 0.315118
-0.028659 -0.314227 0.948915
-0.842878 2.719356 3.323961
1667.429509 0.0 0.0
0.996231 -0.086463 -0.006931
0.086061 0.975285 0.203502
-0.010836 -0.203331 0.979050
-0.606235 1.929456 3.614087
1672.602340 0.0 0.0
0.998650 -0.050733 0.011146
0.048786 0.989770 0.134072
-0.017834 -0.133347 0.990909
-0.512976 1.447794 3.656558
1663.028711 0.0 0.0
0.999894 -0.005946 0.013254
0.005907 0.999978 0.002928
-0.013271 -0.002849 0.999908
-0.476847 0.129989 3.646870
1659.626433 0.0 0.0
0.999337 0.030173 0.020364
-0.028709 0.997223 -0.068711
-0.022381 0.068081 0.997429
-0.526201 -0.650511 3.453997
1655.934100 0.0 0.0
0.997214 0.071449 0.021435
-0.066920 0.983835 -0.166102
-0.032956 0.164205 0.985876
-0.475387 -1.472576 3.452674
1659.194807 0.0 0.0
0.993819 0.110873 0.005498
-0.105308 0.957287 -0.269280
-0.035119 0.267037 0.963046
-0.575087 -2.442981 3.270747
1650.436208 0.0 0.0
0.987683 0.156458 0.001714
-0.144678 0.917382 -0.370780
-0.059584 0.365965 0.928719
-0.634654 -3.184396 2.746214
1652.677033 0.0 0.0
0.979969 0.199138 -0.002121
-0.179562 0.878929 -0.441861
-0.086127 0.433391 0.897081
-0.790690 -3.921328 2.512870
524.261382 0.0 0.0
0.939468 0.136211 -0.314399
-0.329192 0.613332 -0.717953
0.095038 0.777991 0.621046
-4.147232 -5.804741 2.254150
1652.081232 0.0 0.0
0.973289 0.228790 -0.019077
-0.204136 0.824390 -0.527930
-0.105058 0.517723 0.849073
-0.899103 -4.610079 2.170346
1651.530562 0.0 0.0
0.962401 0.270093 -0.028890
-0.235869 0.778196 -0.582045
-0.134724 0.566975 0.812643
-0.917085 -4.884862 2.236281
1650.814705 0.0 0.0
0.950613 0.305893 -0.052577
-0.262037 0.700166 -0.664157
-0.166348 0.645133 0.745742
-1.150035 -5.707297 1.472833
1645.419946 0.0 0.0
0.940553 0.326838 -0.092400
-0.285375 0.612933 -0.736800
-0.184179 0.719368 0.669767
-1.595346 -6.438317 0.693045
1647.399225 0.0 0.0
0.923320 0.361427 -0.129809
-0.317743 0.529139 -0.786798
-0.215683 0.767712 0.603406
-1.920493 -6.750267 0.089295
1643.531935 0.0 0.0
0.912594 0.375706 -0.161297
-0.326433 0.431963 -0.840743
-0.246198 0.819910 0.516850
-2.077395 -7.344866 -0.784202
1644.467336 0.0 0.0
0.897638 0.393555 -0.198398
-0.348773 0.359089 -0.865686
-0.269452 0.846268 0.459593
-2.440496 -7.443582 -1.426207
1649.139085 0.0 0.0
0.882172 0.409250 -0.232994
-0.360079 0.267320 -0.893802
-0.303505 0.872384 0.383185
-2.599373 -7.954300 -2.023453
1644.931391 0.0 0.0
0.864966 0.424514 -0.267621
-0.348602 0.124671 -0.928942
-0.360984 0.896797 0.255823
-3.016945 -8.013423 -3.043099
1652.642925 0.0 0.0
0.843244 0.437296 -0.312589
-0.355510 0.017527 -0.934508
-0.403178 0.899147 0.170242
-3.491266 -8.261638 -3.787578
8789.937453 0.0 0.0
0.898706 0.152498 -0.411183
-0.424069 0.063229 -0.903420
-0.111771 0.986279 0.121494
-4.336615 -7.256987 -28.746517
1645.804601 0.0 0.0
0.828152 0.443454 -0.342801
-0.352048 -0.064372 -0.933766
-0.436149 0.893983 0.102808
-3.696017 -8.155244 -4.334082
56633.073938 0.0 0.0
0.925284 0.070782 -0.372612
-0.019798 -0.972078 -0.233821
-0.378758 0.223728 -0.898047
-4.061658 -1.534109 -203.117425
45925.544681 0.0 0.0
0.923168 0.007522 -0.384322
-0.383903 0.068625 -0.920820
0.019448 0.997614 0.066240
-4.306668 -7.882541 -153.856369
54234.261285 0.0 0.0
0.922512 -0.022160 -0.385333
-0.382429 0.082435 -0.920300
0.052159 0.996350 0.067572
-4.343650 -7.905364 -182.170654
0.819626 -0.723066 -8.975675
160 41 54
18 38 613 70.78 -191.98 39 693 27.31 -232.02 37 1585 78.81 -140.20 35 1638 71.11 -226.77 32 1946 63.35 -165.11 31 1604 166.42 -96.87 28 1821 177.25 40.54 29 1780 177.74 -40.21 26 1701 132.74 59.20 27 1822 159.90 38.32 24 1553 80.42 83.85 25 1336 80.51 131.00 23 1223 106.87 91.44 21 975 43.54 202.12 20 883 79.69 265.99 18 639 106.26 216.80 19 716 41.26 261.36 17 516 36.24 388.30
0.437773 -0.645386 -8.679182
155 152 136
19 38 1931 -53.07 -177.41 39 1694 -93.67 -223.73 40 1457 -90.63 -220.07 37 2108 -48.63 -113.71 35 2396 -63.14 -197.94 36 2147 -20.37 -149.86 32 2369 -80.98 -121.77 34 2192 -73.05 -162.14 30 2268 29.58 -30.57 31 2031 27.00 -50.60 28 2219 19.06 101.55 26 2111 -23.77 114.19 27 2247 2.25 93.70 25 1740 -73.30 183.27 23 1725 -40.94 133.03 21 1503 -105.36 242.92 20 1230 -73.74 305.26 18 942 -46.97 243.91 19 1225 -112.32 292.60
0.152166 -0.724848 -8.681500
27 56 41
23 38 2120 -143.16 -202.37 39 1902 -179.15 -244.14 40 1919 -175.99 -237.41 37 2199 -142.82 -144.56 35 2398 -159.24 -240.67 36 2261 -115.38 -184.79 32 2317 -182.57 -173.63 34 2205 -171.49 -208.78 30 2277 -75.13 -88.38 31 1983 -70.16 -101.71 28 2224 -80.52 49.17 29 2114 -84.15 -40.01 26 2065 -117.49 64.72 27 2255 -94.49 40.30 24 1914 -151.05 91.68 25 1745 -159.03 143.60 23 1829 -117.48 98.86 21 1511 -180.40 217.43 20 1376 -147.05 282.96 22 2349 -196.25 95.74 18 1324 -112.30 231.90 19 1408 -183.01 275.47 33 2607 -202.73 44.64
0.457449 -0.597411 -8.625860
31 60 43
20 38 1511 -43.26 -164.13 39 618 -80.81 -212.88 37 1776 -41.31 -96.70 35 2104 -60.26 -177.63 36 1779 -14.24 -130.95 32 2197 -81.57 -96.28 34 1957 -70.79 -138.68 30 2134 25.11 -1.17 31 1870 24.19 -24.90 28 2082 12.24 131.67 29 1985 14.02 48.26 26 1842 -31.42 139.85 27 2116 -5.96 122.11 24 1519 -74.44 149.89 25 1525 -79.11 205.80 23 1412 -46.07 151.88 21 905 -107.82 257.87 20 839 -75.45 318.23 22 1801 -118.02 151.21 19 656 -115.28 303.14
0.450375 -0.500423 -8.493981
159 170 103
21 38 1918 -47.91 -134.00 39 1885 -87.38 -188.72 40 1905 -81.53 -190.98 37 2079 -47.19 -58.34 35 2241 -69.72 -133.11 36 2126 -20.66 -89.96 32 2190 -94.74 -41.97 34 2082 -82.35 -89.66 30 2129 8.43 59.70 31 1855 10.70 29.42 28 2067 -9.47 191.57 29 1976 -5.64 110.53 26 1947 -56.76 192.88 27 2102 -29.52 178.86 24 1685 -100.91 191.71 25 1514 -104.34 251.57 23 1585 -72.84 189.60 21 1146 -135.10 289.65 20 1071 -104.62 347.16 22 2026 -137.96 195.23 19 967 -144.45 325.67
0.870665 -0.617135 -8.831446
166 45 48
19 38 1514 89.52 -163.11 39 1461 45.29 -209.54 40 1139 50.13 -206.98 41 639 54.93 -229.43 37 1548 96.45 -101.72 35 1890 84.41 -178.62 36 1797 127.04 -134.10 32 1895 72.13 -105.39 34 1760 77.30 -144.76 31 1576 172.67 -35.73 28 1943 173.07 110.79 29 1889 177.17 31.35 26 1669 122.77 123.33 27 1969 152.98 105.93 24 1522 67.61 135.67 25 1325 69.04 186.83 21 946 28.31 242.20 20 867 62.12 302.91 19 985 21.60 291.75
0.457707 -0.597683 -8.625930
31 60 43
16 38 1512 -43.26 -164.13 39 619 -80.81 -212.88 37 1777 -41.31 -96.70 35 2105 -60.26 -177.63 36 1780 -14.24 -130.95 32 2198 -81.57 -96.28 34 1958 -70.79 -138.68 30 2135 25.11 -1.17 31 1871 24.19 -24.90 29 1986 14.02 48.26 26 1843 -31.42 139.85 24 1520 -74.44 149.89 25 1526 -79.11 205.80 21 906 -107.82 257.87 20 840 -75.45 318.23 22 1802 -118.02 151.21
0.932713 -0.479758 -8.673058
165 34 44
17 38 1723 113.16 -122.71 39 1681 68.00 -177.59 37 1942 118.50 -49.87 35 2089 100.11 -118.56 36 1970 147.66 -78.99 32 2068 82.17 -30.30 34 1938 90.83 -75.95 30 2005 190.11 69.79 31 1742 179.73 40.01 28 1921 167.61 192.96 29 1871 176.19 117.11 26 1830 111.36 195.19 24 1687 53.52 190.39 25 1516 55.77 247.93 23 1392 75.95 189.26 21 1147 11.88 284.57 20 1072 43.34 340.40
1.184384 -0.701526 -9.080536
144 86 82
17 38 1175 180.39 -181.14 39 1151 132.95 -222.56 37 1552 192.57 -129.20 35 1915 188.20 -209.06 36 1538 226.09 -162.28 32 2094 185.06 -146.66 34 1785 185.57 -179.57 30 2040 307.67 -65.74 28 1958 300.36 55.22 29 1900 303.32 -21.67 26 1855 249.98 74.85 27 1991 281.10 55.90 24 1534 189.99 95.25 25 1540 192.94 143.10 23 1430 211.47 104.21 21 1178 148.13 209.48 20 1090 184.19 271.87
0.239468 -0.346220 -8.276170
137 145 66
19 38 1888 -124.58 -86.61 39 1872 -160.35 -148.76 40 1892 -151.95 -156.93 37 2064 -129.63 2.00 35 2229 -160.60 -69.14 36 2111 -105.83 -28.36 32 2291 -195.16 34.95 34 2182 -176.47 -17.48 30 2204 -101.38 142.15 31 1955 -87.68 104.27 28 2045 -122.35 268.20 29 2041 -118.68 191.83 26 1931 -167.01 254.80 27 2082 -141.67 247.67 24 1481 -201.80 235.40 25 1487 -208.55 303.24 23 1047 -170.40 227.17 21 558 -229.81 319.15 22 1732 -228.24 248.53
0.354173 -0.274824 -8.270859
159 162 24
21 38 1441 -82.91 -60.29 39 1051 -119.54 -126.18 40 527 -110.45 -136.59 41 538 -103.64 -179.50 42 509 -112.19 -136.78 43 514 -157.60 -186.20 37 988 -87.06 31.12 35 1490 -119.77 -36.65 36 1399 -64.20 2.81 32 1448 -155.23 67.57 34 1410 -137.02 13.91 30 1438 -62.35 174.87 31 1193 -50.97 135.02 28 1340 -87.33 293.93 29 1299 -82.05 221.44 26 754 -135.81 276.47 27 1343 -108.93 272.92 24 101 -174.26 250.38 25 22 -179.32 318.83 23 63 -146.20 240.40 22 94 -202.55 263.38
0.569387 -0.203664 -8.309747
29 57 34
20 38 1877 -7.48 -34.19 39 1664 -44.38 -102.54 40 1680 -34.28 -114.75 42 1012 -37.30 -121.33 37 1911 -10.09 58.57 35 2223 -44.63 -4.60 36 1927 13.02 32.79 32 2166 -78.57 99.17 34 2066 -61.39 45.96 30 2108 13.47 204.83 31 1710 20.72 164.47 28 1899 -15.07 315.60 29 1832 -6.19 247.89 26 1225 -66.83 294.40 27 1654 -38.02 294.89 24 60 -110.42 261.93 25 587 -113.24 330.87 23 630 -87.25 250.57 22 829 -140.70 271.64 33 1614 -144.27 239.86
0.551722 -0.293861 -8.367430
22 56 37
18 38 1705 -12.85 -65.57 39 1402 -51.15 -129.89 40 1429 -41.66 -139.47 37 1729 -14.47 22.43 35 2068 -45.07 -43.40 36 1942 8.95 -4.84 32 2053 -76.06 57.31 34 1906 -60.69 5.58 30 1979 19.06 162.72 31 1718 24.58 124.79 28 1678 -6.18 279.91 29 1839 0.56 208.45 26 1250 -58.26 265.90 27 1670 -29.90 262.15 24 769 -102.92 242.61 25 607 -104.83 308.74 22 846 -134.12 250.59 33 1629 -138.51 215.42
0.551722 -0.293861 -8.367430
22 56 37
18 38 1704 -12.85 -65.57 39 1401 -51.15 -129.89 40 1428 -41.66 -139.47 37 1728 -14.47 22.43 35 2069 -45.07 -43.40 36 1943 8.95 -4.84 32 2054 -76.06 57.31 34 1907 -60.69 5.58 30 1980 19.06 162.72 31 1719 24.58 124.79 28 1679 -6.18 279.91 29 1840 0.56 208.45 26 1251 -58.26 265.90 27 1671 -29.90 262.15 24 770 -102.92 242.61 25 608 -104.83 308.74 22 847 -134.12 250.59 33 1630 -138.51 215.42
0.192158 -0.322289 -8.239425
29 60 41
20 38 1715 -141.16 -78.39 39 1668 -176.52 -142.30 40 1688 -168.62 -151.39 41 1354 -161.61 -193.25 42 1039 -165.93 -148.00 37 1921 -147.06 12.48 35 2067 -179.83 -58.66 36 1940 -124.43 -17.68 34 1911 -197.77 -7.89 30 1990 -123.74 153.92 31 1723 -107.77 114.64 28 1904 -145.82 279.37 29 1838 -142.41 202.71 26 1575 -190.10 263.58 27 1929 -164.89 257.41 24 1166 -223.57 241.96 25 1003 -231.47 310.83 23 623 -193.31 232.67 22 1318 -249.34 256.19 33 2027 -252.99 217.87
0.317388 -0.384304 -8.334434
147 144 43
19 38 1716 -95.57 -98.14 39 1429 -132.28 -158.99 40 1437 -124.80 -166.75 41 1370 -118.65 -205.95 42 1041 -127.68 -158.14 37 1473 -98.41 -12.80 35 1836 -127.04 -84.05 36 1751 -74.31 -42.50 32 1816 -159.26 16.74 34 1693 -143.02 -35.11 30 1789 -63.02 122.92 31 1515 -53.04 87.49 28 1693 -84.17 250.34 29 1633 -80.26 172.35 26 1592 -130.44 240.80 27 1696 -104.11 231.90 24 1167 -168.60 226.10 25 1004 -174.28 291.52 22 1335 -198.61 236.44
2.046364 -0.166254 -8.874116
193 141 109
14 38 1427 460.90 -16.33 39 1032 407.82 -80.42 37 1410 468.42 62.75 35 1473 442.95 15.60 36 1380 498.91 45.54 32 1788 421.19 103.04 34 1677 431.93 57.17 30 1751 521.87 199.36 31 1474 501.19 165.68 28 1670 476.50 289.74 29 1608 496.69 234.03 26 1269 396.41 281.47 24 759 312.37 252.30 23 661 322.11 245.77
0.001418 -0.391381 -8.214537
23 50 23
17 38 1481 -213.28 -104.19 39 526 -247.62 -165.82 40 571 -240.90 -173.18 37 1466 -221.01 -15.23 35 1833 -250.59 -90.84 36 1429 -198.37 -48.19 32 1813 -288.54 13.01 34 1703 -269.95 -40.53 30 1782 -196.05 122.03 31 1511 -174.62 84.52 28 1677 -213.24 254.85 29 1631 -214.01 173.82 26 1278 -252.95 242.58 27 1373 -231.28 232.71 24 767 -279.39 227.23 23 687 -244.44 219.16 33 1018 -308.76 201.66
2.791197 -0.184795 -9.196102
134 48 51
20 38 1703 656.29 -18.78 39 1398 594.52 -82.53 40 1399 608.71 -91.26 41 1332 617.80 -127.58 42 1005 571.40 -95.95 43 1023 528.36 -143.08 37 1914 667.37 51.50 35 1803 646.96 9.42 36 1717 702.58 37.48 32 2045 631.23 89.30 34 1683 639.39 47.95 30 1985 737.18 179.81 31 1499 707.74 151.57 28 1684 688.90 265.01 29 1845 711.45 212.90 26 1585 602.28 263.80 27 1688 655.21 267.84 24 1179 507.19 238.33 25 1017 525.38 291.86 23 1061 513.11 234.96
2.499896 -0.428759 -9.295762
195 134 114
16 38 1018 559.40 -90.81 39 1090 500.18 -144.08 40 547 508.57 -147.20 37 1479 575.76 -30.36 35 1530 567.74 -84.09 36 1446 613.71 -50.74 32 1843 564.80 -11.10 34 1715 565.84 -48.88 30 1822 684.70 76.81 31 1540 649.00 51.75 28 1770 654.57 176.23 29 1681 669.39 114.34 27 1761 625.41 182.53 24 1251 490.44 182.99 25 1084 505.18 232.19 23 1156 498.97 186.14
0.159475 -0.515621 -8.388548
30 67 35
17 38 1914 -148.86 -142.94 39 1894 -184.74 -196.68 37 2077 -151.96 -64.92 35 2238 -177.39 -144.68 36 2124 -126.83 -98.79 32 2300 -208.53 -51.34 34 2088 -192.28 -99.67 30 2219 -109.63 52.27 31 1966 -97.44 22.17 28 2154 -126.15 190.44 29 2055 -124.91 104.69 26 1943 -167.23 190.00 27 2184 -142.69 174.44 24 1794 -202.09 191.15 25 1633 -210.09 253.10 23 1578 -170.42 188.63 33 2486 -236.85 153.08
0.354438 -0.275182 -8.270193
159 162 24
19 38 1440 -82.91 -60.29 39 1050 -119.54 -126.18 40 526 -110.45 -136.59 41 537 -103.64 -179.50 42 508 -112.19 -136.78 37 987 -87.06 31.12 35 1489 -119.77 -36.65 36 1398 -64.20 2.81 32 1447 -155.23 67.57 34 1409 -137.02 13.91 30 1437 -62.35 174.87 31 1192 -50.97 135.02 28 1339 -87.33 293.93 29 1298 -82.05 221.44 26 753 -135.81 276.47 27 1342 -108.93 272.92 24 102 -174.26 250.38 25 21 -179.32 318.83 33 1612 -206.80 227.98
1.440927 -0.168573 -8.646166
186 128 109
15 38 1690 282.33 -17.45 39 1382 233.06 -84.95 40 1391 246.30 -96.72 42 1016 227.56 -105.05 43 1011 184.82 -155.81 37 1700 285.09 66.15 35 1795 255.88 11.82 36 1704 312.36 46.04 32 1769 230.64 103.80 34 1659 243.45 57.81 31 1464 316.59 167.06 29 1578 304.66 239.67 26 1232 217.16 284.83 24 747 146.68 254.91 25 994 154.61 317.15
0.362936 -0.509922 -8.455241
125 139 68
15 38 1917 -77.14 -138.80 39 1680 -114.67 -193.54 37 1940 -77.90 -61.62 35 2239 -100.90 -137.95 36 1967 -51.96 -93.90 32 2189 -128.16 -45.12 34 2081 -114.76 -92.93 30 2128 -26.36 58.14 31 1863 -21.10 26.81 28 2066 -44.40 193.31 29 1975 -40.77 109.30 26 1828 -90.88 195.63 27 2101 -63.48 179.24 24 1684 -131.15 192.67 25 1506 -136.08 253.84
0.275110 -0.304866 -8.256207
26 56 27
14 38 1461 -112.16 -71.23 39 1425 -148.68 -136.14 37 1448 -118.31 19.79 35 1820 -148.91 -49.51 36 1736 -93.41 -9.29 32 2049 -183.17 54.86 34 1687 -165.95 1.40 30 1977 -89.89 162.86 31 1503 -77.99 123.61 28 1640 -114.48 285.25 29 1617 -109.85 210.48 26 1245 -161.88 268.96 27 1668 -134.66 263.86 25 601 -205.85 314.06
0.275110 -0.304866 -8.256207
26 56 27
14 38 1462 -112.16 -71.23 39 1426 -148.68 -136.14 37 1449 -118.31 19.79 35 1821 -148.91 -49.51 36 1737 -93.41 -9.29 32 2050 -183.17 54.86 34 1688 -165.95 1.40 30 1978 -89.89 162.86 31 1504 -77.99 123.61 28 1641 -114.48 285.25 29 1618 -109.85 210.48 26 1246 -161.88 268.96 27 1669 -134.66 263.86 25 602 -205.85 314.06
2.591233 -0.093066 -9.046517
196 137 107
15 38 2331 616.27 7.07 39 2305 558.24 -61.89 40 2332 574.39 -73.20 41 2137 584.55 -111.65 37 2315 623.58 82.88 35 2587 595.98 44.06 36 2399 655.84 70.80 34 2349 583.58 84.66 30 2335 669.34 217.84 31 2090 646.80 185.67 28 2296 615.97 297.59 29 2191 640.68 247.33 26 2191 525.48 291.29 27 2325 578.69 298.54 25 1857 450.88 313.39
2.905895 -0.191801 -9.243476
194 139 93
14 38 377 684.78 -20.45 39 428 622.68 -83.29 40 469 636.31 -92.28 37 1007 696.21 48.20 35 1480 677.30 6.72 36 921 732.50 34.50 32 962 662.32 86.69 34 909 670.07 44.86 30 913 768.47 176.79 31 738 738.40 147.74 28 905 720.18 261.49 29 879 742.66 209.34 26 765 632.76 261.19 27 122 686.20 265.70
1.571508 -0.194905 -8.717981
190 125 105
15 38 1693 320.56 -25.85 39 1384 270.41 -91.33 40 1412 284.41 -101.85 41 1343 291.66 -143.51 42 1020 260.90 -108.96 37 1713 324.99 56.00 35 2056 297.58 2.52 36 1708 353.79 35.83 32 1803 275.02 91.90 34 1663 286.06 45.03 30 1735 374.51 189.22 31 1488 360.01 153.96 28 1651 334.99 287.34 29 1590 352.09 226.34 26 1257 263.27 276.87
2.046861 -0.165938 -8.875115
193 141 109
12 38 1426 460.90 -16.33 39 1033 407.82 -80.42 37 1409 468.42 62.75 35 1474 442.95 15.60 36 1381 498.91 45.54 32 1789 421.19 103.04 34 1678 431.93 57.17 30 1752 521.87 199.36 31 1475 501.19 165.68 28 1671 476.50 289.74 29 1609 496.69 234.03 26 1270 396.41 281.47
2.507338 -0.229553 -9.105716
139 96 84
14 38 1436 581.25 -33.69 39 1396 522.29 -95.14 40 1417 534.78 -104.18 41 1052 542.49 -140.39 37 1720 592.28 37.70 35 1812 573.14 -6.97 36 1728 627.04 22.14 32 1805 558.21 74.72 34 1681 565.73 32.22 30 1771 665.34 167.47 31 1496 636.87 137.18 29 1627 641.19 203.00 26 1271 536.56 257.71 27 1365 587.33 259.68
0.160523 -0.309561 -8.221289
135 136 74
14 38 1713 -153.85 -73.14 39 1422 -188.29 -138.85 40 1427 -178.99 -147.35 37 1726 -160.60 17.64 35 1818 -193.52 -53.81 36 1735 -137.99 -12.28 32 2047 -231.42 51.36 34 1686 -212.00 -3.43 30 1976 -139.60 159.41 31 1501 -122.10 119.32 28 1898 -160.88 284.42 29 1837 -158.34 208.28 26 1574 -203.53 267.88 33 1609 -265.25 221.30
1.017676 -0.295692 -8.553983
174 114 81
17 38 1884 145.07 -62.56 39 1868 99.79 -125.64 40 1897 110.00 -134.17 41 1760 116.38 -172.34 42 1530 94.95 -131.68 43 1316 50.65 -179.51 37 1731 147.88 19.46 35 2071 121.62 -40.79 36 1741 174.65 -5.08 32 2056 97.11 54.41 34 1909 109.49 5.21 30 1982 196.24 156.78 31 1507 189.69 120.87 28 1905 165.37 267.23 29 1842 177.32 199.74 26 1576 103.27 259.01 27 1673 138.24 255.69
2.487297 -0.459210 -9.328290
188 126 107
12 38 1020 553.18 -99.75 39 503 493.08 -151.60 37 1513 568.98 -41.56 35 1532 563.17 -95.46 36 1443 607.56 -62.07 34 1444 561.87 -62.70 30 1823 684.13 62.35 31 1262 647.26 38.80 28 1771 656.37 161.50 29 1682 670.15 99.41 26 1648 581.82 175.31 27 1762 628.27 167.94
0.488486 -0.377330 -8.406672
150 152 62
13 38 1718 -32.55 -93.91 39 1670 -72.39 -155.40 37 1930 -34.89 -10.69 35 2079 -62.47 -79.71 36 1958 -9.57 -39.32 32 2177 -92.26 17.75 34 2074 -77.25 -33.00 30 2120 5.72 122.61 31 1850 10.72 87.03 28 2056 -17.86 245.72 29 1964 -11.78 170.12 26 1820 -67.88 237.69 27 2088 -39.46 229.15
0.489960 -0.377200 -8.406800
150 152 62
16 38 1717 -32.55 -93.91 39 1669 -72.39 -155.40 40 1430 -62.85 -161.80 41 1088 -56.15 -199.55 42 515 -68.64 -153.48 37 1929 -34.89 -10.69 35 2078 -62.47 -79.71 36 1957 -9.57 -39.32 32 2178 -92.26 17.75 34 2073 -77.25 -33.00 30 2119 5.72 122.61 31 1851 10.72 87.03 28 2057 -17.86 245.72 29 1965 -11.78 170.12 26 1821 -67.88 237.69 27 2089 -39.46 229.15
1.213662 -0.436736 -8.736344
17 56 92
14 38 1900 202.86 -106.48 39 1874 154.54 -162.60 40 1701 162.82 -167.90 37 1932 210.36 -32.34 35 2083 192.77 -95.28 36 1963 240.38 -58.53 32 2070 176.61 -7.41 34 1931 184.28 -52.74 30 2125 284.99 91.82 31 1732 270.13 60.80 28 1922 258.53 208.71 29 1972 269.76 136.24 26 1831 196.09 210.78 27 1945 232.22 202.61
0.111812 -0.706113 -8.633594
143 154 67
14 38 1539 -156.58 -201.12 39 1174 -190.98 -243.85 37 1977 -158.22 -140.57 35 2120 -176.28 -233.90 36 2011 -131.40 -180.18 32 2214 -201.97 -161.82 34 2103 -190.16 -199.11 30 2234 -98.43 -73.17 31 1889 -88.54 -89.48 28 2170 -104.43 65.46 29 2077 -108.07 -23.42 26 2064 -138.98 78.92 27 2201 -118.27 55.56 33 2509 -221.38 57.36
0.199192 -0.658245 -8.583673
114 137 124
12 38 2114 -130.41 -187.04 39 2071 -166.02 -232.63 37 2190 -130.97 -121.20 35 2391 -149.72 -208.53 36 2251 -104.70 -158.94 32 2366 -175.18 -129.51 34 2266 -162.78 -170.50 31 2028 -64.15 -57.13 28 2216 -79.55 103.08 29 2108 -80.96 14.31 26 2106 -116.96 112.80 27 2249 -94.35 91.92
0.375223 -0.670940 -8.700099
35 58 41
15 38 2118 -70.16 -185.98 39 1904 -108.64 -230.39 40 1713 -103.97 -225.20 37 2194 -67.69 -124.70 35 2395 -83.41 -211.75 36 2255 -39.44 -161.62 32 2371 -103.16 -139.72 34 2199 -94.14 -177.25 30 2271 5.92 -51.28 31 2033 5.05 -68.63 28 2221 -3.55 83.19 29 2110 -3.49 -3.14 26 2110 -44.86 96.85 27 2251 -19.65 75.26 33 2604 -138.31 68.93
1.256475 -0.097165 -8.509664
17 85 134
14 38 2288 227.61 6.18 39 2260 180.80 -65.89 40 2277 193.73 -81.90 41 2087 201.30 -129.89 37 2261 227.96 97.63 35 2518 194.25 43.91 36 2350 253.06 77.05 32 2390 163.55 141.56 34 2298 179.38 91.50 30 2293 255.39 240.25 31 2057 249.48 202.40 28 2246 215.65 331.18 29 2126 230.85 274.54 27 2236 184.94 316.69
3.503748 0.031216 -9.339956
161 98 58
12 38 328 844.05 45.69 39 357 781.63 -22.15 37 954 850.93 117.57 35 893 822.62 84.92 36 887 884.29 108.98 32 881 796.73 161.15 34 859 809.87 121.56 30 851 889.92 246.90 31 693 863.69 218.81 28 84 827.63 314.24 29 58 855.91 271.64 27 32 791.60 318.29
3.155038 -0.009877 -9.224498
90 65 61
10 38 937 760.34 33.35 39 993 698.73 -33.49 37 1395 766.97 106.34 35 1425 738.92 72.73 32 904 713.56 151.23 34 1347 726.97 109.60 30 847 809.77 238.49 31 689 784.28 208.73 28 79 750.58 310.39 27 70 713.89 313.25
2.954958 -0.094335 -9.189705
190 82 42
10 38 947 703.40 8.95 39 1009 641.46 -56.86 37 1413 712.99 82.07 35 1434 688.96 43.51 36 1347 748.07 69.32 32 1405 670.33 124.73 34 1368 679.06 82.16 30 1428 771.46 214.31 28 866 719.01 293.40 27 834 683.90 295.53
1.387491 -0.133101 -8.595705
187 130 105
11 38 1409 267.55 -6.86 39 1378 219.40 -75.25 40 1388 233.23 -87.59 37 1400 269.13 79.60 36 1356 295.61 59.40 32 1766 210.12 120.80 34 1651 224.57 72.44 30 1727 304.70 219.46 31 1461 295.41 183.43 29 1573 280.61 256.71 27 1323 233.36 302.25
2.507520 -0.229396 -9.105894
139 96 84
14 38 1435 581.25 -33.69 39 1395 522.29 -95.14 40 1418 534.78 -104.18 41 1051 542.49 -140.39 42 492 499.65 -105.98 37 1721 592.28 37.70 35 1813 573.14 -6.97 36 1729 627.04 22.14 32 1806 558.21 74.72 34 1682 565.73 32.22 30 1772 665.34 167.47 31 1497 636.87 137.18 29 1628 641.19 203.00 27 1366 587.33 259.68
3.173924 -0.155165 -9.328375
185 162 144
12 38 984 751.81 -9.50 39 1044 689.00 -71.85 37 1437 763.65 58.96 35 1482 744.13 20.36 36 1394 800.05 46.60 32 1440 728.07 97.63 34 1402 736.40 57.05 30 1456 832.78 185.98 31 1188 801.91 158.33 28 1380 781.54 266.94 29 1340 805.03 217.41 27 1370 747.15 272.30
2.155654 -0.040124 -8.844685
169 33 48
11 38 1872 499.11 24.71 39 1649 443.50 -44.67 37 1900 503.05 106.76 35 2048 470.92 62.53 36 2099 532.68 91.00 32 2030 443.51 149.98 34 1892 457.65 104.70 30 2104 538.55 243.17 31 1705 519.56 210.37 29 1828 508.86 274.73 27 1652 451.15 318.49
1.175747 -0.232174 -8.569907
14 59 83
14 38 1443 197.66 -40.35 39 1406 150.47 -105.62 40 1409 162.78 -115.70 41 1340 169.66 -157.22 37 1709 200.24 43.57 35 1808 172.30 -13.33 36 1725 227.48 21.20 32 1798 146.68 81.93 34 1655 159.83 32.22 30 1756 244.18 182.80 31 1485 236.47 146.85 28 1647 209.70 289.35 29 1577 223.21 223.54 27 1676 181.27 275.79
0.781460 -0.472005 -8.587221
131 88 79
12 38 1492 64.73 -122.17 39 1446 21.56 -178.24 40 1098 28.59 -182.17 37 1494 68.42 -46.11 35 1857 47.83 -114.74 36 1473 96.45 -75.28 32 1832 27.02 -23.55 34 1727 37.19 -70.96 30 1805 132.74 77.62 28 1705 110.61 203.22 29 1649 117.76 125.92 27 1712 87.20 193.14
0.398254 -0.474766 -8.432592
33 60 32
13 38 1896 -65.32 -128.23 39 1884 -103.33 -185.94 37 2078 -65.89 -48.25 35 2234 -90.54 -121.29 36 2125 -40.29 -79.33 32 2186 -118.72 -25.16 34 2079 -105.04 -74.41 30 2124 -17.79 79.28 31 1854 -13.01 46.55 28 1917 -37.22 211.48 29 1969 -33.08 130.26 27 1941 -56.39 196.09 33 2322 -162.56 164.59
0.692194 -0.491088 -8.585792
161 107 104
10 38 2099 35.38 -128.13 39 1886 -5.62 -180.41 37 2081 37.67 -55.46 35 2235 17.90 -127.15 34 2084 5.92 -84.22 30 2217 101.70 63.12 31 1857 97.46 33.30 28 2069 80.29 191.70 29 2058 88.09 111.47 27 2104 58.30 181.38
2.528766 -0.160498 -9.058929
195 144 124
9 38 980 592.65 -12.98 39 423 533.78 -76.83 40 463 548.37 -87.67 41 482 558.47 -126.01 37 974 602.05 61.24 35 947 579.10 18.90 32 1436 560.36 102.48 28 893 613.62 282.69 29 849 635.72 229.67
0.549894 -0.169713 -8.277315
147 156 129
14 38 1876 -12.96 -21.90 39 1858 -51.67 -91.12 40 1679 -38.60 -105.00 41 1554 -31.08 -151.16 37 1904 -17.00 71.90 35 2051 -52.21 9.47 36 1926 6.04 45.95 32 2165 -88.97 114.84 34 2065 -70.86 61.15 30 2102 1.38 220.70 31 1709 10.18 179.42 28 1892 -27.05 329.07 29 1826 -19.52 263.07 33 1613 -154.76 249.54
3.257300 0.080180 -9.221425
34 18 32
16 38 1679 790.56 60.87 39 1365 729.67 -8.82 40 1375 750.11 -23.16 41 1314 765.67 -65.82 42 972 715.38 -44.61 43 989 673.85 -99.78 45 448 686.80 -94.80 46 557 736.29 -65.81 37 1684 794.73 136.00 35 1780 762.26 101.94 36 1681 826.85 126.66 32 1385 732.64 179.26 34 1635 748.13 139.15 30 1390 823.35 265.21 31 1151 800.49 236.24 29 814 787.87 289.35
3.196976 0.022464 -9.226425
184 159 142
11 38 1391 772.70 43.02 39 996 711.60 -24.95 40 1018 730.60 -38.69 37 1397 779.15 117.73 35 1424 748.13 81.64 36 1339 811.59 107.21 32 1388 721.25 160.64 34 1346 735.33 119.45 30 1408 815.06 247.94 31 1159 790.19 218.95 29 832 781.35 273.67
1.401380 -0.189761 -8.628239
114 59 63
10 38 371 269.63 -25.21 39 395 221.38 -91.88 37 992 273.14 58.67 35 930 244.90 5.24 36 909 300.35 37.81 32 917 220.16 99.17 34 893 232.51 50.46 30 859 317.59 198.90 31 701 306.32 163.00 29 838 294.94 237.68
0.378517 -0.345060 -8.342124
24 53 30
11 38 1465 -72.36 -84.37 39 1078 -108.29 -146.64 40 530 -99.61 -155.07 37 1454 -74.69 3.09 35 1824 -105.98 -67.44 36 1740 -52.31 -27.30 32 2051 -139.80 32.19 34 1917 -123.44 -20.06 30 1993 -44.38 138.05 31 1725 -35.61 100.37 29 1854 -62.62 185.59
2.970873 -0.493397 -9.599225
172 146 128
10 38 1506 661.51 -104.42 39 1437 598.25 -151.96 37 1773 681.14 -52.68 35 1874 681.15 -106.84 36 1773 722.84 -72.85 32 2077 686.24 -43.90 34 1942 682.18 -77.27 30 2020 813.99 36.47 31 1759 770.77 16.88 29 1888 801.59 71.94
0.304886 -0.590895 -8.559175
28 55 40
10 38 1929 -96.98 -164.18 39 1691 -134.85 -213.95 37 2092 -96.91 -94.50 35 2387 -116.23 -177.44 36 2136 -69.63 -129.65 32 2305 -140.61 -94.52 34 2190 -128.50 -137.51 30 2262 -34.64 1.50 31 1970 -30.66 -22.80 29 2106 -46.48 51.82
0.767033 -0.427524 -8.544006
173 156 133
12 38 1042 60.23 -107.06 39 1110 17.32 -165.88 40 596 24.33 -171.90 41 583 29.56 -206.09 42 521 11.26 -159.70 37 1046 63.34 -28.99 35 1519 41.27 -95.88 36 1007 90.66 -56.93 32 1491 18.37 -3.13 34 1434 29.70 -51.51 30 1488 121.45 99.71 31 1230 117.24 66.45
1.458432 -0.647098 -9.094353
140 80 70
9 38 1119 262.28 -163.50 39 631 211.10 -208.19 37 1169 276.44 -107.43 35 1612 272.79 -179.98 36 1151 311.69 -137.36 32 1604 271.39 -112.02 34 1507 270.91 -147.91 30 1617 393.91 -26.98 31 1333 366.52 -45.90
0.442285 0.059662 -8.127999
160 158 137
14 38 2083 -52.02 62.08 39 1857 -87.95 -15.73 40 1883 -73.65 -33.88 41 1750 -62.95 -88.88 42 1514 -70.84 -61.72 43 1753 -113.33 -123.36 45 1229 -105.57 -124.47 37 1894 -62.92 166.98 35 2042 -106.34 103.77 36 1915 -42.88 140.91 32 2021 -150.99 210.67 34 1885 -127.94 156.39 30 1964 -68.35 311.97 31 1698 -51.30 267.30
3.528148 -0.042461 -9.406982
159 92 46
9 38 1404 840.80 24.30 39 1012 777.37 -40.78 37 1691 850.03 92.25 35 1789 827.87 58.65 36 1699 886.04 83.04 32 2032 806.97 133.32 34 1647 817.69 93.95 30 1973 904.45 219.18 31 1708 876.29 191.74
3.398851 0.023800 -9.299928
183 100 52
10 38 2192 820.18 44.36 39 2046 757.51 -24.64 40 2165 776.66 -38.35 37 2156 827.41 116.26 35 2363 798.70 83.13 36 2214 860.88 107.97 32 2270 772.61 159.57 34 2168 786.05 119.25 30 2192 865.38 247.16 31 1943 840.94 217.35
2.325825 -0.046486 -8.909091
170 34 47
12 38 2193 545.10 23.63 39 2047 488.02 -45.19 40 2054 505.72 -59.17 41 1883 516.60 -102.55 43 1754 432.80 -129.86 37 2153 551.86 104.14 35 2362 519.93 61.56 36 2216 580.92 89.77 32 2274 496.52 146.97 34 2165 508.76 103.42 30 2250 592.61 240.09 31 1942 571.54 206.71
2.640808 0.207710 -8.992365
22 20 44
19 38 1867 635.16 102.03 39 1854 580.49 29.29 40 1882 603.31 14.91 41 1743 621.38 -30.71 42 1736 580.74 -11.76 43 1747 541.78 -69.59 45 1387 556.91 -67.54 46 1551 607.28 -35.05 47 1334 568.33 -84.14 48 1312 520.89 -127.23 49 1384 505.53 -115.94 50 1177 517.81 -154.58 51 1018 483.51 -135.94 37 1895 633.77 181.51 35 1774 592.13 139.55 36 1914 660.36 168.99 32 1378 555.98 216.01 34 1628 574.95 176.83 31 1134 624.28 269.06
3.204257 0.068853 -9.201693
37 17 19
10 38 938 777.86 57.35 39 994 716.79 -12.27 40 1010 736.66 -26.61 41 996 752.21 -68.97 37 1389 782.50 132.66 35 1414 750.01 98.36 36 1335 814.53 123.29 32 1383 720.54 176.95 34 1336 735.90 136.00 31 1148 788.27 234.46
3.233004 0.050223 -9.219738
186 159 138
12 38 1390 784.16 51.44 39 1366 723.01 -17.44 40 1012 742.20 -31.56 41 997 757.40 -73.80 42 435 707.19 -51.41 43 477 663.85 -105.98 37 1390 789.49 126.35 35 1415 757.83 92.18 36 1338 822.09 116.78 32 1387 728.92 170.83 34 1339 744.19 129.96 31 1150 796.36 228.61
3.218534 -0.042654 -9.277552
190 173 145
8 38 1688 770.95 23.89 39 1653 707.86 -41.83 40 1670 725.01 -54.04 37 1689 779.74 95.49 35 1787 754.68 59.33 36 1694 813.76 85.28 32 1759 733.08 136.98 31 1161 803.60 196.51
2.516802 -0.200404 -9.087231
199 145 114
8 38 1433 587.85 -25.12 39 1042 527.55 -87.51 37 1434 596.16 47.69 35 1479 575.09 3.86 36 1388 630.63 32.11 32 1456 558.52 86.61 34 1397 567.05 43.27 31 1205 636.47 148.65
2.850329 -0.228140 -9.255338
193 129 58
8 38 375 666.37 -32.10 39 426 605.11 -92.46 37 1010 679.28 36.35 35 977 661.86 -6.77 36 942 716.08 21.49 32 1460 649.38 71.63 34 1399 656.01 31.27 31 1209 726.34 132.64
0.367488 -0.326796 -8.312753
174 163 47
8 38 1008 -77.92 -77.87 39 1076 -115.78 -141.62 41 539 -101.22 -191.43 37 1452 -80.98 10.55 36 1416 -57.58 -18.29 32 1471 -144.44 43.54 34 1416 -127.69 -8.95 31 1218 -40.33 112.12
1.372381 -0.194137 -8.627221
187 128 110
7 38 1410 260.72 -27.31 39 1379 212.26 -93.00 35 1793 235.49 2.69 36 1705 291.29 35.62 32 1768 210.17 95.11 34 1658 223.06 47.89 31 1463 296.61 160.30
3.434666 -0.132340 -9.457816
174 106 40
8 38 1402 806.42 -2.27 39 1374 742.39 -63.27 37 1706 820.11 63.34 35 1804 802.16 24.97 36 1719 856.58 51.32 32 1793 787.52 97.43 34 1685 795.05 59.44 31 1480 860.29 156.92
1.431556 -0.202894 -8.657519
197 132 112
8 38 1411 278.75 -28.94 39 1383 229.29 -95.37 40 1410 241.66 -106.35 37 1710 282.08 53.26 35 1794 254.84 -0.99 36 1706 310.44 31.86 34 1660 242.97 43.77 31 1487 316.61 155.83
0.521050 -0.681316 -8.768966
33 63 19
8 38 1168 -22.12 -186.74 39 688 -61.59 -230.26 37 1546 -16.22 -127.19 35 1912 -32.00 -213.50 36 1795 10.48 -163.69 32 2092 -48.52 -142.37 34 1965 -41.06 -179.58 31 1774 57.26 -72.02
0.521050 -0.681316 -8.768966
33 63 19
8 38 1169 -22.12 -186.74 39 689 -61.59 -230.26 37 1547 -16.22 -127.19 35 1913 -32.00 -213.50 36 1796 10.48 -163.69 32 2093 -48.52 -142.37 34 1966 -41.06 -179.58 31 1775 57.26 -72.02
1.179740 -0.528849 -8.825150
18 65 112
8 38 1730 188.27 -134.68 39 1682 140.75 -185.27 40 1442 147.52 -186.47 37 1944 197.04 -67.09 35 2098 183.50 -135.98 32 2193 171.73 -52.78 34 2086 177.26 -95.83 31 1864 267.19 15.20
1.534840 0.247460 -8.585872
167 165 135
12 38 917 316.13 121.19 39 966 272.35 45.89 40 350 293.97 31.60 41 958 310.03 -18.37 42 384 286.37 1.68 43 411 248.46 -58.28 45 798 261.49 -60.05 47 928 274.36 -77.77 37 903 309.78 209.96 35 144 264.62 154.57 32 46 223.82 236.75 34 81 244.97 195.64
1.816439 0.305418 -8.714841
164 91 90
16 38 1669 399.22 137.15 39 1635 353.98 62.69 40 1653 377.43 48.81 41 1528 397.08 0.30 43 1540 333.72 -40.69 45 1218 349.03 -41.02 47 1322 365.47 -59.26 48 1304 321.56 -109.03 49 1163 311.16 -96.30 50 916 331.98 -143.90 51 994 302.96 -122.72 37 1363 391.92 221.56 35 840 344.08 167.45 36 1309 412.99 203.53 32 50 303.19 243.24 34 811 324.43 204.97
2.089510 -0.198977 -8.905723
186 129 102
8 38 970 471.91 -25.84 39 405 416.63 -90.27 40 443 429.53 -100.59 37 1000 480.32 51.33 35 936 456.33 4.17 36 910 511.58 33.59 32 949 437.29 91.03 34 895 447.03 46.25
2.999209 -0.404650 -9.502132
188 153 126
8 38 1025 680.36 -80.32 39 509 617.06 -132.80 40 559 625.91 -135.32 37 1065 697.78 -23.71 35 1057 692.87 -72.97 36 1031 738.08 -41.54 32 1034 692.46 -4.47 34 1445 691.93 -40.73
2.935500 -0.165267 -9.231049
104 37 11
8 38 378 694.89 -12.85 39 430 633.08 -76.08 40 472 646.72 -86.29 37 1011 706.00 57.18 35 953 685.11 17.88 36 922 741.44 44.52 32 1438 668.87 96.91 34 1400 677.51 54.99
0.202087 -0.426453 -8.310742
47 105 123
8 38 1038 -137.63 -113.33 39 1101 -172.55 -174.36 40 1082 -166.19 -179.98 41 1084 -160.38 -218.46 37 1470 -140.75 -28.78 35 1538 -169.29 -102.10 32 1484 -202.34 -2.47 34 1432 -185.16 -54.22
3.015905 -0.352711 -9.453905
189 162 126
8 38 996 690.91 -66.00 39 1062 627.98 -120.34 40 517 637.04 -125.15 41 532 644.50 -153.10 37 1484 706.95 -6.64 35 1511 698.42 -53.78 36 1426 747.01 -22.93 32 1499 694.49 16.96
2.926438 -0.583953 -9.697777
166 139 117
7 38 1078 638.21 -127.66 39 590 575.40 -171.79 37 1149 659.91 -80.81 35 1596 664.69 -141.07 36 1517 702.96 -104.43 32 1582 675.25 -84.47 34 1497 668.74 -114.70
2.940843 -0.046381 -9.155822
209 121 71
8 38 1401 706.67 22.50 39 1372 644.77 -44.12 40 1380 661.51 -56.90 37 1688 713.32 97.58 35 1786 685.85 59.73 36 1693 746.55 85.48 32 1758 662.31 140.59 34 1645 674.87 98.53
0.967505 -0.575491 -8.780957
130 32 68
5 38 1515 121.36 -150.57 39 1148 74.34 -201.01 37 1782 129.93 -84.07 32 1883 103.46 -76.23 34 1748 109.33 -118.26
0.240740 -0.614395 -8.567662
150 153 39
7 38 1928 -117.37 -172.20 39 1690 -153.67 -220.45 37 1968 -117.54 -104.39 35 2253 -137.81 -189.44 36 1999 -91.45 -140.44 32 2207 -163.41 -109.16 34 2095 -150.91 -151.27
2.900695 -0.008470 -9.112531
186 92 29
9 38 2249 699.63 33.79 39 2216 639.33 -33.53 40 2163 656.95 -47.68 41 1979 670.15 -89.10 37 2222 705.96 109.53 35 2517 677.11 74.09 36 2302 738.17 98.98 32 2344 648.93 157.03 34 2251 661.69 111.96
1.093175 -0.108954 -8.450383
102 22 57
8 38 2287 173.87 1.00 39 2261 130.26 -69.71 40 2276 144.47 -84.03 41 2047 153.90 -130.57 42 2061 133.10 -97.74 37 2304 172.82 91.51 35 2555 137.77 36.48 32 2428 105.16 136.28
2.748064 0.029479 -9.054096
101 23 37
8 38 2330 658.40 47.54 39 2304 598.74 -23.30 40 2331 617.31 -37.63 37 2313 664.30 125.09 35 2586 633.96 85.44 36 2398 695.14 113.02 32 2446 608.27 165.85 34 2348 621.88 124.10
1.790673 0.333574 -8.727422
93 29 30
5 38 899 390.59 146.54 39 941 345.27 72.75 37 894 383.23 229.71 35 122 335.90 172.91 34 82 315.65 209.71
2.418209 0.271377 -8.931023
65 32 41
7 38 922 572.85 122.32 39 303 521.67 49.35 40 1364 543.40 36.12 42 1281 525.76 8.57 37 914 568.59 202.33 35 849 524.71 155.81 34 95 505.52 192.12
2.599315 0.331222 -9.044870
31 27 55
16 38 908 614.78 139.26 39 950 563.73 66.30 40 1365 588.96 55.01 41 1298 610.23 10.88 42 1261 573.60 28.52 45 1042 555.46 -27.49 47 915 573.30 -45.53 48 863 528.48 -92.81 49 898 516.85 -82.82 51 1001 498.97 -111.25 52 616 537.16 -196.66 53 539 494.19 -131.19 37 915 610.68 214.05 35 135 565.13 165.72 36 851 633.86 200.57 34 97 546.28 199.12
2.601896 0.304995 -9.027792
35 30 51
17 38 909 617.96 131.21 39 975 565.84 59.14 40 975 590.85 46.10 41 944 611.34 1.51 42 949 574.27 19.42 43 1286 537.33 -38.03 45 1043 554.76 -36.40 46 920 607.41 -2.58 47 916 571.10 -54.61 48 884 526.01 -100.43 49 900 513.34 -91.03 50 522 528.47 -133.47 51 571 495.80 -116.70 37 916 613.75 207.96 35 136 569.33 160.56 36 852 638.69 193.48 34 98 550.25 195.15
1.578918 0.246274 -8.603129
187 149 99
9 38 1369 330.72 120.69 39 967 285.69 45.78 40 956 307.00 30.73 41 1306 323.96 -19.34 42 1275 299.71 0.73 37 904 323.23 209.22 35 1400 278.63 153.18 36 837 344.34 190.21 34 808 257.78 194.80
1.815492 0.304615 -8.714656
164 91 90
