# Bundle file v0.3
54 5694
1648.553134 0.0 0.0
0.999890 0.004935 -0.014007
-0.004718 0.999869 0.015469
0.014081 -0.015401 0.999782
-0.169213 0.112343 2.390195
1634.862789 0.0 0.0
0.995872 0.090506 0.006837
-0.090037 0.994603 -0.051549
-0.011465 0.050720 0.998647
-0.020413 -0.222348 2.574401
1635.071969 0.0 0.0
0.987942 0.154620 0.007897
-0.151882 0.977815 -0.144253
-0.030026 0.141315 0.989509
0.023096 -0.857141 2.511841
1641.509420 0.0 0.0
0.977628 0.210235 0.006728
-0.203824 0.954749 -0.216588
-0.051958 0.210371 0.976240
-0.012404 -1.379924 2.277025
1641.043370 0.0 0.0
0.961730 0.273672 -0.013378
-0.266199 0.921672 -0.282240
-0.064911 0.275000 0.959251
-0.069847 -1.650456 1.938869
1635.830569 0.0 0.0
0.946609 0.322315 -0.006697
-0.307512 0.896508 -0.318920
-0.096788 0.303953 0.947758
-0.091551 -2.267523 1.854802
1647.021470 0.0 0.0
0.910943 0.409346 -0.051176
-0.387952 0.807866 -0.443673
-0.140272 0.424014 0.894727
-0.326503 -2.915247 1.513847
1622.485625 0.0 0.0
0.894179 0.444443 -0.053981
-0.413025 0.772356 -0.482573
-0.172784 0.453802 0.874190
-0.499406 -3.464814 1.484341
1665.155180 0.0 0.0
0.866027 0.490215 -0.098425
-0.443031 0.661089 -0.605546
-0.231780 0.568024 0.789701
-0.649437 -4.081664 0.697716
1654.751378 0.0 0.0
0.811148 0.575522 -0.103987
-0.488681 0.569299 -0.661127
-0.321293 0.587089 0.743033
-0.843223 -4.587785 0.591105
1654.262772 0.0 0.0
0.784352 0.601241 -0.152648
-0.513312 0.490926 -0.703920
-0.348286 0.630477 0.693683
-1.016903 -4.705228 0.242909
1653.925486 0.0 0.0
0.732929 0.644993 -0.216330
-0.551046 0.376377 -0.744774
-0.398953 0.665075 0.631278
-1.314042 -5.065060 -0.089511
1643.555422 0.0 0.0
0.704736 0.662617 -0.253548
-0.563885 0.306249 -0.766972
-0.430559 0.683484 0.589464
-1.582248 -5.109522 -0.482943
1655.268365 0.0 0.0
0.659655 0.693614 -0.289406
-0.568707 0.208919 -0.795566
-0.491353 0.689386 0.532278
-1.917164 -5.449714 -0.972128
1650.103211 0.0 0.0
0.622315 0.704716 -0.340733
-0.562481 0.099872 -0.820756
-0.544371 0.702425 0.458541
-2.208457 -5.594248 -1.405932
1636.930383 0.0 0.0
0.574355 0.713381 -0.401501
-0.580947 0.009665 -0.813884
-0.576729 0.700709 0.419988
-2.545833 -5.633551 -1.607263
1646.828706 0.0 0.0
0.526760 0.721743 -0.449011
-0.546209 -0.117333 -0.829391
-0.651291 0.682144 0.332416
-2.989055 -5.744678 -2.146526
1652.619385 0.0 0.0
0.499439 0.715664 -0.488247
-0.530022 -0.193389 -0.825637
-0.685301 0.671137 0.282732
-3.188861 -5.474368 -2.586134
1645.969013 0.0 0.0
0.462149 0.695438 -0.550259
-0.483429 -0.322623 -0.813763
-0.743448 0.642091 0.187095
-3.523056 -5.655676 -3.372903
1610.405489 0.0 0.0
0.410363 0.685182 -0.601770
-0.434738 -0.433089 -0.789580
-0.801626 0.585627 0.120151
-3.859674 -5.386904 -3.607312
1650.559063 0.0 0.0
0.361293 0.677033 -0.641165
-0.404978 -0.505441 -0.761920
-0.839916 0.534935 0.091571
-4.440171 -5.279997 -3.945342
1621.425933 0.0 0.0
0.331800 0.645967 -0.687485
-0.338693 -0.598606 -0.725919
-0.880452 0.473706 0.020166
-4.775383 -4.800433 -3.971739
1681.790252 0.0 0.0
0.285460 0.626746 -0.725053
-0.307593 -0.656596 -0.688672
-0.907689 0.419609 0.005351
-5.158013 -4.378430 -3.950808
1655.354570 0.0 0.0
0.261695 0.572570 -0.776968
-0.280204 -0.725277 -0.628855
-0.923581 0.382278 -0.029365
-5.429894 -4.316951 -4.371133
1652.142811 0.0 0.0
0.243207 0.538687 -0.806639
-0.229112 -0.776173 -0.587420
-0.942527 0.327676 -0.065351
-5.661845 -4.026658 -4.600878
1681.502785 0.0 0.0
0.221835 0.478453 -0.849630
-0.135879 -0.847670 -0.512827
-0.965570 0.229210 -0.123032
-5.860013 -3.230187 -5.136458
1686.119600 0.0 0.0
0.182127 0.430238 -0.884152
-0.100395 -0.886355 -0.451990
-0.978136 0.171084 -0.118235
-6.171691 -2.872714 -4.850329
1658.224582 0.0 0.0
0.163306 0.371172 -0.914091
-0.018948 -0.925178 -0.379059
-0.986394 0.079223 -0.144054
-6.357289 -2.485400 -5.010136
1620.900410 0.0 0.0
0.170275 0.290083 -0.941732
0.078388 -0.956647 -0.280504
-0.982274 -0.026057 -0.185632
-6.581323 -1.846449 -5.641601
1642.383720 0.0 0.0
0.153004 0.233221 -0.960311
0.112495 -0.969547 -0.217540
-0.981802 -0.074746 -0.174581
-6.627935 -1.362906 -5.270692
1645.023662 0.0 0.0
0.132089 0.184354 -0.973944
0.169860 -0.972229 -0.160992
-0.976576 -0.144169 -0.159735
-6.845270 -0.970986 -4.960812
1648.385723 0.0 0.0
0.159435 0.106091 -0.981491
0.238028 -0.969008 -0.066076
-0.958083 -0.223087 -0.179746
-6.756098 -0.224041 -5.009394
1648.302551 0.0 0.0
0.220869 0.043690 -0.974324
0.347751 -0.936864 0.036821
-0.911200 -0.346955 -0.222118
-6.692066 0.490090 -5.316686
1644.854706 0.0 0.0
0.217682 -0.019984 -0.975815
0.379983 -0.919175 0.103589
-0.899015 -0.393343 -0.192494
-6.765965 0.718189 -5.061778
1654.308285 0.0 0.0
0.266144 -0.087592 -0.959945
0.428952 -0.881063 0.199321
-0.863231 -0.464818 -0.196917
-6.547832 1.456488 -5.101324
1636.438715 0.0 0.0
0.255682 -0.159469 -0.953518
0.526652 -0.804130 0.275705
-0.810718 -0.572665 -0.121617
-6.627491 2.059699 -4.500580
1631.914715 0.0 0.0
0.250984 -0.214631 -0.943896
0.536844 -0.780543 0.320235
-0.805484 -0.587099 -0.080680
-6.613735 2.182530 -4.325609
1622.036092 0.0 0.0
0.287729 -0.285146 -0.914278
0.604233 -0.686618 0.404300
-0.743044 -0.668765 -0.025265
-6.507699 2.857588 -4.032241
1633.802279 0.0 0.0
0.324239 -0.311164 -0.893334
0.632329 -0.631085 0.449324
-0.703583 -0.710569 -0.007864
-6.174138 2.971393 -3.921097
1648.335593 0.0 0.0
0.358642 -0.367151 -0.858240
0.649338 -0.562391 0.511934
-0.670623 -0.740889 0.036708
-5.839541 3.513123 -3.684889
1625.716471 0.0 0.0
0.380796 -0.424466 -0.821476
0.684955 -0.467313 0.558977
-0.621153 -0.775530 0.112789
-5.723483 3.772560 -3.143108
1621.655481 0.0 0.0
0.419428 -0.451801 -0.787373
0.702058 -0.388422 0.596861
-0.575496 -0.803121 0.154275
-5.487203 4.155425 -2.784958
1654.423312 0.0 0.0
0.473071 -0.489948 -0.732226
0.710457 -0.279345 0.645923
-0.521013 -0.825783 0.215937
-4.782165 4.276972 -2.458987
1651.392205 0.0 0.0
0.509541 -0.516930 -0.687860
0.710332 -0.198440 0.675315
-0.485590 -0.832709 0.266078
-4.462907 4.594347 -2.161066
1622.270186 0.0 0.0
0.550452 -0.528773 -0.646067
0.715812 -0.099351 0.691189
-0.429670 -0.842928 0.323814
-4.237618 4.700513 -1.721744
1628.882225 0.0 0.0
0.607764 -0.530719 -0.590728
0.705013 0.018238 0.708960
-0.365485 -0.847351 0.385248
-3.899856 4.856348 -1.348382
1607.169080 0.0 0.0
0.638252 -0.541324 -0.547360
0.686547 0.078593 0.722825
-0.348264 -0.837133 0.421807
-3.669355 4.698710 -1.236786
1633.046932 0.0 0.0
0.683437 -0.548242 -0.482020
0.672038 0.214642 0.708727
-0.285092 -0.808306 0.515134
-3.309667 4.866540 -0.393649
1637.769850 0.0 0.0
0.721703 -0.546047 -0.425414
0.648521 0.318528 0.691347
-0.242002 -0.774837 0.584006
-3.058034 4.553645 0.043289
1625.249608 0.0 0.0
0.765800 -0.537280 -0.353384
0.614049 0.447687 0.650016
-0.191035 -0.714777 0.672755
-2.440465 4.298386 0.811293
1745.406219 0.0 0.0
0.957638 -0.287809 -0.009782
0.275374 0.905267 0.323512
-0.084254 -0.312501 0.946174
-0.178517 2.288725 2.495623
1627.249616 0.0 0.0
0.803740 -0.512359 -0.302474
0.570129 0.517824 0.637818
-0.170163 -0.685089 0.708307
-2.193064 4.345640 0.989263
1767.801811 0.0 0.0
0.975225 -0.221059 0.008357
0.212412 0.946291 0.243750
-0.061792 -0.235935 0.969802
-0.154246 1.688315 2.289688
1757.126732 0.0 0.0
0.988391 -0.151927 0.001561
0.149933 0.976979 0.151760
-0.024581 -0.149764 0.988416
-0.312724 1.140688 2.290629
0.640056 1.176100 -6.620772
18 10 20
5 0 9 223.16 464.03 2 172 331.41 486.73 3 168 339.14 436.03 5 350 374.34 279.10 6 384 447.16 299.94
-0.337030 0.790811 -7.642475
166 150 142
4 0 40 -124.54 247.13 2 296 -82.78 356.12 1 145 -109.11 322.57 3 308 -75.05 362.35
0.706229 0.497324 -6.518049
236 235 233
4 0 48 252.24 202.31 2 195 315.82 195.24 3 208 303.05 148.79 4 43 324.38 179.26
-0.330337 0.303447 -7.669243
54 25 24
2 0 54 -122.23 93.09 2 21 -102.91 194.26
0.367984 0.293104 -6.844241
146 133 125
3 0 57 109.76 110.82 2 203 146.79 138.57 3 328 136.04 116.45
-0.213415 0.072356 -6.703861
82 44 35
12 0 66 -110.65 31.68 2 210 -92.00 84.94 3 46 -97.17 71.82 4 219 -61.07 133.76 5 55 -82.26 0.92 6 256 -54.91 73.98 7 191 -112.15 -33.39 8 496 -51.95 43.68 9 69 -106.55 -3.17 10 405 -45.17 61.63 11 450 10.09 29.33 12 337 6.63 66.53
-0.100500 0.143058 -6.814274
124 111 102
3 0 68 -63.58 56.92 2 36 -42.93 109.19 1 29 -59.81 107.90
-0.045846 0.135705 -6.748321
166 157 148
2 0 73 -45.77 54.25 2 40 -21.07 101.09
0.093286 -0.001082 -6.682931
132 119 111
5 0 87 7.57 0.71 2 56 24.38 40.01 3 61 13.21 18.21 5 84 15.16 -61.66 7 86 -21.30 -103.61
0.112642 -0.018959 -6.691488
155 142 134
4 0 88 14.13 -4.14 2 57 31.08 28.68 4 75 45.05 69.95 5 85 19.63 -67.39
1.272004 0.039414 -6.024225
247 87 98
3 0 89 546.59 23.75 2 107 585.91 -67.78 1 194 575.76 6.79
-0.212132 -0.140029 -6.615571
33 17 4
4 0 98 -114.00 -51.04 2 67 -105.56 -2.40 3 71 -114.04 -14.46 4 89 -82.19 52.89
1.124865 -0.147482 -6.169517
206 50 54
2 0 100 459.75 -59.94 2 131 478.91 -127.21
-0.744130 -0.247930 -6.251852
94 23 19
3 0 105 -353.12 -97.70 2 87 -356.40 -37.74 3 80 -358.22 -47.65
-0.634829 -0.253375 -6.368605
122 38 20
2 0 107 -296.80 -98.06 2 91 -299.07 -38.74
-0.430521 -0.246166 -6.446423
118 12 13
2 0 110 -208.09 -94.30 2 96 -206.48 -43.11
-0.193109 -0.224429 -6.677072
131 107 70
3 0 112 -104.12 -82.30 2 78 -100.84 -33.16 1 67 -111.28 -33.96
-0.265548 -0.289804 -6.592029
130 109 98
2 0 125 -134.89 -109.22 2 100 -136.18 -60.42
-0.428320 -0.346766 -6.436338
32 12 14
9 0 142 -208.19 -134.94 2 117 -212.52 -84.44 1 103 -221.42 -84.68 3 95 -221.90 -92.78 4 112 -187.73 -15.63 5 109 -214.70 -149.31 6 126 -201.14 -67.28 7 100 -265.49 -172.99 8 112 -205.87 -82.63
-0.442420 -0.371239 -6.429141
179 154 126
5 0 143 -214.17 -144.52 2 118 -219.76 -94.00 1 102 -228.76 -95.45 3 103 -229.24 -101.77 4 109 -195.41 -23.54
-0.422265 -0.367644 -6.436888
175 116 101
4 0 144 -205.42 -143.54 2 120 -210.98 -93.68 1 105 -219.31 -93.16 3 108 -220.83 -101.60
-0.421791 -0.365852 -6.431380
175 116 101
3 0 145 -205.42 -143.54 2 119 -210.98 -93.68 3 107 -220.83 -101.60
-0.425321 -0.383592 -6.424676
34 17 11
2 0 148 -207.05 -150.86 2 123 -213.99 -101.51
-0.275177 -0.424810 -6.550927
201 196 193
2 0 151 -140.95 -163.85 2 127 -148.92 -116.24
-0.103375 -0.447954 -6.752764
255 251 242
3 0 164 -68.81 -166.80 2 128 -77.90 -117.77 3 116 -93.90 -120.99
0.508667 -1.155565 -7.145882
162 140 96
4 0 194 152.69 -406.22 2 160 101.15 -358.02 1 129 117.37 -370.64 3 146 63.75 -344.82
-0.245484 0.947586 -7.559428
207 44 50
6 0 211 -98.32 300.75 2 7 -44.72 406.84 1 140 -76.35 377.20 3 171 -35.47 409.22 4 7 18.43 465.73 5 10 10.79 351.02
0.100082 0.734402 -7.081668
194 185 180
9 0 216 10.60 260.04 2 181 67.01 322.80 1 252 34.71 318.82 3 182 70.93 305.42 5 194 102.98 215.91 6 226 156.33 285.00 9 360 154.18 178.42 10 369 228.42 231.82 12 306 301.97 193.24
-3.763403 0.986229 -11.970810
35 29 31
3 0 230 -650.60 161.91 2 173 -663.39 439.03 1 253 -669.88 304.25
-0.321196 0.323482 -7.688515
212 52 51
4 0 233 -119.05 98.67 2 193 -98.20 198.74 1 23 -117.30 169.83 3 26 -99.13 211.79
-0.253635 0.326351 -7.631785
207 200 186
6 0 234 -101.23 100.05 2 415 -77.63 197.35 1 343 -96.79 168.62 3 421 -78.08 205.59 4 447 -37.16 272.40 6 525 -9.22 266.93
0.205042 0.278013 -6.769386
154 140 124
7 0 240 49.00 107.78 2 321 84.72 141.75 1 275 64.43 149.71 4 339 108.16 169.65 5 226 85.77 28.32 6 418 118.95 86.15 9 401 71.03 -20.77
1.229925 0.228492 -6.077209
25 15 23
5 0 243 519.32 109.13 2 230 575.45 25.93 4 271 532.05 -21.34 5 296 494.00 -209.51 6 489 496.87 -212.02
0.014315 0.069560 -6.748074
118 107 101
16 0 253 -22.60 29.78 2 327 -2.10 71.52 1 183 -18.06 75.40 3 225 -11.82 55.88 4 231 19.25 113.87 5 254 -3.80 -21.23 6 425 22.31 46.87 8 326 22.12 15.77 9 601 -34.27 -33.99 10 641 24.61 27.17 11 694 77.03 -7.87 12 347 69.22 29.34 13 469 34.02 -28.14 14 497 55.26 -21.75 15 343 83.09 -54.64 17 451 60.61 27.63
-0.055641 0.045361 -6.695007
122 107 102
15 0 257 -49.62 21.44 2 213 -30.95 64.11 1 182 -47.40 68.64 3 223 -39.93 48.87 4 230 -7.88 108.30 5 252 -31.08 -27.36 6 269 -6.00 41.46 7 205 -63.45 -66.38 8 325 -5.63 9.16 9 406 -63.42 -41.29 10 427 -4.41 22.49 11 471 47.49 -11.61 12 359 40.79 26.98 13 163 5.52 -31.32 14 153 26.89 -23.25
1.258704 0.037368 -6.036262
233 78 82
3 0 258 538.44 23.15 2 106 577.47 -66.60 3 122 533.98 -132.11
-0.176622 -0.079565 -6.600550
115 33 22
11 0 262 -98.60 -25.96 2 337 -86.91 17.98 1 289 -100.91 21.47 3 341 -97.02 4.50 4 241 -64.48 69.45 5 260 -89.12 -66.43 6 288 -68.34 6.31 7 327 -128.35 -101.94 8 523 -70.71 -21.44 9 628 -133.46 -70.51 10 426 -75.18 -2.50
-0.160319 -0.103848 -6.591329
149 67 49
7 0 263 -93.59 -36.14 2 226 -83.05 7.13 1 191 -96.28 11.17 3 74 -92.40 -7.61 6 119 -65.89 -6.03 7 225 -126.18 -111.94 8 86 -69.13 -32.01
-0.160396 -0.103948 -6.591325
149 67 49
8 0 264 -93.59 -36.14 2 227 -83.05 7.13 1 190 -96.28 11.17 3 73 -92.40 -7.61 4 92 -61.58 58.26 6 118 -65.89 -6.03 7 226 -126.18 -111.94 8 85 -69.13 -32.01
0.076794 -0.178524 -6.656533
206 201 197
3 0 273 -0.89 -65.83 2 236 7.36 -33.18 3 88 -6.53 -47.76
0.197441 -0.174136 -6.646031
234 227 221
2 0 274 46.97 -64.14 2 247 55.17 -39.46
0.283832 -0.142742 -6.679183
238 235 229
3 0 275 80.64 -51.66 2 237 90.34 -30.57 3 254 72.33 -48.67
1.128975 -0.174178 -6.186127
161 38 46
3 0 283 460.41 -70.34 2 267 474.98 -139.81 3 278 434.26 -185.51
-0.624046 -0.275008 -6.380250
154 52 29
3 0 286 -291.66 -106.50 2 241 -294.02 -47.36 1 292 -306.54 -48.36
0.507913 -0.324960 -6.706067
211 204 195
4 0 297 165.45 -122.20 2 265 165.20 -111.21 3 120 138.88 -129.65 4 275 149.61 -67.45
-0.478696 -0.363099 -6.427322
50 50 69
5 0 307 -228.88 -142.05 2 250 -235.14 -89.54 3 262 -243.88 -96.48 4 107 -208.09 -17.46 5 108 -235.27 -150.27
-0.277122 -0.395997 -6.529553
163 155 150
5 0 309 -142.01 -152.56 2 260 -148.66 -106.71 1 222 -155.99 -105.54 3 272 -161.76 -112.87 4 124 -133.32 -37.05
-0.220417 -0.392900 -6.583312
174 164 161
5 0 311 -117.44 -149.93 2 261 -124.09 -103.57 1 114 -130.81 -103.98 3 110 -138.09 -110.69 4 117 -110.99 -35.53
-0.220391 -0.392934 -6.592223
174 164 161
2 0 312 -117.44 -149.93 2 262 -124.09 -103.57
-0.138911 -0.372185 -6.667345
185 178 170
4 0 315 -83.31 -140.20 2 254 -88.50 -94.01 1 220 -95.53 -93.99 3 267 -103.53 -100.58
0.329766 -0.505396 -6.771588
156 144 127
2 0 326 95.80 -188.66 2 134 83.04 -162.75
1.421320 -0.406672 -5.931832
239 225 177
2 0 329 633.63 -186.78 2 280 629.51 -293.73
0.572436 -0.631007 -6.599563
158 145 125
4 0 337 195.21 -247.72 2 272 174.23 -240.99 1 236 179.17 -225.53 5 430 103.84 -320.03
0.704586 -0.757371 -6.634935
246 231 218
2 0 338 244.83 -294.69 2 151 215.76 -293.13
0.447687 -1.174166 -7.206152
165 149 102
5 0 341 128.62 -408.18 2 156 78.10 -353.68 1 318 95.05 -368.88 3 376 42.21 -337.90 4 149 41.88 -252.68
0.539262 -1.146372 -7.109896
233 219 164
7 0 342 164.40 -405.75 2 285 113.27 -360.92 1 319 129.68 -372.20 3 289 75.80 -349.38 4 296 72.00 -265.15 5 320 30.43 -370.86 6 340 17.04 -273.09
0.046941 1.190976 -7.202999
202 190 185
2 0 347 -5.28 408.99 2 293 72.66 494.93
0.835563 0.934463 -6.416043
18 3 6
5 0 349 312.81 389.94 2 392 415.13 377.56 1 245 370.99 416.92 3 411 413.36 314.55 5 468 426.60 147.58
0.837011 0.851223 -6.343630
167 39 45
3 0 351 319.63 362.39 2 303 418.45 340.98 3 417 411.07 278.95
0.989645 0.679603 -6.269885
18 7 11
16 0 354 389.86 295.85 2 410 478.80 254.32 1 256 441.97 308.84 3 428 464.47 187.10 4 461 482.21 201.82 5 485 457.22 15.15 6 559 492.67 14.32 7 454 433.12 -136.56 8 672 474.32 -112.65 9 791 418.70 -225.59 10 676 465.32 -192.59 11 766 503.34 -284.89 12 612 459.85 -259.30 13 567 392.02 -339.81 14 590 389.47 -357.24 15 416 388.41 -415.49
0.330444 0.747086 -6.964975
184 177 167
6 0 355 94.91 270.87 2 399 156.17 317.26 1 331 124.76 320.47 3 410 156.95 292.16 4 326 198.71 329.19 6 389 235.96 241.95
0.868200 0.595748 -6.333451
222 53 59
2 0 356 332.40 254.88 2 192 410.48 225.46
-0.109558 0.566124 -7.256033
170 161 154
3 0 364 -58.70 192.47 2 407 -21.05 271.35 1 337 -44.03 255.22
0.462346 0.149737 -6.623666
154 141 132
6 0 376 151.07 61.89 2 430 181.97 70.43 3 441 167.39 40.32 4 474 188.61 87.36 5 494 161.61 -60.89 6 449 186.17 -12.55
-0.266716 0.059695 -6.755518
72 27 22
4 0 380 -129.05 26.18 2 326 -111.53 85.07 1 278 -128.09 81.90 3 434 -117.55 74.59
-0.170411 -0.020276 -6.635435
142 119 110
9 0 381 -95.07 -1.19 2 330 -79.95 43.31 3 337 -88.34 28.17 4 351 -55.40 91.31 7 432 -114.99 -79.82 8 649 -56.74 -0.50 9 766 -117.76 -50.11 10 771 -58.13 16.70 11 950 -7.88 -12.50
-0.443592 -0.067824 -6.530179
86 18 7
7 0 385 -209.12 -21.17 2 432 -198.18 36.32 1 354 -212.12 34.53 4 349 -163.41 94.04 5 490 -185.33 -40.91 6 422 -161.78 38.33 7 428 -222.96 -71.44
-0.195204 -0.090533 -6.593148
165 80 59
6 0 388 -106.05 -30.59 2 224 -96.84 14.88 1 189 -109.48 17.52 3 231 -105.13 0.75 4 242 -72.91 66.52 5 269 -96.39 -69.30
-0.591336 -0.246460 -6.497572
134 33 10
2 0 395 -268.63 -92.89 2 231 -271.85 -29.75
-0.240161 -0.310597 -6.643308
113 94 79
5 0 407 -122.75 -116.00 2 352 -125.46 -66.22 1 295 -133.99 -67.47 3 265 -137.96 -72.51 4 102 -108.62 0.57
0.601789 -0.308080 -6.657235
172 163 148
4 0 410 204.02 -116.96 2 361 205.13 -114.44 3 361 177.59 -135.15 5 421 149.68 -215.42
-0.313638 -0.389934 -6.481136
181 172 170
5 0 416 -157.93 -152.25 2 455 -166.09 -103.73 1 304 -172.74 -104.26 3 357 -177.24 -113.60 4 273 -147.56 -38.08
-0.259383 -0.416766 -6.548077
253 254 249
4 0 417 -134.64 -159.99 2 358 -142.33 -113.84 1 305 -148.61 -114.49 3 358 -155.76 -120.39
0.475200 -0.564847 -6.731536
229 226 218
8 0 426 152.92 -213.15 2 475 136.13 -197.38 1 385 138.35 -187.15 3 478 106.39 -207.74 4 382 112.31 -138.48 5 427 75.94 -267.47 6 481 75.12 -195.25 7 256 13.77 -290.39
0.475200 -0.564847 -6.731536
229 226 218
8 0 427 152.92 -213.15 2 474 136.13 -197.38 1 386 138.35 -187.15 3 477 106.39 -207.74 4 381 112.31 -138.48 5 426 75.94 -267.47 6 480 75.12 -195.25 7 255 13.77 -290.39
1.135052 -0.699042 -6.168240
18 1 7
6 0 430 465.30 -304.49 2 371 436.53 -363.44 1 476 455.92 -319.00 3 293 380.11 -394.39 4 412 355.21 -332.96 5 340 304.93 -487.87
0.870299 0.837476 -6.359933
196 55 61
16 0 438 333.82 357.43 2 400 430.66 334.04 1 326 389.65 380.52 3 418 423.95 270.32 4 446 450.50 284.52 5 469 429.99 100.13 6 411 478.09 102.98 7 425 420.86 -46.56 8 749 470.56 -25.50 9 785 424.05 -140.30 10 794 478.10 -110.02 11 880 527.76 -208.68 12 721 487.17 -188.76 13 842 423.83 -279.52 14 759 427.51 -306.76 15 581 431.71 -373.69
-0.436797 0.967039 -7.753191
30 16 16
4 0 439 -151.38 295.83 2 493 -105.56 417.29 1 401 -134.91 377.62 3 403 -93.43 427.40
0.978211 0.659244 -6.272511
176 42 37
7 0 443 385.73 287.37 2 504 471.60 245.56 1 335 437.04 300.26 3 427 457.19 180.00 4 460 474.05 194.97 5 486 448.56 9.60 6 560 482.29 9.01
0.109297 0.644287 -7.060629
186 177 168
25 0 446 11.55 229.56 2 404 64.60 289.02 3 416 65.79 273.05 4 442 108.62 319.40 5 464 93.43 186.77 6 527 144.43 253.77 7 398 98.47 144.02 9 749 134.90 150.64 10 753 206.61 201.11 11 824 282.15 148.35 12 669 276.01 171.26 13 796 246.37 90.21 14 819 279.77 78.07 15 636 318.34 21.86 16 728 280.69 -10.92 17 751 302.64 66.94 18 896 324.83 -64.74 19 358 339.09 -52.89 20 765 213.30 -102.50 21 622 221.34 -39.41 22 1088 175.35 12.47 23 1077 187.68 -154.16 24 1007 168.37 -165.54 25 687 187.92 -67.70 26 575 156.36 -111.22
0.542562 0.584361 -6.752286
166 157 150
7 0 448 178.40 222.77 2 411 238.26 241.20 1 338 208.51 259.67 3 519 231.04 207.97 4 456 262.18 243.12 6 535 285.10 130.71 8 641 292.03 56.26
0.330309 0.370078 -6.877482
123 110 99
2 0 455 95.28 137.68 2 419 135.71 171.99
1.211607 0.261664 -6.079283
25 5 9
11 0 459 510.31 123.85 2 437 569.63 42.50 1 349 550.75 113.76 3 452 534.99 -27.27 4 503 529.50 -7.13 5 529 492.23 -194.28 6 603 497.16 -196.62 7 576 427.99 -343.39 8 694 446.73 -303.18 9 688 368.43 -405.62 10 541 400.06 -362.06
0.049470 0.212682 -6.855961
178 169 160
6 0 460 -7.21 81.41 2 511 19.98 127.55 1 417 0.29 129.35 4 462 45.11 168.27 5 477 23.70 34.62 6 543 57.11 100.44
0.049470 0.212682 -6.855961
178 169 160
6 0 461 -7.21 81.41 2 512 19.98 127.55 1 418 0.29 129.35 4 463 45.11 168.27 5 478 23.70 34.62 6 544 57.11 100.44
0.396881 0.214746 -6.642499
142 129 113
8 0 462 123.34 85.37 2 516 158.98 101.37 1 419 139.37 119.59 3 631 147.49 71.81 4 575 171.34 119.24 5 683 148.79 -29.37 6 766 175.37 19.28 7 610 119.37 -98.14
0.794351 0.124144 -6.506196
195 188 178
5 0 470 289.28 52.72 2 436 323.34 33.86 1 352 306.55 69.73 4 368 311.33 33.58 5 403 280.28 -122.55
0.242689 0.055654 -6.644746
192 182 172
4 0 473 64.35 25.56 2 333 87.71 45.92 3 443 75.02 25.38 4 354 99.70 78.72
0.244381 0.019715 -6.650015
203 194 187
3 0 474 64.92 10.73 2 434 86.39 33.93 3 445 72.57 11.41
1.272368 0.042920 -6.042945
243 79 98
9 0 475 543.30 25.14 2 541 583.09 -64.75 1 433 573.09 8.81 3 470 539.43 -130.86 4 509 524.23 -102.15 5 534 482.56 -287.36 6 720 473.81 -283.52 7 581 401.90 -423.10 8 794 413.71 -370.77
-0.116946 -0.022994 -6.624410
183 173 164
10 0 477 -74.95 -5.03 2 433 -60.39 39.35 1 356 -74.29 42.41 3 442 -69.42 23.59 4 473 -36.97 84.19 5 493 -60.99 -51.98 6 556 -38.26 18.55 7 433 -97.55 -90.07 9 611 -100.90 -63.24 11 692 7.14 -28.99
1.254843 -0.134306 -6.099405
249 79 93
7 0 487 528.33 -54.52 2 468 550.31 -139.13 1 527 545.77 -69.51 3 480 502.76 -196.34 4 512 484.57 -159.98 5 718 439.69 -332.43 6 796 425.23 -317.67
-0.980960 -0.243965 -6.286549
135 113 67
3 0 488 -451.50 -93.49 2 343 -458.00 -17.04 1 360 -470.55 -25.57
-3.227794 -0.669867 -11.391015
44 39 39
4 0 497 -597.60 -131.76 2 514 -633.18 117.28 1 429 -632.31 -3.14 3 517 -636.97 208.12
-0.499288 -0.304989 -6.461663
188 105 67
7 0 499 -236.13 -117.59 2 534 -239.16 -59.85 1 443 -248.70 -64.15 3 551 -244.82 -68.55 4 589 -207.56 8.62 5 507 -234.83 -123.10 6 575 -218.82 -39.24
0.622565 -0.300206 -6.596600
243 240 231
8 0 501 213.85 -115.85 2 551 217.04 -118.07 1 454 213.69 -95.48 3 569 189.02 -141.33 4 609 194.96 -83.70 5 628 160.49 -225.14 6 709 162.88 -169.83 7 567 100.82 -275.98
0.732508 -0.297404 -6.479758
172 158 147
16 0 502 264.72 -118.50 2 464 267.99 -134.74 1 380 266.23 -103.45 3 472 236.59 -163.45 6 488 200.44 -206.63 7 363 136.15 -317.97 8 561 167.25 -238.91 9 664 90.83 -297.12 10 687 129.87 -234.78 11 761 153.17 -267.41 12 435 130.54 -220.30 13 530 78.34 -257.32 14 558 82.62 -238.45 15 381 87.42 -259.70 16 226 31.12 -243.93 18 297 54.79 -199.35
0.915128 -0.282143 -6.321310
158 145 134
4 0 503 351.86 -115.56 2 465 359.38 -154.34 3 475 321.24 -192.83 4 383 316.65 -142.91
-0.339563 -0.409504 -6.480290
236 232 229
2 0 505 -169.80 -159.94 2 454 -176.86 -112.40
-0.025993 -0.460857 -6.827678
255 254 249
3 0 511 -37.23 -168.74 2 457 -49.69 -121.21 1 378 -51.18 -125.22
0.974984 -0.483076 -6.251163
182 159 106
5 0 517 385.03 -204.74 2 478 376.41 -250.90 1 388 381.24 -206.61 3 368 332.20 -285.55 4 391 316.95 -228.27
0.998849 -0.594682 -6.320717
169 147 134
17 0 518 391.78 -250.19 2 568 370.79 -289.31 1 470 379.64 -250.41 3 584 323.66 -317.71 4 623 307.35 -257.23 5 648 262.68 -407.01 6 728 240.33 -357.26 7 583 170.73 -464.25 8 793 186.96 -374.57 9 815 98.62 -428.70 10 834 128.05 -361.12 11 901 136.88 -384.40 12 735 106.95 -328.91 13 564 50.92 -354.02 14 574 46.50 -323.94 15 403 43.41 -335.97 16 245 -17.66 -305.13
0.518299 -1.169344 -7.121363
45 32 34
3 0 521 154.29 -413.07 2 369 105.65 -365.58 3 377 66.88 -352.86
0.952673 -1.021578 -6.546702
253 82 93
4 0 522 350.78 -409.29 2 486 301.13 -419.72 4 410 229.18 -350.95 5 444 181.61 -480.96
0.422661 1.121340 -6.810292
219 212 209
3 0 528 132.43 421.56 2 581 225.04 466.40 1 398 180.30 475.03
0.011680 1.187215 -7.236665
192 35 44
3 0 529 -17.65 404.82 2 491 58.88 493.82 1 397 18.27 475.55
0.884316 0.890728 -6.401328
16 12 9
7 0 530 333.85 373.07 2 585 434.33 353.78 1 487 390.92 397.96 3 700 429.53 291.85 4 730 458.15 305.91 5 746 439.38 122.04 6 880 490.75 126.73
0.951948 0.699181 -6.297728
203 42 57
17 0 531 371.83 301.44 2 503 460.22 265.23 1 403 423.74 317.35 3 523 446.90 199.60 4 567 466.01 215.31 5 583 441.71 30.59 6 672 479.47 31.67 7 547 420.78 -116.94 8 762 464.57 -93.24 9 890 411.26 -205.15 10 906 460.35 -172.81 11 984 501.38 -265.70 12 729 458.95 -241.12 13 850 393.29 -322.97 14 765 393.91 -342.68 15 587 393.36 -401.88 16 677 318.98 -423.25
-0.322834 0.844148 -7.600592
206 191 183
17 0 532 -120.55 268.75 2 583 -74.44 377.26 1 489 -102.51 344.38 3 615 -65.29 381.53 4 652 -12.88 441.08 5 666 -23.32 329.24 7 646 1.84 339.28 8 880 82.19 431.33 10 1012 151.99 463.27 11 1057 252.35 430.47 12 908 262.55 451.72 13 1011 253.45 371.69 14 1050 309.68 365.82 15 879 374.66 306.82 16 924 364.00 272.10 18 1101 448.64 172.97 19 590 494.21 167.72
0.513440 0.607057 -6.771844
181 174 166
2 0 533 166.67 230.87 2 596 227.21 252.88
-0.111429 0.602298 -7.232255
208 199 190
6 0 535 -59.53 206.08 2 499 -18.39 284.75 1 408 -44.08 269.06 3 514 -15.64 277.57 4 557 29.39 332.47 5 459 14.01 209.28
1.110363 0.425844 -6.133698
214 49 60
4 0 536 458.42 195.60 2 607 530.25 126.93 3 537 504.57 59.47 4 675 506.04 74.80
1.084314 0.309828 -6.193946
235 64 73
4 0 542 439.22 139.93 2 521 499.29 80.80 5 611 439.15 -142.59 6 706 450.96 -137.69
1.197688 0.236927 -6.076678
229 58 64
13 0 544 504.69 113.12 2 612 561.53 31.94 1 501 542.55 103.07 3 553 526.58 -36.45 4 604 520.40 -14.81 5 629 483.02 -202.67 6 789 485.70 -204.12 7 577 416.57 -349.92 8 787 435.12 -307.87 9 910 357.48 -407.86 10 838 390.32 -363.09 11 994 404.40 -434.25 12 634 358.76 -392.72
0.748468 0.178422 -6.571400
170 163 153
3 0 545 266.96 73.67 2 520 302.39 62.02 1 420 286.19 93.28
0.022561 0.099152 -6.756550
179 168 162
21 0 546 -18.82 40.65 2 517 2.89 83.01 1 423 -13.16 86.45 3 528 -5.97 66.70 4 572 25.23 124.58 5 588 2.68 -11.43 6 670 29.74 55.95 7 421 -26.95 -50.98 8 743 30.60 24.17 9 860 -24.86 -28.12 10 880 34.40 33.15 11 948 87.39 -2.65 12 687 79.64 33.60 13 805 44.61 -24.24 14 830 66.07 -18.83 15 643 93.33 -54.39 16 738 48.82 -62.54 17 762 71.72 27.18 18 763 98.41 -72.62 19 271 103.87 -38.40 20 594 -12.43 -70.33
0.049759 0.071638 -6.724159
182 171 165
7 0 548 -9.17 30.13 2 518 11.51 69.53 3 440 1.72 53.05 4 574 32.33 108.87 5 589 9.26 -28.42 6 551 33.95 40.10 7 423 -22.52 -68.75
1.217384 0.058060 -6.017067
204 53 62
11 0 549 521.08 32.72 2 632 561.63 -55.88 1 517 549.95 17.55 3 567 521.49 -122.65 5 637 467.55 -280.98 6 719 460.10 -277.74 8 700 401.32 -367.29 9 705 316.54 -460.65 10 717 344.10 -410.43 11 914 353.89 -472.29 12 751 306.27 -424.74
1.284316 0.088549 -6.032220
29 12 20
8 0 550 551.35 45.69 2 540 595.31 -45.47 1 511 584.61 28.85 3 568 551.98 -112.91 4 611 537.97 -86.15 6 617 488.68 -272.55 7 369 415.91 -416.99 8 571 426.93 -367.15
0.716327 0.052156 -6.466344
162 150 138
19 0 554 257.05 24.81 2 619 286.73 7.71 1 426 272.98 41.32 3 643 264.80 -31.15 4 686 275.50 12.10 5 700 245.21 -144.82 6 782 257.71 -107.68 7 631 195.72 -228.90 8 868 233.14 -165.05 9 979 166.08 -239.86 10 981 210.02 -185.44 11 1044 241.96 -234.30 12 891 215.42 -194.29 13 922 162.42 -247.61 14 948 166.87 -240.06 15 853 175.22 -272.72 16 906 117.09 -270.29 17 871 123.51 -177.55 18 1002 132.16 -245.43
1.194539 0.028289 -6.027270
169 29 40
9 0 555 508.75 19.03 2 539 548.64 -67.34 1 432 538.14 4.83 3 571 506.97 -132.09 4 616 492.61 -101.40 5 636 451.31 -285.32 6 616 443.90 -280.09 7 483 371.36 -419.89 8 698 385.38 -366.23
0.393079 -0.018293 -6.585230
204 194 185
4 0 556 124.08 -3.53 2 525 145.41 5.63 1 431 132.12 25.74 4 586 146.18 32.68
0.086719 -0.110435 -6.635123
177 166 162
4 0 559 3.39 -38.48 2 622 15.75 -9.23 1 513 4.40 0.04 3 547 2.06 -24.93
0.520064 -0.116123 -6.532780
224 221 214
6 0 560 176.50 -42.37 2 629 192.17 -43.97 1 441 182.28 -20.38 3 650 169.56 -72.10 4 601 181.59 -19.34 5 619 150.68 -165.96
-0.750950 -0.210469 -6.273896
145 60 38
3 0 563 -354.26 -79.72 2 527 -354.76 -18.73 1 438 -368.90 -20.45
-0.120853 -0.244854 -6.629821
238 235 230
3 0 564 -77.10 -91.30 2 450 -74.69 -48.87 1 446 -84.15 -45.59
0.116285 -0.250101 -6.677943
205 191 182
5 0 565 13.95 -93.66 2 536 19.07 -61.09 1 448 10.64 -54.70 3 556 1.56 -75.14 4 599 23.40 -9.77
0.116285 -0.250101 -6.677943
205 191 182
5 0 566 13.95 -93.66 2 537 19.07 -61.09 1 449 10.64 -54.70 3 557 1.56 -75.14 4 600 23.40 -9.77
0.999538 -0.204686 -6.277833
164 149 141
16 0 569 391.97 -82.70 2 555 406.02 -133.26 1 526 402.56 -84.73 3 576 367.02 -176.04 4 615 359.56 -130.77 5 635 319.70 -291.34 6 615 313.52 -261.25 8 693 267.04 -313.40 9 805 185.72 -383.35 10 830 218.70 -326.58 11 902 234.68 -367.07 12 731 200.19 -320.59 15 686 132.95 -366.06 16 765 69.30 -347.37 17 795 73.35 -248.85 18 928 77.07 -292.49
-0.098292 -0.294729 -6.695474
241 240 237
6 0 571 -66.67 -109.10 2 535 -68.01 -64.52 1 447 -75.24 -64.23 3 464 -82.21 -72.86 4 489 -56.44 -2.51 5 510 -84.28 -130.98
0.355474 -0.316040 -6.743218
215 208 200
4 0 572 106.39 -117.80 2 546 104.88 -96.57 1 453 101.37 -85.97 3 564 83.88 -109.64
-0.465577 -0.364867 -6.427171
46 42 53
2 0 575 -223.52 -143.09 2 544 -229.45 -91.08
-0.188780 -0.373988 -6.617605
159 143 131
4 0 577 -104.20 -141.50 2 545 -109.34 -95.90 1 452 -116.47 -95.84 3 563 -123.72 -102.42
0.464495 -0.527965 -6.737993
254 255 250
5 0 585 148.93 -199.21 2 639 133.70 -182.02 1 531 134.43 -172.29 3 573 106.44 -192.87 4 612 112.68 -125.36
0.561471 -0.512786 -6.648060
151 132 94
3 0 586 188.80 -197.75 2 470 175.76 -191.53 1 462 177.92 -174.76
0.712100 -0.573574 -6.496741
239 233 224
5 0 588 258.20 -228.72 2 561 239.47 -240.12 1 464 246.19 -215.47 3 579 201.43 -260.11 4 621 196.77 -195.60
0.483972 -0.698189 -6.795518
254 255 250
7 0 593 153.34 -261.78 2 560 128.65 -239.15 1 469 133.12 -235.68 3 578 97.16 -244.82 4 516 100.97 -171.80 5 539 64.67 -296.09 6 598 60.65 -218.90
1.017504 -0.885761 -6.389441
28 11 12
7 0 596 393.72 -367.29 2 487 349.78 -395.90 1 545 371.23 -367.56 3 596 297.13 -413.56 4 538 275.39 -341.78 5 545 224.88 -481.20 6 634 193.11 -417.49
0.397501 -1.213278 -7.277295
208 191 147
9 0 598 110.12 -416.39 2 647 58.13 -354.41 1 543 73.79 -374.15 3 588 23.61 -336.75 4 622 23.28 -249.30 5 644 -16.84 -348.39 6 715 -26.58 -243.64 7 570 -84.45 -311.18 8 770 -53.47 -187.16
0.401918 1.189184 -6.858714
196 34 40
36 0 606 122.54 439.85 2 656 217.77 491.05 1 549 171.69 496.00 3 679 229.25 455.31 4 716 280.30 484.33 5 732 272.32 327.06 6 872 348.29 370.37 7 649 305.94 238.92 8 938 387.92 276.18 9 1059 372.07 179.16 10 1079 452.36 212.06 11 1126 541.04 116.32 12 975 521.97 122.19 13 1081 481.42 9.93 14 1080 510.66 -32.18 15 951 544.44 -116.03 16 1016 493.55 -178.17 17 1032 501.05 -106.20 18 1133 497.06 -257.55 19 614 496.14 -263.03 20 1035 350.24 -316.54 21 808 350.47 -278.33 22 1302 294.78 -245.95 23 1208 277.83 -397.80 24 1158 244.24 -405.70 25 884 239.19 -298.35 26 796 192.40 -348.25 27 830 162.55 -382.32 28 740 99.60 -349.58 29 693 108.88 -354.31 30 646 41.74 -356.77 31 725 62.91 -310.41 32 719 49.29 -268.12 34 685 15.27 -282.91 35 558 -61.06 -203.95 36 594 -100.84 -249.66
0.461104 1.144166 -6.787243
206 37 44
37 0 607 146.72 430.89 2 657 243.74 472.67 1 483 196.68 482.64 3 686 252.96 433.28 4 717 301.38 458.73 5 735 291.83 297.86 6 812 364.00 335.11 7 703 320.42 201.33 8 889 397.68 234.89 9 1060 378.80 136.60 10 1082 455.78 168.60 11 1127 538.81 71.93 12 978 517.21 79.01 13 1085 473.29 -30.60 14 1126 500.74 -70.67 15 954 528.63 -153.19 16 969 474.16 -210.67 17 1035 479.57 -137.95 18 1135 473.89 -281.37 19 613 469.23 -284.26 20 1013 323.53 -332.78 21 762 320.32 -292.35 22 1257 262.50 -257.53 23 1166 246.87 -401.65 24 1075 212.81 -406.04 25 837 208.34 -295.85 26 728 160.18 -340.73 27 791 131.24 -370.99 28 637 73.84 -335.30 29 659 81.40 -337.44 30 548 14.21 -335.63 31 615 37.88 -286.98 32 614 26.95 -241.38 33 547 -22.58 -310.42 34 631 -3.09 -252.53 35 508 -76.81 -173.95 36 548 -114.62 -220.64
0.889915 0.809334 -6.342958
17 1 8
7 0 611 342.36 344.58 2 587 436.51 319.00 1 488 395.97 366.24 3 624 428.52 255.03 4 663 453.74 269.51 5 676 432.64 85.50 6 827 479.90 86.92
-0.404952 1.003286 -7.671558
193 36 43
7 0 612 -144.02 312.21 2 582 -94.32 431.43 1 485 -124.00 393.19 3 504 -83.08 438.59 4 551 -26.23 499.66 5 559 -32.44 388.84 6 511 35.35 495.46
0.708102 0.736619 -6.538339
148 124 116
28 0 613 251.21 298.46 2 591 331.62 296.13 1 490 295.16 328.44 3 627 326.77 245.85 4 662 356.49 270.34 5 674 337.22 102.04 6 756 383.24 123.07 7 604 330.05 -13.82 8 849 385.57 19.54 9 960 341.72 -78.68 10 968 399.61 -42.79 11 1028 454.06 -127.45 12 798 423.26 -106.98 13 917 369.08 -191.84 14 946 379.74 -214.03 15 789 391.45 -276.15 16 845 329.02 -305.91 17 877 330.92 -221.49 18 930 325.02 -323.92 19 383 310.25 -303.10 20 796 176.23 -332.82 21 545 159.67 -272.55 22 1021 95.94 -225.02 23 892 93.18 -341.23 24 619 64.67 -330.42 25 437 69.67 -208.29 26 361 18.93 -232.36 27 252 0.93 -246.03
0.696295 0.697918 -6.545220
221 212 203
17 0 614 247.20 282.18 2 597 323.40 280.27 1 492 288.72 311.91 3 626 317.21 231.78 4 661 346.03 257.64 5 675 326.26 90.23 6 757 370.30 112.77 7 603 316.66 -22.52 8 848 371.42 13.02 9 961 326.72 -83.81 10 967 383.94 -46.31 11 1026 437.17 -128.46 12 880 407.31 -106.55 13 983 353.81 -189.25 14 1026 364.67 -209.15 15 855 376.97 -269.40 17 937 318.33 -212.92
-0.103791 0.647855 -7.240510
150 141 131
8 0 616 -55.39 221.79 2 669 -12.57 302.16 1 558 -38.06 285.74 4 656 37.11 346.74 5 672 22.65 222.27 6 814 74.50 303.56 7 651 29.35 204.35 8 937 101.78 282.62
0.482689 0.362646 -6.857160
142 132 119
18 0 621 151.79 137.81 2 602 194.55 159.13 1 495 171.67 173.48 3 628 184.28 132.79 4 668 210.85 176.37 5 679 188.55 33.89 6 760 222.02 85.30 7 602 170.23 -29.18 8 844 223.22 33.45 9 954 174.42 -31.50 10 960 232.48 18.97 11 1018 286.38 -33.35 12 871 270.19 -4.69 13 906 228.85 -69.47 14 929 247.86 -73.00 15 762 270.55 -119.00 16 822 223.53 -132.77 17 771 238.04 -48.98
1.166794 0.315909 -6.104617
232 58 71
13 0 622 486.34 146.63 2 611 549.34 71.58 1 497 527.39 140.74 3 540 518.69 2.74 4 595 516.57 22.94 5 624 481.15 -165.05 6 787 489.10 -167.98 7 575 422.90 -314.65 8 785 444.98 -276.91 9 907 370.94 -379.76 10 921 404.98 -337.54 11 910 424.65 -413.31 12 821 375.76 -373.45
0.475213 0.178763 -6.638485
194 184 174
9 0 623 155.78 72.83 2 691 190.16 82.58 1 500 172.08 103.04 3 635 174.62 51.44 4 576 195.33 97.51 5 592 170.11 -50.77 6 681 193.81 -3.68 7 544 135.83 -119.70 8 753 182.69 -56.11
0.484237 0.073096 -6.579087
146 136 127
18 0 624 158.72 30.43 2 693 188.00 36.36 1 508 172.80 58.96 3 719 170.72 6.61 4 748 188.89 54.58 5 759 162.16 -93.57 6 839 180.33 -46.40 7 677 120.81 -162.89 8 914 166.41 -96.55 9 1033 104.90 -162.70 10 1049 153.81 -106.98 11 1094 193.61 -152.38 12 945 174.49 -114.06 13 1044 128.20 -168.68 15 849 151.56 -198.86 16 899 96.65 -200.83 17 925 110.43 -109.60 18 994 122.26 -188.36
0.856622 0.113497 -6.457077
188 181 171
20 0 625 318.35 52.48 2 620 353.63 23.85 1 506 338.85 64.38 3 644 328.56 -18.88 4 594 335.77 18.79 5 702 304.59 -140.81 6 702 315.69 -111.97 7 632 254.83 -233.82 8 773 288.31 -176.27 9 898 220.33 -253.87 10 982 262.99 -202.41 11 1045 292.71 -256.38 12 811 263.23 -217.64 13 925 206.41 -271.00 14 949 209.19 -265.90 15 790 213.79 -302.20 16 844 153.14 -299.85 17 876 158.20 -207.25 18 1008 161.84 -272.13 19 456 146.30 -226.80
-0.206185 0.042445 -6.689830
77 20 13
23 0 626 -108.18 20.23 2 608 -91.51 72.22 1 503 -107.00 72.24 3 633 -97.59 58.76 4 670 -61.99 122.00 5 681 -84.63 -12.33 6 759 -58.30 60.78 7 606 -115.72 -45.76 8 842 -55.45 32.67 9 952 -113.45 -16.06 10 956 -51.85 49.70 11 1076 1.34 18.19 12 862 -1.76 56.24 13 962 -33.61 -1.39 14 997 -10.81 5.91 15 837 18.93 -26.63 16 878 -24.29 -34.59 17 914 2.42 57.24 18 1056 36.27 -47.23 19 502 42.13 -12.74 20 857 -71.38 -46.69 21 609 -88.15 41.63 22 1171 -145.88 115.97
-0.165616 0.021729 -6.663894
156 144 132
16 0 627 -93.53 11.85 2 609 -76.66 60.77 1 504 -91.89 62.37 3 634 -83.93 46.11 4 671 -49.42 109.05 5 682 -72.30 -26.26 6 762 -47.12 45.59 7 607 -105.31 -62.33 8 846 -45.73 16.02 9 953 -104.94 -34.10 10 957 -44.79 31.51 11 1017 7.20 -0.59 12 863 2.31 38.21 13 964 -30.89 -18.88 14 921 -9.36 -11.29 15 754 19.37 -43.62
0.625793 0.055015 -6.489458
160 150 141
8 0 629 220.92 24.99 2 618 250.22 15.71 1 509 237.30 46.73 3 548 228.88 -19.58 4 592 241.76 25.53 5 605 213.17 -127.70 6 697 225.13 -89.30 7 558 163.80 -209.04
0.720994 0.012033 -6.427533
209 200 193
3 0 631 263.03 8.55 2 702 291.03 -11.69 1 515 278.43 24.01
-0.282189 -0.295419 -6.539947
169 145 135
3 0 645 -143.63 -111.79 2 628 -144.56 -65.13 1 522 -153.93 -64.38
0.464307 -0.325041 -6.711206
227 220 210
9 0 646 148.50 -121.84 2 636 147.77 -108.84 1 525 144.35 -94.92 3 566 123.44 -125.08 4 607 134.04 -63.38 5 626 101.44 -198.20 6 703 107.57 -133.81 7 559 47.80 -234.84 8 674 86.42 -149.53
0.763338 -0.288707 -6.441330
177 166 154
13 0 647 279.40 -113.65 2 554 284.97 -136.57 1 459 282.07 -103.69 3 574 252.63 -167.19 4 613 253.29 -113.25 5 633 216.79 -263.11 6 599 213.21 -216.62 7 475 148.54 -329.45 8 687 177.69 -251.74 9 800 100.86 -311.89 10 812 138.35 -249.49 11 763 160.86 -282.71 12 609 136.41 -235.84
-0.013610 -0.504387 -6.858557
50 39 37
4 0 651 -30.52 -184.16 2 553 -45.39 -134.19 4 505 -45.65 -59.85 5 524 -77.81 -181.16
-0.437596 -0.529471 -6.633347
40 34 25
5 0 658 -201.32 -201.80 2 638 -216.10 -138.43 1 529 -221.16 -148.62 3 656 -228.50 -137.69 4 605 -198.31 -55.26
0.510439 -0.573967 -6.712083
254 253 249
7 0 660 166.32 -217.84 2 641 149.43 -203.95 3 661 118.96 -215.61 4 697 123.59 -147.31 5 713 86.98 -276.97 6 714 84.69 -205.84 7 571 22.59 -301.60
1.038634 -0.847370 -6.385837
250 255 249
6 0 664 401.24 -352.11 2 650 361.56 -383.38 1 542 380.24 -352.29 3 595 309.02 -402.51 4 636 287.19 -332.68 5 653 237.63 -473.08
0.296339 0.998264 -7.011071
221 215 212
5 0 675 81.34 358.01 2 660 158.28 414.89 1 551 119.21 413.75 3 690 166.04 389.29 4 721 213.23 426.45
0.894334 0.757571 -6.332117
227 55 67
9 0 676 344.93 322.80 2 672 435.43 295.31 1 557 396.50 342.87 3 706 425.15 233.25 4 733 448.59 248.31 5 750 427.03 64.54 6 826 469.44 67.40 7 672 412.97 -81.94 8 911 460.95 -59.96
0.508264 0.827416 -6.802602
228 223 217
14 0 677 162.11 312.43 2 739 239.44 340.79 1 613 202.05 356.82 3 699 238.01 303.73 4 726 277.09 335.21 7 709 268.92 96.64 9 1068 302.15 52.43 11 1135 438.36 12.56 12 981 418.79 29.37 13 1090 374.36 -60.37 14 1087 393.50 -82.50 15 907 418.65 -149.40 16 1015 369.72 -190.18 17 991 374.18 -109.31
0.760897 0.709402 -6.418243
219 53 65
4 0 678 281.92 295.76 2 742 363.39 282.29 1 615 328.17 321.85 3 757 355.56 226.57
-0.200843 0.832099 -7.481354
156 143 134
30 0 679 -89.92 263.94 2 662 -39.31 363.16 1 554 -69.97 335.64 3 692 -30.87 363.51 4 720 20.27 420.60 5 734 10.63 304.52 6 871 72.59 396.55 7 701 33.81 302.79 8 935 113.79 387.50 9 1050 94.46 348.32 10 1120 179.06 408.37 11 1170 276.28 367.72 12 1004 282.38 388.23 13 1112 269.65 306.14 14 1140 321.82 296.14 15 965 381.06 234.42 16 1026 364.22 197.91 17 1045 398.22 267.81 18 1187 437.37 105.70 19 634 474.40 102.37 20 1050 350.34 33.86 21 819 385.62 91.29 22 1317 357.82 140.16 23 1252 368.88 -73.64 24 1175 352.70 -106.06 25 926 374.90 -32.88 26 809 356.68 -98.87 27 871 342.21 -189.03 28 764 265.71 -223.27 29 737 306.62 -243.37
0.154439 0.740591 -7.077052
221 214 208
10 0 682 30.55 262.28 2 666 87.70 322.26 1 556 56.51 318.03 3 698 90.79 303.95 4 724 133.54 349.70 5 743 120.41 213.64 6 817 174.60 278.87 7 653 129.13 169.09 8 887 200.69 232.52 10 1023 245.66 218.38
0.503224 0.714215 -6.792177
240 233 227
11 0 683 163.38 270.58 2 671 229.89 296.49 1 561 197.60 311.42 3 704 228.08 261.54 4 729 261.99 295.73 5 744 244.89 142.44 6 822 293.75 183.23 7 660 243.51 60.05 8 899 306.17 107.44 9 1020 269.00 24.92 10 1032 333.05 67.06
0.067670 0.705622 -7.101150
207 198 193
4 0 684 -0.01 247.21 2 670 53.09 314.14 1 560 22.75 307.22 3 697 56.82 298.59
0.886031 0.522472 -6.372385
215 204 198
8 0 686 338.08 222.33 2 681 407.83 191.67 1 564 378.46 238.16 3 709 391.46 135.76 4 738 407.90 159.24 5 818 380.61 -16.13 6 833 411.63 -3.55 7 678 352.08 -142.68
0.072844 0.583985 -7.080611
204 193 187
4 0 687 1.34 206.32 2 678 48.19 268.48 1 562 20.70 262.37 3 703 49.29 253.91
0.923411 0.479248 -6.301271
213 45 54
6 0 688 357.57 207.62 2 746 427.85 169.59 1 568 398.48 219.78 3 767 409.42 109.38 4 804 423.48 132.71 5 820 397.35 -45.37
-0.459718 0.475450 -7.714979
212 202 193
