# Bundle file v0.3
60 7628
0 0 0
0 0 0
0 0 0
0 0 0
0 0 0
1.6684620385e+003 5.0145433045e-002 -1.0877833045e-001
9.9998362838e-001 -3.9378859969e-003 -4.1516291676e-003
3.8525735436e-003 9.9978527724e-001 -2.0360675055e-002
4.2309157355e-003 2.0344347261e-002 9.9978408013e-001
-6.9752274557e+000 3.3826019541e+000 -3.7877049605e+000
1.7002440986e+003 1.0721140329e-002 4.0765027404e-004
9.9840051196e-001 5.5018881939e-002 1.3013083861e-002
-5.3249289466e-002 9.9244076562e-001 -1.1057052008e-001
-1.8998181300e-002 1.0970072639e-001 9.9378308485e-001
-6.9183470946e+000 3.7791442863e+000 -3.4055325997e+000
1.7065212336e+003 1.9227271504e-002 -1.7756088642e-002
9.9455350800e-001 1.0422615608e-001 4.7762196193e-004
-1.0223316064e-001 9.7640743135e-001 -1.9020228407e-001
-2.0290406579e-002 1.8911752005e-001 9.8174480544e-001
-6.7662550544e+000 4.0945262003e+000 -3.1735735147e+000
1.6756595449e+003 5.1459917860e-002 -1.0950687437e-001
9.8641423668e-001 1.6241714765e-001 -2.4650026682e-002
-1.6293319343e-001 9.4811438405e-001 -2.7300529159e-001
-2.0969695890e-002 2.7331261388e-001 9.6169667097e-001
-6.5275014818e+000 4.2069306660e+000 -2.8817351068e+000
1.6993619831e+003 3.6224321740e-002 -9.0055814149e-002
9.7210511646e-001 2.3044834690e-001 -4.3648619169e-002
-2.2961407019e-001 8.9707984419e-001 -3.7752500834e-001
-4.7843717602e-002 3.7701632930e-001 9.2497008931e-001
-6.0268958693e+000 4.4119493949e+000 -2.1249573852e+000
1.7091636875e+003 2.0337105382e-002 -3.8332595165e-002
9.6306656990e-001 2.5899144236e-001 -7.3662844899e-002
-2.6494748453e-001 8.6269431412e-001 -4.3076832617e-001
-4.8016792661e-002 4.3437535976e-001 8.9945118514e-001
-5.7939257868e+000 4.6336788681e+000 -2.1471995968e+000
1.7027772861e+003 3.6030143884e-002 -6.1396442082e-002
9.5173296764e-001 2.9413978385e-001 -8.7670667039e-002
-3.0008888400e-001 8.3179972742e-001 -4.6696453309e-001
-6.4428409883e-002 4.7073453349e-001 8.7991930254e-001
-5.7812018977e+000 4.3819584151e+000 -1.9638792861e+000
1.7012921459e+003 5.3934865174e-002 -1.1958480976e-001
9.2122459192e-001 3.6812236422e-001 -1.2582200210e-001
-3.6497735049e-001 7.0585326203e-001 -6.0709365514e-001
-1.3467288101e-001 6.0519178568e-001 7.8460570841e-001
-5.4877390974e+000 4.6258893728e+000 -1.0948714886e+000
1.6781105297e+003 8.2029266861e-002 -1.7802237913e-001
9.0162698687e-001 3.9835410852e-001 -1.6847189904e-001
-4.1001955437e-001 6.6324305430e-001 -6.2609313681e-001
-1.3766895648e-001 6.3357924141e-001 7.6133081067e-001
-5.3767095474e+000 4.6418287213e+000 -1.1516990155e+000
1.6998280116e+003 4.6625242964e-002 -7.7536639209e-002
8.7724859281e-001 4.3442598156e-001 -2.0422774777e-001
-4.4715576342e-001 5.8477186429e-001 -6.7682611502e-001
-1.7460420856e-001 6.8506637145e-001 7.0724637649e-001
-5.1306515256e+000 4.7184344641e+000 -7.9973912154e-001
0 0 0
0 0 0
0 0 0
0 0 0
0 0 0
1.6958206332e+003 4.6376904266e-002 -1.0293997092e-001
8.5845260725e-001 4.5222627101e-001 -2.4197214904e-001
-4.7152309372e-001 5.1023192938e-001 -7.1925610900e-001
-2.0180459161e-001 7.3154273836e-001 6.5124506045e-001
-5.0121400592e+000 4.4871172781e+000 -6.2543922660e-001
1.6890094017e+003 4.4303842166e-002 -8.6466621852e-002
8.4687740203e-001 4.6813179938e-001 -2.5229206160e-001
-4.8543050359e-001 4.8678727331e-001 -7.2621992311e-001
-2.1715407460e-001 7.3748950430e-001 6.3949459648e-001
-4.9620059386e+000 4.2922895568e+000 -4.7768853810e-001
1.6809276661e+003 6.6311125511e-002 -1.3526438507e-001
8.1564310709e-001 4.8710669328e-001 -3.1217525722e-001
-5.0015378044e-001 3.2243927651e-001 -8.0366604313e-001
-2.9081354469e-001 8.1164030354e-001 5.0662362746e-001
-4.7373702192e+000 4.3011716597e+000 2.1204314742e-001
1.6801938331e+003 6.0022636273e-002 -1.2321095069e-001
7.9306856970e-001 4.8491035187e-001 -3.6865186072e-001
-5.1836524015e-001 2.1941539103e-001 -8.2653152631e-001
-3.1990580107e-001 8.4659248569e-001 4.2537212134e-001
-4.4712110863e+000 3.6136776898e+000 4.9865956438e-001
1.6823828957e+003 5.3218209778e-002 -1.0887733895e-001
7.6373589696e-001 4.9027971599e-001 -4.1992056367e-001
-5.1856956982e-001 7.8572335415e-002 -8.5141763510e-001
-3.8443865694e-001 8.6801623729e-001 3.1425265448e-001
-4.2296354858e+000 3.1798196262e+000 1.0566139684e+000
1.6876648013e+003 3.7475528727e-002 -7.8394867057e-002
7.4520272962e-001 4.8359325181e-001 -4.5914100075e-001
-5.2815326181e-001 7.6884511651e-003 -8.4911425601e-001
-4.0709584106e-001 8.7525907852e-001 2.6114080813e-001
-4.0207052760e+000 2.9866026124e+000 1.2886502778e+000
1.6849593017e+003 6.3413587554e-002 -1.4412007352e-001
7.1637460422e-001 4.9799318434e-001 -4.8868212037e-001
-5.3414975998e-001 -5.9162825518e-002 -8.4331713726e-001
-4.4887800161e-001 8.6516041774e-001 2.2362019417e-001
-3.8770931382e+000 2.7104078340e+000 1.6070201874e+000
1.6907777521e+003 4.4844056378e-002 -1.1909842036e-001
6.6852816024e-001 4.9150431614e-001 -5.5811612249e-001
-5.2684462285e-001 -2.1667077033e-001 -8.2188108669e-001
-5.2488555166e-001 8.4349112888e-001 1.1409589460e-001
-3.6028036556e+000 2.0790853100e+000 2.1324785048e+000
1.6922032409e+003 5.1642294553e-002 -1.2911718406e-001
6.5050843109e-001 4.7316081872e-001 -5.9410236551e-001
-5.0610586272e-001 -3.1319537113e-001 -8.0359536784e-001
-5.6629995303e-001 8.2342425221e-001 3.5733234869e-002
-3.4932687037e+000 1.7307865034e+000 2.3519264730e+000
1.6911844547e+003 5.0750836088e-002 -1.2572591416e-001
6.3057824394e-001 4.1918362196e-001 -6.5318922937e-001
-4.7924837363e-001 -4.5168752680e-001 -7.5252865361e-001
-6.1048511419e-001 7.8756807275e-001 -8.3931258383e-002
-3.4882732915e+000 1.1445586964e+000 2.2363525110e+000
0 0 0
0 0 0
0 0 0
0 0 0
0 0 0
1.6816090255e+003 5.8216946067e-002 -1.4080189935e-001
6.1472056630e-001 4.1302931794e-001 -6.7195640326e-001
-4.6581268375e-001 -4.9738764371e-001 -7.3186342684e-001
-6.3650386410e-001 7.6289731577e-001 -1.1336011896e-001
-3.5139994026e+000 8.1293516390e-001 2.2477719117e+000
1.7134517961e+003 3.2784233817e-002 -1.1535883208e-001
6.0013982227e-001 3.6488577924e-001 -7.1182200152e-001
-4.2736812674e-001 -6.0596747504e-001 -6.7093956765e-001
-6.7615728790e-001 7.0686758824e-001 -2.0772466083e-001
-3.5928210734e+000 3.3319696065e-001 2.0652675654e+000
1.6957271150e+003 3.4066827134e-002 -1.0249810123e-001
5.8878018283e-001 3.2493000271e-001 -7.4010701230e-001
-4.1108944459e-001 -6.6799947815e-001 -6.2030812161e-001
-6.9594781763e-001 6.6947530987e-001 -2.5972956053e-001
-3.5800037788e+000 -1.1886591253e-001 2.0180778664e+000
1.6815183207e+003 3.9785978073e-002 -1.2358047916e-001
5.5114835365e-001 2.9959148745e-001 -7.7876853617e-001
-3.6344887187e-001 -7.5393313178e-001 -5.4725656720e-001
-7.5109281038e-001 5.8466210195e-001 -3.0664281620e-001
-3.5448419888e+000 -3.7352029478e-001 2.2395708106e+000
1.6909400553e+003 3.7056862285e-002 -1.1363702201e-001
5.4383513547e-001 2.5390225401e-001 -7.9986060713e-001
-3.2165659650e-001 -8.1727075890e-001 -4.7812711758e-001
-7.7510023826e-001 5.1730276633e-001 -3.6279121902e-001
-3.6178070913e+000 -7.3831938132e-001 2.0411430573e+000
1.7327966804e+003 -4.3367931748e-003 -3.0295967819e-003
5.2123031628e-001 2.0235716937e-001 -8.2907812261e-001
-2.6831934771e-001 -8.8335864309e-001 -3.8429446434e-001
-8.1013806541e-001 4.2276362626e-001 -4.0613696124e-001
-3.7212561008e+000 -1.4306768702e+000 1.7701654447e+000
1.6813023938e+003 3.6612597660e-002 -1.0498354430e-001
5.2164974117e-001 1.5777001858e-001 -8.3844508990e-001
-2.3377848044e-001 -9.1870528352e-001 -3.1832094514e-001
-8.2050543546e-001 3.6206245769e-001 -4.4235913816e-001
-3.7628687482e+000 -1.4853118934e+000 1.7378589624e+000
1.7416909974e+003 1.3740960327e-002 -4.8571201893e-002
4.8902014879e-001 1.3269416172e-001 -8.6212038227e-001
-1.7870808707e-001 -9.5215486408e-001 -2.4792041952e-001
-8.5376970764e-001 2.7530596479e-001 -4.4190939350e-001
-3.7761725203e+000 -1.9061448260e+000 1.7268342862e+000
1.7051629349e+003 9.8913270166e-003 -4.4208473926e-002
4.6818607919e-001 7.1557366860e-002 -8.8072773234e-001
-9.8943777212e-002 -9.8620198016e-001 -1.3272446377e-001
-8.7807284675e-001 1.4928227484e-001 -4.5464588221e-001
-3.9700904321e+000 -2.6266266558e+000 1.5444567832e+000
1.7164399423e+003 -2.3281135941e-003 -3.1563986307e-002
4.7734431755e-001 2.1171665144e-002 -8.7846124735e-001
-5.1110828732e-002 -9.9734819290e-001 -5.1809895735e-002
-8.7722863934e-001 6.9630041683e-002 -4.7499639115e-001
-4.1169695553e+000 -2.8103880664e+000 1.1387803679e+000
0 0 0
0 0 0
0 0 0
0 0 0
0 0 0
1.6876414889e+003 2.4556336994e-002 -4.9983569278e-002
4.7639655319e-001 -2.5335096604e-002 -8.7886543736e-001
-6.2323369126e-003 -9.9965695215e-001 2.5438867749e-002
-8.7920844064e-001 -6.6416034060e-003 -4.7639102323e-001
-4.3477153993e+000 -3.0102250366e+000 7.9380637591e-001
1.7224646764e+003 -2.6586373358e-002 5.9388814722e-002
4.6272299635e-001 -8.9431514774e-002 -8.8198040387e-001
4.2745517681e-002 -9.9149041208e-001 1.2296171546e-001
-8.8547176655e-001 -9.4597922360e-002 -4.5496261794e-001
-4.4741418996e+000 -3.3434210947e+000 6.5462796770e-001
1.7198641081e+003 1.1901081888e-002 -3.6483738903e-002
4.7470683419e-001 -1.4391227325e-001 -8.6829872693e-001
8.7404713841e-002 -9.7395686987e-001 2.0920906200e-001
-8.7579326189e-001 -1.7520637326e-001 -4.4976537127e-001
-4.6469119851e+000 -3.5810612797e+000 3.0549820544e-001
1.7180032378e+003 -1.4514644614e-002 4.9229978858e-002
4.8255717466e-001 -1.8339785415e-001 -8.5644836405e-001
1.4128588408e-001 -9.4872686877e-001 2.8276426124e-001
-8.6439393343e-001 -2.5745398728e-001 -4.3190342935e-001
-4.7945232042e+000 -3.8217484797e+000 -4.5256096226e-002
1.7313036568e+003 -2.4127148845e-002 4.9093768465e-002
4.9768126276e-001 -2.4046503552e-001 -8.3336062265e-001
2.1000699723e-001 -8.9880637789e-001 3.8476506622e-001
-8.4155238803e-001 -3.6650192600e-001 -3.9681975308e-001
-5.0243586344e+000 -3.8092284124e+000 -5.5243209122e-001
1.7352261432e+003 9.1371236075e-003 -3.9351024347e-002
5.0518084146e-001 -2.8363151844e-001 -8.1507391025e-001
2.5155124440e-001 -8.5504581563e-001 4.5345189890e-001
-8.2553878701e-001 -4.3410806825e-001 -3.6060490321e-001
-5.1590467142e+000 -3.9817121495e+000 -7.5993687275e-001
1.7353367677e+003 -1.8023350661e-002 2.3711913465e-002
5.1194528769e-001 -3.3774957341e-001 -7.8983368380e-001
2.8990221283e-001 -7.9758791080e-001 5.2897091749e-001
-8.0862149947e-001 -4.9977870124e-001 -3.1040702374e-001
-5.4196155897e+000 -4.2554546988e+000 -1.0498152009e+000
1.7404327354e+003 8.4816153353e-003 -4.7845299567e-002
5.3000234976e-001 -3.8121001872e-001 -7.5748031715e-001
3.3167871141e-001 -7.2890658832e-001 5.9890267815e-001
-7.8044009485e-001 -5.6865992221e-001 -2.5988295679e-001
-5.6557527856e+000 -4.2701561413e+000 -1.4565710650e+000
1.7429671725e+003 -5.4918062339e-003 -3.0007648374e-002
5.5042807237e-001 -4.0684296642e-001 -7.2904577210e-001
3.6986648465e-001 -6.6403517365e-001 6.4981233574e-001
-7.4848361417e-001 -6.2732454825e-001 -2.1502602283e-001
-5.7884081516e+000 -4.2149910332e+000 -1.8275372839e+000
1.7347253071e+003 -1.4194764015e-002 -8.0020577976e-003
5.6469344975e-001 -4.5789499016e-001 -6.8662470521e-001
4.2590498156e-001 -5.5094103656e-001 7.1768302259e-001
-7.0691318738e-001 -6.9770778426e-001 -1.1609303720e-001
-6.1329122510e+000 -4.1142433737e+000 -2.2505158903e+000
0 0 0
0 0 0
0 0 0
0 0 0
0 0 0
1.7315713738e+003 -1.2290934896e-002 2.0652329364e-003
5.8559573906e-001 -4.8316880020e-001 -6.5086522484e-001
4.5565355084e-001 -4.6787021416e-001 7.5728284301e-001
-6.7041589480e-001 -7.4003065695e-001 -5.3825224383e-002
-6.3571699203e+000 -3.9858556248e+000 -2.6300888963e+000
1.7248915575e+003 -5.3279627809e-003 -2.6759101276e-002
6.0067346210e-001 -5.2274693655e-001 -6.0491902951e-001
4.6825352046e-001 -3.8324667719e-001 7.9615364409e-001
-6.4802008650e-001 -7.6148383092e-001 1.4571984920e-002
-6.6159554917e+000 -3.9323654869e+000 -2.6476562693e+000
1.7219206386e+003 -4.3036583141e-003 -3.0442545375e-002
6.3103818368e-001 -5.3936205642e-001 -5.5756558612e-001
5.0683978654e-001 -2.5747015500e-001 8.2269225720e-001
-5.8728548553e-001 -8.0174665037e-001 1.1089665059e-001
-6.7630483393e+000 -3.5394511294e+000 -3.0436410574e+000
0 0 0
0 0 0
0 0 0
0 0 0
0 0 0
0 0 0
0 0 0
0 0 0
0 0 0
0 0 0
0 0 0
0 0 0
0 0 0
0 0 0
0 0 0
0 0 0
0 0 0
0 0 0
0 0 0
0 0 0
0 0 0
0 0 0
0 0 0
0 0 0
0 0 0
0 0 0
0 0 0
0 0 0
0 0 0
0 0 0
0 0 0
0 0 0
0 0 0
0 0 0
0 0 0
0 0 0
0 0 0
0 0 0
0 0 0
0 0 0
0 0 0
0 0 0
0 0 0
0 0 0
0 0 0
0 0 0
0 0 0
0 0 0
0 0 0
0 0 0
0 0 0
0 0 0
0 0 0
0 0 0
0 0 0
0 0 0
0 0 0
0 0 0
0 0 0
0 0 0
7.5371793437e+000 -2.1656871924e+000 -1.0602680974e+000
113 107 95
3 1 79 198.2000 436.9400 2 65 166.3700 472.8400 3 27 180.2600 505.1500
7.5431185963e+000 -2.2120264912e+000 -9.6775760062e-001
109 95 79
2 1 80 204.2600 428.1400 2 66 170.8300 461.6800
7.5649123768e+000 -2.1863452889e+000 -1.0328693992e+000
111 103 80
2 1 81 208.8900 431.8900 2 67 176.7700 466.7900
7.5935112867e+000 -2.1988942271e+000 -1.0490750236e+000
107 96 75
2 1 82 218.3400 426.2000 2 68 185.6100 460.8200
8.9308771131e+000 -2.0808268927e+000 -1.3736531974e+000
188 174 126
2 1 85 639.9301 443.2500 2 763 614.9800 458.4300
7.3879218671e+000 -2.3542789239e+000 -9.8153436774e-001
104 94 92
2 1 122 149.0300 376.5100 2 93 112.1400 412.1800
7.4079775409e+000 -2.4298801590e+000 -8.9314438168e-001
138 137 133
2 1 123 159.0500 355.8600 2 116 120.0100 388.0600
8.0043873188e+000 -2.5704614563e+000 -1.0015589038e+000
73 54 37
2 1 172 363.4399 300.7800 2 175 323.1899 321.2300
6.4171040954e+000 -2.7325348404e+000 -2.5335480944e-001
76 68 59
2 1 189 -224.5800 279.6100 2 829 -277.3500 314.3000
6.5868812970e+000 -2.8028266854e+000 -1.5371340974e-001
110 97 88
2 1 192 -158.2800 256.2000 2 208 -212.6300 282.9700
6.1390809240e+000 -2.8451514728e+000 -2.5639061937e-001
71 60 60
3 1 219 -337.6900 232.5300 2 861 -395.0100 273.5900 3 789 -400.6100 308.3900
6.1970701163e+000 -2.8818702270e+000 -1.7747175586e-001
124 124 114
2 1 220 -321.0200 221.3200 2 863 -377.5200 257.8300
6.2810704407e+000 -2.8475761147e+000 -1.8014237250e-001
98 95 82
2 1 224 -285.4100 235.6300 2 865 -341.4700 270.4900
8.0830632917e+000 -2.8245402205e+000 -9.6092680608e-001
97 76 52
2 1 270 393.9600 213.6800 2 911 346.8400 229.9300
6.1122178243e+000 -3.0289208538e+000 -9.2939828416e-002
149 145 133
2 1 309 -363.6200 162.2300 2 922 -423.9400 197.4100
6.2440870174e+000 -2.9764600327e+000 -3.1749987610e-002
116 113 99
2 1 311 -312.1000 187.2100 2 252 -371.8600 217.4700
6.2440870174e+000 -2.9764600327e+000 -3.1749987610e-002
116 113 99
2 1 312 -312.1000 187.2100 2 253 -371.8600 217.4700
7.7463197779e+000 -2.9603304946e+000 -6.4448793540e-001
91 73 59
2 1 326 294.7800 174.5400 2 932 242.1600 188.3400
6.3657310138e+000 -3.0780258445e+000 4.2926991168e-002
92 86 74
2 1 362 -263.7100 145.3000 2 283 -326.1100 169.5400
6.3347267919e+000 -3.1194026600e+000 8.8645854518e-002
91 89 77
4 1 363 -281.0100 127.7700 2 310 -343.8900 151.4100 3 227 -355.2200 173.0900 4 378 -349.9200 85.4000
6.4963370525e+000 -3.2013521077e+000 4.6660404608e-002
78 70 59
2 1 396 -206.5400 91.1000 2 336 -269.3600 111.2400
6.0815150808e+000 -3.2166204843e+000 -2.6837821448e-002
94 91 74
3 1 418 -382.2500 82.3300 2 328 -446.4900 116.8300 3 240 -457.9800 146.1500
9.0426623367e+000 -3.2042328025e+000 -8.7714264470e-001
131 114 71
2 1 445 745.5100 82.7900 2 380 681.6400 76.2700
6.6214092695e+000 -3.3091344388e+000 1.1776704761e-001
105 103 90
2 1 473 -153.9700 43.8400 2 401 -219.3900 58.1900
7.9332981141e+000 -3.3870863973e+000 -6.1208905947e-001
85 70 65
2 1 526 367.4200 14.7400 2 1075 302.6700 23.6700
8.2547759876e+000 -3.3853878964e+000 -1.7919956462e-001
157 166 165
2 1 532 541.2000 14.0900 2 434 469.9700 -0.3100
6.4799875714e+000 -3.4367078655e+000 1.6671060505e-001
63 54 46
2 1 545 -220.9900 -14.3200 2 1070 -288.0100 2.0200
7.5059454545e+000 -3.4641841050e+000 -5.9891229887e-001
76 61 56
2 1 550 207.3400 -15.2200 2 1073 140.7500 3.1900
8.0205265094e+000 -3.6554631824e+000 -4.4925801927e-001
98 86 76
3 1 592 415.0400 -90.8600 2 1149 340.7800 -87.0400 3 416 317.0200 -80.1300
6.7116164359e+000 -3.6406387523e+000 2.7501855386e-001
86 73 51
2 1 608 -116.9300 -111.2800 2 1164 -193.0800 -102.9300
6.7466887781e+000 -3.6872037455e+000 2.8534662299e-001
85 70 46
2 1 631 -100.7800 -133.5000 2 1166 -178.0600 -125.9800
7.4924194106e+000 -3.8808481084e+000 -8.9573548075e-001
62 43 29
2 1 645 188.9900 -158.9300 2 501 118.0699 -130.2400
8.0065033871e+000 -3.8224824232e+000 -5.2124449829e-001
79 70 62
7 1 648 401.5000 -153.3900 2 1196 324.9301 -144.6900 3 479 297.4000 -134.0200 4 2133 280.2000 -210.8500 5 1524 344.7900 -253.6000 6 2168 355.2500 -205.4200 8 1431 190.0800 -236.4500
7.6824690081e+000 -2.4747172105e+000 -8.9288550594e-001
78 60 45
4 1 981 256.2500 340.1800 2 1430 217.9000 366.4800 3 1404 225.7400 388.2000 4 1723 246.1899 312.7500
6.5594150560e+000 -2.7079087102e+000 -2.6513658031e-001
117 109 98
6 1 999 -166.4600 288.6200 2 817 -217.6600 321.4300 4 1086 -204.5800 268.5700 5 1086 -120.0100 264.9300 6 1756 -69.7000 297.5700 8 1045 -182.0100 214.1600
6.3420569394e+000 -2.7988554079e+000 -1.9817617239e-001
83 72 60
2 1 1022 -258.7200 255.1400 2 827 -313.6900 289.4700
6.4140822243e+000 -2.7639653199e+000 -1.9420103590e-001
67 57 48
2 1 1023 -228.7700 270.0100 2 1456 -283.2200 302.8100
6.4010173952e+000 -2.7766450901e+000 -1.9205781982e-001
161 155 141
2 1 1024 -234.1300 264.7800 2 828 -289.2600 297.7900
6.1868628651e+000 -2.7999087566e+000 -2.6155179452e-001
86 81 78
3 1 1056 -318.5600 250.9400 2 1453 -373.7300 291.5500 3 1435 -378.5800 325.2100
6.3137079038e+000 -2.8677418748e+000 -1.0305611602e-001
70 66 55
2 1 1058 -277.8900 231.1200 2 868 -333.1200 262.3400
6.3033542755e+000 -2.8918431383e+000 -6.6641240449e-002
88 83 77
3 1 1059 -284.0500 222.4700 2 867 -341.9200 252.7700 3 1510 -348.4800 279.0600
7.1712896751e+000 -2.6542651300e+000 -1.6516794251e+000
169 145 112
3 1 1067 65.4900 241.2200 2 836 22.7000 294.5600 3 778 27.7800 339.7500
8.2284535037e+000 -2.7119565573e+000 -1.0466770608e+000
183 187 174
6 1 1073 437.1100 249.3800 2 1521 393.1899 265.4900 3 1522 396.7200 282.2100 4 1808 410.6801 203.2300 5 1898 527.0000 182.9800 6 1872 554.1500 207.4900
7.3385424917e+000 -2.8437794182e+000 -6.2829795512e-001
135 155 150
3 1 1092 142.0800 218.4800 2 1542 92.2700 240.6600 3 1519 89.7900 262.3700
7.3377216576e+000 -2.8441918228e+000 -6.2042837331e-001
135 155 150
4 1 1093 142.0800 218.4800 2 1541 92.2700 240.6600 3 1518 89.7900 262.3700 4 1816 100.0000 184.0200
7.3840842589e+000 -2.8462517708e+000 -6.1858664088e-001
87 80 70
5 1 1094 159.0300 217.4800 2 1545 109.4301 239.3900 4 1819 118.2000 180.9500 5 1893 215.7600 164.2500 6 1867 249.0400 193.4100
7.9191029253e+000 -2.8287016638e+000 -8.3724878266e-001
92 73 56
2 1 1102 345.2800 216.5400 2 1554 297.0400 232.8400
6.0033361004e+000 -3.0293001327e+000 -1.7441498602e-001
150 150 132
2 1 1118 -401.7000 159.3200 2 920 -462.1200 199.6700
6.0792514099e+000 -3.0272899065e+000 -1.1944802186e-001
150 148 135
2 1 1120 -375.1500 162.0200 2 921 -435.4400 198.8500
7.7863039327e+000 -2.9322461348e+000 -6.9381923698e-001
93 76 60
3 1 1134 306.2000 184.1000 2 931 255.0400 196.9200 3 885 251.3101 212.6800
5.7317004550e+000 -3.0815464602e+000 -4.2705495127e-001
114 111 114
2 1 1150 -484.8100 130.9900 2 940 -545.0300 184.1500
5.9878744140e+000 -3.0832835382e+000 -1.7715153641e-001
140 136 124
3 1 1155 -407.8600 136.4900 2 943 -468.8100 177.3800 3 874 -477.6500 213.0900
6.1835915013e+000 -3.0838633999e+000 4.0804929851e-003
110 102 87
3 1 1158 -341.0500 141.2200 2 1584 -403.5100 171.9800 3 879 -413.1300 198.2500
5.8215697712e+000 -3.1455730869e+000 -3.0546078596e-001
150 148 133
6 1 1166 -462.3700 106.9200 2 942 -524.2900 156.5600 3 1548 -532.2200 199.2300 4 1835 -522.1400 144.9100 5 1879 -474.6400 162.0100 6 1851 -411.7300 214.4000
6.0537447215e+000 -3.1788175034e+000 -4.1977833283e-002
108 105 98
2 1 1169 -392.9800 98.8600 2 305 -456.7400 133.4200
6.1231258472e+000 -3.1529143220e+000 -1.7627497388e-002
101 97 85
3 1 1173 -365.0500 110.3900 2 963 -428.1600 143.1500 3 898 -439.8800 171.7500
6.2048458270e+000 -3.1266580916e+000 2.1633688492e-002
110 103 85
2 1 1174 -333.2100 123.1000 2 308 -396.2100 151.9400
6.1777500314e+000 -3.1632110953e+000 3.5216107553e-002
129 126 111
4 1 1175 -345.2600 106.9700 2 966 -409.9200 136.4700 3 899 -421.0300 162.6400 4 1244 -415.9300 83.9700
6.3070662044e+000 -3.1625848199e+000 8.6923390928e-002
127 122 113
3 1 1178 -292.4300 108.5200 2 309 -357.1300 132.7800 3 243 -369.2600 154.6500
6.3538225187e+000 -3.1896368535e+000 6.4373058579e-002
105 102 88
3 1 1179 -270.8100 96.1200 2 985 -334.0000 120.0600 3 924 -346.6400 141.2800
6.6112142552e+000 -3.1378903909e+000 6.3947476370e-002
87 77 65
4 1 1186 -156.4200 119.0900 2 969 -218.0900 137.1200 4 1254 -227.2700 60.4000 7 604 -187.0400 -108.2900
9.1533380593e+000 -3.1278679046e+000 -6.1175607037e-001
178 161 105
2 1 1202 831.9000 114.9100 2 347 767.2000 96.0500
6.1031516094e+000 -3.2059816105e+000 -3.2352901111e-003
121 115 101
7 1 1212 -376.0700 87.6800 2 977 -439.9400 118.9700 3 917 -451.0900 149.4000 4 373 -444.6700 75.8400 5 380 -389.9500 63.5700 6 352 -332.1500 112.2100 9 255 -481.6800 6.1700
6.3549043016e+000 -3.2715674826e+000 8.3216978898e-002
76 67 60
4 1 1219 -271.1400 60.1100 2 1658 -336.2000 82.8500 3 939 -350.0000 103.7800 4 441 -348.0200 20.9400
6.4873625710e+000 -3.2290703685e+000 1.2991851767e-001
110 101 90
2 1 1221 -214.7900 79.7500 2 986 -279.8800 97.3000
6.5895784067e+000 -3.2301780306e+000 1.4517405805e-001
75 67 57
2 1 1223 -169.3600 79.6100 2 987 -234.3200 93.8800
8.2283921554e+000 -3.2428348913e+000 -2.7183040365e-001
96 81 65
3 1 1230 518.4600 72.7900 2 1669 453.0200 62.1100 3 1691 437.1500 56.0100
9.1597899377e+000 -3.2165754757e+000 -8.1776628372e-001
121 103 70
2 1 1233 796.8800 79.3100 2 1027 732.4600 67.9300
6.2329646030e+000 -3.2801892896e+000 3.0772747158e-002
86 84 73
2 1 1244 -320.3800 55.5700 2 1005 -387.2400 83.3400
6.3168873275e+000 -3.3202256505e+000 7.4378740370e-002
114 110 99
6 1 1249 -287.8200 37.9800 2 1012 -353.9700 62.4200 3 962 -367.3200 85.2900 4 1305 -365.8600 3.9000 5 1272 -308.4600 -21.2800 6 431 -256.1500 28.5600
6.3194688100e+000 -3.2863176181e+000 7.5562223142e-002
140 138 126
6 1 1250 -287.2000 52.9400 2 1006 -352.0900 77.5500 3 1624 -365.5400 99.9600 4 1304 -362.5200 17.9000 5 2039 -304.5500 -7.4900 6 1313 -253.0600 41.0500
6.3194982334e+000 -3.2863715089e+000 7.5120587454e-002
140 138 126
7 1 1251 -287.2000 52.9400 2 1007 -352.0900 77.5500 3 1625 -365.5400 99.9600 4 1303 -362.5200 17.9000 5 2038 -304.5500 -7.4900 6 1312 -253.0600 41.0500 7 601 -327.2600 -125.2700
6.3467701648e+000 -3.3435771151e+000 1.0593225204e-001
97 90 80
2 1 1252 -276.6800 27.8900 2 1037 -342.9200 49.8600
6.6100283324e+000 -3.3254357107e+000 1.1511750354e-001
128 143 134
3 1 1255 -158.5900 36.3400 2 1040 -224.8600 51.4800 3 963 -240.7100 66.8600
6.6851766893e+000 -3.2838021397e+000 1.0612579666e-001
100 96 89
2 1 1257 -124.5300 55.2200 2 1018 -190.0400 68.4600
8.2752937968e+000 -3.2951706667e+000 -1.7583144913e-001
180 178 166
3 1 1269 550.9900 51.8100 2 1695 481.6000 36.3800 3 1039 462.6500 26.7100
7.3568076704e+000 -3.5013767844e+000 -6.6375060408e-001
42 27 24
2 1 1310 147.0800 -28.1300 2 1745 84.3400 -5.4600
7.5568238123e+000 -3.5148859568e+000 -7.0974937230e-001
54 35 29
2 1 1314 220.2600 -32.3900 2 1097 155.2400 -12.1100
8.0500934759e+000 -3.5115485044e+000 -1.0223119083e+000
82 69 61
2 1 1320 376.2900 -26.1700 2 1101 313.6100 -7.6000
7.9391743455e+000 -3.5658567905e+000 -6.1441779272e-001
54 41 34
3 1 1340 370.1600 -52.3100 2 1122 299.8199 -43.5100 3 1059 279.6700 -29.6300
7.5631969324e+000 -3.6606380329e+000 -7.2799409688e-001
55 35 32
2 1 1365 221.7400 -85.4700 2 1118 153.5100 -64.0600
7.5631969324e+000 -3.6606380329e+000 -7.2799409688e-001
55 35 32
2 1 1366 221.7400 -85.4700 2 1119 153.5100 -64.0600
7.5927039065e+000 -3.6834729104e+000 -7.3402810082e-001
56 35 32
2 1 1367 232.4399 -93.6600 2 1143 163.2800 -72.4500
7.7004600642e+000 -3.7417701492e+000 -7.8592677992e-001
46 28 26
2 1 1393 269.0900 -113.2000 2 1146 198.3400 -92.2600
7.9931068994e+000 -3.7892528338e+000 -5.5639853488e-001
35 26 19
2 1 1418 394.7700 -138.7200 2 1172 317.9399 -129.8400
7.3876300033e+000 -3.9494008013e+000 -8.6341894576e-001
71 45 30
2 1 1442 152.7200 -184.6200 2 1193 81.0601 -154.2500
7.4324657938e+000 -3.8925793547e+000 -7.7880528432e-001
62 39 25
2 1 1444 172.0601 -168.1600 2 1839 99.6600 -141.0300
7.6344424387e+000 -3.9183330163e+000 -8.4197251585e-001
78 64 61
4 1 1447 241.5200 -174.3100 2 522 168.1100 -149.2400 3 1148 146.1600 -122.9900 4 1498 132.6801 -177.9400
6.8639600997e+000 -3.8358495098e+000 2.3436861036e-001
70 56 44
2 1 1468 -45.1800 -199.6300 2 537 -124.7300 -191.4300
9.2237915673e+000 -2.0478869778e+000 -7.1619453176e-001
157 144 92
2 1 1658 840.7600 514.9500 2 1384 818.5400 504.3500
6.0776132437e+000 -2.2928480798e+000 -1.9172476787e-001
78 61 69
2 1 1675 -371.4300 468.1900 2 1364 -421.3300 516.2900
7.4474653693e+000 -2.1879569824e+000 -1.0459720641e+000
81 78 72
3 1 1686 167.5500 430.0200 2 1388 135.0000 467.8000 3 1963 147.9100 500.6500
7.4628048802e+000 -2.3660978324e+000 -9.1396541542e-001
66 57 48
3 1 1706 177.6500 377.1900 2 1404 140.3101 409.9400 3 1974 150.0300 437.0100
7.4644852912e+000 -2.4677746721e+000 -8.1493880647e-001
101 92 82
3 1 1707 181.5800 347.4400 2 1420 142.0500 376.3600 4 2276 170.5699 325.9700
7.6013864921e+000 -2.4597615180e+000 -8.6982801325e-001
77 60 48
4 1 1709 228.3500 347.3400 2 1426 190.6899 374.2500 3 1985 197.4399 396.7500 4 2282 218.8600 322.8300
7.6011024262e+000 -2.4603195204e+000 -8.6243711169e-001
77 60 48
5 1 1710 228.3500 347.3400 2 1427 190.6899 374.2500 3 1986 197.4399 396.7500 4 2281 218.8600 322.8300 6 2294 375.0699 340.9900
7.7215838044e+000 -2.4237874610e+000 -9.2762657178e-001
75 56 42
3 1 1711 269.1300 355.3300 2 1408 230.8101 383.9400 4 2284 262.9600 329.8700
7.7508385277e+000 -2.4356884523e+000 -9.2461222652e-001
100 84 69
2 1 1712 279.1500 352.5400 2 1431 242.0699 377.4900
7.7508385277e+000 -2.4356884523e+000 -9.2461222652e-001
100 84 69
2 1 1713 279.1500 352.5400 2 1432 242.0699 377.4900
7.1571046459e+000 -2.4562840863e+000 -8.7950321886e-001
167 144 103
2 1 1721 69.5300 346.8600 2 1402 29.3700 384.0000
7.1571046459e+000 -2.4562840863e+000 -8.7950321886e-001
167 144 103
2 1 1722 69.5300 346.8600 2 1403 29.3700 384.0000
7.5699224195e+000 -2.5477976568e+000 -8.4178859828e-001
77 59 47
3 1 1729 218.9100 317.1500 2 1446 177.9500 342.9400 3 1425 182.9301 366.0200
8.8989030723e+000 -2.4478764484e+000 -1.2413225330e+000
150 133 83
3 1 1741 645.8800 331.2300 2 1450 609.8400 340.2100 5 1822 778.6500 236.7600
6.4386473237e+000 -2.6833020407e+000 -3.0497804958e-001
55 42 39
3 1 1742 -211.9400 296.3300 2 2025 -264.9600 333.1900 3 1993 -267.7100 363.3700
7.5693153872e+000 -2.6346786557e+000 -7.6857071790e-001
77 59 47
2 1 1744 222.0400 289.7300 2 1462 178.7300 312.8500
6.6161663931e+000 -2.7463637477e+000 -2.4926482174e-001
113 103 93
5 1 1756 -142.8000 274.3500 2 2040 -194.6100 303.5500 3 2011 -198.2800 329.2500 5 2769 -99.9300 240.0200 6 2322 -50.4500 272.5000
6.6453360323e+000 -2.7917587801e+000 -2.0575226616e-001
62 41 38
6 1 1757 -131.1300 257.2800 2 1457 -186.1300 284.8400 3 2028 -190.2100 309.2600 4 2311 -177.7000 225.1100 5 2411 -91.7100 210.7000 6 2666 -45.2600 245.4400
7.6562194391e+000 -2.7224881190e+000 -7.7362323534e-001
72 58 46
3 1 1772 253.5300 257.6100 2 1514 208.6300 277.7300 3 2037 208.9500 297.3500
7.8452344590e+000 -2.6624905409e+000 -8.8427832033e-001
98 79 62
2 1 1780 315.7200 273.9900 2 1485 271.7500 294.2300
9.0188350071e+000 -2.6621919290e+000 -1.1175679036e+000
141 119 70
2 1 1784 701.6300 265.5200 2 889 658.8199 266.8600
6.2468571971e+000 -2.8608634488e+000 -2.0104734513e-001
141 143 129
2 1 1791 -298.2800 229.0200 2 1490 -354.2800 265.2000
6.3403144430e+000 -2.8205852251e+000 -1.6773675394e-001
80 70 61
3 1 1794 -260.9500 247.5300 2 2053 -316.3900 281.0100 3 2021 -323.2700 309.4300
6.4972139743e+000 -2.9009948488e+000 1.8164266692e-002
64 48 33
3 1 1799 -205.0200 223.2300 2 1535 -262.3800 244.3600 3 2051 -270.4600 265.1400
6.5567943102e+000 -2.8296771458e+000 -1.1289707748e-001
68 56 48
2 1 1800 -173.3200 247.1000 2 2056 -227.4300 272.8600
7.3591637696e+000 -2.8330190073e+000 -6.3098701958e-001
70 61 56
15 1 1806 148.9600 223.2800 2 1544 100.4200 244.5800 3 1520 97.9700 261.6500 4 1817 108.7800 185.1400 5 2431 207.6600 174.9800 7 957 174.3800 43.4000 8 2184 130.6400 130.2600 9 1758 90.1400 53.4700 10 1589 85.5601 77.2800 12 1577 65.1700 10.0400 13 2112 38.0200 -74.3200 14 1220 29.6400 78.5700 15 1566 83.3800 -112.3500 16 1169 100.6899 -123.3300 18 634 115.1000 -205.9400
7.5580470623e+000 -2.7680115915e+000 -6.9816348586e-001
74 60 47
3 1 1808 221.0900 244.5700 2 1509 174.8900 263.2000 3 1474 173.3700 283.8200
7.5509313919e+000 -2.8078646914e+000 -7.3773329195e-001
90 76 62
2 1 1809 217.4500 227.3100 2 2082 168.2600 249.2400
6.0868932279e+000 -2.9504225423e+000 -1.5368003230e-001
95 91 82
4 1 1818 -370.3900 192.8600 2 2070 -427.5000 232.0000 3 2044 -434.9900 265.2200 4 2323 -422.7600 194.4600
6.2273289715e+000 -2.8913718785e+000 -1.4652122840e-001
86 88 77
2 1 1823 -309.9500 218.6800 2 1489 -368.2200 253.6800
5.9589193417e+000 -3.0234302240e+000 -2.3008198885e-001
154 152 139
2 1 1842 -413.8800 159.8900 2 2086 -475.3000 203.1300
6.4835159719e+000 -2.9894090855e+000 6.0840256794e-002
90 81 72
6 1 1845 -213.3100 184.9000 2 1563 -273.6700 206.4100 3 2070 -283.0200 225.3600 4 2363 -274.9900 132.6900 5 2820 -200.8200 106.4800 6 2390 -151.2000 143.0000
6.2096899894e+000 -3.0877822824e+000 2.8451810699e-002
144 140 123
2 1 1869 -331.5600 140.3800 2 1585 -394.4900 169.1000
6.3076373961e+000 -3.0882261932e+000 6.5223440039e-002
94 86 75
3 1 1871 -291.7700 141.6000 2 1588 -353.6700 165.8400 3 1554 -364.0900 188.7600
6.3200063113e+000 -3.1083505290e+000 8.1356685734e-002
136 137 123
6 1 1872 -288.2800 132.1100 2 1589 -350.4100 157.1000 3 1583 -361.6900 178.7100 4 1878 -355.2200 92.1400 5 1969 -289.7300 68.2100 6 1942 -236.5000 111.2200
6.4304489044e+000 -3.0711878129e+000 9.8134428123e-002
63 54 45
4 1 1873 -238.3400 149.9000 2 1590 -300.5300 170.9500 3 1555 -312.6000 189.3000 4 1880 -305.7600 98.3800
6.5074287665e+000 -3.0695949489e+000 7.2229994371e-002
54 39 32
5 1 1876 -202.9900 150.4000 2 1592 -264.4700 169.5000 3 2110 -275.8500 187.1200 4 1882 -268.9600 95.7000 5 1972 -198.0700 66.1400
6.5271209053e+000 -3.0758885699e+000 6.3973493167e-002
72 61 55
5 1 1877 -193.7200 146.5100 2 949 -255.4100 166.6400 3 900 -265.9700 184.3200 4 1222 -260.5200 92.6400 6 1256 -141.0700 101.8000
6.6145480090e+000 -3.1121634791e+000 6.6843771578e-002
56 46 37
2 1 1878 -155.1000 131.2400 2 1621 -216.5400 147.8400
6.6317903938e+000 -3.1189992959e+000 5.4747862054e-002
91 77 64
6 1 1879 -146.1400 127.8600 2 1622 -208.5100 145.2900 3 1589 -220.2200 159.2800 4 1912 -216.7800 67.9300 5 1995 -143.6700 33.8300 6 1969 -99.5800 73.4500
7.3149153319e+000 -3.0070827438e+000 -8.8809175102e-001
40 28 28
2 1 1884 125.9500 149.8800 2 1598 74.3400 179.9700
6.0814470123e+000 -3.1528088458e+000 -2.3968090619e-002
93 89 78
2 1 1898 -382.5700 110.4700 2 2146 -446.6000 143.9400
6.0829226089e+000 -3.1517718444e+000 -2.6900861622e-002
93 89 78
9 1 1899 -382.5700 110.4700 2 2145 -446.6000 143.9400 3 2098 -455.2900 175.2600 4 2692 -447.2500 101.7100 5 2813 -392.7900 92.5900 6 2698 -334.2100 140.1400 7 1680 -404.6900 -22.8500 8 2522 -462.0900 87.5700 9 2056 -482.3100 31.2100
6.1022653132e+000 -3.1728285296e+000 -3.8539110575e-003
132 128 117
4 1 1900 -375.2700 101.9300 2 1615 -439.7400 134.6400 3 2101 -450.4300 163.6300 4 2404 -443.3700 88.9500
6.1629005054e+000 -3.1836394794e+000 2.5557076040e-002
83 78 67
6 1 1902 -351.6800 97.4800 2 1616 -415.3900 128.1300 3 1601 -426.5300 155.4500 4 1245 -420.7000 76.9700 5 1208 -365.1900 62.0400 6 1253 -309.1000 109.4000
6.5417504521e+000 -3.1601874095e+000 8.2143404866e-002
71 61 52
4 1 1906 -187.6600 110.0500 2 1620 -251.2600 127.9600 3 1609 -263.5500 144.8500 4 1930 -259.9700 54.0300
7.6794445136e+000 -3.1141664697e+000 -5.8764242329e-001
93 78 71
8 1 1908 272.2800 118.8400 2 2158 217.1200 128.0100 3 2129 207.5000 144.0700 4 2412 209.2300 62.9300 5 2506 301.3700 32.8200 6 2436 326.4100 63.7500 7 1403 254.7800 -90.6900 10 2073 134.5800 -51.5700
7.8426990318e+000 -3.1612169749e+000 -5.9969583543e-001
68 54 45
8 1 1909 334.2100 100.2600 2 2190 276.0400 110.0600 3 2158 266.2800 121.6100 5 2523 358.5699 1.7800 6 1995 378.9301 31.7200 7 1028 305.8600 -123.2300 8 1881 244.0400 -39.1000 10 1719 178.3700 -81.2600
7.9075613069e+000 -3.1511314891e+000 -6.7215248008e-001
66 50 37
5 1 1912 353.4500 105.3100 2 1643 295.9000 109.9800 3 2131 285.8400 125.4500 4 2435 285.4900 43.4900 5 2525 380.5699 9.1000
7.9075613069e+000 -3.1511314891e+000 -6.7215248008e-001
66 50 37
5 1 1913 353.4500 105.3100 2 1642 295.9000 109.9800 3 2132 285.8400 125.4500 4 2434 285.4900 43.4900 5 2524 380.5699 9.1000
6.2182581150e+000 -3.2321038026e+000 4.2213259249e-002
104 98 84
6 1 1924 -329.1700 76.6500 2 1633 -393.7800 104.5900 3 1603 -406.2900 130.5500 4 1925 -400.8000 50.9800 5 1228 -344.4000 32.6400 6 1284 -288.2000 80.5200
6.2016820889e+000 -3.2438811200e+000 5.0785543955e-002
89 84 73
2 1 1925 -336.4800 71.7700 2 1632 -402.2700 99.5800
6.1868247944e+000 -3.2690203650e+000 3.3386956298e-002
142 139 122
6 1 1927 -342.2700 60.0800 2 1004 -407.4700 89.5200 3 936 -419.7200 115.9500 4 1278 -415.1200 39.4200 5 2011 -360.0700 21.7600 6 1285 -304.6800 71.0600
6.2985567174e+000 -3.2174332835e+000 5.3904011112e-002
135 132 114
3 1 1928 -294.4100 83.5500 2 1635 -358.3100 109.2100 3 921 -370.9600 132.1400
6.3898472678e+000 -3.2719612779e+000 7.8113060442e-002
136 133 122
6 1 1930 -256.5200 59.4800 2 1659 -321.4300 81.8500 3 1626 -334.8800 102.7700 4 1955 -330.8600 18.8900 5 2543 -270.5000 -9.4800 6 1986 -220.3100 37.5200
6.5156453261e+000 -3.2125576087e+000 9.0176520219e-002
103 94 85
11 1 1932 -201.2000 86.5900 2 1639 -264.8000 105.4600 3 1628 -278.2500 122.1200 4 1932 -275.5300 32.8200 5 2513 -209.1000 -0.4000 6 1989 -161.9100 43.9400 7 1409 -237.5100 -128.6000 8 1838 -299.8400 -32.9600 9 1401 -333.8500 -90.7500 10 1692 -345.3000 -56.7000 12 1696 -357.5700 -116.4600
7.5191281403e+000 -3.2190079975e+000 -6.5918761719e-001
36 27 22
2 1 1936 208.1801 77.0800 2 1641 150.6500 95.8300
7.8105334777e+000 -3.2457336490e+000 -5.9319976587e-001
45 27 23
2 1 1938 322.8300 67.8800 2 1665 261.3101 78.7200
6.2865520972e+000 -3.3324873425e+000 4.7308649956e-002
115 111 100
3 1 1957 -298.7000 32.9000 2 1683 -365.0100 58.0400 3 1653 -378.5600 83.2400
6.6078282685e+000 -3.2810333924e+000 9.5317277626e-002
112 108 96
3 1 1958 -158.7700 56.2100 2 1661 -224.0200 72.0100 3 1656 -238.9600 87.7800
7.6485482130e+000 -3.2982992864e+000 -6.5614162101e-001
51 33 29
5 1 1962 257.4100 47.6700 2 1663 197.1000 61.6700 3 1660 183.4500 82.8200 4 1966 182.2100 5.2200 5 2047 265.4301 -22.4100
6.2614020702e+000 -3.3456217358e+000 3.0006775072e-002
124 119 109
3 1 1983 -308.4000 26.7600 2 1681 -374.7200 54.1600 3 1650 -388.2900 79.4100
6.2779170450e+000 -3.3608588441e+000 5.2162597862e-002
55 52 44
3 1 1984 -303.4400 19.8000 2 1682 -369.0000 46.7700 3 1651 -383.6600 70.3300
6.3841340969e+000 -3.4016463134e+000 1.0449084699e-001
65 54 48
6 1 1986 -259.6700 1.1200 2 1701 -326.3400 24.5400 3 1675 -342.5800 44.7500 4 2486 -343.9900 -38.6300 5 2571 -287.6700 -68.6500 7 1049 -312.2100 -180.5400
6.4366462319e+000 -3.3972518078e+000 1.3046074030e-001
56 48 46
5 1 1987 -237.6300 3.6600 2 1702 -304.0900 23.8400 3 986 -320.9900 41.3100 4 1361 -322.4000 -43.3300 6 1367 -218.5900 -26.0500
6.4712579837e+000 -3.3554629228e+000 1.1868624445e-001
108 98 86
12 1 1988 -222.4100 22.0400 2 1686 -289.3100 40.2300 3 1655 -304.4000 59.7000 4 1983 -304.8300 -26.2700 5 2060 -243.9200 -60.6200 6 2025 -197.6300 -11.8000 7 1052 -272.4000 -179.1800 8 1896 -338.7600 -77.3000 9 1419 -370.8900 -127.8000 10 1182 -383.8600 -90.3400 12 1228 -394.9100 -143.6100 14 819 -439.7600 -44.5600
6.7002682236e+000 -3.3564219966e+000 9.4719571481e-002
81 66 59
2 1 1992 -117.5000 22.7500 2 1041 -183.8800 36.0500
6.6907191518e+000 -3.3933496281e+000 1.1216419023e-001
61 50 41
3 1 1993 -122.0900 6.2300 2 1071 -189.9900 18.8300 3 990 -206.7400 33.8800
6.7709607390e+000 -3.3647214568e+000 9.2030235977e-002
76 58 54
3 1 1994 -85.6800 19.3500 2 1042 -152.2700 30.3400 3 1679 -169.6400 44.3000
8.2636456384e+000 -3.3992661985e+000 -1.7021478296e-001
185 194 186
2 1 2000 546.2800 8.2000 2 1757 474.0699 -6.5800
6.4509385511e+000 -3.4841643375e+000 1.3402736118e-001
76 66 54
2 1 2011 -230.9400 -35.5400 2 1734 -300.6300 -16.6700
6.7446977190e+000 -3.4231953074e+000 9.2783084944e-002
45 31 27
4 1 2013 -96.7500 -6.5900 2 1072 -164.9600 5.0700 3 1701 -183.3200 19.4500 4 2037 -188.4100 -70.0800
7.0898758244e+000 -3.4780017870e+000 -5.0971425339e-001
80 58 47
2 1 2015 50.0400 -21.8900 2 1709 -14.4200 2.3800
7.6171571941e+000 -3.4794503230e+000 -8.2801777079e-001
73 58 51
2 1 2019 235.9399 -17.7900 2 1712 173.7500 4.1200
8.6883970128e+000 -3.5373105052e+000 -1.0825635955e+000
74 55 48
2 1 2025 591.8300 -33.6900 2 1758 522.9301 -25.0700
6.7939406814e+000 -3.5411153957e+000 9.0915462047e-002
47 28 22
3 1 2042 -75.0700 -59.6600 2 1770 -146.1900 -47.1000 3 1738 -165.4800 -33.1400
6.9283471945e+000 -3.5171563631e+000 1.7967490323e-002
44 22 16
2 1 2043 -14.1300 -47.1200 2 1743 -85.0300 -35.7500
6.9283471945e+000 -3.5171563631e+000 1.7967490323e-002
44 22 16
2 1 2044 -14.1300 -47.1200 2 1744 -85.0300 -35.7500
7.6380798301e+000 -3.6013181690e+000 -7.2016723950e-001
74 57 53
2 1 2053 249.4399 -63.7900 2 1774 182.6300 -44.5900
7.9803561425e+000 -3.5607612131e+000 -6.5103455463e-001
87 78 73
2 1 2054 382.1500 -49.9500 2 1780 312.2400 -39.6900
7.6222605592e+000 -3.6324834982e+000 -7.5451544948e-001
74 59 52
2 1 2066 242.1600 -74.4900 2 1777 174.3800 -53.6600
7.6396953652e+000 -3.6751940505e+000 -7.5088520189e-001
74 55 48
2 1 2069 248.4500 -90.0500 2 1799 180.0900 -69.5500
7.6764047569e+000 -3.6761575335e+000 -7.4926710243e-001
55 37 30
2 1 2072 262.0699 -90.4300 2 1144 193.2700 -70.6500
7.7804089597e+000 -3.7661271804e+000 -8.0542577293e-001
74 59 54
2 1 2092 295.8101 -121.0200 2 1817 226.3700 -101.5200
8.0290172938e+000 -3.8389363253e+000 -4.2305412229e-001
115 105 93
2 1 2117 421.1801 -163.6400 2 1853 340.5900 -159.0900
8.2660877331e+000 -3.7763005194e+000 -3.8865226038e-001
115 98 82
2 1 2120 518.3800 -140.0400 2 1855 438.2200 -142.9300
7.6391965627e+000 -3.8911402890e+000 -8.3589561206e-001
44 30 27
6 1 2137 243.5000 -165.3700 2 1845 171.5300 -139.9800 3 1812 148.1899 -114.8000 4 2101 134.1600 -170.0500 5 2168 194.6700 -186.0800 6 2134 213.9700 -133.5500
7.9448479050e+000 -3.9213506519e+000 -6.0154706884e-001
66 53 49
2 1 2138 373.1899 -186.9100 2 1878 292.4500 -173.8100
7.9828853851e+000 -4.0068516191e+000 -5.8342158767e-001
63 48 45
2 1 2153 388.5200 -219.9600 2 1899 306.1300 -207.3900
8.0783794257e+000 -3.9665908587e+000 -5.2591158874e-001
108 93 78
3 1 2155 430.1801 -207.6500 2 1901 348.2900 -199.7500 4 1562 292.2800 -262.7200
6.1477450008e+000 -3.8952252945e+000 4.8733867114e-001
64 60 63
2 1 2163 -405.7400 -248.7000 2 1906 -486.1900 -229.6800
8.0240200971e+000 -4.0359358418e+000 -5.8122285237e-001
70 51 45
2 1 2170 403.5000 -230.8500 2 1902 321.6000 -219.2500
8.0371150825e+000 -4.0612467605e+000 -5.9477722397e-001
104 84 73
2 1 2171 407.8000 -239.7100 2 1249 324.1700 -227.2900
7.0648391554e+000 -4.0807848181e+000 -2.7151210173e-001
159 131 91
2 1 2189 42.7500 -269.8500 2 2360 -36.5000 -246.6200
9.2707944041e+000 -4.2765270898e+000 -4.9914471599e-001
162 142 91
3 1 2215 894.5200 -326.7300 2 2384 785.8700 -340.0600 4 1629 691.0200 -435.8200
5.9000159830e+000 -2.4745712742e+000 -1.4411018139e-001
37 21 32
3 1 2274 -449.7100 395.2600 2 1996 -505.5400 444.6700 3 1960 -507.7100 483.2200
7.3724371494e+000 -2.4375672794e+000 -8.9438921830e-001
72 64 62
3 1 2284 145.8600 353.0900 2 2006 107.1300 385.7400 3 2356 114.4800 414.3900
