# Bundle file v0.3
60 6598
0 0 0
0 0 0
0 0 0
0 0 0
0 0 0
1.6656748562e+003 4.8530791853e-002 -1.0809340689e-001
9.9999226345e-001 -2.1170795063e-003 3.3152693780e-003
2.1874864759e-003 9.9976903792e-001 -2.1379563177e-002
-3.2692414415e-003 2.1386649880e-002 9.9976593424e-001
-6.9363058180e+000 3.3735296409e+000 -3.3797984621e+000
1.6971933536e+003 9.4232014439e-003 -8.7597604118e-004
9.9817216704e-001 5.6853453565e-002 2.0494139918e-002
-5.4215884542e-002 9.9223036340e-001 -1.1198010454e-001
-2.6701363572e-002 1.1066431569e-001 9.9349909231e-001
-6.8665978909e+000 3.7543929312e+000 -2.9928355031e+000
1.7033309864e+003 1.7977310101e-002 -1.9328054738e-002
9.9432989408e-001 1.0604481052e-001 7.9094819837e-003
-1.0256672116e-001 9.7603328276e-001 -1.9193514179e-001
-2.8073643409e-002 1.9003559957e-001 9.8137573918e-001
-6.7135736532e+000 4.0555218810e+000 -2.7591915586e+000
1.6725779014e+003 5.0181019434e-002 -1.1084856104e-001
9.8627335776e-001 1.6421014657e-001 -1.7317376833e-002
-1.6259898633e-001 9.4759544721e-001 -2.7499897831e-001
-2.8747755092e-002 2.7403995364e-001 9.6128854689e-001
-6.4775780597e+000 4.1703583885e+000 -2.4712933028e+000
1.6965011913e+003 3.4830902593e-002 -8.9703938144e-002
9.7198872162e-001 2.3216264049e-001 -3.6584606201e-002
-2.2840532366e-001 8.9639702294e-001 -3.7987285424e-001
-5.5397952806e-002 3.7758824879e-001 9.2431497943e-001
-5.9926117470e+000 4.3657882799e+000 -1.7384757913e+000
1.7060420743e+003 1.8876358493e-002 -3.8254860099e-002
9.6312581786e-001 2.6064450354e-001 -6.6731564841e-002
-2.6327712415e-001 8.6189790933e-001 -4.3337876019e-001
-5.5441995574e-002 4.3496716734e-001 8.9873786416e-001
-5.7693181517e+000 4.5728416815e+000 -1.7481657131e+000
1.6995661219e+003 3.4358804603e-002 -6.1081273421e-002
9.5182632163e-001 2.9581383013e-001 -8.0751664666e-002
-2.9811342565e-001 8.3104063988e-001 -4.6957410525e-001
-7.1798599530e-002 4.7102614871e-001 8.7919242964e-001
-5.7456333948e+000 4.3436406651e+000 -1.5646026418e+000
1.6977772823e+003 5.2156419191e-002 -1.1894982535e-001
9.2146404675e-001 3.6975150272e-001 -1.1911270621e-001
-3.6172026120e-001 7.0489397436e-001 -6.1014993039e-001
-1.4164202477e-001 6.0531670318e-001 7.8328106428e-001
-5.4464350037e+000 4.5520509331e+000 -7.0466116860e-001
1.6743732814e+003 8.0085111813e-002 -1.7762522921e-001
9.0211367749e-001 3.9999448936e-001 -1.6184968755e-001
-4.0656495729e-001 6.6227232379e-001 -6.2936500113e-001
-1.4455396357e-001 6.3356118696e-001 7.6006866400e-001
-5.3323646013e+000 4.5752974157e+000 -7.5148204088e-001
1.6960251496e+003 4.4680163692e-002 -7.7774260239e-002
8.7793016315e-001 4.3602648016e-001 -1.9778659518e-001
-4.4317990780e-001 5.8372562229e-001 -6.8033518740e-001
-1.8119105374e-001 6.8494182708e-001 7.0570850608e-001
-5.0886449083e+000 4.6384226858e+000 -4.0226970117e-001
0 0 0
0 0 0
0 0 0
0 0 0
0 0 0
1.6915321027e+003 4.4350232453e-002 -1.0248361095e-001
8.5937369699e-001 4.5381079527e-001 -2.3565358266e-001
-4.6713046982e-001 5.0926336082e-001 -7.2280007851e-001
-2.0800474295e-001 7.3123634444e-001 6.4963638713e-001
-4.9704428583e+000 4.4123220798e+000 -2.2333339395e-001
1.6846999082e+003 4.2466878644e-002 -8.6395582986e-002
8.4783471931e-001 4.6972165544e-001 -2.4604441703e-001
-4.8098729842e-001 4.8592007639e-001 -7.2974851704e-001
-2.2322075956e-001 7.3705036854e-001 6.3791006163e-001
-4.9159944952e+000 4.2319605571e+000 -7.9813739222e-002
1.6766471868e+003 6.3907765567e-002 -1.3348701255e-001
8.1699342962e-001 4.8866957407e-001 -3.0614340323e-001
-4.9479018633e-001 3.2140995487e-001 -8.0738981442e-001
-2.9614929931e-001 8.1110892505e-001 5.0437873095e-001
-4.6959692865e+000 4.1976179525e+000 5.9617524850e-001
1.6758420841e+003 5.7868195408e-002 -1.2205022371e-001
7.9486961364e-001 4.8635752032e-001 -3.6282042355e-001
-5.1278050142e-001 2.1873826143e-001 -8.3018656358e-001
-3.2440476981e-001 8.4593731175e-001 4.2326305049e-001
-4.4465100950e+000 3.5421826416e+000 8.7164890754e-001
1.6783796035e+003 5.0982506960e-002 -1.0865188311e-001
7.6591214418e-001 4.9166429425e-001 -4.1430038518e-001
-5.1258937729e-001 7.7971597555e-002 -8.5508628820e-001
-3.8811173350e-001 8.6728694890e-001 3.1174128789e-001
-4.2140088480e+000 3.1034167532e+000 1.4092893984e+000
1.6836819481e+003 3.5519830466e-002 -7.8510374510e-002
7.4771699812e-001 4.8487534678e-001 -4.5366858917e-001
-5.2210188848e-001 7.1602120336e-003 -8.5285306437e-001
-4.1027906205e-001 8.7455396028e-001 2.5850814648e-001
-4.0184573080e+000 2.9124187855e+000 1.6292963701e+000
1.6811272420e+003 6.1263663137e-002 -1.4387266566e-001
7.1906893944e-001 4.9929216030e-001 -4.8337066419e-001
-5.2807229308e-001 -5.9576907070e-002 -8.4710698582e-001
-4.5175160609e-001 8.6438297693e-001 2.2082245262e-001
-3.8719364236e+000 2.6442720271e+000 1.9365452794e+000
1.6875012757e+003 4.1943335865e-002 -1.1775182061e-001
6.7175381187e-001 4.9274258729e-001 -5.5312888093e-001
-5.2076542692e-001 -2.1691391090e-001 -8.2568258149e-001
-5.2683032028e-001 8.4270581933e-001 1.1089055733e-001
-3.6056166574e+000 2.0214304474e+000 2.4391446156e+000
1.6888783183e+003 4.8929243509e-002 -1.2795325943e-001
6.5404530872e-001 4.7434456151e-001 -5.8925543791e-001
-5.0004119017e-001 -3.1339844872e-001 -8.0730429237e-001
-5.6761214071e-001 8.2266557562e-001 3.2215033947e-002
-3.5046568226e+000 1.6684116939e+000 2.6473312116e+000
1.6876770564e+003 4.7974335338e-002 -1.2492980993e-001
6.3462258112e-001 4.2034144910e-001 -6.4851156173e-001
-4.7344582291e-001 -4.5178325093e-001 -7.5613553477e-001
-6.1082176803e-001 7.8689577477e-001 -8.7702949542e-002
-3.5108684038e+000 1.0865880547e+000 2.5378212296e+000
0 0 0
0 0 0
0 0 0
0 0 0
0 0 0
1.6783579250e+003 5.4585813996e-002 -1.3885734597e-001
6.1884040345e-001 4.1423627505e-001 -6.6741655920e-001
-4.6021350191e-001 -4.9736634737e-001 -7.3541161887e-001
-6.3658470585e-001 7.6225653486e-001 -1.1715326431e-001
-3.5306320910e+000 7.6548335845e-001 2.5510935648e+000
1.7095581477e+003 2.8816099801e-002 -1.1367192345e-001
6.0459915430e-001 3.6605790164e-001 -7.0743301822e-001
-4.2215087362e-001 -6.0589206042e-001 -6.7430219562e-001
-6.7546169582e-001 7.0632600388e-001 -2.1179016436e-001
-3.6132895782e+000 2.8531769595e-001 2.3771332298e+000
1.6912889905e+003 2.9569490920e-002 -9.9650898329e-002
5.9353745206e-001 3.2598987273e-001 -7.3582871368e-001
-4.0644369877e-001 -6.6771859799e-001 -6.2366288461e-001
-6.9463430144e-001 6.6924022352e-001 -2.6381946571e-001
-3.6095225793e+000 -1.4765768134e-001 2.3286312615e+000
1.6770940783e+003 3.5667879726e-002 -1.2122881395e-001
5.5613900723e-001 3.0070172704e-001 -7.7478247011e-001
-3.5908007618e-001 -7.5380538900e-001 -5.5030803593e-001
-7.4951377808e-001 5.8425671316e-001 -3.1124458163e-001
-3.5695213165e+000 -4.1831187278e-001 2.5343900298e+000
1.6859752426e+003 3.2483036410e-002 -1.1110776880e-001
5.4901778747e-001 2.5497425202e-001 -7.9596959731e-001
-3.1773584080e-001 -8.1716504463e-001 -4.8092122568e-001
-7.7306106131e-001 5.1694237653e-001 -3.6762368645e-001
-3.6470982058e+000 -7.8232121919e-001 2.3405368723e+000
1.7257286745e+003 -9.3012021224e-003 -4.5155962379e-003
5.2651601729e-001 2.0336981570e-001 -8.2548264767e-001
-2.6531420215e-001 -8.8316981025e-001 -3.8680674813e-001
-8.0770617038e-001 4.2267221854e-001 -4.1104615069e-001
-3.7473239822e+000 -1.4512325286e+000 2.0846996805e+000
1.6748498053e+003 3.1229352133e-002 -1.0213746980e-001
5.2717549233e-001 1.5875435511e-001 -8.3479521741e-001
-2.3101179569e-001 -9.1861963498e-001 -3.2057996894e-001
-8.1775274413e-001 3.6184944517e-001 -4.4759962969e-001
-3.7984457376e+000 -1.5194487054e+000 2.0389423702e+000
1.7346986476e+003 7.6368683725e-003 -4.6502823583e-002
4.9450647115e-001 1.3369160685e-001 -8.5883054455e-001
-1.7648763787e-001 -9.5207095222e-001 -2.4982597068e-001
-8.5106724980e-001 2.7511353330e-001 -4.4721033097e-001
-3.8028916359e+000 -1.9341610347e+000 2.0265497269e+000
1.6964022820e+003 -2.2244700583e-003 -3.1904064589e-002
4.7348478576e-001 7.2406834619e-002 -8.7782082907e-001
-9.7945041239e-002 -9.8610620954e-001 -1.3416896956e-001
-8.7533932081e-001 1.4950516311e-001 -4.5981439696e-001
-3.9874977881e+000 -2.6308381818e+000 1.8473467470e+000
1.7076669797e+003 -1.5715021426e-002 -1.7242964909e-002
4.8276855769e-001 2.1945124361e-002 -8.7547297573e-001
-5.0608844864e-002 -9.9731619942e-001 -5.2906929568e-002
-8.7428442999e-001 6.9848478090e-002 -4.8036228576e-001
-4.1402382332e+000 -2.8167420005e+000 1.4501616915e+000
0 0 0
0 0 0
0 0 0
0 0 0
0 0 0
1.6780778852e+003 8.7462217853e-003 -3.4466764532e-002
4.8151056412e-001 -2.4635727558e-002 -8.7609397759e-001
-6.2934666164e-003 -9.9967628563e-001 2.4651900950e-002
-8.7641769090e-001 -6.3564825321e-003 -4.8150973636e-001
-4.3628028146e+000 -3.0140745685e+000 1.1190386613e+000
1.7133086837e+003 -4.7839971338e-002 8.9010170783e-002
4.6796753679e-001 -8.8976571807e-002 -8.7925511325e-001
4.1617187874e-002 -9.9159618487e-001 1.2249496241e-001
-8.8276519765e-001 -9.3915791064e-002 -4.6033186942e-001
-4.4898975782e+000 -3.3300396433e+000 9.7585301398e-001
1.7117011587e+003 -8.2930619278e-003 -7.4539887849e-003
4.8021152357e-001 -1.4345141375e-001 -8.6534304442e-001
8.4848355360e-002 -9.7431320197e-001 2.0860139274e-001
-8.7303931711e-001 -1.7359572677e-001 -4.5570481062e-001
-4.6686204975e+000 -3.5529527256e+000 6.2796848444e-001
1.7112273212e+003 -3.1558840483e-002 6.9765751682e-002
4.8822853960e-001 -1.8270113271e-001 -8.5337751858e-001
1.3740470870e-001 -9.4955299589e-001 2.8190256123e-001
-8.6183109664e-001 -2.5489096513e-001 -4.3849487654e-001
-4.8176234964e+000 -3.7838117799e+000 2.7850165383e-001
1.7226204426e+003 -4.1848077997e-002 7.2932057957e-002
5.0310824191e-001 -2.3976373880e-001 -8.3029840809e-001
2.0573288251e-001 -8.9989782630e-001 3.8452292945e-001
-8.3937838784e-001 -3.6427633984e-001 -4.0341872819e-001
-5.0474777374e+000 -3.7830041503e+000 -2.1941792613e-001
1.7317545223e+003 -8.3469245216e-003 -2.0222884381e-002
5.1093912538e-001 -2.8263505664e-001 -8.1182426357e-001
2.4549178753e-001 -8.5709605694e-001 4.5290190046e-001
-8.2381732952e-001 -4.3070149053e-001 -3.6853932442e-001
-5.1852195788e+000 -3.9401776067e+000 -4.3942914873e-001
1.7356410003e+003 -4.1921770916e-002 4.9859452711e-002
5.1825020593e-001 -3.3614182259e-001 -7.8640027922e-001
2.8085822383e-001 -8.0162840555e-001 5.2774099473e-001
-8.0779662178e-001 -4.9436886484e-001 -3.2103589101e-001
-5.4416082194e+000 -4.1841063400e+000 -7.2742131294e-001
0 0 0
0 0 0
0 0 0
0 0 0
0 0 0
0 0 0
0 0 0
0 0 0
0 0 0
0 0 0
0 0 0
0 0 0
0 0 0
0 0 0
0 0 0
0 0 0
0 0 0
0 0 0
0 0 0
0 0 0
0 0 0
0 0 0
0 0 0
0 0 0
0 0 0
0 0 0
0 0 0
0 0 0
0 0 0
0 0 0
0 0 0
0 0 0
0 0 0
0 0 0
0 0 0
0 0 0
0 0 0
0 0 0
0 0 0
0 0 0
0 0 0
0 0 0
0 0 0
0 0 0
0 0 0
0 0 0
0 0 0
0 0 0
0 0 0
0 0 0
0 0 0
0 0 0
0 0 0
0 0 0
0 0 0
0 0 0
0 0 0
0 0 0
0 0 0
0 0 0
0 0 0
0 0 0
0 0 0
0 0 0
0 0 0
0 0 0
0 0 0
0 0 0
0 0 0
0 0 0
0 0 0
0 0 0
0 0 0
0 0 0
0 0 0
0 0 0
0 0 0
0 0 0
0 0 0
0 0 0
0 0 0
0 0 0
0 0 0
0 0 0
0 0 0
0 0 0
0 0 0
0 0 0
0 0 0
0 0 0
0 0 0
0 0 0
0 0 0
0 0 0
0 0 0
7.4693735716e+000 -2.2343748692e+000 -1.0574758172e+000
113 107 95
3 1 79 198.2000 436.9400 2 65 166.3700 472.8400 3 27 180.2600 505.1500
7.4743044650e+000 -2.2774080167e+000 -9.7133276705e-001
109 95 79
2 1 80 204.2600 428.1400 2 66 170.8300 461.6800
7.4949939790e+000 -2.2535142798e+000 -1.0318050342e+000
111 103 80
2 1 81 208.8900 431.8900 2 67 176.7700 466.7900
7.5217165188e+000 -2.2651327472e+000 -1.0466853397e+000
107 96 75
2 1 82 218.3400 426.2000 2 68 185.6100 460.8200
8.7677905381e+000 -2.1527888874e+000 -1.3402880219e+000
188 174 126
2 1 85 639.9301 443.2500 2 763 614.9800 458.4300
7.3303946978e+000 -2.4099146157e+000 -9.8513425098e-001
104 94 92
2 1 122 149.0300 376.5100 2 93 112.1400 412.1800
7.3485248714e+000 -2.4801146657e+000 -9.0268538283e-001
138 137 133
2 1 123 159.0500 355.8600 2 116 120.0100 388.0600
7.9039001354e+000 -2.6097773722e+000 -9.9931811460e-001
73 54 37
2 1 172 363.4399 300.7800 2 175 323.1899 321.2300
6.4239020017e+000 -2.7626862983e+000 -3.1437031893e-001
76 68 59
2 1 189 -224.5800 279.6100 2 829 -277.3500 314.3000
6.5810830914e+000 -2.8276493134e+000 -2.2050603702e-001
110 97 88
2 1 192 -158.2800 256.2000 2 208 -212.6300 282.9700
6.1657916270e+000 -2.8677661735e+000 -3.1908825946e-001
71 60 60
3 1 219 -337.6900 232.5300 2 861 -395.0100 273.5900 3 789 -400.6100 308.3900
6.2192157251e+000 -2.9017322575e+000 -2.4529402438e-001
124 124 114
2 1 220 -321.0200 221.3200 2 863 -377.5200 257.8300
6.2972230919e+000 -2.8697380093e+000 -2.4720139451e-001
98 95 82
2 1 224 -285.4100 235.6300 2 865 -341.4700 270.4900
7.9771496568e+000 -2.8457829845e+000 -9.6075677531e-001
97 76 52
2 1 270 393.9600 213.6800 2 911 346.8400 229.9300
6.1400696088e+000 -3.0384220277e+000 -1.6722294893e-001
149 145 133
2 1 309 -363.6200 162.2300 2 922 -423.9400 197.4100
6.2621031119e+000 -2.9894251270e+000 -1.0944993185e-001
116 113 99
2 1 311 -312.1000 187.2100 2 252 -371.8600 217.4700
6.2621031119e+000 -2.9894251270e+000 -1.0944993185e-001
116 113 99
2 1 312 -312.1000 187.2100 2 253 -371.8600 217.4700
7.6620361375e+000 -2.9723545672e+000 -6.6861037887e-001
91 73 59
2 1 326 294.7800 174.5400 2 932 242.1600 188.3400
6.3747873445e+000 -3.0835154166e+000 -3.9128161085e-002
92 86 74
2 1 362 -263.7100 145.3000 2 283 -326.1100 169.5400
6.3457577456e+000 -3.1219648315e+000 3.1781537329e-003
91 89 77
4 1 363 -281.0100 127.7700 2 310 -343.8900 151.4100 3 227 -355.2200 173.0900 4 378 -349.9200 85.4000
6.4962924784e+000 -3.1978528373e+000 -3.4658671231e-002
78 70 59
2 1 396 -206.5400 91.1000 2 336 -269.3600 111.2400
6.1114245702e+000 -3.2127919078e+000 -1.0586608309e-001
94 91 74
3 1 418 -382.2500 82.3300 2 328 -446.4900 116.8300 3 240 -457.9800 146.1500
8.8694055914e+000 -3.1969512349e+000 -8.7588028785e-001
131 114 71
2 1 445 745.5100 82.7900 2 380 681.6400 76.2700
6.6121721777e+000 -3.2976952082e+000 3.2380864208e-002
105 103 90
2 1 473 -153.9700 43.8400 2 401 -219.3900 58.1900
7.8362805030e+000 -3.3685732255e+000 -6.3679600282e-001
85 70 65
2 1 526 367.4200 14.7400 2 1075 302.6700 23.6700
8.1317554596e+000 -3.3660284185e+000 -2.3198768969e-001
157 166 165
2 1 532 541.2000 14.0900 2 434 469.9700 -0.3100
6.4806931507e+000 -3.4163846251e+000 7.6972377225e-002
63 54 46
2 1 545 -220.9900 -14.3200 2 1070 -288.0100 2.0200
7.4391883837e+000 -3.4409287881e+000 -6.2746650361e-001
76 61 56
2 1 550 207.3400 -15.2200 2 1073 140.7500 3.1900
7.9165960328e+000 -3.6176449355e+000 -4.8453031160e-001
98 86 76
3 1 592 415.0400 -90.8600 2 1149 340.7800 -87.0400 3 416 317.0200 -80.1300
6.6954443545e+000 -3.6052895936e+000 1.7942972053e-001
86 73 51
2 1 608 -116.9300 -111.2800 2 1164 -193.0800 -102.9300
6.7280257670e+000 -3.6484663830e+000 1.8932188114e-001
85 70 46
2 1 631 -100.7800 -133.5000 2 1166 -178.0600 -125.9800
7.4294654366e+000 -3.8284800599e+000 -9.0314536374e-001
62 43 29
2 1 645 188.9900 -158.9300 2 501 118.0699 -130.2400
7.9044616288e+000 -3.7729997666e+000 -5.5164546904e-001
79 70 62
7 1 648 401.5000 -153.3900 2 1196 324.9301 -144.6900 3 479 297.4000 -134.0200 4 2133 280.2000 -210.8500 5 1524 344.7900 -253.6000 6 2168 355.2500 -205.4200 8 1431 190.0800 -236.4500
7.6036815325e+000 -2.5213250139e+000 -9.0035165471e-001
78 60 45
4 1 981 256.2500 340.1800 2 1430 217.9000 366.4800 3 1404 225.7400 388.2000 4 1723 246.1899 312.7500
6.5561939260e+000 -2.7395859881e+000 -3.2416419325e-001
117 109 98
6 1 999 -166.4600 288.6200 2 817 -217.6600 321.4300 4 1086 -204.5800 268.5700 5 1086 -120.0100 264.9300 6 1756 -69.7000 297.5700 8 1045 -182.0100 214.1600
6.3539227886e+000 -2.8243881606e+000 -2.6356291046e-001
83 72 60
2 1 1022 -258.7200 255.1400 2 827 -313.6900 289.4700
6.4207549469e+000 -2.7918552235e+000 -2.5937716632e-001
67 57 48
2 1 1023 -228.7700 270.0100 2 1456 -283.2200 302.8100
6.4086241328e+000 -2.8036549625e+000 -2.5746894431e-001
161 155 141
2 1 1024 -234.1300 264.7800 2 828 -289.2600 297.7900
6.2101481638e+000 -2.8256582443e+000 -3.2357756602e-001
86 81 78
3 1 1056 -318.5600 250.9400 2 1453 -373.7300 291.5500 3 1435 -378.5800 325.2100
6.3270714560e+000 -2.8883665323e+000 -1.7530649050e-001
70 66 55
2 1 1058 -277.8900 231.1200 2 868 -333.1200 262.3400
6.3172583118e+000 -2.9107487233e+000 -1.4150993165e-001
88 83 77
3 1 1059 -284.0500 222.4700 2 867 -341.9200 252.7700 3 1510 -348.4800 279.0600
7.1342960410e+000 -2.6894911306e+000 -1.6102913203e+000
169 145 112
3 1 1067 65.4900 241.2200 2 836 22.7000 294.5600 3 778 27.7800 339.7500
8.1127227856e+000 -2.7409376184e+000 -1.0394796004e+000
183 187 174
6 1 1073 437.1100 249.3800 2 1521 393.1899 265.4900 3 1522 396.7200 282.2100 4 1808 410.6801 203.2300 5 1898 527.0000 182.9800 6 1872 554.1500 207.4900
7.2827958973e+000 -2.8647434635e+000 -6.5649027588e-001
135 155 150
3 1 1092 142.0800 218.4800 2 1542 92.2700 240.6600 3 1519 89.7900 262.3700
7.2819758807e+000 -2.8651234503e+000 -6.4916479795e-001
135 155 150
4 1 1093 142.0800 218.4800 2 1541 92.2700 240.6600 3 1518 89.7900 262.3700 4 1816 100.0000 184.0200
7.3250364673e+000 -2.8669598337e+000 -6.4707613432e-001
87 80 70
5 1 1094 159.0300 217.4800 2 1545 109.4301 239.3900 4 1819 118.2000 180.9500 5 1893 215.7600 164.2500 6 1867 249.0400 193.4100
7.8238246641e+000 -2.8498590738e+000 -8.4682070125e-001
92 73 56
2 1 1102 345.2800 216.5400 2 1554 297.0400 232.8400
6.0394248231e+000 -3.0390148391e+000 -2.4372818126e-001
150 150 132
2 1 1118 -401.7000 159.3200 2 920 -462.1200 199.6700
6.1096077402e+000 -3.0369811087e+000 -1.9209679249e-001
150 148 135
2 1 1120 -375.1500 162.0200 2 921 -435.4400 198.8500
7.6995087146e+000 -2.9462224368e+000 -7.1423167270e-001
93 76 60
3 1 1134 306.2000 184.1000 2 931 255.0400 196.9200 3 885 251.3101 212.6800
5.7886666439e+000 -3.0882017418e+000 -4.8052455167e-001
114 111 114
2 1 1150 -484.8100 130.9900 2 940 -545.0300 184.1500
6.0251657285e+000 -3.0891974491e+000 -2.4634505379e-001
140 136 124
3 1 1155 -407.8600 136.4900 2 943 -468.8100 177.3800 3 874 -477.6500 213.0900
6.2058456744e+000 -3.0892697655e+000 -7.6504454693e-002
110 102 87
3 1 1158 -341.0500 141.2200 2 1584 -403.5100 171.9800 3 879 -413.1300 198.2500
5.8715914590e+000 -3.1474443977e+000 -3.6661794762e-001
150 148 133
6 1 1166 -462.3700 106.9200 2 942 -524.2900 156.5600 3 1548 -532.2200 199.2300 4 1835 -522.1400 144.9100 5 1879 -474.6400 162.0100 6 1851 -411.7300 214.4000
6.0856559416e+000 -3.1777319364e+000 -1.2016461812e-001
108 105 98
2 1 1169 -392.9800 98.8600 2 305 -456.7400 133.4200
6.1499226987e+000 -3.1535329726e+000 -9.7056981745e-002
101 97 85
3 1 1173 -365.0500 110.3900 2 963 -428.1600 143.1500 3 898 -439.8800 171.7500
6.2255446476e+000 -3.1289741028e+000 -6.0016103926e-002
110 103 85
2 1 1174 -333.2100 123.1000 2 308 -396.2100 151.9400
6.2003536772e+000 -3.1629628432e+000 -4.7525715404e-002
129 126 111
4 1 1175 -345.2600 106.9700 2 966 -409.9200 136.4700 3 899 -421.0300 162.6400 4 1244 -415.9300 83.9700
6.3201416518e+000 -3.1621235315e+000 1.4083220855e-003
127 122 113
3 1 1178 -292.4300 108.5200 2 309 -357.1300 132.7800 3 243 -369.2600 154.6500
6.3637696779e+000 -3.1871935951e+000 -1.9201499114e-002
105 102 88
3 1 1179 -270.8100 96.1200 2 985 -334.0000 120.0600 3 924 -346.6400 141.2800
6.6027799030e+000 -3.1386973653e+000 -1.7857338204e-002
87 77 65
4 1 1186 -156.4200 119.0900 2 969 -218.0900 137.1200 4 1254 -227.2700 60.4000 7 604 -187.0400 -108.2900
8.9701302675e+000 -3.1255372407e+000 -6.2829397023e-001
178 161 105
2 1 1202 831.9000 114.9100 2 347 767.2000 96.0500
6.1313783016e+000 -3.2028475260e+000 -8.3723775776e-002
121 115 101
7 1 1212 -376.0700 87.6800 2 977 -439.9400 118.9700 3 917 -451.0900 149.4000 4 373 -444.6700 75.8400 5 380 -389.9500 63.5700 6 352 -332.1500 112.2100 9 255 -481.6800 6.1700
6.3647847803e+000 -3.2632803785e+000 -1.6212371080e-003
76 67 60
4 1 1219 -271.1400 60.1100 2 1658 -336.2000 82.8500 3 939 -350.0000 103.7800 4 441 -348.0200 20.9400
6.4874450466e+000 -3.2235421378e+000 4.2666635037e-002
110 101 90
2 1 1221 -214.7900 79.7500 2 986 -279.8800 97.3000
6.5822891889e+000 -3.2243860580e+000 5.7559911938e-002
75 67 57
2 1 1223 -169.3600 79.6100 2 987 -234.3200 93.8800
8.1077004184e+000 -3.2337130188e+000 -3.1844702708e-001
96 81 65
3 1 1230 518.4600 72.7900 2 1669 453.0200 62.1100 3 1691 437.1500 56.0100
8.9779058607e+000 -3.2081659289e+000 -8.1981127925e-001
121 103 70
2 1 1233 796.8800 79.3100 2 1027 732.4600 67.9300
6.2518619681e+000 -3.2715410878e+000 -5.1211259231e-002
86 84 73
2 1 1244 -320.3800 55.5700 2 1005 -387.2400 83.3400
6.3296041325e+000 -3.3085517798e+000 -1.0065709265e-002
114 110 99
6 1 1249 -287.8200 37.9800 2 1012 -353.9700 62.4200 3 962 -367.3200 85.2900 4 1305 -365.8600 3.9000 5 1272 -308.4600 -21.2800 6 431 -256.1500 28.5600
6.3319406490e+000 -3.2770484733e+000 -8.9715006863e-003
140 138 126
6 1 1250 -287.2000 52.9400 2 1006 -352.0900 77.5500 3 1624 -365.5400 99.9600 4 1304 -362.5200 17.9000 5 2039 -304.5500 -7.4900 6 1313 -253.0600 41.0500
6.3319709436e+000 -3.2770988025e+000 -9.3809244892e-003
140 138 126
7 1 1251 -287.2000 52.9400 2 1007 -352.0900 77.5500 3 1625 -365.5400 99.9600 4 1303 -362.5200 17.9000 5 2038 -304.5500 -7.4900 6 1312 -253.0600 41.0500 7 601 -327.2600 -125.2700
6.3571952628e+000 -3.3301625501e+000 1.9480030956e-002
97 90 80
2 1 1252 -276.6800 27.8900 2 1037 -342.9200 49.8600
6.6016466330e+000 -3.3128580719e+000 2.9861064831e-002
128 143 134
3 1 1255 -158.5900 36.3400 2 1040 -224.8600 51.4800 3 963 -240.7100 66.8600
6.6714391874e+000 -3.2740682879e+000 2.1991029729e-002
100 96 89
2 1 1257 -124.5300 55.2200 2 1018 -190.0400 68.4600
8.1506462581e+000 -3.2821707363e+000 -2.2882801868e-001
180 178 166
3 1 1269 550.9900 51.8100 2 1695 481.6000 36.3800 3 1039 462.6500 26.7100
7.3011322509e+000 -3.4758056704e+000 -6.8874498473e-001
42 27 24
2 1 1310 147.0800 -28.1300 2 1745 84.3400 -5.4600
7.4873543724e+000 -3.4880685366e+000 -7.3012449654e-001
54 35 29
2 1 1314 220.2600 -32.3900 2 1097 155.2400 -12.1100
7.9481148009e+000 -3.4844532606e+000 -1.0174459085e+000
82 69 61
2 1 1320 376.2900 -26.1700 2 1101 313.6100 -7.6000
7.8420741381e+000 -3.5346937841e+000 -6.3878187452e-001
54 41 34
3 1 1340 370.1600 -52.3100 2 1122 299.8199 -43.5100 3 1059 279.6700 -29.6300
7.4936554204e+000 -3.6235212474e+000 -7.4688761991e-001
55 35 32
2 1 1365 221.7400 -85.4700 2 1118 153.5100 -64.0600
7.4936554204e+000 -3.6235212474e+000 -7.4688761991e-001
55 35 32
2 1 1366 221.7400 -85.4700 2 1119 153.5100 -64.0600
7.5211592629e+000 -3.6446987886e+000 -7.5227096833e-001
56 35 32
2 1 1367 232.4399 -93.6600 2 1143 163.2800 -72.4500
7.6217792593e+000 -3.6987533484e+000 -7.9972923467e-001
46 28 26
2 1 1393 269.0900 -113.2000 2 1146 198.3400 -92.2600
7.8921357996e+000 -3.7421287087e+000 -5.8417477668e-001
35 26 19
2 1 1418 394.7700 -138.7200 2 1172 317.9399 -129.8400
7.3319614752e+000 -3.8923248956e+000 -8.7372790855e-001
71 45 30
2 1 1442 152.7200 -184.6200 2 1193 81.0601 -154.2500
7.3729257164e+000 -3.8393407823e+000 -7.9478700754e-001
62 39 25
2 1 1444 172.0601 -168.1600 2 1839 99.6600 -141.0300
7.5611719890e+000 -3.8630557161e+000 -8.5234039514e-001
78 64 61
4 1 1447 241.5200 -174.3100 2 522 168.1100 -149.2400 3 1148 146.1600 -122.9900 4 1498 132.6801 -177.9400
6.8375420587e+000 -3.7863828815e+000 1.4296049050e-001
70 56 44
2 1 1468 -45.1800 -199.6300 2 537 -124.7300 -191.4300
9.0353373614e+000 -2.1211659791e+000 -7.2677405776e-001
157 144 92
2 1 1658 840.7600 514.9500 2 1384 818.5400 504.3500
6.1073035807e+000 -2.3546662954e+000 -2.5971183393e-001
78 61 69
2 1 1675 -371.4300 468.1900 2 1364 -421.3300 516.2900
7.3859187830e+000 -2.2552323477e+000 -1.0447749084e+000
81 78 72
3 1 1686 167.5500 430.0200 2 1388 135.0000 467.8000 3 1963 147.9100 500.6500
7.3995184190e+000 -2.4207501853e+000 -9.2168500143e-001
66 57 48
3 1 1706 177.6500 377.1900 2 1404 140.3101 409.9400 3 1974 150.0300 437.0100
7.4005207476e+000 -2.5152234924e+000 -8.2935636693e-001
101 92 82
3 1 1707 181.5800 347.4400 2 1420 142.0500 376.3600 4 2276 170.5699 325.9700
7.5281318987e+000 -2.5075580669e+000 -8.7947373752e-001
77 60 48
4 1 1709 228.3500 347.3400 2 1426 190.6899 374.2500 3 1985 197.4399 396.7500 4 2282 218.8600 322.8300
7.5278004596e+000 -2.5080832310e+000 -8.7251392047e-001
77 60 48
5 1 1710 228.3500 347.3400 2 1427 190.6899 374.2500 3 1986 197.4399 396.7500 4 2281 218.8600 322.8300 6 2294 375.0699 340.9900
7.6402012963e+000 -2.4739414971e+000 -9.3241454029e-001
75 56 42
3 1 1711 269.1300 355.3300 2 1408 230.8101 383.9400 4 2284 262.9600 329.8700
7.6674231986e+000 -2.4849235093e+000 -9.2956421733e-001
100 84 69
2 1 1712 279.1500 352.5400 2 1431 242.0699 377.4900
7.6674231986e+000 -2.4849235093e+000 -9.2956421733e-001
100 84 69
2 1 1713 279.1500 352.5400 2 1432 242.0699 377.4900
7.1153212226e+000 -2.5050818539e+000 -8.9172906663e-001
167 144 103
2 1 1721 69.5300 346.8600 2 1402 29.3700 384.0000
7.1153212226e+000 -2.5050818539e+000 -8.9172906663e-001
167 144 103
2 1 1722 69.5300 346.8600 2 1403 29.3700 384.0000
7.4988521020e+000 -2.5894072822e+000 -8.5366080988e-001
77 59 47
3 1 1729 218.9100 317.1500 2 1446 177.9500 342.9400 3 1425 182.9301 366.0200
8.7372340382e+000 -2.4943020592e+000 -1.2161568884e+000
150 133 83
3 1 1741 645.8800 331.2300 2 1450 609.8400 340.2100 5 1822 778.6500 236.7600
6.4441832891e+000 -2.7169427911e+000 -3.6223177414e-001
55 42 39
3 1 1742 -211.9400 296.3300 2 2025 -264.9600 333.1900 3 1993 -267.7100 363.3700
7.4979047827e+000 -2.6701125479e+000 -7.8550700123e-001
77 59 47
2 1 1744 222.0400 289.7300 2 1462 178.7300 312.8500
6.6088570733e+000 -2.7752120641e+000 -3.0907121466e-001
113 103 93
5 1 1756 -142.8000 274.3500 2 2040 -194.6100 303.5500 3 2011 -198.2800 329.2500 5 2769 -99.9300 240.0200 6 2322 -50.4500 272.5000
6.6357349183e+000 -2.8173066679e+000 -2.6841389261e-001
62 41 38
6 1 1757 -131.1300 257.2800 2 1457 -186.1300 284.8400 3 2028 -190.2100 309.2600 4 2311 -177.7000 225.1100 5 2411 -91.7100 210.7000 6 2666 -45.2600 245.4400
7.5788490192e+000 -2.7515702369e+000 -7.8952593139e-001
72 58 46
3 1 1772 253.5300 257.6100 2 1514 208.6300 277.7300 3 2037 208.9500 297.3500
7.7552404847e+000 -2.6955382214e+000 -8.9122255155e-001
98 79 62
2 1 1780 315.7200 273.9900 2 1485 271.7500 294.2300
8.8483173504e+000 -2.6932235544e+000 -1.1003831737e+000
141 119 70
2 1 1784 701.6300 265.5200 2 889 658.8199 266.8600
6.2655941329e+000 -2.8821519068e+000 -2.6687068625e-001
141 143 129
2 1 1791 -298.2800 229.0200 2 1490 -354.2800 265.2000
6.3521445370e+000 -2.8445596495e+000 -2.3525914170e-001
80 70 61
3 1 1794 -260.9500 247.5300 2 2053 -316.3900 281.0100 3 2021 -323.2700 309.4300
6.4968020136e+000 -2.9188740858e+000 -6.1319554386e-002
64 48 33
3 1 1799 -205.0200 223.2300 2 1535 -262.3800 244.3600 3 2051 -270.4600 265.1400
6.5529033370e+000 -2.8526153565e+000 -1.8276327188e-001
68 56 48
2 1 1800 -173.3200 247.1000 2 2056 -227.4300 272.8600
7.3019078050e+000 -2.8546739660e+000 -6.5856164513e-001
70 61 56
15 1 1806 148.9600 223.2800 2 1544 100.4200 244.5800 3 1520 97.9700 261.6500 4 1817 108.7800 185.1400 5 2431 207.6600 174.9800 7 957 174.3800 43.4000 8 2184 130.6400 130.2600 9 1758 90.1400 53.4700 10 1589 85.5601 77.2800 12 1577 65.1700 10.0400 13 2112 38.0200 -74.3200 14 1220 29.6400 78.5700 15 1566 83.3800 -112.3500 16 1169 100.6899 -123.3300 18 634 115.1000 -205.9400
7.4871427611e+000 -2.7940012673e+000 -7.1998461505e-001
74 60 47
3 1 1808 221.0900 244.5700 2 1509 174.8900 263.2000 3 1474 173.3700 283.8200
7.4808895007e+000 -2.8310722491e+000 -7.5684108639e-001
90 76 62
2 1 1809 217.4500 227.3100 2 2082 168.2600 249.2400
6.1168269450e+000 -2.9655844520e+000 -2.2384446848e-001
95 91 82
4 1 1818 -370.3900 192.8600 2 2070 -427.5000 232.0000 3 2044 -434.9900 265.2200 4 2323 -422.7600 194.4600
6.2471446908e+000 -2.9104895126e+000 -2.1629692916e-001
86 88 77
2 1 1823 -309.9500 218.6800 2 1489 -368.2200 253.6800
5.9984994047e+000 -3.0336765979e+000 -2.9579166961e-001
154 152 139
2 1 1842 -413.8800 159.8900 2 2086 -475.3000 203.1300
6.4839472931e+000 -3.0009909996e+000 -2.1696291716e-002
90 81 72
6 1 1845 -213.3100 184.9000 2 1563 -273.6700 206.4100 3 2070 -283.0200 225.3600 4 2363 -274.9900 132.6900 5 2820 -200.8200 106.4800 6 2390 -151.2000 143.0000
6.2299366438e+000 -3.0928472526e+000 -5.3669538902e-002
144 140 123
2 1 1869 -331.5600 140.3800 2 1585 -394.4900 169.1000
6.3206927057e+000 -3.0930690900e+000 -1.8806458109e-002
94 86 75
3 1 1871 -291.7700 141.6000 2 1588 -353.6700 165.8400 3 1554 -364.0900 188.7600
6.3321195926e+000 -3.1117277905e+000 -3.6942562354e-003
136 137 123
6 1 1872 -288.2800 132.1100 2 1589 -350.4100 157.1000 3 1583 -361.6900 178.7100 4 1878 -355.2200 92.1400 5 1969 -289.7300 68.2100 6 1942 -236.5000 111.2200
6.4345328770e+000 -3.0770130689e+000 1.2625579268e-002
63 54 45
4 1 1873 -238.3400 149.9000 2 1590 -300.5300 170.9500 3 1555 -312.6000 189.3000 4 1880 -305.7600 98.3800
6.5062104602e+000 -3.0754260137e+000 -1.0911087125e-002
54 39 32
5 1 1876 -202.9900 150.4000 2 1592 -264.4700 169.5000 3 2110 -275.8500 187.1200 4 1882 -268.9600 95.7000 5 1972 -198.0700 66.1400
6.5245681157e+000 -3.0812456125e+000 -1.8437702454e-002
72 61 55
5 1 1877 -193.7200 146.5100 2 949 -255.4100 166.6400 3 900 -265.9700 184.3200 4 1222 -260.5200 92.6400 6 1256 -141.0700 101.8000
6.6058140237e+000 -3.1147924711e+000 -1.5136590350e-002
56 46 37
2 1 1878 -155.1000 131.2400 2 1621 -216.5400 147.8400
6.6219239619e+000 -3.1211235189e+000 -2.6264659696e-002
91 77 64
6 1 1879 -146.1400 127.8600 2 1622 -208.5100 145.2900 3 1589 -220.2200 159.2800 4 1912 -216.7800 67.9300 5 1995 -143.6700 33.8300 6 1969 -99.5800 73.4500
7.2629728524e+000 -3.0167267870e+000 -8.9820879524e-001
40 28 28
2 1 1884 125.9500 149.8800 2 1598 74.3400 179.9700
6.1112364572e+000 -3.1535089079e+000 -1.0324677775e-001
93 89 78
2 1 1898 -382.5700 110.4700 2 2146 -446.6000 143.9400
6.1126610293e+000 -3.1525391984e+000 -1.0587513897e-001
93 89 78
9 1 1899 -382.5700 110.4700 2 2145 -446.6000 143.9400 3 2098 -455.2900 175.2600 4 2692 -447.2500 101.7100 5 2813 -392.7900 92.5900 6 2698 -334.2100 140.1400 7 1680 -404.6900 -22.8500 8 2522 -462.0900 87.5700 9 2056 -482.3100 31.2100
6.1304954804e+000 -3.1720547617e+000 -8.4348859002e-002
132 128 117
4 1 1900 -375.2700 101.9300 2 1615 -439.7400 134.6400 3 2101 -450.4300 163.6300 4 2404 -443.3700 88.9500
6.1866609442e+000 -3.1819707098e+000 -5.6579781341e-002
83 78 67
6 1 1902 -351.6800 97.4800 2 1616 -415.3900 128.1300 3 1601 -426.5300 155.4500 4 1245 -420.7000 76.9700 5 1208 -365.1900 62.0400 6 1253 -309.1000 109.4000
6.5381714865e+000 -3.1595100774e+000 -1.4067286010e-003
71 61 52
4 1 1906 -187.6600 110.0500 2 1620 -251.2600 127.9600 3 1609 -263.5500 144.8500 4 1930 -259.9700 54.0300
7.5997309814e+000 -3.1153787315e+000 -6.1610809202e-001
93 78 71
8 1 1908 272.2800 118.8400 2 2158 217.1200 128.0100 3 2129 207.5000 144.0700 4 2412 209.2300 62.9300 5 2506 301.3700 32.8200 6 2436 326.4100 63.7500 7 1403 254.7800 -90.6900 10 2073 134.5800 -51.5700
7.7516144428e+000 -3.1588304934e+000 -6.2615993608e-001
68 54 45
8 1 1909 334.2100 100.2600 2 2190 276.0400 110.0600 3 2158 266.2800 121.6100 5 2523 358.5699 1.7800 6 1995 378.9301 31.7200 7 1028 305.8600 -123.2300 8 1881 244.0400 -39.1000 10 1719 178.3700 -81.2600
7.8124140510e+000 -3.1494049094e+000 -6.9308875553e-001
66 50 37
5 1 1912 353.4500 105.3100 2 1643 295.9000 109.9800 3 2131 285.8400 125.4500 4 2435 285.4900 43.4900 5 2525 380.5699 9.1000
7.8124140510e+000 -3.1494049094e+000 -6.9308875553e-001
66 50 37
5 1 1913 353.4500 105.3100 2 1642 295.9000 109.9800 3 2132 285.8400 125.4500 4 2434 285.4900 43.4900 5 2524 380.5699 9.1000
6.2380543193e+000 -3.2268857595e+000 -4.0692714127e-002
104 98 84
6 1 1924 -329.1700 76.6500 2 1633 -393.7800 104.5900 3 1603 -406.2900 130.5500 4 1925 -400.8000 50.9800 5 1228 -344.4000 32.6400 6 1284 -288.2000 80.5200
6.2226078583e+000 -3.2378474515e+000 -3.2862224613e-002
89 84 73
2 1 1925 -336.4800 71.7700 2 1632 -402.2700 99.5800
6.2089688093e+000 -3.2612393338e+000 -4.9087165944e-002
142 139 122
6 1 1927 -342.2700 60.0800 2 1004 -407.4700 89.5200 3 936 -419.7200 115.9500 4 1278 -415.1200 39.4200 5 2011 -360.0700 21.7600 6 1285 -304.6800 71.0600
6.3125438682e+000 -3.2131151319e+000 -2.9298340790e-002
135 132 114
3 1 1928 -294.4100 83.5500 2 1635 -358.3100 109.2100 3 921 -370.9600 132.1400
6.3972773252e+000 -3.2635929879e+000 -6.1262747780e-003
136 133 122
6 1 1930 -256.5200 59.4800 2 1659 -321.4300 81.8500 3 1626 -334.8800 102.7700 4 1955 -330.8600 18.8900 5 2543 -270.5000 -9.4800 6 1986 -220.3100 37.5200
6.5139496945e+000 -3.2081987406e+000 5.8848612992e-003
103 94 85
11 1 1932 -201.2000 86.5900 2 1639 -264.8000 105.4600 3 1628 -278.2500 122.1200 4 1932 -275.5300 32.8200 5 2513 -209.1000 -0.4000 6 1989 -161.9100 43.9400 7 1409 -237.5100 -128.6000 8 1838 -299.8400 -32.9600 9 1401 -333.8500 -90.7500 10 1692 -345.3000 -56.7000 12 1696 -357.5700 -116.4600
7.4514583727e+000 -3.2131362903e+000 -6.8365532166e-001
36 27 22
2 1 1936 208.1801 77.0800 2 1641 150.6500 95.8300
7.7218154249e+000 -3.2374139642e+000 -6.2022891365e-001
45 27 23
2 1 1938 322.8300 67.8800 2 1665 261.3101 78.7200
6.3016240078e+000 -3.3200172071e+000 -3.5420816230e-002
115 111 100
3 1 1957 -298.7000 32.9000 2 1683 -365.0100 58.0400 3 1653 -378.5600 83.2400
6.5996629575e+000 -3.2716366311e+000 1.1409887447e-002
112 108 96
3 1 1958 -158.7700 56.2100 2 1661 -224.0200 72.0100 3 1656 -238.9600 87.7800
7.5718476497e+000 -3.2865983376e+000 -6.7991860376e-001
51 33 29
5 1 1962 257.4100 47.6700 2 1663 197.1000 61.6700 3 1660 183.4500 82.8200 4 1966 182.2100 5.2200 5 2047 265.4301 -22.4100
6.2783945321e+000 -3.3322768005e+000 -5.1666370300e-002
124 119 109
3 1 1983 -308.4000 26.7600 2 1681 -374.7200 54.1600 3 1650 -388.2900 79.4100
6.2936163100e+000 -3.3463823458e+000 -3.0948219500e-002
55 52 44
3 1 1984 -303.4400 19.8000 2 1682 -369.0000 46.7700 3 1651 -383.6600 70.3300
6.3920008081e+000 -3.3840442532e+000 1.8433377071e-002
65 54 48
6 1 1986 -259.6700 1.1200 2 1701 -326.3400 24.5400 3 1675 -342.5800 44.7500 4 2486 -343.9900 -38.6300 5 2571 -287.6700 -68.6500 7 1049 -312.2100 -180.5400
6.4406024258e+000 -3.3798472980e+000 4.2933090629e-002
56 48 46
5 1 1987 -237.6300 3.6600 2 1702 -304.0900 23.8400 3 986 -320.9900 41.3100 4 1361 -322.4000 -43.3300 6 1367 -218.5900 -26.0500
6.4727424820e+000 -3.3410046725e+000 3.2133225661e-002
108 98 86
12 1 1988 -222.4100 22.0400 2 1686 -289.3100 40.2300 3 1655 -304.4000 59.7000 4 1983 -304.8300 -26.2700 5 2060 -243.9200 -60.6200 6 2025 -197.6300 -11.8000 7 1052 -272.4000 -179.1800 8 1896 -338.7600 -77.3000 9 1419 -370.8900 -127.8000 10 1182 -383.8600 -90.3400 12 1228 -394.9100 -143.6100 14 819 -439.7600 -44.5600
6.6856561014e+000 -3.3415065191e+000 1.1561012267e-002
81 66 59
2 1 1992 -117.5000 22.7500 2 1041 -183.8800 36.0500
6.6767295688e+000 -3.3758059851e+000 2.7744071903e-002
61 50 41
3 1 1993 -122.0900 6.2300 2 1071 -189.9900 18.8300 3 990 -206.7400 33.8800
6.7513508740e+000 -3.3490979443e+000 9.5742385378e-003
76 58 54
3 1 1994 -85.6800 19.3500 2 1042 -152.2700 30.3400 3 1679 -169.6400 44.3000
8.1399545524e+000 -3.3788988149e+000 -2.2356360549e-001
185 194 186
2 1 2000 546.2800 8.2000 2 1757 474.0699 -6.5800
6.4540069506e+000 -3.4605469360e+000 4.6444448310e-002
76 66 54
2 1 2011 -230.9400 -35.5400 2 1734 -300.6300 -16.6700
6.7270451372e+000 -3.4034593504e+000 1.0097072929e-002
45 31 27
4 1 2013 -96.7500 -6.5900 2 1072 -164.9600 5.0700 3 1701 -183.3200 19.4500 4 2037 -188.4100 -70.0800
7.0519747849e+000 -3.4543827408e+000 -5.4740685120e-001
80 58 47
2 1 2015 50.0400 -21.8900 2 1709 -14.4200 2.3800
7.5442230743e+000 -3.4551557342e+000 -8.3973898300e-001
73 58 51
2 1 2019 235.9399 -17.7900 2 1712 173.7500 4.1200
8.5420908316e+000 -3.5073900524e+000 -1.0691070275e+000
74 55 48
2 1 2025 591.8300 -33.6900 2 1758 522.9301 -25.0700
6.7729981018e+000 -3.5129041265e+000 8.8675790269e-003
47 28 22
3 1 2042 -75.0700 -59.6600 2 1770 -146.1900 -47.1000 3 1738 -165.4800 -33.1400
6.8983053015e+000 -3.4904963546e+000 -5.8002089103e-002
44 22 16
2 1 2043 -14.1300 -47.1200 2 1743 -85.0300 -35.7500
6.8983053015e+000 -3.4904963546e+000 -5.8002089103e-002
44 22 16
2 1 2044 -14.1300 -47.1200 2 1744 -85.0300 -35.7500
7.5630870033e+000 -3.5682616097e+000 -7.3914955909e-001
74 57 53
2 1 2053 249.4399 -63.7900 2 1774 182.6300 -44.5900
7.8806021935e+000 -3.5299247763e+000 -6.7252205326e-001
87 78 73
2 1 2054 382.1500 -49.9500 2 1780 312.2400 -39.6900
7.5486897099e+000 -3.5972874443e+000 -7.7117695685e-001
74 59 52
2 1 2066 242.1600 -74.4900 2 1777 174.3800 -53.6600
7.5649375762e+000 -3.6369446755e+000 -7.6762710650e-001
74 55 48
2 1 2069 248.4500 -90.0500 2 1799 180.0900 -69.5500
7.5990429842e+000 -3.6377769249e+000 -7.6586746745e-001
55 37 30
2 1 2072 262.0699 -90.4300 2 1144 193.2700 -70.6500
7.6962639130e+000 -3.7212760976e+000 -8.1726547538e-001
74 59 54
2 1 2092 295.8101 -121.0200 2 1817 226.3700 -101.5200
7.9245980444e+000 -3.7880805875e+000 -4.5987875113e-001
115 105 93
2 1 2117 421.1801 -163.6400 2 1853 340.5900 -159.0900
8.1445445647e+000 -3.7294471795e+000 -4.2627865220e-001
115 98 82
2 1 2120 518.3800 -140.0400 2 1855 438.2200 -142.9300
7.5655064560e+000 -3.8377836432e+000 -8.4676172898e-001
44 30 27
6 1 2137 243.5000 -165.3700 2 1845 171.5300 -139.9800 3 1812 148.1899 -114.8000 4 2101 134.1600 -170.0500 5 2168 194.6700 -186.0800 6 2134 213.9700 -133.5500
7.8478529201e+000 -3.8650182630e+000 -6.2636231853e-001
66 53 49
2 1 2138 373.1899 -186.9100 2 1878 292.4500 -173.8100
7.8832144931e+000 -3.9443869011e+000 -6.0913446828e-001
63 48 45
2 1 2153 388.5200 -219.9600 2 1899 306.1300 -207.3900
7.9715170303e+000 -3.9067794861e+000 -5.5522116404e-001
108 93 78
3 1 2155 430.1801 -207.6500 2 1901 348.2900 -199.7500 4 1562 292.2800 -262.7200
6.1707022805e+000 -3.8424911046e+000 3.7297599690e-001
64 60 63
2 1 2163 -405.7400 -248.7000 2 1906 -486.1900 -229.6800
7.9214749955e+000 -3.9713425380e+000 -6.0675563216e-001
70 51 45
2 1 2170 403.5000 -230.8500 2 1902 321.6000 -219.2500
7.9337933254e+000 -3.9948624989e+000 -6.1925114012e-001
104 84 73
2 1 2171 407.8000 -239.7100 2 1249 324.1700 -227.2900
7.0280619632e+000 -4.0141978995e+000 -3.2544253902e-001
159 131 91
2 1 2189 42.7500 -269.8500 2 2360 -36.5000 -246.6200
9.0805785605e+000 -4.1929834419e+000 -5.2156907351e-001
162 142 91
3 1 2215 894.5200 -326.7300 2 2384 785.8700 -340.0600 4 1629 691.0200 -435.8200
5.9422834369e+000 -2.5237572768e+000 -2.1661265540e-001
37 21 32
3 1 2274 -449.7100 395.2600 2 1996 -505.5400 444.6700 3 1960 -507.7100 483.2200
7.3155125795e+000 -2.4873266604e+000 -9.0405539483e-001
72 64 62
3 1 2284 145.8600 353.0900 2 2006 107.1300 385.7400 3 2356 114.4800 414.3900
7.3716826239e+000 -2.5088450696e+000 -8.4087509648e-001
65 58 50
9 1 2286 169.6500 348.7200 2 2015 130.7500 378.9300 3 1981 137.3300 405.5800 4 2275 158.8500 329.9100 5 2744 272.7900 330.1000 6 2628 312.3101 356.4300 7 1601 252.2300 193.5800 8 2452 224.8500 272.3900 9 2022 187.6700 184.9500
8.8811911353e+000 -2.4762212024e+000 -9.9993380682e-001
168 151 97
4 1 2287 731.3700 352.1200 2 2019 694.3400 350.0400 3 2003 707.5100 353.8700 4 2318 728.5000 251.7400
7.0697951852e+000 -2.5482078700e+000 -1.0134255520e+000
167 145 108
4 1 2290 50.1600 321.0000 2 2013 8.8300 363.7500 3 1978 14.7100 400.3000 4 2270 37.1200 339.9600
7.0697951852e+000 -2.5482078700e+000 -1.0134255520e+000
167 145 108
4 1 2291 50.1600 321.0000 2 2014 8.8300 363.7500 3 1979 14.7100 400.3000 4 2271 37.1200 339.9600
7.4354136195e+000 -2.5461777844e+000 -8.4060491950e-001
77 65 53
4 1 2294 195.0900 334.7700 2 2016 154.9100 361.1600 3 1984 160.4200 388.0500 4 2290 180.9500 311.2700
7.5222069638e+000 -2.5695117726e+000 -8.6971272308e-001
97 83 70
2 1 2295 227.0300 323.8400 2 2017 186.8300 349.8000
8.7257083913e+000 -2.5170290981e+000 -1.2527714283e+000
152 136 85
5 1 2296 635.0200 319.5400 2 2030 599.0601 331.2900 3 2016 610.9301 342.9200 4 2650 632.9600 259.1000 5 2773 767.2400 232.2500
8.9268443167e+000 -2.5618716480e+000 -8.1342880284e-001
147 134 82
2 1 2300 781.1500 332.2600 2 2031 739.5300 322.7100
6.4424614230e+000 -2.6873430057e+000 -3.7693654285e-001
78 65 60
