# Bundle file v0.3
60 7289
0 0 0
0 0 0
0 0 0
0 0 0
0 0 0
1.6680615202e+003 4.9847003862e-002 -1.0866417221e-001
9.9998633581e-001 -3.8144875524e-003 -3.5746158606e-003
3.7413074685e-003 9.9978774585e-001 -2.0259957386e-002
3.6511384888e-003 2.0246306813e-002 9.9978835573e-001
-6.9720163910e+000 3.3811831202e+000 -3.7524858590e+000
1.6997898656e+003 1.0474162682e-002 1.7134061009e-004
9.9838589255e-001 5.5140131844e-002 1.3607917151e-002
-5.3305911111e-002 9.9244537925e-001 -1.1050180567e-001
-1.9598198631e-002 1.0959806146e-001 9.9378276074e-001
-6.9140602343e+000 3.7764675634e+000 -3.3698194218e+000
1.7060406607e+003 1.8987299580e-002 -1.8043993610e-002
9.9454018802e-001 1.0434869013e-001 1.0794798652e-003
-1.0224051867e-001 9.7641456057e-001 -1.9016172658e-001
-2.0897146940e-002 1.8901311272e-001 9.8175218486e-001
-6.7618997594e+000 4.0907088275e+000 -3.1376964729e+000
1.6751879900e+003 5.1225521635e-002 -1.0979854542e-001
9.8640849685e-001 1.6254263053e-001 -2.4045178469e-002
-1.6288919824e-001 9.4812945279e-001 -2.7297921140e-001
-2.1572817196e-002 2.7318571343e-001 9.6171938711e-001
-6.5233941998e+000 4.2034751037e+000 -2.8462751363e+000
1.6989301536e+003 3.5979173265e-002 -9.0045307326e-002
9.7210294505e-001 2.3056819457e-001 -4.3060096154e-002
-2.2950303999e-001 8.9710581546e-001 -3.7753080736e-001
-4.8417133972e-002 3.7688123265e-001 9.2499530681e-001
-6.0242010963e+000 4.4078359878e+000 -2.0917926421e+000
1.7087009016e+003 2.0080762378e-002 -3.8368597316e-002
9.6307868724e-001 2.5911062112e-001 -7.3083022748e-002
-2.6480151489e-001 8.6272114374e-001 -4.3080434754e-001
-4.8575713098e-002 4.3425098062e-001 8.9948123156e-001
-5.7920705236e+000 4.6283647936e+000 -2.1128957719e+000
1.7023103345e+003 3.5718987780e-002 -6.1368784296e-002
9.5174829640e-001 2.9426653417e-001 -8.7076903739e-002
-2.9992031352e-001 8.3184693113e-001 -4.6698874581e-001
-6.4984504578e-002 4.7057187554e-001 8.7996541075e-001
-5.7783699614e+000 4.3787423812e+000 -1.9295775091e+000
1.7008079595e+003 5.3573777048e-002 -1.1953896293e-001
9.2125207561e-001 3.6825781495e-001 -1.2522298076e-001
-3.6471134626e-001 7.0591169416e-001 -6.0718556798e-001
-1.3520446404e-001 6.0504120668e-001 7.8463041690e-001
-5.4843735482e+000 4.6198020899e+000 -1.0612464433e+000
1.6776002918e+003 8.1636274960e-002 -1.7811172585e-001
9.0167285631e-001 3.9850597105e-001 -1.6786617059e-001
-4.0974035836e-001 6.6331059293e-001 -6.2620435646e-001
-1.3819876600e-001 6.3341301561e-001 7.6137313633e-001
-5.3730049391e+000 4.6364729818e+000 -1.1171058288e+000
1.6993102711e+003 4.6235647262e-002 -7.7779712489e-002
8.7730968179e-001 4.3458481213e-001 -2.0362652897e-001
-4.4683709322e-001 5.8484506539e-001 -6.7697330938e-001
-1.7511234783e-001 6.8490312494e-001 7.0727885243e-001
-5.1271129684e+000 4.7120102575e+000 -7.6531547770e-001
0 0 0
0 0 0
0 0 0
0 0 0
0 0 0
1.6952609623e+003 4.5880883403e-002 -1.0273780804e-001
8.5853212043e-001 4.5239602165e-001 -2.4137199046e-001
-4.7117451857e-001 5.1033206054e-001 -7.1941348405e-001
-2.0227993286e-001 7.3136791533e-001 6.5129394377e-001
-5.0085701422e+000 4.4813031912e+000 -5.9054020578e-001
1.6884423827e+003 4.3850266886e-002 -8.6388024130e-002
8.4695882873e-001 4.6830749112e-001 -2.5169194703e-001
-4.8508122761e-001 4.8690496747e-001 -7.2637439057e-001
-2.1761650918e-001 7.3730024170e-001 6.3955563364e-001
-4.9580318360e+000 4.2878200966e+000 -4.4315986254e-001
1.6803621030e+003 6.5784069565e-002 -1.3504347467e-001
8.1575255722e-001 4.8730177468e-001 -3.1158425150e-001
-4.9973159603e-001 3.2255132182e-001 -8.0388368358e-001
-2.9123203346e-001 8.1147866589e-001 5.0664215922e-001
-4.7336834108e+000 4.2930349265e+000 2.4563081212e-001
1.6796897881e+003 5.9385126436e-002 -1.2267527480e-001
7.9321697589e-001 4.8509069689e-001 -3.6809488581e-001
-5.1793571902e-001 2.1956489345e-001 -8.2676105891e-001
-3.2023338384e-001 8.4645039628e-001 4.2540839967e-001
-4.4690091772e+000 3.6085267903e+000 5.3107455277e-001
1.6819655023e+003 5.2488700797e-002 -1.0855823225e-001
7.6391338926e-001 4.9046395619e-001 -4.1938221396e-001
-5.1811422604e-001 7.8731375674e-002 -8.5168011557e-001
-3.8469986025e-001 8.6789773485e-001 3.1426030510e-001
-4.2281749741e+000 3.1743664205e+000 1.0872669127e+000
1.6872540371e+003 3.6929890712e-002 -7.8514411217e-002
7.4540813514e-001 4.8377256851e-001 -4.5861837516e-001
-5.2769481474e-001 7.8520251539e-003 -8.4939774440e-001
-4.0731424548e-001 8.7515852716e-001 2.6113723934e-001
-4.0203883690e+000 2.9813907010e+000 1.3182371777e+000
1.6846067202e+003 6.2730836000e-002 -1.4410788172e-001
7.1659361991e-001 4.9818542404e-001 -4.8816479511e-001
-5.3368802287e-001 -5.8991761305e-002 -8.4362139989e-001
-4.4907758590e-001 8.6506141711e-001 2.2360247420e-001
-3.8764687116e+000 2.7059184645e+000 1.6356645891e+000
1.6906131213e+003 4.3828981012e-002 -1.1881367806e-001
6.6879087789e-001 4.9170539071e-001 -5.5762404037e-001
-5.2638432578e-001 -2.1649203815e-001 -8.2222304699e-001
-5.2501266959e-001 8.4341982794e-001 1.1403811032e-001
-3.6028134408e+000 2.0754040523e+000 2.1591027743e+000
1.6920115271e+003 5.0656046647e-002 -1.2887679239e-001
6.5079527914e-001 4.7335908553e-001 -5.9363008751e-001
-5.0564950348e-001 -3.1302606954e-001 -8.0394854277e-001
-5.6637804007e-001 8.2337467531e-001 3.5637898262e-002
-3.4939897801e+000 1.7267165924e+000 2.3777364995e+000
1.6910047694e+003 4.9702270404e-002 -1.2555959915e-001
6.3090248145e-001 4.1938689191e-001 -6.5274550462e-001
-4.7881791364e-001 -4.5152634163e-001 -7.5289930827e-001
-6.1048789053e-001 7.8755228253e-001 -8.4059132782e-002
-3.4898681743e+000 1.1409152117e+000 2.2628618109e+000
0 0 0
0 0 0
0 0 0
0 0 0
0 0 0
1.6816034079e+003 5.6692418161e-002 -1.3997563230e-001
6.1504564110e-001 4.1324181470e-001 -6.7152815425e-001
-4.6540648997e-001 -4.9721831717e-001 -7.3223680880e-001
-6.3648696645e-001 7.6289261869e-001 -1.1348653616e-001
-3.5150136767e+000 8.1028373307e-001 2.2742823880e+000
1.7134054235e+003 3.1069300395e-002 -1.1448619482e-001
6.0049530605e-001 3.6508684061e-001 -7.1141899484e-001
-4.2697884239e-001 -6.0583434346e-001 -6.7130754237e-001
-6.7608760938e-001 7.0687788698e-001 -2.0791632292e-001
-3.5941650574e+000 3.3033790533e-001 2.0926985232e+000
1.6955995015e+003 3.2213499090e-002 -1.0131970159e-001
5.8916998646e-001 3.2510676656e-001 -7.3971908005e-001
-4.1076779972e-001 -6.6784619374e-001 -6.2068613341e-001
-6.9580783393e-001 6.6954241974e-001 -2.5993154175e-001
-3.5821964770e+000 -1.1989213825e-001 2.0455334136e+000
1.6812732992e+003 3.8202609389e-002 -1.2303906959e-001
5.5154543403e-001 2.9977793044e-001 -7.7841558735e-001
-3.6309488864e-001 -7.5386027312e-001 -5.4759181007e-001
-7.5097252683e-001 5.8466048355e-001 -3.0694035727e-001
-3.5464943605e+000 -3.7645637247e-001 2.2660147739e+000
1.6906528092e+003 3.5387137201e-002 -1.1314652705e-001
5.4425249158e-001 2.5407243236e-001 -7.9952262289e-001
-3.2130735743e-001 -8.1723547695e-001 -4.7842215384e-001
-7.7495213237e-001 5.1727495042e-001 -3.6314710270e-001
-3.6198854605e+000 -7.4146112830e-001 2.0680432342e+000
1.7321306221e+003 -6.2243211937e-003 -3.8636623282e-003
5.2163672247e-001 2.0250993848e-001 -8.2878516793e-001
-2.6801818982e-001 -8.8334660534e-001 -3.8453221551e-001
-8.0997615995e-001 4.2271562504e-001 -4.0650968088e-001
-3.7228902884e+000 -1.4319652268e+000 1.7991759618e+000
1.6807518195e+003 3.4910888234e-002 -1.0490349431e-001
5.2210444539e-001 1.5791189619e-001 -8.3813530002e-001
-2.3344909800e-001 -9.1872052220e-001 -3.1851863483e-001
-8.2030998211e-001 3.6196192498e-001 -4.4280367899e-001
-3.7655079707e+000 -1.4881429376e+000 1.7652588304e+000
1.7410018199e+003 1.1784679957e-002 -4.9036098342e-002
4.8942539660e-001 1.3283129804e-001 -8.6186926353e-001
-1.7836432173e-001 -9.5218865250e-001 -2.4803818008e-001
-8.5360936610e-001 2.7512291127e-001 -4.4233294452e-001
-3.7777236939e+000 -1.9088091947e+000 1.7545888734e+000
1.7043377682e+003 6.2222900797e-003 -4.3033959913e-002
4.6851388355e-001 7.1655705346e-002 -8.8054539963e-001
-9.8620691824e-002 -9.8623365116e-001 -1.3272959155e-001
-8.7793433699e-001 1.4902565289e-001 -4.5499742276e-001
-3.9703902851e+000 -2.6276084911e+000 1.5732006177e+000
1.7160950110e+003 -6.5000854888e-003 -2.9122298169e-002
4.7772108519e-001 2.1242815047e-002 -8.7825469402e-001
-5.0771619990e-002 -9.9736910528e-001 -5.1740800414e-002
-8.7704321864e-001 6.9308084902e-002 -4.7538571918e-001
-4.1180541213e+000 -2.8118345456e+000 1.1669091638e+000
0 0 0
0 0 0
0 0 0
0 0 0
0 0 0
1.6875044395e+003 2.0061407803e-002 -4.9509851792e-002
4.7671503498e-001 -2.5291361361e-002 -8.7869398681e-001
-5.8735717771e-003 -9.9965535899e-001 2.5586410381e-002
-8.7903826798e-001 -7.0363543180e-003 -4.7669929006e-001
-4.3479002219e+000 -3.0117398555e+000 8.2267818921e-001
1.7233923405e+003 -3.2667847789e-002 6.4295487809e-002
4.6304834591e-001 -8.9429303702e-002 -8.8180985989e-001
4.3001598658e-002 -9.9145845237e-001 1.2313001148e-001
-8.8528927016e-001 -9.4934381836e-002 -4.5524759338e-001
-4.4743951080e+000 -3.3432222597e+000 6.8112311369e-001
1.7208631909e+003 5.4280264081e-003 -2.9752263977e-002
4.7513794627e-001 -1.4393533338e-001 -8.6805907162e-001
8.7575495939e-002 -9.7389629325e-001 2.0941953707e-001
-8.7554238305e-001 -1.7552387246e-001 -4.5012987645e-001
-4.6481922843e+000 -3.5795672642e+000 3.3147157884e-001
1.7190833415e+003 -2.0791094993e-002 5.5138118723e-002
4.8302035386e-001 -1.8344595229e-001 -8.5617692117e-001
1.4138712254e-001 -9.4863519415e-001 2.8302111227e-001
-8.6411863730e-001 -2.5775734907e-001 -4.3227321183e-001
-4.7960973958e+000 -3.8193256778e+000 -1.9293225929e-002
1.7324028017e+003 -2.8960944623e-002 5.0027555353e-002
4.9818243692e-001 -2.4049352444e-001 -8.3305289403e-001
2.1007785861e-001 -8.9866143984e-001 3.8506481256e-001
-8.4123810712e-001 -3.6683849478e-001 -3.9717498144e-001
-5.0261596067e+000 -3.8076709731e+000 -5.2665518435e-001
1.7379496855e+003 1.3996946683e-003 -3.1597106460e-002
5.0585235575e-001 -2.8352695399e-001 -8.1469372193e-001
2.5145777503e-001 -8.5495654845e-001 4.5367200446e-001
-8.2515597408e-001 -4.3435212284e-001 -3.6118672709e-001
-5.1615065392e+000 -3.9786203642e+000 -7.3807410778e-001
1.7394256839e+003 -3.3834818305e-002 4.6206272580e-002
5.1239009711e-001 -3.3789908380e-001 -7.8948122052e-001
2.8964913711e-001 -7.9745991731e-001 5.2930242551e-001
-8.0843043347e-001 -4.9988187549e-001 -3.1073838642e-001
-5.4207256637e+000 -4.2491479434e+000 -1.0250985802e+000
1.7459443452e+003 -1.1129492246e-002 -1.8725707113e-002
5.3062238242e-001 -3.8113736289e-001 -7.5708268894e-001
3.3102578840e-001 -7.2908245570e-001 5.9904983115e-001
-7.8029597890e-001 -5.6848314258e-001 -2.6070117358e-001
-5.6568509099e+000 -4.2623271273e+000 -1.4327297178e+000
1.7496920334e+003 -2.5926995631e-002 -3.0525552839e-004
5.5103934937e-001 -4.0680973684e-001 -7.2860241109e-001
3.6923981054e-001 -6.6413316469e-001 6.5006853629e-001
-7.4834323526e-001 -6.2724235952e-001 -2.1575315681e-001
-5.7897992658e+000 -4.2071169566e+000 -1.8057269609e+000
1.7423449027e+003 -3.8148680888e-002 2.6007305532e-002
5.6498794233e-001 -4.5835715987e-001 -6.8607385828e-001
4.2507765580e-001 -5.5096992098e-001 7.1815119071e-001
-7.0717579961e-001 -6.9738143091e-001 -1.1645397490e-001
-6.1329083440e+000 -4.1049129839e+000 -2.2238830049e+000
0 0 0
0 0 0
0 0 0
0 0 0
0 0 0
1.7372933931e+003 -3.6498825565e-002 3.1940257250e-002
5.8553271811e-001 -4.8416685648e-001 -6.5017989134e-001
4.5458002074e-001 -4.6797257958e-001 7.5786454562e-001
-6.7119925563e-001 -7.3931327585e-001 -5.3920676856e-002
-6.3559304651e+000 -3.9750327471e+000 -2.5904083566e+000
0 0 0
0 0 0
0 0 0
0 0 0
0 0 0
0 0 0
0 0 0
0 0 0
0 0 0
0 0 0
0 0 0
0 0 0
0 0 0
0 0 0
0 0 0
0 0 0
0 0 0
0 0 0
0 0 0
0 0 0
0 0 0
0 0 0
0 0 0
0 0 0
0 0 0
0 0 0
0 0 0
0 0 0
0 0 0
0 0 0
0 0 0
0 0 0
0 0 0
0 0 0
0 0 0
0 0 0
0 0 0
0 0 0
0 0 0
0 0 0
0 0 0
0 0 0
0 0 0
0 0 0
0 0 0
0 0 0
0 0 0
0 0 0
0 0 0
0 0 0
0 0 0
0 0 0
0 0 0
0 0 0
0 0 0
0 0 0
0 0 0
0 0 0
0 0 0
0 0 0
0 0 0
0 0 0
0 0 0
0 0 0
0 0 0
0 0 0
0 0 0
0 0 0
0 0 0
0 0 0
7.5312408578e+000 -2.1711537267e+000 -1.0597720780e+000
113 107 95
3 1 79 198.2000 436.9400 2 65 166.3700 472.8400 3 27 180.2600 505.1500
7.5370914402e+000 -2.2172237481e+000 -9.6782388293e-001
109 95 79
2 1 80 204.2600 428.1400 2 66 170.8300 461.6800
7.5587881657e+000 -2.1916848287e+000 -1.0325300864e+000
111 103 80
2 1 81 208.8900 431.8900 2 67 176.7700 466.7900
7.5872214717e+000 -2.2041489118e+000 -1.0486240738e+000
107 96 75
2 1 82 218.3400 426.2000 2 68 185.6100 460.8200
8.9166380649e+000 -2.0865011537e+000 -1.3706084367e+000
188 174 126
2 1 85 639.9301 443.2500 2 763 614.9800 458.4300
7.3828832813e+000 -2.3586138610e+000 -9.8162512845e-001
104 94 92
2 1 122 149.0300 376.5100 2 93 112.1400 412.1800
7.4027687782e+000 -2.4337601705e+000 -8.9376498527e-001
138 137 133
2 1 123 159.0500 355.8600 2 116 120.0100 388.0600
7.9955611817e+000 -2.5733695014e+000 -1.0011923222e+000
73 54 37
2 1 172 363.4399 300.7800 2 175 323.1899 321.2300
6.4177619466e+000 -2.7347483631e+000 -2.5851857191e-001
76 68 59
2 1 189 -224.5800 279.6100 2 829 -277.3500 314.3000
6.5864296813e+000 -2.8045952772e+000 -1.5940307823e-001
110 97 88
2 1 192 -158.2800 256.2000 2 208 -212.6300 282.9700
6.1414930206e+000 -2.8466878348e+000 -2.6171920392e-001
71 60 60
3 1 219 -337.6900 232.5300 2 861 -395.0100 273.5900 3 789 -400.6100 308.3900
6.1990834855e+000 -2.8831811229e+000 -1.8326135093e-001
124 124 114
2 1 220 -321.0200 221.3200 2 863 -377.5200 257.8300
6.2825558135e+000 -2.8490930200e+000 -1.8585880839e-001
98 95 82
2 1 224 -285.4100 235.6300 2 865 -341.4700 270.4900
8.0737510986e+000 -2.8258678853e+000 -9.6078789821e-001
97 76 52
2 1 270 393.9600 213.6800 2 911 346.8400 229.9300
6.1147362797e+000 -3.0293290022e+000 -9.9326006753e-002
149 145 133
2 1 309 -363.6200 162.2300 2 922 -423.9400 197.4100
6.2457428310e+000 -2.9771913238e+000 -3.8429507258e-002
116 113 99
2 1 311 -312.1000 187.2100 2 252 -371.8600 217.4700
6.2457428310e+000 -2.9771913238e+000 -3.8429507258e-002
116 113 99
2 1 312 -312.1000 187.2100 2 253 -371.8600 217.4700
7.7389091320e+000 -2.9609013563e+000 -6.4648832113e-001
91 73 59
2 1 326 294.7800 174.5400 2 932 242.1600 188.3400
6.3665968159e+000 -3.0781138202e+000 3.5838935356e-002
92 86 74
2 1 362 -263.7100 145.3000 2 283 -326.1100 169.5400
6.3357692892e+000 -3.1192390651e+000 8.1249032236e-002
91 89 77
4 1 363 -281.0100 127.7700 2 310 -343.8900 151.4100 3 227 -355.2200 173.0900 4 378 -349.9200 85.4000
6.4963942905e+000 -3.2006484561e+000 3.9607454668e-002
78 70 59
2 1 396 -206.5400 91.1000 2 336 -269.3600 111.2400
6.0842143556e+000 -3.2158608441e+000 -3.3678245538e-002
94 91 74
3 1 418 -382.2500 82.3300 2 328 -446.4900 116.8300 3 240 -457.9800 146.1500
9.0274467919e+000 -3.2030845942e+000 -8.7701446825e-001
131 114 71
2 1 445 745.5100 82.7900 2 380 681.6400 76.2700
6.6206531778e+000 -3.3077439944e+000 1.1032878179e-001
105 103 90
2 1 473 -153.9700 43.8400 2 401 -219.3900 58.1900
7.9247530567e+000 -3.3849712307e+000 -6.1422568918e-001
85 70 65
2 1 526 367.4200 14.7400 2 1075 302.6700 23.6700
8.2439391916e+000 -3.3832852316e+000 -1.8380637548e-001
157 166 165
2 1 532 541.2000 14.0900 2 434 469.9700 -0.3100
6.4801107561e+000 -3.4345347717e+000 1.5886608585e-001
63 54 46
2 1 545 -220.9900 -14.3200 2 1070 -288.0100 2.0200
7.5000685595e+000 -3.4616407830e+000 -6.0139011104e-001
76 61 56
2 1 550 207.3400 -15.2200 2 1073 140.7500 3.1900
8.0113673963e+000 -3.6516745037e+000 -4.5237700180e-001
98 86 76
3 1 592 415.0400 -90.8600 2 1149 340.7800 -87.0400 3 416 317.0200 -80.1300
6.7102437064e+000 -3.6371587169e+000 2.6660944379e-001
86 73 51
2 1 608 -116.9300 -111.2800 2 1164 -193.0800 -102.9300
6.7450942905e+000 -3.6834259144e+000 2.7688904948e-001
85 70 46
2 1 631 -100.7800 -133.5000 2 1166 -178.0600 -125.9800
7.4868598035e+000 -3.8756803243e+000 -8.9641940245e-001
62 43 29
2 1 645 188.9900 -158.9300 2 501 118.0699 -130.2400
7.9975111643e+000 -3.8176544253e+000 -5.2398262187e-001
79 70 62
7 1 648 401.5000 -153.3900 2 1196 324.9301 -144.6900 3 479 297.4000 -134.0200 4 2133 280.2000 -210.8500 5 1524 344.7900 -253.6000 6 2168 355.2500 -205.4200 8 1431 190.0800 -236.4500
7.6755542117e+000 -2.4782851645e+000 -8.9333048786e-001
78 60 45
4 1 981 256.2500 340.1800 2 1430 217.9000 366.4800 3 1404 225.7400 388.2000 4 1723 246.1899 312.7500
6.5591909995e+000 -2.7102598827e+000 -2.7011443401e-001
117 109 98
6 1 999 -166.4600 288.6200 2 817 -217.6600 321.4300 4 1086 -204.5800 268.5700 5 1086 -120.0100 264.9300 6 1756 -69.7000 297.5700 8 1045 -182.0100 214.1600
6.3431639989e+000 -2.8006690487e+000 -2.0373639708e-001
83 72 60
2 1 1022 -258.7200 255.1400 2 827 -313.6900 289.4700
6.4147317936e+000 -2.7659909308e+000 -1.9973640634e-001
67 57 48
2 1 1023 -228.7700 270.0100 2 1456 -283.2200 302.8100
6.4017493236e+000 -2.7785928485e+000 -1.9761602234e-001
161 155 141
2 1 1024 -234.1300 264.7800 2 828 -289.2600 297.7900
6.1889736722e+000 -2.8017228968e+000 -2.6681351556e-001
86 81 78
3 1 1056 -318.5600 250.9400 2 1453 -373.7300 291.5500 3 1435 -378.5800 325.2100
6.3149510281e+000 -2.8691393557e+000 -1.0923553851e-001
70 66 55
2 1 1058 -277.8900 231.1200 2 868 -333.1200 262.3400
6.3046472962e+000 -2.8930955268e+000 -7.3054713038e-002
88 83 77
3 1 1059 -284.0500 222.4700 2 867 -341.9200 252.7700 3 1510 -348.4800 279.0600
7.1680309238e+000 -2.6566595148e+000 -1.6479170230e+000
169 145 112
3 1 1067 65.4900 241.2200 2 836 22.7000 294.5600 3 778 27.7800 339.7500
8.2182827815e+000 -2.7139502657e+000 -1.0459076071e+000
183 187 174
6 1 1073 437.1100 249.3800 2 1521 393.1899 265.4900 3 1522 396.7200 282.2100 4 1808 410.6801 203.2300 5 1898 527.0000 182.9800 6 1872 554.1500 207.4900
7.3336546291e+000 -2.8451330879e+000 -6.3062325182e-001
135 155 150
3 1 1092 142.0800 218.4800 2 1542 92.2700 240.6600 3 1519 89.7900 262.3700
7.3328343548e+000 -2.8455439438e+000 -6.2280604323e-001
135 155 150
4 1 1093 142.0800 218.4800 2 1541 92.2700 240.6600 3 1518 89.7900 262.3700 4 1816 100.0000 184.0200
7.3789047260e+000 -2.8475856975e+000 -6.2094212913e-001
87 80 70
5 1 1094 159.0300 217.4800 2 1545 109.4301 239.3900 4 1819 118.2000 180.9500 5 1893 215.7600 164.2500 6 1867 249.0400 193.4100
7.9107261088e+000 -2.8300435219e+000 -8.3795630791e-001
92 73 56
2 1 1102 345.2800 216.5400 2 1554 297.0400 232.8400
6.0065750445e+000 -3.0297074714e+000 -1.8036086979e-001
150 150 132
2 1 1118 -401.7000 159.3200 2 920 -462.1200 199.6700
6.0819889979e+000 -3.0277085477e+000 -1.2568905154e-001
150 148 135
2 1 1120 -375.1500 162.0200 2 921 -435.4400 198.8500
7.7786722773e+000 -2.9329804621e+000 -6.9549080439e-001
93 76 60
3 1 1134 306.2000 184.1000 2 931 255.0400 196.9200 3 885 251.3101 212.6800
5.7367552598e+000 -3.0816251601e+000 -4.3161396077e-001
114 111 114
2 1 1150 -484.8100 130.9900 2 940 -545.0300 184.1500
5.9912176931e+000 -3.0833538599e+000 -1.8309668854e-001
140 136 124
3 1 1155 -407.8600 136.4900 2 943 -468.8100 177.3800 3 874 -477.6500 213.0900
6.1856210533e+000 -3.0839304397e+000 -2.8739502655e-003
110 102 87
3 1 1158 -341.0500 141.2200 2 1584 -403.5100 171.9800 3 879 -413.1300 198.2500
5.8260263794e+000 -3.1452555419e+000 -3.1069560887e-001
150 148 133
6 1 1166 -462.3700 106.9200 2 942 -524.2900 156.5600 3 1548 -532.2200 199.2300 4 1835 -522.1400 144.9100 5 1879 -474.6400 162.0100 6 1851 -411.7300 214.4000
6.0566205766e+000 -3.1782968399e+000 -4.8736054013e-002
108 105 98
2 1 1169 -392.9800 98.8600 2 305 -456.7400 133.4200
6.1255530323e+000 -3.1525513618e+000 -2.4491795314e-002
101 97 85
3 1 1173 -365.0500 110.3900 2 963 -428.1600 143.1500 3 898 -439.8800 171.7500
6.2067377913e+000 -3.1264555808e+000 1.4575790453e-002
110 103 85
2 1 1174 -333.2100 123.1000 2 308 -396.2100 151.9400
6.1798110120e+000 -3.1627831675e+000 2.8058355807e-002
129 126 111
4 1 1175 -345.2600 106.9700 2 966 -409.9200 136.4700 3 899 -421.0300 162.6400 4 1244 -415.9300 83.9700
6.3082877791e+000 -3.1621520930e+000 7.9514055439e-002
127 122 113
3 1 1178 -292.4300 108.5200 2 309 -357.1300 132.7800 3 243 -369.2600 154.6500
6.3547652954e+000 -3.1890257450e+000 5.7128052490e-002
105 102 88
3 1 1179 -270.8100 96.1200 2 985 -334.0000 120.0600 3 924 -346.6400 141.2800
6.6105315379e+000 -3.1375751906e+000 5.6858452316e-002
87 77 65
4 1 1186 -156.4200 119.0900 2 969 -218.0900 137.1200 4 1254 -227.2700 60.4000 7 604 -187.0400 -108.2900
9.1372545352e+000 -3.1272063113e+000 -6.1317271467e-001
178 161 105
2 1 1202 831.9000 114.9100 2 347 767.2000 96.0500
6.1057058489e+000 -3.2052882260e+000 -1.0197922759e-002
121 115 101
7 1 1212 -376.0700 87.6800 2 977 -439.9400 118.9700 3 917 -451.0900 149.4000 4 373 -444.6700 75.8400 5 380 -389.9500 63.5700 6 352 -332.1500 112.2100 9 255 -481.6800 6.1700
6.3558399843e+000 -3.2704421068e+000 7.5844525852e-002
76 67 60
4 1 1219 -271.1400 60.1100 2 1658 -336.2000 82.8500 3 939 -350.0000 103.7800 4 441 -348.0200 20.9400
6.4874348213e+000 -3.2282023003e+000 1.2233556518e-001
110 101 90
2 1 1221 -214.7900 79.7500 2 986 -279.8800 97.3000
6.5889985728e+000 -3.2292925246e+000 1.3755542948e-001
75 67 57
2 1 1223 -169.3600 79.6100 2 987 -234.3200 93.8800
8.2177648696e+000 -3.2416196314e+000 -2.7587131782e-001
96 81 65
3 1 1230 518.4600 72.7900 2 1669 453.0200 62.1100 3 1691 437.1500 56.0100
9.1438224804e+000 -3.2153414870e+000 -8.1793179788e-001
121 103 70
2 1 1233 796.8800 79.3100 2 1027 732.4600 67.9300
6.2346938848e+000 -3.2790184548e+000 2.3654902395e-002
86 84 73
2 1 1244 -320.3800 55.5700 2 1005 -387.2400 83.3400
6.3180715959e+000 -3.3187974443e+000 6.7033298341e-002
114 110 99
6 1 1249 -287.8200 37.9800 2 1012 -353.9700 62.4200 3 962 -367.3200 85.2900 4 1305 -365.8600 3.9000 5 1272 -308.4600 -21.2800 6 431 -256.1500 28.5600
6.3206326527e+000 -3.2851027554e+000 6.8215369706e-002
140 138 126
6 1 1250 -287.2000 52.9400 2 1006 -352.0900 77.5500 3 1624 -365.5400 99.9600 4 1304 -362.5200 17.9000 5 2039 -304.5500 -7.4900 6 1313 -253.0600 41.0500
6.3206620799e+000 -3.2851562088e+000 6.7776932712e-002
140 138 126
7 1 1251 -287.2000 52.9400 2 1007 -352.0900 77.5500 3 1625 -365.5400 99.9600 4 1303 -362.5200 17.9000 5 2038 -304.5500 -7.4900 6 1312 -253.0600 41.0500 7 601 -327.2600 -125.2700
6.3477528635e+000 -3.3420014157e+000 9.8401639452e-002
97 90 80
2 1 1252 -276.6800 27.8900 2 1037 -342.9200 49.8600
6.6093476044e+000 -3.3239434865e+000 1.0768898696e-001
128 143 134
3 1 1255 -158.5900 36.3400 2 1040 -224.8600 51.4800 3 963 -240.7100 66.8600
6.6840220401e+000 -3.2825625858e+000 9.8801519815e-002
100 96 89
2 1 1257 -124.5300 55.2200 2 1018 -190.0400 68.4600
8.2643167112e+000 -3.2936315196e+000 -1.8044586804e-001
180 178 166
3 1 1269 550.9900 51.8100 2 1695 481.6000 36.3800 3 1039 462.6500 26.7100
7.3519064715e+000 -3.4986126752e+000 -6.6591354010e-001
42 27 24
2 1 1310 147.0800 -28.1300 2 1745 84.3400 -5.4600
7.5507035249e+000 -3.5120091955e+000 -7.1151666755e-001
54 35 29
2 1 1314 220.2600 -32.3900 2 1097 155.2400 -12.1100
8.0411055856e+000 -3.5086049445e+000 -1.0218801643e+000
82 69 61
2 1 1320 376.2900 -26.1700 2 1101 313.6100 -7.6000
7.9306183125e+000 -3.5626245019e+000 -6.1656003991e-001
54 41 34
3 1 1340 370.1600 -52.3100 2 1122 299.8199 -43.5100 3 1059 279.6700 -29.6300
7.5570659220e+000 -3.6568483413e+000 -7.2965542861e-001
55 35 32
2 1 1365 221.7400 -85.4700 2 1118 153.5100 -64.0600
7.5570659220e+000 -3.6568483413e+000 -7.2965542861e-001
55 35 32
2 1 1366 221.7400 -85.4700 2 1119 153.5100 -64.0600
7.5863954838e+000 -3.6795366818e+000 -7.3563744920e-001
56 35 32
2 1 1367 232.4399 -93.6600 2 1143 163.2800 -72.4500
7.6935199003e+000 -3.7374535240e+000 -7.8715988260e-001
46 28 26
2 1 1393 269.0900 -113.2000 2 1146 198.3400 -92.2600
7.9842043068e+000 -3.7846225944e+000 -5.5887933984e-001
35 26 19
2 1 1418 394.7700 -138.7200 2 1172 317.9399 -129.8400
7.3827119389e+000 -3.9438194355e+000 -8.6436335709e-001
71 45 30
2 1 1442 152.7200 -184.6200 2 1193 81.0601 -154.2500
7.4272099167e+000 -3.8873527690e+000 -7.8024257209e-001
62 39 25
2 1 1444 172.0601 -168.1600 2 1839 99.6600 -141.0300
7.6279770184e+000 -3.9129259578e+000 -8.4295069116e-001
78 64 61
4 1 1447 241.5200 -174.3100 2 522 168.1100 -149.2400 3 1148 146.1600 -122.9900 4 1498 132.6801 -177.9400
6.8616713775e+000 -3.8311142985e+000 2.2629094735e-001
70 56 44
2 1 1468 -45.1800 -199.6300 2 537 -124.7300 -191.4300
9.2073746293e+000 -2.0537949865e+000 -7.1701869649e-001
157 144 92
2 1 1658 840.7600 514.9500 2 1384 818.5400 504.3500
6.0803001401e+000 -2.2978531991e+000 -1.9741016137e-001
78 61 69
2 1 1675 -371.4300 468.1900 2 1364 -421.3300 516.2900
7.4420768730e+000 -2.1933012194e+000 -1.0456158868e+000
81 78 72
3 1 1686 167.5500 430.0200 2 1388 135.0000 467.8000 3 1963 147.9100 500.6500
7.4572597149e+000 -2.3703635838e+000 -9.1441399104e-001
66 57 48
3 1 1706 177.6500 377.1900 2 1404 140.3101 409.9400 3 1974 150.0300 437.0100
7.4588782574e+000 -2.4714290764e+000 -8.1598351389e-001
101 92 82
3 1 1707 181.5800 347.4400 2 1420 142.0500 376.3600 4 2276 170.5699 325.9700
7.5949598985e+000 -2.4634375137e+000 -8.7045802643e-001
77 60 48
4 1 1709 228.3500 347.3400 2 1426 190.6899 374.2500 3 1985 197.4399 396.7500 4 2282 218.8600 322.8300
7.5946712505e+000 -2.4639945355e+000 -8.6310219099e-001
77 60 48
5 1 1710 228.3500 347.3400 2 1427 190.6899 374.2500 3 1986 197.4399 396.7500 4 2281 218.8600 322.8300 6 2294 375.0699 340.9900
7.7144413815e+000 -2.4276612014e+000 -9.2782727591e-001
75 56 42
3 1 1711 269.1300 355.3300 2 1408 230.8101 383.9400 4 2284 262.9600 329.8700
7.7435186230e+000 -2.4394810344e+000 -9.2483980624e-001
100 84 69
2 1 1712 279.1500 352.5400 2 1431 242.0699 377.4900
7.7435186230e+000 -2.4394810344e+000 -9.2483980624e-001
100 84 69
2 1 1713 279.1500 352.5400 2 1432 242.0699 377.4900
7.1534527370e+000 -2.4600342357e+000 -8.8035851132e-001
167 144 103
2 1 1721 69.5300 346.8600 2 1402 29.3700 384.0000
7.1534527370e+000 -2.4600342357e+000 -8.8035851132e-001
167 144 103
2 1 1722 69.5300 346.8600 2 1403 29.3700 384.0000
7.5636868713e+000 -2.5509334914e+000 -8.4263502978e-001
77 59 47
3 1 1729 218.9100 317.1500 2 1446 177.9500 342.9400 3 1425 182.9301 366.0200
8.8847303409e+000 -2.4513671744e+000 -1.2389582515e+000
150 133 83
3 1 1741 645.8800 331.2300 2 1450 609.8400 340.2100 5 1822 778.6500 236.7600
6.4391924039e+000 -2.6858143264e+000 -3.0979988309e-001
55 42 39
3 1 1742 -211.9400 296.3300 2 2025 -264.9600 333.1900 3 1993 -267.7100 363.3700
7.5630482801e+000 -2.6372856888e+000 -7.6987604910e-001
77 59 47
2 1 1744 222.0400 289.7300 2 1462 178.7300 312.8500
6.6155789112e+000 -2.7484701135e+000 -2.5432623286e-001
113 103 93
5 1 1756 -142.8000 274.3500 2 2040 -194.6100 303.5500 3 2011 -198.2800 329.2500 5 2769 -99.9300 240.0200 6 2322 -50.4500 272.5000
6.6445467148e+000 -2.7935829042e+000 -2.1107705187e-001
62 41 38
6 1 1757 -131.1300 257.2800 2 1457 -186.1300 284.8400 3 2028 -190.2100 309.2600 4 2311 -177.7000 225.1100 5 2411 -91.7100 210.7000 6 2666 -45.2600 245.4400
7.6494241245e+000 -2.7245360704e+000 -7.7485695292e-001
72 58 46
3 1 1772 253.5300 257.6100 2 1514 208.6300 277.7300 3 2037 208.9500 297.3500
7.8373281513e+000 -2.6648687708e+000 -8.8472451871e-001
98 79 62
2 1 1780 315.7200 273.9900 2 1485 271.7500 294.2300
9.0038911913e+000 -2.6643566443e+000 -1.1159708446e+000
141 119 70
2 1 1784 701.6300 265.5200 2 889 658.8199 266.8600
6.2485689499e+000 -2.8622976387e+000 -2.0665745436e-001
141 143 129
2 1 1791 -298.2800 229.0200 2 1490 -354.2800 265.2000
6.3414200738e+000 -2.8222672409e+000 -1.7348838683e-001
80 70 61
3 1 1794 -260.9500 247.5300 2 2053 -316.3900 281.0100 3 2021 -323.2700 309.4300
6.4972459813e+000 -2.9021800859e+000 1.1336922802e-002
64 48 33
3 1 1799 -205.0200 223.2300 2 1535 -262.3800 244.3600 3 2051 -270.4600 265.1400
6.5565128177e+000 -2.8312861156e+000 -1.1886298598e-001
68 56 48
2 1 1800 -173.3200 247.1000 2 2056 -227.4300 272.8600
7.3541409024e+000 -2.8344336459e+000 -6.3324886437e-001
70 61 56
15 1 1806 148.9600 223.2800 2 1544 100.4200 244.5800 3 1520 97.9700 261.6500 4 1817 108.7800 185.1400 5 2431 207.6600 174.9800 7 957 174.3800 43.4000 8 2184 130.6400 130.2600 9 1758 90.1400 53.4700 10 1589 85.5601 77.2800 12 1577 65.1700 10.0400 13 2112 38.0200 -74.3200 14 1220 29.6400 78.5700 15 1566 83.3800 -112.3500 16 1169 100.6899 -123.3300 18 634 115.1000 -205.9400
7.5518217835e+000 -2.7698000584e+000 -6.9992097770e-001
74 60 47
3 1 1808 221.0900 244.5700 2 1509 174.8900 263.2000 3 1474 173.3700 283.8200
7.5447804504e+000 -2.8093993002e+000 -7.3926313583e-001
90 76 62
2 1 1809 217.4500 227.3100 2 2082 168.2600 249.2400
6.0895951486e+000 -2.9513187955e+000 -1.5968100276e-001
95 91 82
4 1 1818 -370.3900 192.8600 2 2070 -427.5000 232.0000 3 2044 -434.9900 265.2200 4 2323 -422.7600 194.4600
6.2291387992e+000 -2.8926243328e+000 -1.5248387636e-001
86 88 77
2 1 1823 -309.9500 218.6800 2 1489 -368.2200 253.6800
5.9624623763e+000 -3.0238721919e+000 -2.3570726235e-001
154 152 139
2 1 1842 -413.8800 159.8900 2 2086 -475.3000 203.1300
6.4836232033e+000 -2.9900441838e+000 5.3723590326e-002
90 81 72
6 1 1845 -213.3100 184.9000 2 1563 -273.6700 206.4100 3 2070 -283.0200 225.3600 4 2363 -274.9900 132.6900 5 2820 -200.8200 106.4800 6 2390 -151.2000 143.0000
6.2115436025e+000 -3.0878246547e+000 2.1360451150e-002
144 140 123
2 1 1869 -331.5600 140.3800 2 1585 -394.4900 169.1000
6.3088579490e+000 -3.0882592796e+000 5.7960031098e-002
94 86 75
3 1 1871 -291.7700 141.6000 2 1588 -353.6700 165.8400 3 1554 -364.0900 188.7600
6.3211449181e+000 -3.1082572135e+000 7.3999873531e-002
136 137 123
6 1 1872 -288.2800 132.1100 2 1589 -350.4100 157.1000 3 1583 -361.6900 178.7100 4 1878 -355.2200 92.1400 5 1969 -289.7300 68.2100 6 1942 -236.5000 111.2200
6.4308786720e+000 -3.0713183386e+000 9.0739946592e-002
63 54 45
4 1 1873 -238.3400 149.9000 2 1590 -300.5300 170.9500 3 1555 -312.6000 189.3000 4 1880 -305.7600 98.3800
6.5073877973e+000 -3.0697234558e+000 6.5041726987e-002
54 39 32
5 1 1876 -202.9900 150.4000 2 1592 -264.4700 169.5000 3 2110 -275.8500 187.1200 4 1882 -268.9600 95.7000 5 1972 -198.0700 66.1400
6.5269611067e+000 -3.0759740935e+000 5.6847911720e-002
72 61 55
5 1 1877 -193.7200 146.5100 2 949 -255.4100 166.6400 3 900 -265.9700 184.3200 4 1222 -260.5200 92.6400 6 1256 -141.0700 101.8000
6.6138395335e+000 -3.1120104707e+000 5.9747198456e-002
56 46 37
2 1 1878 -155.1000 131.2400 2 1621 -216.5400 147.8400
6.6309809479e+000 -3.1187997995e+000 4.7732657487e-002
91 77 64
6 1 1879 -146.1400 127.8600 2 1622 -208.5100 145.2900 3 1589 -220.2200 159.2800 4 1912 -216.7800 67.9300 5 1995 -143.6700 33.8300 6 1969 -99.5800 73.4500
7.3103516996e+000 -3.0073851103e+000 -8.8886671650e-001
40 28 28
2 1 1884 125.9500 149.8800 2 1598 74.3400 179.9700
6.0841377585e+000 -3.1524505133e+000 -3.0817834346e-002
93 89 78
2 1 1898 -382.5700 110.4700 2 2146 -446.6000 143.9400
6.0856109480e+000 -3.1514185942e+000 -3.3717530104e-002
93 89 78
9 1 1899 -382.5700 110.4700 2 2145 -446.6000 143.9400 3 2098 -455.2900 175.2600 4 2692 -447.2500 101.7100 5 2813 -392.7900 92.5900 6 2698 -334.2100 140.1400 7 1680 -404.6900 -22.8500 8 2522 -462.0900 87.5700 9 2056 -482.3100 31.2100
6.1048202795e+000 -3.1723441868e+000 -1.0812081567e-002
132 128 117
4 1 1900 -375.2700 101.9300 2 1615 -439.7400 134.6400 3 2101 -450.4300 163.6300 4 2404 -443.3700 88.9500
6.1650628934e+000 -3.1830833411e+000 1.8449759007e-002
83 78 67
6 1 1902 -351.6800 97.4800 2 1616 -415.3900 128.1300 3 1601 -426.5300 155.4500 4 1245 -420.7000 76.9700 5 1208 -365.1900 62.0400 6 1253 -309.1000 109.4000
6.5414980811e+000 -3.1597420585e+000 7.4899055903e-002
71 61 52
4 1 1906 -187.6600 110.0500 2 1620 -251.2600 127.9600 3 1609 -263.5500 144.8500 4 1930 -259.9700 54.0300
7.6724344339e+000 -3.1137919467e+000 -5.9006047586e-001
93 78 71
8 1 1908 272.2800 118.8400 2 2158 217.1200 128.0100 3 2129 207.5000 144.0700 4 2412 209.2300 62.9300 5 2506 301.3700 32.8200 6 2436 326.4100 63.7500 7 1403 254.7800 -90.6900 10 2073 134.5800 -51.5700
7.8346846847e+000 -3.1605264812e+000 -6.0195256249e-001
68 54 45
8 1 1909 334.2100 100.2600 2 2190 276.0400 110.0600 3 2158 266.2800 121.6100 5 2523 358.5699 1.7800 6 1995 378.9301 31.7200 7 1028 305.8600 -123.2300 8 1881 244.0400 -39.1000 10 1719 178.3700 -81.2600
7.8991890418e+000 -3.1504869416e+000 -6.7392409784e-001
66 50 37
5 1 1912 353.4500 105.3100 2 1643 295.9000 109.9800 3 2131 285.8400 125.4500 4 2435 285.4900 43.4900 5 2525 380.5699 9.1000
7.8991890418e+000 -3.1504869416e+000 -6.7392409784e-001
66 50 37
5 1 1913 353.4500 105.3100 2 1642 295.9000 109.9800 3 2132 285.8400 125.4500 4 2434 285.4900 43.4900 5 2524 380.5699 9.1000
6.2200694605e+000 -3.2312383651e+000 3.5025483589e-002
104 98 84
6 1 1924 -329.1700 76.6500 2 1633 -393.7800 104.5900 3 1603 -406.2900 130.5500 4 1925 -400.8000 50.9800 5 1228 -344.4000 32.6400 6 1284 -288.2000 80.5200
6.2035926733e+000 -3.2429446326e+000 4.3528165211e-002
89 84 73
2 1 1925 -336.4800 71.7700 2 1632 -402.2700 99.5800
6.1888417768e+000 -3.2679253104e+000 2.6231398447e-002
142 139 122
6 1 1927 -342.2700 60.0800 2 1004 -407.4700 89.5200 3 936 -419.7200 115.9500 4 1278 -415.1200 39.4200 5 2011 -360.0700 21.7600 6 1285 -304.6800 71.0600
6.2998552327e+000 -3.2166523637e+000 4.6688100799e-002
135 132 114
3 1 1928 -294.4100 83.5500 2 1635 -358.3100 109.2100 3 921 -370.9600 132.1400
6.3905656545e+000 -3.2708288993e+000 7.0791910435e-002
136 133 122
6 1 1930 -256.5200 59.4800 2 1659 -321.4300 81.8500 3 1626 -334.8800 102.7700 4 1955 -330.8600 18.8900 5 2543 -270.5000 -9.4800 6 1986 -220.3100 37.5200
6.5155582532e+000 -3.2117870110e+000 8.2855590723e-002
103 94 85
11 1 1932 -201.2000 86.5900 2 1639 -264.8000 105.4600 3 1628 -278.2500 122.1200 4 1932 -275.5300 32.8200 5 2513 -209.1000 -0.4000 6 1989 -161.9100 43.9400 7 1409 -237.5100 -128.6000 8 1838 -299.8400 -32.9600 9 1401 -333.8500 -90.7500 10 1692 -345.3000 -56.7000 12 1696 -357.5700 -116.4600
7.5131759324e+000 -3.2179899208e+000 -6.6126121531e-001
36 27 22
2 1 1936 208.1801 77.0800 2 1641 150.6500 95.8300
7.8027243967e+000 -3.2445192116e+000 -5.9551217678e-001
45 27 23
2 1 1938 322.8300 67.8800 2 1665 261.3101 78.7200
6.2879427235e+000 -3.3309826767e+000 4.0112695254e-002
115 111 100
3 1 1957 -298.7000 32.9000 2 1683 -365.0100 58.0400 3 1653 -378.5600 83.2400
6.6071669942e+000 -3.2798194573e+000 8.8016929330e-002
112 108 96
3 1 1958 -158.7700 56.2100 2 1661 -224.0200 72.0100 3 1656 -238.9600 87.7800
7.6417987228e+000 -3.2967709099e+000 -6.5818509857e-001
51 33 29
5 1 1962 257.4100 47.6700 2 1663 197.1000 61.6700 3 1660 183.4500 82.8200 4 1966 182.2100 5.2200 5 2047 265.4301 -22.4100
6.2629609816e+000 -3.3440356494e+000 2.2902528277e-002
124 119 109
3 1 1983 -308.4000 26.7600 2 1681 -374.7200 54.1600 3 1650 -388.2900 79.4100
6.2793625079e+000 -3.3591771142e+000 4.4927565725e-002
55 52 44
3 1 1984 -303.4400 19.8000 2 1682 -369.0000 46.7700 3 1651 -383.6600 70.3300
6.3848882222e+000 -3.3997002847e+000 9.6984734142e-002
65 54 48
6 1 1986 -259.6700 1.1200 2 1701 -326.3400 24.5400 3 1675 -342.5800 44.7500 4 2486 -343.9900 -38.6300 5 2571 -287.6700 -68.6500 7 1049 -312.2100 -180.5400
6.4370562217e+000 -3.3953295181e+000 1.2282342518e-001
56 48 46
5 1 1987 -237.6300 3.6600 2 1702 -304.0900 23.8400 3 986 -320.9900 41.3100 4 1361 -322.4000 -43.3300 6 1367 -218.5900 -26.0500
6.4714482059e+000 -3.3538020363e+000 1.1113747031e-001
108 98 86
12 1 1988 -222.4100 22.0400 2 1686 -289.3100 40.2300 3 1655 -304.4000 59.7000 4 1983 -304.8300 -26.2700 5 2060 -243.9200 -60.6200 6 2025 -197.6300 -11.8000 7 1052 -272.4000 -179.1800 8 1896 -338.7600 -77.3000 9 1419 -370.8900 -127.8000 10 1182 -383.8600 -90.3400 12 1228 -394.9100 -143.6100 14 819 -439.7600 -44.5600
6.6990334462e+000 -3.3547213072e+000 8.7467049072e-002
81 66 59
2 1 1992 -117.5000 22.7500 2 1041 -183.8800 36.0500
6.6895394573e+000 -3.3914187958e+000 1.0479424214e-001
61 50 41
3 1 1993 -122.0900 6.2300 2 1071 -189.9900 18.8300 3 990 -206.7400 33.8800
6.7692828608e+000 -3.3629594617e+000 8.4837164061e-002
76 58 54
3 1 1994 -85.6800 19.3500 2 1042 -152.2700 30.3400 3 1679 -169.6400 44.3000
8.2527496380e+000 -3.3970762972e+000 -1.7487445740e-001
185 194 186
2 1 2000 546.2800 8.2000 2 1757 474.0699 -6.5800
6.4512678451e+000 -3.4816924236e+000 1.2636675806e-001
76 66 54
2 1 2011 -230.9400 -35.5400 2 1734 -300.6300 -16.6700
6.7431913477e+000 -3.4210682383e+000 8.5556889509e-002
45 31 27
4 1 2013 -96.7500 -6.5900 2 1072 -164.9600 5.0700 3 1701 -183.3200 19.4500 4 2037 -188.4100 -70.0800
7.0865508134e+000 -3.4754306895e+000 -5.1298338669e-001
80 58 47
2 1 2015 50.0400 -21.8900 2 1709 -14.4200 2.3800
7.6107298389e+000 -3.4767766982e+000 -8.2902018496e-001
73 58 51
2 1 2019 235.9399 -17.7900 2 1712 173.7500 4.1200
8.6755243251e+000 -3.5341259803e+000 -1.0814134286e+000
74 55 48
2 1 2025 591.8300 -33.6900 2 1758 522.9301 -25.0700
6.7921395583e+000 -3.5382375772e+000 8.3725232134e-002
47 28 22
3 1 2042 -75.0700 -59.6600 2 1770 -146.1900 -47.1000 3 1738 -165.4800 -33.1400
6.9257371401e+000 -3.5144067628e+000 1.1314519381e-002
44 22 16
2 1 2043 -14.1300 -47.1200 2 1743 -85.0300 -35.7500
6.9257371401e+000 -3.5144067628e+000 1.1314519381e-002
44 22 16
2 1 2044 -14.1300 -47.1200 2 1744 -85.0300 -35.7500
7.6314695962e+000 -3.5978906779e+000 -7.2182877495e-001
74 57 53
2 1 2053 249.4399 -63.7900 2 1774 182.6300 -44.5900
7.9715655119e+000 -3.5575522156e+000 -6.5292246057e-001
87 78 73
2 1 2054 382.1500 -49.9500 2 1780 312.2400 -39.6900
7.6157743703e+000 -3.6288605743e+000 -7.5597843399e-001
74 59 52
2 1 2066 242.1600 -74.4900 2 1777 174.3800 -53.6600
7.6331033258e+000 -3.6713025437e+000 -7.5236224322e-001
74 55 48
2 1 2069 248.4500 -90.0500 2 1799 180.0900 -69.5500
7.6695831205e+000 -3.6722558537e+000 -7.5073349582e-001
55 37 30
2 1 2072 262.0699 -90.4300 2 1144 193.2700 -70.6500
7.7729858195e+000 -3.7616473620e+000 -8.0649052156e-001
74 59 54
2 1 2092 295.8101 -121.0200 2 1817 226.3700 -101.5200
8.0198111409e+000 -3.8340007188e+000 -4.2634180205e-001
115 105 93
2 1 2117 421.1801 -163.6400 2 1853 340.5900 -159.0900
8.2553743342e+000 -3.7717316787e+000 -3.9200218879e-001
115 98 82
2 1 2120 518.3800 -140.0400 2 1855 438.2200 -142.9300
7.6326947932e+000 -3.8859052671e+000 -8.3691931966e-001
44 30 27
6 1 2137 243.5000 -165.3700 2 1845 171.5300 -139.9800 3 1812 148.1899 -114.8000 4 2101 134.1600 -170.0500 5 2168 194.6700 -186.0800 6 2134 213.9700 -133.5500
7.9362927146e+000 -3.9158985374e+000 -6.0379096938e-001
66 53 49
2 1 2138 373.1899 -186.9100 2 1878 292.4500 -173.8100
7.9740925957e+000 -4.0008624033e+000 -5.8575879123e-001
63 48 45
2 1 2153 388.5200 -219.9600 2 1899 306.1300 -207.3900
8.0689578205e+000 -3.9608508069e+000 -5.2857277289e-001
108 93 78
3 1 2155 430.1801 -207.6500 2 1901 348.2900 -199.7500 4 1562 292.2800 -262.7200
6.1498396550e+000 -3.8902280709e+000 4.7724003326e-001
64 60 63
2 1 2163 -405.7400 -248.7000 2 1906 -486.1900 -229.6800
8.0149730877e+000 -4.0297601449e+000 -5.8354791285e-001
70 51 45
2 1 2170 403.5000 -230.8500 2 1902 321.6000 -219.2500
8.0279995388e+000 -4.0549116718e+000 -5.9701587668e-001
104 84 73
2 1 2171 407.8000 -239.7100 2 1249 324.1700 -227.2900
7.0616058283e+000 -4.0744526180e+000 -2.7631396853e-001
159 131 91
2 1 2189 42.7500 -269.8500 2 2360 -36.5000 -246.6200
9.2540808067e+000 -4.2687546091e+000 -5.0127541643e-001
162 142 91
3 1 2215 894.5200 -326.7300 2 2384 785.8700 -340.0600 4 1629 691.0200 -435.8200
5.9038102251e+000 -2.4784647285e+000 -1.5022426641e-001
37 21 32
3 1 2274 -449.7100 395.2600 2 1996 -505.5400 444.6700 3 1960 -507.7100 483.2200
7.3674507469e+000 -2.4414048276e+000 -8.9501876475e-001
72 64 62
3 1 2284 145.8600 353.0900 2 2006 107.1300 385.7400 3 2356 114.4800 414.3900
7.4280089241e+000 -2.4645356607e+000 -8.2833812094e-001
65 58 50
9 1 2286 169.6500 348.7200 2 2015 130.7500 378.9300 3 1981 137.3300 405.5800 4 2275 158.8500 329.9100 5 2744 272.7900 330.1000 6 2628 312.3101 356.4300 7 1601 252.2300 193.5800 8 2452 224.8500 272.3900 9 2022 187.6700 184.9500
9.0403427275e+000 -2.4325306001e+000 -1.0089808536e+000
168 151 97
4 1 2287 731.3700 352.1200 2 2019 694.3400 350.0400 3 2003 707.5100 353.8700 4 2318 728.5000 251.7400
7.1037911718e+000 -2.5059574081e+000 -1.0101805778e+000
167 145 108
