# Bundle file v0.3
60 3633
0 0 0
0 0 0
0 0 0
0 0 0
0 0 0
1.6590676170e+003 4.6688781859e-002 -1.0744476613e-001
9.9984676958e-001 1.7583151740e-003 1.7416822236e-002
-1.3459728067e-003 9.9971919383e-001 -2.3658441244e-002
-1.7453530481e-002 2.3631373481e-002 9.9956837308e-001
-6.8880423664e+000 3.3332064127e+000 -3.2138265751e+000
1.6904511113e+003 8.1537896119e-003 -3.1797643931e-003
9.9755089636e-001 6.0765344077e-002 3.4637871379e-002
-5.6422904528e-002 9.9177104768e-001 -1.1492016720e-001
-4.1336001488e-002 1.1268434649e-001 9.9277065480e-001
-6.8163423334e+000 3.7036242310e+000 -2.8291605780e+000
1.6964551635e+003 1.6731082264e-002 -2.1808548788e-002
9.9369706583e-001 1.0992577782e-001 2.1965079674e-002
-1.0356425712e-001 9.7523759592e-001 -1.9541257929e-001
-4.2902051271e-002 1.9190610951e-001 9.8047511908e-001
-6.6656213249e+000 3.9958803730e+000 -2.5983847551e+000
1.6662930731e+003 4.8563905368e-002 -1.1173573812e-001
9.8576978767e-001 1.6806643006e-001 -3.4059942566e-003
-1.6233563675e-001 9.4650485772e-001 -2.7888294203e-001
-4.3647070362e-002 2.7546729279e-001 9.6031906357e-001
-6.4338180498e+000 4.1065089392e+000 -2.3174428664e+000
1.6906983010e+003 3.2841111435e-002 -8.8245503504e-002
9.7150457095e-001 2.3588504019e-001 -2.3175772766e-002
-2.2647425911e-001 8.9498504897e-001 -3.8433211170e-001
-6.9916225489e-002 3.7862911924e-001 9.2290395572e-001
-5.9570088881e+000 4.2942267346e+000 -1.6010332426e+000
1.6995307768e+003 1.6726253528e-002 -3.7206714056e-002
9.6296457326e-001 2.6425484458e-001 -5.3559385443e-002
-2.6045064555e-001 8.6026693048e-001 -4.3829929222e-001
-6.9747343234e-002 4.3601626741e-001 8.9723192245e-001
-5.7391529655e+000 4.4948589699e+000 -1.6092756614e+000
1.6933958341e+003 3.1929830488e-002 -5.9006900385e-002
9.5168911609e-001 2.9953947835e-001 -6.7556844453e-002
-2.9474803083e-001 8.2945409659e-001 -4.7447813434e-001
-8.6089631463e-002 4.7146792315e-001 8.7767110742e-001
-5.7142455096e+000 4.2707920919e+000 -1.4295996108e+000
1.6915723894e+003 4.9441863354e-002 -1.1373853292e-001
9.2153806608e-001 3.7345614875e-001 -1.0629251023e-001
-3.5589344150e-001 7.0292683072e-001 -6.1581955876e-001
-1.5526574339e-001 6.0532997251e-001 7.8068442620e-001
-5.4184916463e+000 4.4658818945e+000 -5.8315953085e-001
1.6677104653e+003 7.6655397287e-002 -1.6889915916e-001
9.0262955793e-001 4.0372464640e-001 -1.4921893661e-001
-4.0036440538e-001 6.6026020681e-001 -6.3542489895e-001
-1.5801336669e-001 6.3329524646e-001 7.5760735659e-001
-5.3067881746e+000 4.4907951888e+000 -6.2837941263e-001
1.6892115332e+003 4.0995129083e-002 -6.8226876556e-002
8.7878441981e-001 4.3968649428e-001 -1.8550938048e-001
-4.3596853422e-001 5.8158490041e-001 -6.8679723411e-001
-1.9408601358e-001 6.8442296160e-001 7.0277722570e-001
-5.0672123496e+000 4.5498620456e+000 -2.8542928684e-001
0 0 0
0 0 0
0 0 0
0 0 0
0 0 0
1.6828473767e+003 4.1399078367e-002 -9.4727213402e-002
8.6061252984e-001 4.5751293870e-001 -2.2366936401e-001
-4.5914533269e-001 5.0708452443e-001 -7.2941815754e-001
-2.2029897172e-001 7.3044315043e-001 6.4646822586e-001
-4.9511970845e+000 4.3258419266e+000 -1.0613587337e-001
1.6787270263e+003 3.8013017569e-002 -7.2259963871e-002
8.4916587127e-001 4.7342741209e-001 -2.3405941245e-001
-4.7287143322e-001 4.8421795692e-001 -7.3615594669e-001
-2.3518063424e-001 7.3579851568e-001 6.3505166215e-001
-4.8970741992e+000 4.1511561958e+000 2.6667316129e-002
1.6710866881e+003 5.6276674371e-002 -1.0634768700e-001
8.1904859679e-001 4.9234592644e-001 -2.9454182184e-001
-4.8487316560e-001 3.1958759631e-001 -8.1410182506e-001
-3.0668780442e-001 8.0960438302e-001 5.0048310023e-001
-4.6821659817e+000 4.1072824032e+000 6.8834916274e-001
1.6515839072e+003 6.6336527445e-002 -1.4407795814e-001
7.9802187667e-001 4.8935007904e-001 -3.5170667395e-001
-5.0276137279e-001 2.1885266185e-001 -8.3626222827e-001
-3.3225304572e-001 8.4418008301e-001 4.2067552943e-001
-4.4435484328e+000 3.4718197309e+000 9.8467367123e-001
1.6711876264e+003 3.9151946430e-002 -6.5123745674e-002
7.6958409725e-001 4.9556669334e-001 -4.0268346093e-001
-5.0169649898e-001 7.9141161727e-002 -8.6141586904e-001
-3.9502017691e-001 8.6495683648e-001 3.0952985457e-001
-4.2124955880e+000 3.0392647353e+000 1.4768455889e+000
1.6805470596e+003 1.8771631509e-002 -2.9534914070e-002
7.5181856484e-001 4.8886736030e-001 -4.4246756898e-001
-5.1090747990e-001 7.6995620472e-003 -8.5960122367e-001
-4.1682417463e-001 8.7232414891e-001 2.5555466475e-001
-4.0211295902e+000 2.8488120387e+000 1.6856788690e+000
1.6459264749e+003 7.3211673961e-002 -1.6447039644e-001
7.2437472092e-001 5.0168034099e-001 -4.7286160676e-001
-5.1896652467e-001 -5.4705530947e-002 -8.5304223293e-001
-4.5382266356e-001 8.6332157412e-001 2.2072799935e-001
-3.8862155553e+000 2.6136557491e+000 2.0273143976e+000
1.6919785461e+003 1.6199017423e-002 -3.0870770505e-002
6.7661880111e-001 4.9703582628e-001 -5.4327008512e-001
-5.0945835782e-001 -2.1669711490e-001 -8.3276319686e-001
-5.3163820370e-001 8.4023672128e-001 1.0659771374e-001
-3.6113981827e+000 1.9715194165e+000 2.4643525365e+000
0 0 0
0 0 0
0 0 0
0 0 0
0 0 0
0 0 0
0 0 0
0 0 0
0 0 0
0 0 0
0 0 0
0 0 0
0 0 0
0 0 0
0 0 0
0 0 0
0 0 0
0 0 0
0 0 0
0 0 0
0 0 0
0 0 0
0 0 0
0 0 0
0 0 0
0 0 0
0 0 0
0 0 0
0 0 0
0 0 0
0 0 0
0 0 0
0 0 0
0 0 0
0 0 0
0 0 0
0 0 0
0 0 0
0 0 0
0 0 0
0 0 0
0 0 0
0 0 0
0 0 0
0 0 0
0 0 0
0 0 0
0 0 0
0 0 0
0 0 0
0 0 0
0 0 0
0 0 0
0 0 0
0 0 0
0 0 0
0 0 0
0 0 0
0 0 0
0 0 0
0 0 0
0 0 0
0 0 0
0 0 0
0 0 0
0 0 0
0 0 0
0 0 0
0 0 0
0 0 0
0 0 0
0 0 0
0 0 0
0 0 0
0 0 0
0 0 0
0 0 0
0 0 0
0 0 0
0 0 0
0 0 0
0 0 0
0 0 0
0 0 0
0 0 0
0 0 0
0 0 0
0 0 0
0 0 0
0 0 0
0 0 0
0 0 0
0 0 0
0 0 0
0 0 0
0 0 0
0 0 0
0 0 0
0 0 0
0 0 0
0 0 0
0 0 0
0 0 0
0 0 0
0 0 0
0 0 0
0 0 0
0 0 0
0 0 0
0 0 0
0 0 0
0 0 0
0 0 0
0 0 0
0 0 0
0 0 0
0 0 0
0 0 0
0 0 0
0 0 0
0 0 0
0 0 0
0 0 0
0 0 0
0 0 0
0 0 0
0 0 0
0 0 0
0 0 0
0 0 0
0 0 0
0 0 0
0 0 0
0 0 0
0 0 0
0 0 0
0 0 0
0 0 0
0 0 0
0 0 0
0 0 0
0 0 0
0 0 0
0 0 0
0 0 0
0 0 0
0 0 0
0 0 0
0 0 0
0 0 0
0 0 0
0 0 0
0 0 0
0 0 0
0 0 0
0 0 0
0 0 0
0 0 0
0 0 0
0 0 0
0 0 0
0 0 0
0 0 0
0 0 0
0 0 0
0 0 0
0 0 0
0 0 0
0 0 0
0 0 0
0 0 0
0 0 0
0 0 0
0 0 0
0 0 0
0 0 0
0 0 0
0 0 0
0 0 0
0 0 0
0 0 0
0 0 0
0 0 0
0 0 0
0 0 0
0 0 0
0 0 0
0 0 0
0 0 0
0 0 0
0 0 0
0 0 0
0 0 0
0 0 0
0 0 0
0 0 0
0 0 0
0 0 0
0 0 0
0 0 0
7.4351063806e+000 -2.1907742690e+000 -1.0135257542e+000
113 107 95
3 1 79 198.2000 436.9400 2 65 166.3700 472.8400 3 27 180.2600 505.1500
7.4388615088e+000 -2.2329355352e+000 -9.2865983366e-001
109 95 79
2 1 80 204.2600 428.1400 2 66 170.8300 461.6800
7.4599662721e+000 -2.2094384647e+000 -9.8792231447e-001
111 103 80
2 1 81 208.8900 431.8900 2 67 176.7700 466.7900
7.4864629833e+000 -2.2207436199e+000 -1.0022027030e+000
107 96 75
2 1 82 218.3400 426.2000 2 68 185.6100 460.8200
8.7147920388e+000 -2.1053272571e+000 -1.2751847542e+000
188 174 126
2 1 85 639.9301 443.2500 2 763 614.9800 458.4300
7.2983278356e+000 -2.3635578288e+000 -9.4407651177e-001
104 94 92
2 1 122 149.0300 376.5100 2 93 112.1400 412.1800
7.3151983197e+000 -2.4323090031e+000 -8.6263012161e-001
138 137 133
2 1 123 159.0500 355.8600 2 116 120.0100 388.0600
7.8623004774e+000 -2.5574798080e+000 -9.5003998572e-001
73 54 37
2 1 172 363.4399 300.7800 2 175 323.1899 321.2300
6.4011611703e+000 -2.7123666481e+000 -2.9659989277e-001
76 68 59
2 1 189 -224.5800 279.6100 2 829 -277.3500 314.3000
6.5542646191e+000 -2.7753400728e+000 -2.0218713850e-001
110 97 88
2 1 192 -158.2800 256.2000 2 208 -212.6300 282.9700
6.1485090657e+000 -2.8163682193e+000 -3.0472714645e-001
71 60 60
3 1 219 -337.6900 232.5300 2 861 -395.0100 273.5900 3 789 -400.6100 308.3900
6.2000690326e+000 -2.8493651624e+000 -2.3142261882e-001
124 124 114
2 1 220 -321.0200 221.3200 2 863 -377.5200 257.8300
6.2764649480e+000 -2.8177076421e+000 -2.3225973423e-001
98 95 82
2 1 224 -285.4100 235.6300 2 865 -341.4700 270.4900
7.9345507578e+000 -2.7888182949e+000 -9.1076542571e-001
97 76 52
2 1 270 393.9600 213.6800 2 911 346.8400 229.9300
6.1219560580e+000 -2.9835509141e+000 -1.5569597394e-001
149 145 133
2 1 309 -363.6200 162.2300 2 922 -423.9400 197.4100
6.2406864427e+000 -2.9349621892e+000 -9.7342548625e-002
116 113 99
2 1 311 -312.1000 187.2100 2 252 -371.8600 217.4700
6.2406864427e+000 -2.9349621892e+000 -9.7342548625e-002
116 113 99
2 1 312 -312.1000 187.2100 2 253 -371.8600 217.4700
7.6213123139e+000 -2.9138153626e+000 -6.2746713870e-001
91 73 59
2 1 326 294.7800 174.5400 2 932 242.1600 188.3400
6.3505794559e+000 -3.0266536663e+000 -2.6627574300e-002
92 86 74
2 1 362 -263.7100 145.3000 2 283 -326.1100 169.5400
6.3217244357e+000 -3.0643753663e+000 1.4588401912e-002
91 89 77
4 1 363 -281.0100 127.7700 2 310 -343.8900 151.4100 3 227 -355.2200 173.0900 4 378 -349.9200 85.4000
6.4700444870e+000 -3.1382672145e+000 -2.0354399818e-002
78 70 59
2 1 396 -206.5400 91.1000 2 336 -269.3600 111.2400
6.0937202486e+000 -3.1545033269e+000 -9.5614349927e-002
94 91 74
3 1 418 -382.2500 82.3300 2 328 -446.4900 116.8300 3 240 -457.9800 146.1500
8.8109101988e+000 -3.1299486606e+000 -8.1444302834e-001
131 114 71
2 1 445 745.5100 82.7900 2 380 681.6400 76.2700
6.5831029087e+000 -3.2355591380e+000 4.7247661305e-002
105 103 90
2 1 473 -153.9700 43.8400 2 401 -219.3900 58.1900
7.7933352602e+000 -3.3018678716e+000 -5.9302337622e-001
85 70 65
2 1 526 367.4200 14.7400 2 1075 302.6700 23.6700
8.0769721159e+000 -3.2973546370e+000 -1.9106384809e-001
157 166 165
2 1 532 541.2000 14.0900 2 434 469.9700 -0.3100
6.4540919947e+000 -3.3522915034e+000 8.9424723113e-002
63 54 46
2 1 545 -220.9900 -14.3200 2 1070 -288.0100 2.0200
7.4038433223e+000 -3.3743497731e+000 -5.8919663699e-001
76 61 56
2 1 550 207.3400 -15.2200 2 1073 140.7500 3.1900
7.8707784522e+000 -3.5455789563e+000 -4.4166660207e-001
98 86 76
3 1 592 415.0400 -90.8600 2 1149 340.7800 -87.0400 3 416 317.0200 -80.1300
6.6638810790e+000 -3.5363565502e+000 1.9340504178e-001
86 73 51
2 1 608 -116.9300 -111.2800 2 1164 -193.0800 -102.9300
6.6958346964e+000 -3.5785150545e+000 2.0368520748e-001
85 70 46
2 1 631 -100.7800 -133.5000 2 1166 -178.0600 -125.9800
7.3998165390e+000 -3.7554599807e+000 -8.5971090489e-001
62 43 29
2 1 645 188.9900 -158.9300 2 501 118.0699 -130.2400
7.8607000136e+000 -3.6983640784e+000 -5.0813061623e-001
79 70 62
7 1 648 401.5000 -153.3900 2 1196 324.9301 -144.6900 3 479 297.4000 -134.0200 4 2133 280.2000 -210.8500 5 1524 344.7900 -253.6000 6 2168 355.2500 -205.4200 8 1431 190.0800 -236.4500
7.5656697902e+000 -2.4717939272e+000 -8.5645274156e-001
78 60 45
4 1 981 256.2500 340.1800 2 1430 217.9000 366.4800 3 1404 225.7400 388.2000 4 1723 246.1899 312.7500
6.5309756940e+000 -2.6892462925e+000 -3.0398371749e-001
117 109 98
6 1 999 -166.4600 288.6200 2 817 -217.6600 321.4300 4 1086 -204.5800 268.5700 5 1086 -120.0100 264.9300 6 1756 -69.7000 297.5700 8 1045 -182.0100 214.1600
6.3321064078e+000 -2.7730559409e+000 -2.4759762326e-001
83 72 60
2 1 1022 -258.7200 255.1400 2 827 -313.6900 289.4700
6.3974597343e+000 -2.7409030848e+000 -2.4260493878e-001
67 57 48
2 1 1023 -228.7700 270.0100 2 1456 -283.2200 302.8100
6.3855835475e+000 -2.7525144060e+000 -2.4088903538e-001
161 155 141
2 1 1024 -234.1300 264.7800 2 828 -289.2600 297.7900
6.1919154494e+000 -2.7749203996e+000 -3.0855944058e-001
86 81 78
3 1 1056 -318.5600 250.9400 2 1453 -373.7300 291.5500 3 1435 -378.5800 325.2100
6.3048682600e+000 -2.8357536062e+000 -1.6120801734e-001
70 66 55
2 1 1058 -277.8900 231.1200 2 868 -333.1200 262.3400
6.2948980733e+000 -2.8576810248e+000 -1.2814807296e-001
88 83 77
3 1 1059 -284.0500 222.4700 2 867 -341.9200 252.7700 3 1510 -348.4800 279.0600
7.1158243209e+000 -2.6394519358e+000 -1.5625272165e+000
169 145 112
3 1 1067 65.4900 241.2200 2 836 22.7000 294.5600 3 778 27.7800 339.7500
8.0682945059e+000 -2.6855041672e+000 -9.8597768149e-001
183 187 174
6 1 1073 437.1100 249.3800 2 1521 393.1899 265.4900 3 1522 396.7200 282.2100 4 1808 410.6801 203.2300 5 1898 527.0000 182.9800 6 1872 554.1500 207.4900
7.2486197112e+000 -2.8096767936e+000 -6.2089204347e-001
135 155 150
3 1 1092 142.0800 218.4800 2 1542 92.2700 240.6600 3 1519 89.7900 262.3700
7.2476943235e+000 -2.8100504948e+000 -6.1353529948e-001
135 155 150
4 1 1093 142.0800 218.4800 2 1541 92.2700 240.6600 3 1518 89.7900 262.3700 4 1816 100.0000 184.0200
7.2898888796e+000 -2.8116962366e+000 -6.1073965388e-001
87 80 70
5 1 1094 159.0300 217.4800 2 1545 109.4301 239.3900 4 1819 118.2000 180.9500 5 1893 215.7600 164.2500 6 1867 249.0400 193.4100
7.7823038904e+000 -2.7932530760e+000 -8.0073270701e-001
92 73 56
2 1 1102 345.2800 216.5400 2 1554 297.0400 232.8400
6.0242308780e+000 -2.9846395114e+000 -2.3223495960e-001
150 150 132
2 1 1118 -401.7000 159.3200 2 920 -462.1200 199.6700
6.0923969042e+000 -2.9822947141e+000 -1.8054857104e-001
150 148 135
2 1 1120 -375.1500 162.0200 2 921 -435.4400 198.8500
7.6586509010e+000 -2.8881040391e+000 -6.7181211190e-001
93 76 60
3 1 1134 306.2000 184.1000 2 931 255.0400 196.9200 3 885 251.3101 212.6800
5.7813523261e+000 -3.0342337017e+000 -4.6836489744e-001
114 111 114
2 1 1150 -484.8100 130.9900 2 940 -545.0300 184.1500
6.0104647886e+000 -3.0339063921e+000 -2.3496420339e-001
140 136 124
3 1 1155 -407.8600 136.4900 2 943 -468.8100 177.3800 3 874 -477.6500 213.0900
6.1854792567e+000 -3.0329959797e+000 -6.5643779133e-002
110 102 87
3 1 1158 -341.0500 141.2200 2 1584 -403.5100 171.9800 3 879 -413.1300 198.2500
5.8616674679e+000 -3.0918106997e+000 -3.5488516469e-001
150 148 133
6 1 1166 -462.3700 106.9200 2 942 -524.2900 156.5600 3 1548 -532.2200 199.2300 4 1835 -522.1400 144.9100 5 1879 -474.6400 162.0100 6 1851 -411.7300 214.4000
6.0685013650e+000 -3.1202531752e+000 -1.1006988068e-001
108 105 98
2 1 1169 -392.9800 98.8600 2 305 -456.7400 133.4200
6.1311434888e+000 -3.0962438942e+000 -8.6514540354e-002
101 97 85
3 1 1173 -365.0500 110.3900 2 963 -428.1600 143.1500 3 898 -439.8800 171.7500
6.2047144883e+000 -3.0718135531e+000 -4.9133769305e-002
110 103 85
2 1 1174 -333.2100 123.1000 2 308 -396.2100 151.9400
6.1800007868e+000 -3.1052044392e+000 -3.7124092067e-002
129 126 111
4 1 1175 -345.2600 106.9700 2 966 -409.9200 136.4700 3 899 -421.0300 162.6400 4 1244 -415.9300 83.9700
6.2967810787e+000 -3.1038386078e+000 1.2542361362e-002
127 122 113
3 1 1178 -292.4300 108.5200 2 309 -357.1300 132.7800 3 243 -369.2600 154.6500
6.3399052407e+000 -3.1282881981e+000 -7.0339362123e-003
105 102 88
3 1 1179 -270.8100 96.1200 2 985 -334.0000 120.0600 3 924 -346.6400 141.2800
6.5739697669e+000 -3.0798495328e+000 -2.5211235207e-003
87 77 65
4 1 1186 -156.4200 119.0900 2 969 -218.0900 137.1200 4 1254 -227.2700 60.4000 7 604 -187.0400 -108.2900
8.9055144102e+000 -3.0589654362e+000 -5.6962298601e-001
178 161 105
2 1 1202 831.9000 114.9100 2 347 767.2000 96.0500
6.1130219380e+000 -3.1446201336e+000 -7.3469947933e-002
121 115 101
7 1 1212 -376.0700 87.6800 2 977 -439.9400 118.9700 3 917 -451.0900 149.4000 4 373 -444.6700 75.8400 5 380 -389.9500 63.5700 6 352 -332.1500 112.2100 9 255 -481.6800 6.1700
6.3409464264e+000 -3.2028332648e+000 1.0350191124e-002
76 67 60
4 1 1219 -271.1400 60.1100 2 1658 -336.2000 82.8500 3 939 -350.0000 103.7800 4 441 -348.0200 20.9400
6.4604455761e+000 -3.1633283313e+000 5.5453705184e-002
110 101 90
2 1 1221 -214.7900 79.7500 2 986 -279.8800 97.3000
6.5532059419e+000 -3.1637675458e+000 7.1393611550e-002
75 67 57
2 1 1223 -169.3600 79.6100 2 987 -234.3200 93.8800
8.0541983324e+000 -3.1678578552e+000 -2.7656565774e-001
96 81 65
3 1 1230 518.4600 72.7900 2 1669 453.0200 62.1100 3 1691 437.1500 56.0100
8.9166573854e+000 -3.1404265183e+000 -7.5778057107e-001
121 103 70
2 1 1233 796.8800 79.3100 2 1027 732.4600 67.9300
6.2309149512e+000 -3.2114598605e+000 -3.9918272896e-002
86 84 73
2 1 1244 -320.3800 55.5700 2 1005 -387.2400 83.3400
6.3067328073e+000 -3.2473635662e+000 1.6230377647e-003
114 110 99
6 1 1249 -287.8200 37.9800 2 1012 -353.9700 62.4200 3 962 -367.3200 85.2900 4 1305 -365.8600 3.9000 5 1272 -308.4600 -21.2800 6 431 -256.1500 28.5600
6.3088971698e+000 -3.2164694270e+000 2.6877839832e-003
140 138 126
6 1 1250 -287.2000 52.9400 2 1006 -352.0900 77.5500 3 1624 -365.5400 99.9600 4 1304 -362.5200 17.9000 5 2039 -304.5500 -7.4900 6 1313 -253.0600 41.0500
6.3089329650e+000 -3.2165207859e+000 2.2761845848e-003
140 138 126
7 1 1251 -287.2000 52.9400 2 1007 -352.0900 77.5500 3 1625 -365.5400 99.9600 4 1303 -362.5200 17.9000 5 2038 -304.5500 -7.4900 6 1312 -253.0600 41.0500 7 601 -327.2600 -125.2700
6.3334774333e+000 -3.2683765125e+000 3.1079954396e-002
97 90 80
2 1 1252 -276.6800 27.8900 2 1037 -342.9200 49.8600
6.5728754754e+000 -3.2504657559e+000 4.4671794470e-002
128 143 134
3 1 1255 -158.5900 36.3400 2 1040 -224.8600 51.4800 3 963 -240.7100 66.8600
6.6412409896e+000 -3.2121984395e+000 3.7824795453e-002
100 96 89
2 1 1257 -124.5300 55.2200 2 1018 -190.0400 68.4600
8.0951133868e+000 -3.2150349241e+000 -1.8782238673e-001
180 178 166
3 1 1269 550.9900 51.8100 2 1695 481.6000 36.3800 3 1039 462.6500 26.7100
7.2694125543e+000 -3.4092394921e+000 -6.5130927919e-001
42 27 24
2 1 1310 147.0800 -28.1300 2 1745 84.3400 -5.4600
7.4527922939e+000 -3.4206663327e+000 -6.8940096718e-001
54 35 29
2 1 1314 220.2600 -32.3900 2 1097 155.2400 -12.1100
7.9093959374e+000 -3.4160616445e+000 -9.6582666705e-001
82 69 61
2 1 1320 376.2900 -26.1700 2 1101 313.6100 -7.6000
7.7996983837e+000 -3.4648600884e+000 -5.9457413949e-001
54 41 34
3 1 1340 370.1600 -52.3100 2 1122 299.8199 -43.5100 3 1059 279.6700 -29.6300
7.4597371863e+000 -3.5536131588e+000 -7.0550047973e-001
55 35 32
2 1 1365 221.7400 -85.4700 2 1118 153.5100 -64.0600
7.4597371863e+000 -3.5536131588e+000 -7.0550047973e-001
55 35 32
2 1 1366 221.7400 -85.4700 2 1119 153.5100 -64.0600
7.4868875937e+000 -3.5743067663e+000 -7.1036483788e-001
56 35 32
2 1 1367 232.4399 -93.6600 2 1143 163.2800 -72.4500
7.5865472178e+000 -3.6271058798e+000 -7.5553749656e-001
46 28 26
2 1 1393 269.0900 -113.2000 2 1146 198.3400 -92.2600
7.8487595876e+000 -3.6680627565e+000 -5.3961600175e-001
35 26 19
2 1 1418 394.7700 -138.7200 2 1172 317.9399 -129.8400
7.3039263648e+000 -3.8184132719e+000 -8.3196848059e-001
71 45 30
2 1 1442 152.7200 -184.6200 2 1193 81.0601 -154.2500
7.3427798834e+000 -3.7660144166e+000 -7.5381448583e-001
62 39 25
2 1 1444 172.0601 -168.1600 2 1839 99.6600 -141.0300
7.5285395873e+000 -3.7888161257e+000 -8.0814895961e-001
78 64 61
4 1 1447 241.5200 -174.3100 2 522 168.1100 -149.2400 3 1148 146.1600 -122.9900 4 1498 132.6801 -177.9400
6.8042959579e+000 -3.7133700280e+000 1.6012257561e-001
70 56 44
2 1 1468 -45.1800 -199.6300 2 537 -124.7300 -191.4300
8.9678292344e+000 -2.0725784202e+000 -6.6794416353e-001
157 144 92
2 1 1658 840.7600 514.9500 2 1384 818.5400 504.3500
6.0885477409e+000 -2.3134504054e+000 -2.4761644959e-001
78 61 69
2 1 1675 -371.4300 468.1900 2 1364 -421.3300 516.2900
7.3530845499e+000 -2.2115693783e+000 -1.0021397707e+000
81 78 72
3 1 1686 167.5500 430.0200 2 1388 135.0000 467.8000 3 1963 147.9100 500.6500
7.3652783665e+000 -2.3738752112e+000 -8.8064523291e-001
66 57 48
3 1 1706 177.6500 377.1900 2 1404 140.3101 409.9400 3 1974 150.0300 437.0100
7.3652430396e+000 -2.4665412825e+000 -7.8939828104e-001
101 92 82
3 1 1707 181.5800 347.4400 2 1420 142.0500 376.3600 4 2276 170.5699 325.9700
7.4911669095e+000 -2.4585606634e+000 -8.3696665223e-001
77 60 48
4 1 1709 228.3500 347.3400 2 1426 190.6899 374.2500 3 1985 197.4399 396.7500 4 2282 218.8600 322.8300
7.4906925872e+000 -2.4591000995e+000 -8.2985311781e-001
77 60 48
5 1 1710 228.3500 347.3400 2 1427 190.6899 374.2500 3 1986 197.4399 396.7500 4 2281 218.8600 322.8300 6 2294 375.0699 340.9900
7.6017990769e+000 -2.4251943781e+000 -8.8751618704e-001
75 56 42
3 1 1711 269.1300 355.3300 2 1408 230.8101 383.9400 4 2284 262.9600 329.8700
7.6286058028e+000 -2.4357977599e+000 -8.8473820514e-001
100 84 69
2 1 1712 279.1500 352.5400 2 1431 242.0699 377.4900
7.6286058028e+000 -2.4357977599e+000 -8.8473820514e-001
100 84 69
2 1 1713 279.1500 352.5400 2 1432 242.0699 377.4900
7.0862809397e+000 -2.4577071547e+000 -8.5499701942e-001
167 144 103
2 1 1721 69.5300 346.8600 2 1402 29.3700 384.0000
7.0862809397e+000 -2.4577071547e+000 -8.5499701942e-001
167 144 103
2 1 1722 69.5300 346.8600 2 1403 29.3700 384.0000
7.4624212956e+000 -2.5389310217e+000 -8.1218221168e-001
77 59 47
3 1 1729 218.9100 317.1500 2 1446 177.9500 342.9400 3 1425 182.9301 366.0200
8.6835594472e+000 -2.4410522585e+000 -1.1516730170e+000
150 133 83
3 1 1741 645.8800 331.2300 2 1450 609.8400 340.2100 5 1822 778.6500 236.7600
6.4215184025e+000 -2.6674990684e+000 -3.4340058648e-001
55 42 39
3 1 1742 -211.9400 296.3300 2 2025 -264.9600 333.1900 3 1993 -267.7100 363.3700
7.4608171465e+000 -2.6180467894e+000 -7.4511027092e-001
77 59 47
2 1 1744 222.0400 289.7300 2 1462 178.7300 312.8500
6.5825219129e+000 -2.7239646789e+000 -2.8856613067e-001
113 103 93
5 1 1756 -142.8000 274.3500 2 2040 -194.6100 303.5500 3 2011 -198.2800 329.2500 5 2769 -99.9300 240.0200 6 2322 -50.4500 272.5000
6.6084767510e+000 -2.7650724333e+000 -2.4825813930e-001
62 41 38
6 1 1757 -131.1300 257.2800 2 1457 -186.1300 284.8400 3 2028 -190.2100 309.2600 4 2311 -177.7000 225.1100 5 2411 -91.7100 210.7000 6 2666 -45.2600 245.4400
7.5406103512e+000 -2.6976738549e+000 -7.4780181157e-001
72 58 46
3 1 1772 253.5300 257.6100 2 1514 208.6300 277.7300 3 2037 208.9500 297.3500
7.7150535424e+000 -2.6421194610e+000 -8.4557304951e-001
98 79 62
2 1 1780 315.7200 273.9900 2 1485 271.7500 294.2300
8.7919867864e+000 -2.6357109661e+000 -1.0367519911e+000
141 119 70
2 1 1784 701.6300 265.5200 2 889 658.8199 266.8600
6.2457513779e+000 -2.8300266599e+000 -2.5199834155e-001
141 143 129
2 1 1791 -298.2800 229.0200 2 1490 -354.2800 265.2000
6.3300773385e+000 -2.7927998346e+000 -2.1980955115e-001
80 70 61
3 1 1794 -260.9500 247.5300 2 2053 -316.3900 281.0100 3 2021 -323.2700 309.4300
6.4698767464e+000 -2.8648515328e+000 -4.6914799246e-002
64 48 33
3 1 1799 -205.0200 223.2300 2 1535 -262.3800 244.3600 3 2051 -270.4600 265.1400
6.5262287158e+000 -2.7998688695e+000 -1.6547305328e-001
68 56 48
2 1 1800 -173.3200 247.1000 2 2056 -227.4300 272.8600
7.2671412143e+000 -2.7995240214e+000 -6.2144279095e-001
70 61 56
15 1 1806 148.9600 223.2800 2 1544 100.4200 244.5800 3 1520 97.9700 261.6500 4 1817 108.7800 185.1400 5 2431 207.6600 174.9800 7 957 174.3800 43.4000 8 2184 130.6400 130.2600 9 1758 90.1400 53.4700 10 1589 85.5601 77.2800 12 1577 65.1700 10.0400 13 2112 38.0200 -74.3200 14 1220 29.6400 78.5700 15 1566 83.3800 -112.3500 16 1169 100.6899 -123.3300 18 634 115.1000 -205.9400
7.4497593985e+000 -2.7395720831e+000 -6.8060238280e-001
74 60 47
3 1 1808 221.0900 244.5700 2 1509 174.8900 263.2000 3 1474 173.3700 283.8200
7.4443233367e+000 -2.7760179047e+000 -7.1695011439e-001
90 76 62
2 1 1809 217.4500 227.3100 2 2082 168.2600 249.2400
6.0996716439e+000 -2.9123213245e+000 -2.1160325721e-001
95 91 82
4 1 1818 -370.3900 192.8600 2 2070 -427.5000 232.0000 3 2044 -434.9900 265.2200 4 2323 -422.7600 194.4600
6.2271098462e+000 -2.8578015998e+000 -2.0256598723e-001
86 88 77
2 1 1823 -309.9500 218.6800 2 1489 -368.2200 253.6800
5.9847226982e+000 -2.9796465324e+000 -2.8397285128e-001
154 152 139
2 1 1842 -413.8800 159.8900 2 2086 -475.3000 203.1300
6.4570613656e+000 -2.9453236661e+000 -8.0355960475e-003
90 81 72
6 1 1845 -213.3100 184.9000 2 1563 -273.6700 206.4100 3 2070 -283.0200 225.3600 4 2363 -274.9900 132.6900 5 2820 -200.8200 106.4800 6 2390 -151.2000 143.0000
6.2088072065e+000 -3.0363703220e+000 -4.2899568530e-002
144 140 123
2 1 1869 -331.5600 140.3800 2 1585 -394.4900 169.1000
6.2973343342e+000 -3.0361860772e+000 -7.3906903309e-003
94 86 75
3 1 1871 -291.7700 141.6000 2 1588 -353.6700 165.8400 3 1554 -364.0900 188.7600
6.3084182578e+000 -3.0544021617e+000 7.6695371476e-003
136 137 123
6 1 1872 -288.2800 132.1100 2 1589 -350.4100 157.1000 3 1583 -361.6900 178.7100 4 1878 -355.2200 92.1400 5 1969 -289.7300 68.2100 6 1942 -236.5000 111.2200
6.4084470088e+000 -3.0199647909e+000 2.5016901375e-002
63 54 45
4 1 1873 -238.3400 149.9000 2 1590 -300.5300 170.9500 3 1555 -312.6000 189.3000 4 1880 -305.7600 98.3800
6.4790044535e+000 -3.0181810286e+000 2.9208202808e-003
54 39 32
5 1 1876 -202.9900 150.4000 2 1592 -264.4700 169.5000 3 2110 -275.8500 187.1200 4 1882 -268.9600 95.7000 5 1972 -198.0700 66.1400
6.4971192750e+000 -3.0238291600e+000 -4.1926568500e-003
72 61 55
5 1 1877 -193.7200 146.5100 2 949 -255.4100 166.6400 3 900 -265.9700 184.3200 4 1222 -260.5200 92.6400 6 1256 -141.0700 101.8000
6.5768266174e+000 -3.0563993139e+000 1.8385711770e-004
56 46 37
2 1 1878 -155.1000 131.2400 2 1621 -216.5400 147.8400
6.5927843312e+000 -3.0625665019e+000 -1.0495271889e-002
91 77 64
6 1 1879 -146.1400 127.8600 2 1622 -208.5100 145.2900 3 1589 -220.2200 159.2800 4 1912 -216.7800 67.9300 5 1995 -143.6700 33.8300 6 1969 -99.5800 73.4500
7.2332382796e+000 -2.9592724272e+000 -8.5876944884e-001
40 28 28
2 1 1884 125.9500 149.8800 2 1598 74.3400 179.9700
6.0932814990e+000 -3.0963759874e+000 -9.3142854175e-002
93 89 78
2 1 1898 -382.5700 110.4700 2 2146 -446.6000 143.9400
6.0947990312e+000 -3.0954052753e+000 -9.5492314939e-002
93 89 78
9 1 1899 -382.5700 110.4700 2 2145 -446.6000 143.9400 3 2098 -455.2900 175.2600 4 2692 -447.2500 101.7100 5 2813 -392.7900 92.5900 6 2698 -334.2100 140.1400 7 1680 -404.6900 -22.8500 8 2522 -462.0900 87.5700 9 2056 -482.3100 31.2100
6.1120225313e+000 -3.1144492179e+000 -7.4211022683e-002
132 128 117
4 1 1900 -375.2700 101.9300 2 1615 -439.7400 134.6400 3 2101 -450.4300 163.6300 4 2404 -443.3700 88.9500
6.1667770126e+000 -3.1239028229e+000 -4.6142144411e-002
83 78 67
6 1 1902 -351.6800 97.4800 2 1616 -415.3900 128.1300 3 1601 -426.5300 155.4500 4 1245 -420.7000 76.9700 5 1208 -365.1900 62.0400 6 1253 -309.1000 109.4000
6.5105096434e+000 -3.1004614905e+000 1.2797439964e-002
71 61 52
4 1 1906 -187.6600 110.0500 2 1620 -251.2600 127.9600 3 1609 -263.5500 144.8500 4 1930 -259.9700 54.0300
7.5599017002e+000 -3.0542973373e+000 -5.7629968720e-001
93 78 71
8 1 1908 272.2800 118.8400 2 2158 217.1200 128.0100 3 2129 207.5000 144.0700 4 2412 209.2300 62.9300 5 2506 301.3700 32.8200 6 2436 326.4100 63.7500 7 1403 254.7800 -90.6900 10 2073 134.5800 -51.5700
7.7092606245e+000 -3.0963723556e+000 -5.8408366666e-001
68 54 45
8 1 1909 334.2100 100.2600 2 2190 276.0400 110.0600 3 2158 266.2800 121.6100 5 2523 358.5699 1.7800 6 1995 378.9301 31.7200 7 1028 305.8600 -123.2300 8 1881 244.0400 -39.1000 10 1719 178.3700 -81.2600
7.7698884687e+000 -3.0870090518e+000 -6.4901586905e-001
66 50 37
5 1 1912 353.4500 105.3100 2 1643 295.9000 109.9800 3 2131 285.8400 125.4500 4 2435 285.4900 43.4900 5 2525 380.5699 9.1000
7.7698884687e+000 -3.0870090518e+000 -6.4901586905e-001
66 50 37
5 1 1913 353.4500 105.3100 2 1642 295.9000 109.9800 3 2132 285.8400 125.4500 4 2434 285.4900 43.4900 5 2524 380.5699 9.1000
6.2171068265e+000 -3.1677101901e+000 -2.9790068372e-002
104 98 84
6 1 1924 -329.1700 76.6500 2 1633 -393.7800 104.5900 3 1603 -406.2900 130.5500 4 1925 -400.8000 50.9800 5 1228 -344.4000 32.6400 6 1284 -288.2000 80.5200
6.2018794466e+000 -3.1785015212e+000 -2.2360704223e-002
89 84 73
2 1 1925 -336.4800 71.7700 2 1632 -402.2700 99.5800
6.1888247748e+000 -3.2015144626e+000 -3.8384609845e-002
142 139 122
6 1 1927 -342.2700 60.0800 2 1004 -407.4700 89.5200 3 936 -419.7200 115.9500 4 1278 -415.1200 39.4200 5 2011 -360.0700 21.7600 6 1285 -304.6800 71.0600
6.2899164324e+000 -3.1539107503e+000 -1.7619661648e-002
135 132 114
3 1 1928 -294.4100 83.5500 2 1635 -358.3100 109.2100 3 921 -370.9600 132.1400
6.3728527843e+000 -3.2030271054e+000 6.3618196646e-003
136 133 122
6 1 1930 -256.5200 59.4800 2 1659 -321.4300 81.8500 3 1626 -334.8800 102.7700 4 1955 -330.8600 18.8900 5 2543 -270.5000 -9.4800 6 1986 -220.3100 37.5200
6.4868390206e+000 -3.1482799680e+000 1.9602897942e-002
103 94 85
11 1 1932 -201.2000 86.5900 2 1639 -264.8000 105.4600 3 1628 -278.2500 122.1200 4 1932 -275.5300 32.8200 5 2513 -209.1000 -0.4000 6 1989 -161.9100 43.9400 7 1409 -237.5100 -128.6000 8 1838 -299.8400 -32.9600 9 1401 -333.8500 -90.7500 10 1692 -345.3000 -56.7000 12 1696 -357.5700 -116.4600
7.4158383183e+000 -3.1509104816e+000 -6.4475018760e-001
36 27 22
2 1 1936 208.1801 77.0800 2 1641 150.6500 95.8300
7.6802630477e+000 -3.1735736190e+000 -5.7858532962e-001
45 27 23
2 1 1938 322.8300 67.8800 2 1665 261.3101 78.7200
6.2796784887e+000 -3.2587599336e+000 -2.3601353831e-002
115 111 100
3 1 1957 -298.7000 32.9000 2 1683 -365.0100 58.0400 3 1653 -378.5600 83.2400
6.5710252773e+000 -3.2101078956e+000 2.6455209715e-002
112 108 96
3 1 1958 -158.7700 56.2100 2 1661 -224.0200 72.0100 3 1656 -238.9600 87.7800
7.5341842890e+000 -3.2225268849e+000 -6.3923202739e-001
51 33 29
5 1 1962 257.4100 47.6700 2 1663 197.1000 61.6700 3 1660 183.4500 82.8200 4 1966 182.2100 5.2200 5 2047 265.4301 -22.4100
6.2571597440e+000 -3.2709015560e+000 -3.9856278471e-002
124 119 109
3 1 1983 -308.4000 26.7600 2 1681 -374.7200 54.1600 3 1650 -388.2900 79.4100
6.2718667312e+000 -3.2846265187e+000 -1.9273429792e-002
55 52 44
3 1 1984 -303.4400 19.8000 2 1682 -369.0000 46.7700 3 1651 -383.6600 70.3300
6.3677854498e+000 -3.3210792629e+000 3.0518227872e-002
65 54 48
6 1 1986 -259.6700 1.1200 2 1701 -326.3400 24.5400 3 1675 -342.5800 44.7500 4 2486 -343.9900 -38.6300 5 2571 -287.6700 -68.6500 7 1049 -312.2100 -180.5400
6.4150852061e+000 -3.3167233322e+000 5.5252713299e-002
56 48 46
5 1 1987 -237.6300 3.6600 2 1702 -304.0900 23.8400 3 986 -320.9900 41.3100 4 1361 -322.4000 -43.3300 6 1367 -218.5900 -26.0500
6.4465728169e+000 -3.2785928301e+000 4.4881678487e-002
108 98 86
12 1 1988 -222.4100 22.0400 2 1686 -289.3100 40.2300 3 1655 -304.4000 59.7000 4 1983 -304.8300 -26.2700 5 2060 -243.9200 -60.6200 6 2025 -197.6300 -11.8000 7 1052 -272.4000 -179.1800 8 1896 -338.7600 -77.3000 9 1419 -370.8900 -127.8000 10 1182 -383.8600 -90.3400 12 1228 -394.9100 -143.6100 14 819 -439.7600 -44.5600
6.6555675639e+000 -3.2782681956e+000 2.7927332357e-002
81 66 59
2 1 1992 -117.5000 22.7500 2 1041 -183.8800 36.0500
6.6467255654e+000 -3.3118849979e+000 4.3770627688e-002
61 50 41
3 1 1993 -122.0900 6.2300 2 1071 -189.9900 18.8300 3 990 -206.7400 33.8800
6.7200079508e+000 -3.2854633739e+000 2.6925697104e-002
76 58 54
3 1 1994 -85.6800 19.3500 2 1042 -152.2700 30.3400 3 1679 -169.6400 44.3000
8.0849317232e+000 -3.3099267704e+000 -1.8264415288e-001
185 194 186
2 1 2000 546.2800 8.2000 2 1757 474.0699 -6.5800
6.4284986652e+000 -3.3957519023e+000 5.9159638237e-002
76 66 54
2 1 2011 -230.9400 -35.5400 2 1734 -300.6300 -16.6700
6.6963731648e+000 -3.3388493009e+000 2.7101659465e-002
45 31 27
4 1 2013 -96.7500 -6.5900 2 1072 -164.9600 5.0700 3 1701 -183.3200 19.4500 4 2037 -188.4100 -70.0800
7.0228764554e+000 -3.3888316954e+000 -5.1583697308e-001
80 58 47
2 1 2015 50.0400 -21.8900 2 1709 -14.4200 2.3800
7.5100976955e+000 -3.3884093482e+000 -7.9653861457e-001
73 58 51
2 1 2019 235.9399 -17.7900 2 1712 173.7500 4.1200
8.4936792439e+000 -3.4364646429e+000 -1.0084825037e+000
74 55 48
2 1 2025 591.8300 -33.6900 2 1758 522.9301 -25.0700
6.7418453325e+000 -3.4459451977e+000 2.6884734439e-002
47 28 22
3 1 2042 -75.0700 -59.6600 2 1770 -146.1900 -47.1000 3 1738 -165.4800 -33.1400
6.8655042731e+000 -3.4236665877e+000 -3.7058568148e-002
44 22 16
2 1 2043 -14.1300 -47.1200 2 1743 -85.0300 -35.7500
6.8655042731e+000 -3.4236665877e+000 -3.7058568148e-002
44 22 16
2 1 2044 -14.1300 -47.1200 2 1744 -85.0300 -35.7500
7.5275483257e+000 -3.4991002855e+000 -6.9704859509e-001
74 57 53
2 1 2053 249.4399 -63.7900 2 1774 182.6300 -44.5900
7.8379903155e+000 -3.4601136039e+000 -6.2718536033e-001
87 78 73
2 1 2054 382.1500 -49.9500 2 1780 312.2400 -39.6900
7.5140051819e+000 -3.5277221305e+000 -7.2869425711e-001
74 59 52
2 1 2066 242.1600 -74.4900 2 1777 174.3800 -53.6600
7.5300485587e+000 -3.5665721370e+000 -7.2488459119e-001
74 55 48
2 1 2069 248.4500 -90.0500 2 1799 180.0900 -69.5500
7.5634960779e+000 -3.5672555547e+000 -7.2267667979e-001
55 37 30
2 1 2072 262.0699 -90.4300 2 1144 193.2700 -70.6500
7.6600028097e+000 -3.6489808311e+000 -7.7171495269e-001
74 59 54
2 1 2092 295.8101 -121.0200 2 1817 226.3700 -101.5200
7.8788734412e+000 -3.7126734761e+000 -4.1682378054e-001
115 105 93
2 1 2117 421.1801 -163.6400 2 1853 340.5900 -159.0900
8.0939392893e+000 -3.6542474855e+000 -3.8092123788e-001
115 98 82
2 1 2120 518.3800 -140.0400 2 1855 438.2200 -142.9300
7.5326510944e+000 -3.7640017581e+000 -8.0280956793e-001
44 30 27
6 1 2137 243.5000 -165.3700 2 1845 171.5300 -139.9800 3 1812 148.1899 -114.8000 4 2101 134.1600 -170.0500 5 2168 194.6700 -186.0800 6 2134 213.9700 -133.5500
7.8064149770e+000 -3.7889279738e+000 -5.8139824554e-001
66 53 49
2 1 2138 373.1899 -186.9100 2 1878 292.4500 -173.8100
7.8411539490e+000 -3.8666249028e+000 -5.6376165212e-001
63 48 45
2 1 2153 388.5200 -219.9600 2 1899 306.1300 -207.3900
7.9269615740e+000 -3.8293131599e+000 -5.1005593425e-001
108 93 78
3 1 2155 430.1801 -207.6500 2 1901 348.2900 -199.7500 4 1562 292.2800 -262.7200
6.1480416513e+000 -3.7702820354e+000 3.7644113206e-001
64 60 63
2 1 2163 -405.7400 -248.7000 2 1906 -486.1900 -229.6800
7.8787690857e+000 -3.8929289565e+000 -5.6083577788e-001
70 51 45
2 1 2170 403.5000 -230.8500 2 1902 321.6000 -219.2500
7.8911370635e+000 -3.9160000485e+000 -5.7288427427e-001
104 84 73
2 1 2171 407.8000 -239.7100 2 1249 324.1700 -227.2900
6.9984085194e+000 -3.9374188709e+000 -2.9660804559e-001
159 131 91
2 1 2189 42.7500 -269.8500 2 2360 -36.5000 -246.6200
9.0166274014e+000 -4.1061840255e+000 -4.6087829424e-001
162 142 91
3 1 2215 894.5200 -326.7300 2 2384 785.8700 -340.0600 4 1629 691.0200 -435.8200
5.9268085081e+000 -2.4797598281e+000 -2.0752209834e-001
37 21 32
3 1 2274 -449.7100 395.2600 2 1996 -505.5400 444.6700 3 1960 -507.7100 483.2200
7.2828392560e+000 -2.4395213074e+000 -8.6438645048e-001
72 64 62
3 1 2284 145.8600 353.0900 2 2006 107.1300 385.7400 3 2356 114.4800 414.3900
7.3369486405e+000 -2.4604402868e+000 -8.0043342781e-001
65 58 50
9 1 2286 169.6500 348.7200 2 2015 130.7500 378.9300 3 1981 137.3300 405.5800 4 2275 158.8500 329.9100 5 2744 272.7900 330.1000 6 2628 312.3101 356.4300 7 1601 252.2300 193.5800 8 2452 224.8500 272.3900 9 2022 187.6700 184.9500
8.8214850362e+000 -2.4224160171e+000 -9.3708974497e-001
168 151 97
4 1 2287 731.3700 352.1200 2 2019 694.3400 350.0400 3 2003 707.5100 353.8700 4 2318 728.5000 251.7400
7.0434761976e+000 -2.5003636550e+000 -9.7499081842e-001
167 145 108
4 1 2290 50.1600 321.0000 2 2013 8.8300 363.7500 3 1978 14.7100 400.3000 4 2270 37.1200 339.9600
7.0434761976e+000 -2.5003636550e+000 -9.7499081842e-001
167 145 108
4 1 2291 50.1600 321.0000 2 2014 8.8300 363.7500 3 1979 14.7100 400.3000 4 2271 37.1200 339.9600
7.3997657645e+000 -2.4967788555e+000 -7.9996848517e-001
77 65 53
4 1 2294 195.0900 334.7700 2 2016 154.9100 361.1600 3 1984 160.4200 388.0500 4 2290 180.9500 311.2700
7.4855165838e+000 -2.5193258723e+000 -8.2773159280e-001
97 83 70
2 1 2295 227.0300 323.8400 2 2017 186.8300 349.8000
8.6728931698e+000 -2.4634309943e+000 -1.1878322980e+000
152 136 85
5 1 2296 635.0200 319.5400 2 2030 599.0601 331.2900 3 2016 610.9301 342.9200 4 2650 632.9600 259.1000 5 2773 767.2400 232.2500
8.8639679654e+000 -2.5060282951e+000 -7.5350822321e-001
147 134 82
2 1 2300 781.1500 332.2600 2 2031 739.5300 322.7100
6.4199160667e+000 -2.6384995798e+000 -3.5789587705e-001
78 65 60
3 1 2304 -213.0900 308.4800 2 2024 -264.8300 345.9900 3 1992 -264.9800 376.5000
6.9217341354e+000 -2.5437191789e+000 -9.6479066042e-001
67 39 35
2 1 2308 4.1500 306.3700 2 2012 -38.4400 349.5000
8.6676944706e+000 -2.4857829236e+000 -1.2616222596e+000
152 135 84
2 1 2310 623.2100 308.3400 2 2028 586.6300 320.5600
6.3657821701e+000 -2.7781237814e+000 -2.4742435796e-001
83 73 63
3 1 2314 -243.0100 252.5900 2 2036 -297.8500 286.2900 3 2024 -303.5100 314.5600
6.5274009777e+000 -2.7715042233e+000 -2.2297337966e-001
140 145 125
3 1 2317 -169.9500 256.8000 2 2448 -224.0300 285.0300 3 2380 -228.8900 309.0900
6.5274009777e+000 -2.7715042233e+000 -2.2297337966e-001
140 145 125
3 1 2318 -169.9500 256.8000 2 2449 -224.0300 285.0300 3 2381 -228.8900 309.0900
7.2102660203e+000 -2.6130648133e+000 -1.4073867983e+000
166 138 112
3 1 2322 99.4600 257.2200 2 2453 58.9700 304.6900 3 2372 65.7600 345.2400
6.2372072559e+000 -2.7890424412e+000 -2.7235706566e-001
109 105 96
3 1 2331 -300.4900 246.4400 2 2035 -355.9800 284.5700 3 2007 -361.5000 316.1400
6.2143066891e+000 -2.8284014792e+000 -2.7737106791e-001
130 132 121
2 1 2332 -310.6700 228.5100 2 2052 -366.8600 266.4100
6.2677550837e+000 -2.7908361041e+000 -2.8793631431e-001
80 70 68
3 1 2333 -285.8200 245.0000 2 2463 -340.7300 281.8800 3 2379 -345.6500 314.0400
7.3894972424e+000 -2.7227505629e+000 -6.5680672481e-001
75 59 46
4 1 2343 198.2500 251.9300 2 2062 150.6300 273.6500 5 2786 268.6200 196.4000 6 2668 301.9800 225.0800
6.1352846040e+000 -2.9831006441e+000 -1.6230933676e-001
148 144 132
3 1 2357 -357.6400 162.1300 2 2090 -416.3400 197.5100 3 2066 -425.3300 228.0300
6.1352846040e+000 -2.9831006441e+000 -1.6230933676e-001
148 144 132
3 1 2358 -357.6400 162.1300 2 2089 -416.3400 197.5100 3 2065 -425.3300 228.0300
6.2651095186e+000 -2.9512832293e+000 -4.9070777558e-002
90 87 73
2 1 2359 -304.1500 181.3200 2 2093 -364.5100 209.0300
6.2492823906e+000 -2.9766319287e+000 -3.8829775080e-002
91 85 73
4 1 2360 -312.5900 168.4900 2 2094 -373.4100 197.6500 3 2069 -382.8700 222.6400 4 2360 -375.1400 137.5600
6.3272767773e+000 -2.9883082842e+000 9.7796061733e-003
153 146 130
6 1 2361 -276.8800 165.6600 2 2469 -338.5900 189.0100 3 2412 -348.9000 210.3000 4 2699 -342.4300 120.7900 5 2819 -276.4500 97.8600 6 2705 -223.2400 138.6700
6.4750081599e+000 -2.9756562550e+000 -1.3770348996e-003
106 97 84
6 1 2362 -204.8900 170.6900 2 2096 -264.9900 190.6200 3 1556 -275.0400 208.9600 4 1881 -268.6800 116.7600 5 2479 -195.7700 87.7400 6 2391 -146.9500 125.9900
6.5563562995e+000 -2.9838489464e+000 -1.3303038950e-002
80 66 56
6 1 2364 -164.4200 165.3700 2 2124 -224.8800 184.9700 3 2081 -235.0800 201.0500 4 2382 -228.6800 107.4900 5 2482 -153.3900 75.7600 6 1949 -107.2400 113.7600
6.6168608950e+000 -2.9408833391e+000 -8.2630167738e-002
86 74 61
2 1 2365 -132.6400 184.1400 2 2471 -191.3600 203.5300
7.3120315810e+000 -2.9015233605e+000 -5.9215743605e-001
83 68 63
14 1 2370 169.2700 181.2800 2 2101 117.3000 201.1300 3 2085 112.3600 219.3500 4 2364 120.3101 142.0900 5 2822 214.9800 117.2800 6 2383 246.0699 156.1800 7 1367 178.6700 -5.4000 8 2228 129.2100 82.3500 9 1773 86.5400 10.3600 10 2017 79.6400 34.0200 12 1617 58.5900 -26.9100 13 2133 30.0000 -110.2300 14 1647 20.2200 45.7900 15 1249 70.7000 -137.8900
7.3723132384e+000 -2.9364722768e+000 -5.8927219751e-001
83 68 61
5 1 2371 193.3900 166.8200 2 2132 141.4200 184.9000 4 2386 142.6100 121.8300 5 2823 236.3199 100.4100 7 1369 197.4399 -25.0000
8.9128361697e+000 -2.9481323728e+000 -7.2199657035e-001
152 136 84
6 1 2377 802.9000 156.2400 2 2167 745.0699 142.6700 3 2437 741.5400 136.3200 4 2441 738.3400 28.2000 6 2767 861.4301 -18.8900 8 2352 697.1600 -131.7100
6.0836410005e+000 -3.0139828789e+000 -1.9265209217e-001
71 65 53
3 1 2379 -378.3900 146.9200 2 2113 -439.2200 184.2600 3 2407 -446.8900 217.2200
6.2037901128e+000 -3.0132733116e+000 -4.5547952232e-002
98 91 80
3 1 2382 -334.6000 151.4100 2 2117 -395.8900 180.9100 3 2080 -405.3900 206.0000
6.1938381880e+000 -3.0541403498e+000 -5.0142395059e-002
161 157 136
2 1 2383 -338.5000 131.6500 2 2119 -401.0900 160.8700
6.2307198244e+000 -3.0418824242e+000 -3.1957738277e-002
70 67 52
13 1 2385 -320.0900 138.6000 2 2483 -382.0700 166.4900 3 2410 -392.5400 191.1000 4 2693 -385.6300 108.3100 5 3034 -324.0100 90.4000 6 2703 -269.0300 134.3100 7 1695 -342.6700 -36.8000 8 2524 -401.5700 64.2200 9 1769 -427.5100 4.0300 10 2272 -436.3000 40.7400 12 1980 -443.5000 -24.3800 13 2124 -476.0800 -110.3900 14 1618 -488.7800 66.4800
6.2350654185e+000 -3.0404402758e+000 -2.9208857800e-002
70 67 52
7 1 2386 -320.0900 138.6000 2 2484 -382.0700 166.4900 3 2411 -392.5400 191.1000 4 2694 -385.6300 108.3100 5 3035 -324.0100 90.4000 6 2702 -269.0300 134.3100 7 1696 -342.6700 -36.8000
