# Bundle file v0.3
60 8487
0 0 0
0 0 0
0 0 0
0 0 0
0 0 0
1.6692354429e+003 5.0598668438e-002 -1.0901849496e-001
9.9993737013e-001 -4.8947107063e-003 -1.0064671978e-002
4.6793802687e-003 9.9976200675e-001 -2.1308056429e-002
1.0166573426e-002 2.1259625480e-002 9.9972229599e-001
-7.0056384254e+000 3.3900277046e+000 -4.0422041435e+000
1.7010880423e+003 1.1090172635e-002 6.8388721083e-004
9.9851187513e-001 5.4079702070e-002 7.0300105332e-003
-5.2965271764e-002 9.9238794829e-001 -1.1117931495e-001
-1.2989041959e-002 1.1064151983e-001 9.9377549722e-001
-6.9565274484e+000 3.7973792878e+000 -3.6621802844e+000
1.7074038968e+003 1.9582110354e-002 -1.7399819363e-002
9.9463712601e-001 1.0327795030e-001 -5.5364733530e-003
-1.0243703806e-001 9.7632570005e-001 -1.9051189110e-001
-1.4270276398e-002 1.9005733977e-001 9.8166927568e-001
-6.8047323655e+000 4.1225303812e+000 -3.4308199360e+000
1.6765157409e+003 5.1823024748e-002 -1.0922230680e-001
9.8640411901e-001 1.6144953467e-001 -3.0675099800e-002
-1.6365259947e-001 9.4799981063e-001 -2.7297286631e-001
-1.4991353440e-002 2.7428161952e-001 9.6153255406e-001
-6.5638606820e+000 4.2348626524e+000 -3.1364748725e+000
1.7001611222e+003 3.6620002776e-002 -9.0215298900e-002
9.7204594214e-001 2.2948624915e-001 -4.9626080113e-002
-2.3099949067e-001 8.9691402152e-001 -3.7707356485e-001
-4.2022870964e-002 3.7799642783e-001 9.2485284173e-001
-6.0534790522e+000 4.4472760385e+000 -2.3651625298e+000
1.7100377541e+003 2.0751490683e-002 -3.8417609525e-002
9.6285623223e-001 2.5801411898e-001 -7.9602703896e-002
-2.6667994108e-001 8.6251128204e-001 -4.3006522457e-001
-4.2304669830e-002 4.3531942612e-001 8.9928155333e-001
-5.8142685897e+000 4.6786096196e+000 -2.3943642343e+000
1.7036947430e+003 3.6495997212e-002 -6.1552817245e-002
9.5147448862e-001 2.9314580514e-001 -9.3604671002e-002
-3.0205917855e-001 8.3157768453e-001 -4.6608884052e-001
-5.8792432848e-002 4.7174579121e-001 8.7977233323e-001
-5.8077389673e+000 4.4141778673e+000 -2.2108992208e+000
1.7023212896e+003 5.4418703889e-002 -1.1988393979e-001
9.2081130332e-001 3.6711029950e-001 -1.3166841567e-001
-3.6789610932e-001 7.0554499308e-001 -6.0568862915e-001
-1.2945654262e-001 6.0616523386e-001 7.8473225551e-001
-5.5168584199e+000 4.6812967170e+000 -1.3342508836e+000
1.6792083024e+003 8.2554784845e-002 -1.7832250679e-001
9.0099414301e-001 3.9729732887e-001 -1.7425379978e-001
-4.1308438450e-001 6.6293405205e-001 -6.2440350249e-001
-1.3255506610e-001 6.3456542225e-001 7.6141702065e-001
-5.4068345003e+000 4.6934506269e+000 -1.3964871888e+000
1.7009435891e+003 4.7153897558e-002 -7.7698626866e-002
8.7644031027e-001 4.3334839251e-001 -2.0990844015e-001
-4.5059354737e-001 5.8443892837e-001 -6.7483078922e-001
-1.6975817390e-001 6.8603229495e-001 7.0748982514e-001
-5.1586663180e+000 4.7788869710e+000 -1.0418052484e+000
0 0 0
0 0 0
0 0 0
0 0 0
0 0 0
1.6970819860e+003 4.6863518956e-002 -1.0305686707e-001
8.5744028502e-001 4.5111777854e-001 -2.4756596599e-001
-4.7527198607e-001 5.0983636945e-001 -7.1706583773e-001
-1.9726301448e-001 7.3250230462e-001 6.5155788449e-001
-5.0392825226e+000 4.5452021078e+000 -8.6912106583e-001
1.6902875042e+003 4.4728564812e-002 -8.6462768363e-002
8.4582199153e-001 4.6701557069e-001 -2.5784029044e-001
-4.8923048302e-001 4.8636013232e-001 -7.2395259249e-001
-2.1269389536e-001 7.3847835339e-001 6.3985234895e-001
-4.9914401164e+000 4.3420558390e+000 -7.1877415137e-001
1.6821811326e+003 6.6878675613e-002 -1.3571470376e-001
8.1425723636e-001 4.8594111869e-001 -3.1756319403e-001
-5.0457689477e-001 3.2197489889e-001 -8.0108321774e-001
-2.8703189771e-001 8.1252285731e-001 5.0736505206e-001
-4.7629565195e+000 4.3774100489e+000 -1.8119467795e-002
1.6814599899e+003 6.0616060623e-002 -1.2381049704e-001
7.9133987661e-001 4.8371921383e-001 -3.7389426562e-001
-5.2298590787e-001 2.1884029992e-001 -8.2376857388e-001
-3.1664955371e-001 8.4742235356e-001 4.2615538813e-001
-4.4860425986e+000 3.6716156384e+000 2.7580694274e-001
1.6835569013e+003 5.4167824387e-002 -1.1062709579e-001
7.6170667407e-001 4.8906096107e-001 -4.2499684591e-001
-5.2345727205e-001 7.7945066898e-002 -8.4847925778e-001
-3.8183167367e-001 8.6876000305e-001 3.1537379421e-001
-4.2381500233e+000 3.2409165624e+000 8.4748074718e-001
1.6887399593e+003 3.8382549169e-002 -7.9885553880e-002
7.4292528624e-001 4.8236626859e-001 -4.6409568193e-001
-5.3308158571e-001 7.0461635327e-003 -8.4603449963e-001
-4.0482841061e-001 8.7594128485e-001 2.6237534841e-001
-4.0207019068e+000 3.0464359916e+000 1.0875669862e+000
1.6860691862e+003 6.4799074168e-002 -1.4704350052e-001
7.1394033694e-001 4.9673576218e-001 -4.9350053481e-001
-5.3910526464e-001 -5.9804344303e-002 -8.4011246511e-001
-4.4682738157e-001 8.6583891283e-001 2.2509613080e-001
-3.8781454254e+000 2.7656614299e+000 1.4128242281e+000
1.6917562949e+003 4.5432476894e-002 -1.1912152475e-001
6.6568302394e-001 4.9018977497e-001 -5.6265450869e-001
-5.3177467201e-001 -2.1736210281e-001 -8.1851659389e-001
-5.2352823213e-001 8.4407801818e-001 1.1597624492e-001
-3.5979507013e+000 2.1288898378e+000 1.9538053500e+000
1.6931026735e+003 5.2128858832e-002 -1.2886896529e-001
6.4743620156e-001 4.7180816294e-001 -5.9851768753e-001
-5.1099104868e-001 -3.1391729235e-001 -8.0021502219e-001
-5.6543303147e-001 8.2392535520e-001 3.7848328594e-002
-3.4828591142e+000 1.7828061757e+000 2.1815114445e+000
1.6921558652e+003 5.1370750258e-002 -1.2579160039e-001
6.2711592060e-001 4.1779009589e-001 -6.5740174772e-001
-4.8392499382e-001 -4.5236852591e-001 -7.4911902734e-001
-6.1036236981e-001 7.8791760517e-001 -8.1508435005e-002
-3.4702268203e+000 1.1932532141e+000 2.0643387011e+000
0 0 0
0 0 0
0 0 0
0 0 0
0 0 0
1.6825661412e+003 5.9082569437e-002 -1.4126860922e-001
6.1116781587e-001 4.1160766518e-001 -6.7605697305e-001
-4.7035885100e-001 -4.9809175963e-001 -7.2846904552e-001
-6.3658185030e-001 7.6320621653e-001 -1.1081434438e-001
-3.4989966571e+000 8.5511114502e-001 2.0751165546e+000
1.7148756183e+003 3.3459572530e-002 -1.1505978696e-001
5.9633669927e-001 3.6343018156e-001 -7.1575208294e-001
-4.3158186103e-001 -6.0665538481e-001 -6.6761241848e-001
-6.7684535777e-001 7.0702740202e-001 -2.0492099566e-001
-3.5750351784e+000 3.7429632419e-001 1.8888456558e+000
1.6975002119e+003 3.4753948547e-002 -1.0214283619e-001
5.8477694505e-001 3.2349805930e-001 -7.4389846764e-001
-4.1491671041e-001 -6.6872276848e-001 -6.1697162199e-001
-6.9705096511e-001 6.6944668536e-001 -2.5682890705e-001
-3.5565060655e+000 -8.9801312823e-002 1.8431328834e+000
1.6833430272e+003 4.0366238018e-002 -1.2315290839e-001
5.4692943697e-001 2.9811743206e-001 -7.8230057374e-001
-3.6693330031e-001 -7.5454757127e-001 -5.4407528506e-001
-7.5248132475e-001 5.8462292068e-001 -3.0329506510e-001
-3.5232825967e+000 -3.3685781211e-001 2.0749554185e+000
1.6932675724e+003 3.7656063719e-002 -1.1291686954e-001
5.3949019870e-001 2.5242124609e-001 -8.0326448946e-001
-3.2474596348e-001 -8.1781420072e-001 -4.7509998137e-001
-7.7684643573e-001 5.1716868391e-001 -3.5922996488e-001
-3.5933333777e+000 -7.0361631665e-001 1.8740862244e+000
1.7372312714e+003 -4.8654190772e-003 3.2393868002e-003
5.1674899714e-001 2.0091186885e-001 -8.3222887171e-001
-2.7074565657e-001 -8.8383695967e-001 -3.8148265775e-001
-8.1219902943e-001 4.2245313311e-001 -4.0232584670e-001
-3.6979477324e+000 -1.4115923945e+000 1.5928395252e+000
1.6854035816e+003 3.6934278463e-002 -1.0280860711e-001
5.1705452729e-001 1.5631474520e-001 -8.4155826669e-001
-2.3593027864e-001 -9.1907048840e-001 -3.1566808672e-001
-8.2279494373e-001 3.6176668971e-001 -4.3833017554e-001
-3.7340862258e+000 -1.4594882634e+000 1.5686727041e+000
1.7467025081e+003 1.3570440422e-002 -4.4019593831e-002
4.8436178918e-001 1.3122406353e-001 -8.6497046327e-001
-1.8040381980e-001 -9.5245747305e-001 -2.4551827595e-001
-8.5606548756e-001 2.7496364700e-001 -4.3766068346e-001
-3.7518477205e+000 -1.8855549478e+000 1.5577224390e+000
1.7122438866e+003 1.2454502490e-002 -4.2484094999e-002
4.6372372466e-001 7.0174264885e-002 -8.8319639930e-001
-9.9882096571e-002 -9.8636256645e-001 -1.3081457981e-001
-8.8033168407e-001 1.4887733223e-001 -4.5039057048e-001
-3.9518119018e+000 -2.6216665641e+000 1.3704125387e+000
1.7238517789e+003 1.4164610895e-003 -3.1327023827e-002
4.7287747067e-001 1.9845812188e-002 -8.8090467218e-001
-5.1713405926e-002 -9.9739792518e-001 -5.0230493595e-002
-8.7960935726e-001 6.9307449656e-002 -4.7062071357e-001
-4.0957185146e+000 -2.8052046770e+000 9.5830847388e-001
0 0 0
0 0 0
0 0 0
0 0 0
0 0 0
1.6951316687e+003 3.1016945478e-002 -5.3333717134e-002
4.7219689662e-001 -2.6617357501e-002 -8.8109114574e-001
-6.4461347085e-003 -9.9962154533e-001 2.6743475232e-002
-8.8146953332e-001 -6.9485537935e-003 -4.7218977057e-001
-4.3319918188e+000 -3.0076853372e+000 6.0464255638e-001
1.7299137455e+003 -1.3904986450e-002 3.9576944766e-002
4.5878127385e-001 -9.0422631551e-002 -8.8393636110e-001
4.3163832785e-002 -9.9136607733e-001 1.2381512126e-001
-8.8750021200e-001 -9.4958140335e-002 -4.5091720446e-001
-4.4596496651e+000 -3.3524760715e+000 4.6416349549e-001
1.7270225374e+003 2.7596874717e-002 -6.6068290681e-002
4.7082234938e-001 -1.4475282717e-001 -8.7027175891e-001
8.8751174403e-002 -9.7367209149e-001 2.0996639561e-001
-8.7775255304e-001 -1.7609451233e-001 -4.4557959823e-001
-4.6299085411e+000 -3.6006048590e+000 1.1089960801e-001
1.7254324515e+003 -5.2351603383e-003 3.8299884541e-002
4.7841080757e-001 -1.8437800606e-001 -8.5856150046e-001
1.4381257295e-001 -9.4805768146e-001 2.8373328407e-001
-8.6628000269e-001 -2.5921300798e-001 -4.2704516556e-001
-4.7759185691e+000 -3.8500703111e+000 -2.4267819623e-001
1.7391110822e+003 -1.4241858042e-002 3.5674187386e-002
4.9372268287e-001 -2.4134698067e-001 -8.3545768734e-001
2.1309461321e-001 -8.9784944578e-001 3.8530125685e-001
-8.4310651655e-001 -3.6826350298e-001 -3.9185889569e-001
-5.0060147522e+000 -3.8330723073e+000 -7.5614400180e-001
1.7425468341e+003 1.7181671263e-002 -4.7541446980e-002
5.0139317589e-001 -2.8439430731e-001 -8.1714427192e-001
2.5560508681e-001 -8.5359519054e-001 4.5391771311e-001
-8.2660203409e-001 -4.3645747633e-001 -3.5529417190e-001
-5.1403569728e+000 -4.0155930495e+000 -9.6415596497e-001
1.7426924429e+003 -8.2416823686e-003 7.9083429231e-003
5.0833577865e-001 -3.3828413696e-001 -7.9193344343e-001
2.9518198256e-001 -7.9545461557e-001 5.2926321593e-001
-8.0898846303e-001 -5.0280791287e-001 -3.0450265917e-001
-5.4048201768e+000 -4.3080823811e+000 -1.2618594301e+000
1.7477423079e+003 1.6840054044e-002 -5.9854137158e-002
5.2662629945e-001 -3.8161892852e-001 -7.5962604887e-001
3.3779769187e-001 -7.2605949132e-001 5.9894101081e-001
-7.8010092943e-001 -5.7201801410e-001 -2.5345202986e-001
-5.6432233351e+000 -4.3278373202e+000 -1.6767585687e+000
1.7507739355e+003 1.5260151989e-003 -3.8364474184e-002
5.4724273842e-001 -4.0707663739e-001 -7.3130978151e-001
3.7630801201e-001 -6.6079401215e-001 6.4941785747e-001
-7.4760796234e-001 -6.3058693674e-001 -2.0842852459e-001
-5.7747842982e+000 -4.2722105792e+000 -2.0535484626e+000
1.7430153585e+003 -8.2920838691e-003 -1.5224221721e-002
5.6216343130e-001 -4.5757549428e-001 -6.8890996766e-001
4.3307172215e-001 -5.4678592227e-001 7.1657102836e-001
-7.0457161451e-001 -7.0117745418e-001 -1.0922004293e-001
-6.1279866088e+000 -4.1721722363e+000 -2.4903382960e+000
0 0 0
0 0 0
0 0 0
0 0 0
0 0 0
1.7416310923e+003 -5.4735739625e-003 -1.1057856590e-002
5.8348729197e-001 -4.8247399372e-001 -6.5326979533e-001
4.6348877335e-001 -4.6269699709e-001 7.5570473458e-001
-6.6687385395e-001 -7.4372732522e-001 -4.6356538312e-002
-6.3562203218e+000 -4.0438870459e+000 -2.8865425012e+000
1.7405106096e+003 -5.9671201324e-004 -3.9372616452e-002
5.9884334746e-001 -5.2206658983e-001 -6.0731632695e-001
4.7707568191e-001 -3.7654692240e-001 7.9411032544e-001
-6.4326156339e-001 -7.6528353635e-001 2.3572654858e-002
-6.6215837122e+000 -3.9988346064e+000 -2.9170021947e+000
1.7422378746e+003 8.9391327259e-003 -6.4995937268e-002
6.2958527462e-001 -5.3850423228e-001 -5.6003176142e-001
5.1568131394e-001 -2.4950936439e-001 8.1964495944e-001
-5.8111544845e-001 -8.0483431146e-001 1.2060914836e-001
-6.7693926553e+000 -3.5922585874e+000 -3.3317319921e+000
1.7514615407e+003 1.4066983460e-002 -8.3041746333e-002
6.6237576206e-001 -5.4448931323e-001 -5.1457724164e-001
5.1646326122e-001 -1.6569122715e-001 8.4012625067e-001
-5.4270069988e-001 -8.2223950588e-001 1.7145887356e-001
-6.9365691511e+000 -3.4569456359e+000 -3.6806017583e+000
1.7485262384e+003 1.6199609068e-002 -8.9846403167e-002
6.8814158424e-001 -5.5761226135e-001 -4.6425179163e-001
5.2163993490e-001 -6.4537236908e-002 8.5072129594e-001
-5.0433415347e-001 -8.2758897470e-001 2.4646206726e-001
-7.1366831353e+000 -3.0967582039e+000 -3.8274955071e+000
1.7075495330e+003 4.0501486668e-002 -1.3779670931e-001
7.1093850001e-001 -5.5831735619e-001 -4.2760750575e-001
5.2436178141e-001 1.5662560586e-002 8.5135151752e-001
-4.6862689999e-001 -8.2947960431e-001 3.0389540082e-001
-7.2233984307e+000 -2.8809582805e+000 -3.8484264043e+000
1.7340777780e+003 3.6308345755e-002 -1.3337238957e-001
7.3252678316e-001 -5.6991016877e-001 -3.7229949164e-001
5.1958616639e-001 1.1474233464e-001 8.4667845865e-001
-4.3981215040e-001 -8.1365631330e-001 3.8016927307e-001
-7.3739316264e+000 -2.5376590615e+000 -3.8057892478e+000
1.7261230703e+003 4.5012606111e-002 -1.4846692869e-001
7.7219170254e-001 -5.5119029399e-001 -3.1608422033e-001
5.1260099052e-001 2.4646491757e-001 8.2249332455e-001
-3.7544666606e-001 -7.9714760504e-001 4.7285885498e-001
-7.4784394790e+000 -1.9717639770e+000 -4.0898506190e+000
0 0 0
0 0 0
0 0 0
0 0 0
0 0 0
0 0 0
0 0 0
0 0 0
0 0 0
0 0 0
0 0 0
0 0 0
0 0 0
0 0 0
0 0 0
0 0 0
0 0 0
0 0 0
0 0 0
0 0 0
0 0 0
0 0 0
0 0 0
0 0 0
0 0 0
0 0 0
0 0 0
0 0 0
0 0 0
0 0 0
0 0 0
0 0 0
0 0 0
0 0 0
0 0 0
7.5842349697e+000 -2.1266895404e+000 -1.0589731555e+000
113 107 95
3 1 79 198.2000 436.9400 2 65 166.3700 472.8400 3 27 180.2600 505.1500
7.5909592710e+000 -2.1748971313e+000 -9.6254597616e-001
109 95 79
2 1 80 204.2600 428.1400 2 66 170.8300 461.6800
7.6132953299e+000 -2.1482236446e+000 -1.0305583697e+000
111 103 80
2 1 81 208.8900 431.8900 2 67 176.7700 466.7900
7.6429948376e+000 -2.1613538850e+000 -1.0476079718e+000
107 96 75
2 1 82 218.3400 426.2000 2 68 185.6100 460.8200
9.0350027529e+000 -2.0401017900e+000 -1.3940141383e+000
188 174 126
2 1 85 639.9301 443.2500 2 763 614.9800 458.4300
7.4289419214e+000 -2.3230528556e+000 -9.7579488907e-001
104 94 92
2 1 122 149.0300 376.5100 2 93 112.1400 412.1800
7.4503279565e+000 -2.4017875988e+000 -8.8372611421e-001
138 137 133
2 1 123 159.0500 355.8600 2 116 120.0100 388.0600
8.0712572686e+000 -2.5490714445e+000 -1.0002467505e+000
73 54 37
2 1 172 363.4399 300.7800 2 175 323.1899 321.2300
6.4209120350e+000 -2.7156488335e+000 -2.1042359568e-001
76 68 59
2 1 189 -224.5800 279.6100 2 829 -277.3500 314.3000
6.5984630131e+000 -2.7889981115e+000 -1.0753067733e-001
110 97 88
2 1 192 -158.2800 256.2000 2 208 -212.6300 282.9700
6.1309179383e+000 -2.8328009664e+000 -2.1174051110e-001
71 60 60
3 1 219 -337.6900 232.5300 2 861 -395.0100 273.5900 3 789 -400.6100 308.3900
6.1918181383e+000 -2.8710590865e+000 -1.2979271348e-001
124 124 114
2 1 220 -321.0200 221.3200 2 863 -377.5200 257.8300
6.2794137930e+000 -2.8353865559e+000 -1.3313590718e-001
98 95 82
2 1 224 -285.4100 235.6300 2 865 -341.4700 270.4900
8.1532833988e+000 -2.8139847436e+000 -9.5812983259e-001
97 76 52
2 1 270 393.9600 213.6800 2 911 346.8400 229.9300
6.1037183909e+000 -3.0242120017e+000 -4.0987904907e-002
149 145 133
2 1 309 -363.6200 162.2300 2 922 -423.9400 197.4100
6.2416263356e+000 -2.9695788246e+000 2.1926330751e-002
116 113 99
2 1 311 -312.1000 187.2100 2 252 -371.8600 217.4700
6.2416263356e+000 -2.9695788246e+000 2.1926330751e-002
116 113 99
2 1 312 -312.1000 187.2100 2 253 -371.8600 217.4700
7.8040983405e+000 -2.9548813183e+000 -6.2611321466e-001
91 73 59
2 1 326 294.7800 174.5400 2 932 242.1600 188.3400
6.3688094833e+000 -3.0755223154e+000 9.9132442062e-002
92 86 74
2 1 362 -263.7100 145.3000 2 283 -326.1100 169.5400
6.3367183661e+000 -3.1185890437e+000 1.4702973778e-001
91 89 77
4 1 363 -281.0100 127.7700 2 310 -343.8900 151.4100 3 227 -355.2200 173.0900 4 378 -349.9200 85.4000
6.5048881046e+000 -3.2042381930e+000 1.0234516202e-001
78 70 59
2 1 396 -206.5400 91.1000 2 336 -269.3600 111.2400
6.0719231468e+000 -3.2198222432e+000 2.8309369322e-002
94 91 74
3 1 418 -382.2500 82.3300 2 328 -446.4900 116.8300 3 240 -457.9800 146.1500
9.1537113163e+000 -3.2107025573e+000 -8.7633140434e-001
131 114 71
2 1 445 745.5100 82.7900 2 380 681.6400 76.2700
6.6356251394e+000 -3.3166767699e+000 1.7581190356e-001
105 103 90
2 1 473 -153.9700 43.8400 2 401 -219.3900 58.1900
7.9988124312e+000 -3.3999624363e+000 -5.9307621479e-001
85 70 65
2 1 526 367.4200 14.7400 2 1075 302.6700 23.6700
8.3367215214e+000 -3.3980977560e+000 -1.4385238637e-001
157 166 165
2 1 532 541.2000 14.0900 2 434 469.9700 -0.3100
6.4883419666e+000 -3.4495109657e+000 2.2784363802e-001
63 54 46
2 1 545 -220.9900 -14.3200 2 1070 -288.0100 2.0200
7.5532829816e+000 -3.4799057048e+000 -5.7661960427e-001
76 61 56
2 1 550 207.3400 -15.2200 2 1073 140.7500 3.1900
8.0905123355e+000 -3.6797016471e+000 -4.2362309713e-001
98 86 76
3 1 592 415.0400 -90.8600 2 1149 340.7800 -87.0400 3 416 317.0200 -80.1300
6.7303205411e+000 -3.6622835693e+000 3.3952488937e-001
86 73 51
2 1 608 -116.9300 -111.2800 2 1164 -193.0800 -102.9300
6.7669082694e+000 -3.7108639693e+000 3.5011889571e-001
85 70 46
2 1 631 -100.7800 -133.5000 2 1166 -178.0600 -125.9800
7.5369126290e+000 -3.9145640051e+000 -8.8552979223e-001
62 43 29
2 1 645 188.9900 -158.9300 2 501 118.0699 -130.2400
8.0752495965e+000 -3.8538699475e+000 -4.9833764639e-001
79 70 62
7 1 648 401.5000 -153.3900 2 1196 324.9301 -144.6900 3 479 297.4000 -134.0200 4 2133 280.2000 -210.8500 5 1524 344.7900 -253.6000 6 2168 355.2500 -205.4200 8 1431 190.0800 -236.4500
7.7364534967e+000 -2.4488026045e+000 -8.8515268137e-001
78 60 45
4 1 981 256.2500 340.1800 2 1430 217.9000 366.4800 3 1404 225.7400 388.2000 4 1723 246.1899 312.7500
6.5692267069e+000 -2.6901225601e+000 -2.2366900405e-001
117 109 98
6 1 999 -166.4600 288.6200 2 817 -217.6600 321.4300 4 1086 -204.5800 268.5700 5 1086 -120.0100 264.9300 6 1756 -69.7000 297.5700 8 1045 -182.0100 214.1600
6.3429370538e+000 -2.7846660886e+000 -1.5236666288e-001
83 72 60
2 1 1022 -258.7200 255.1400 2 827 -313.6900 289.4700
6.4180897015e+000 -2.7483535554e+000 -1.4870845549e-001
67 57 48
2 1 1023 -228.7700 270.0100 2 1456 -283.2200 302.8100
6.4044686345e+000 -2.7615591501e+000 -1.4637960092e-001
161 155 141
2 1 1024 -234.1300 264.7800 2 828 -289.2600 297.7900
6.1807473729e+000 -2.7856811080e+000 -2.1746576793e-001
86 81 78
3 1 1056 -318.5600 250.9400 2 1453 -373.7300 291.5500 3 1435 -378.5800 325.2100
6.3138892344e+000 -2.8563635329e+000 -5.2956927737e-002
70 66 55
2 1 1058 -277.8900 231.1200 2 868 -333.1200 262.3400
6.3032897229e+000 -2.8814447528e+000 -1.4907021453e-002
88 83 77
3 1 1059 -284.0500 222.4700 2 867 -341.9200 252.7700 3 1510 -348.4800 279.0600
7.1986489368e+000 -2.6363016804e+000 -1.6724489104e+000
169 145 112
3 1 1067 65.4900 241.2200 2 836 22.7000 294.5600 3 778 27.7800 339.7500
8.3044225152e+000 -2.6968533102e+000 -1.0485550741e+000
183 187 174
6 1 1073 437.1100 249.3800 2 1521 393.1899 265.4900 3 1522 396.7200 282.2100 4 1808 410.6801 203.2300 5 1898 527.0000 182.9800 6 1872 554.1500 207.4900
7.3791840604e+000 -2.8329412086e+000 -6.0683535931e-001
135 155 150
3 1 1092 142.0800 218.4800 2 1542 92.2700 240.6600 3 1519 89.7900 262.3700
7.3783774471e+000 -2.8333618586e+000 -5.9863186075e-001
135 155 150
4 1 1093 142.0800 218.4800 2 1541 92.2700 240.6600 3 1518 89.7900 262.3700 4 1816 100.0000 184.0200
7.4267259557e+000 -2.8355530121e+000 -5.9701289622e-001
87 80 70
5 1 1094 159.0300 217.4800 2 1545 109.4301 239.3900 4 1819 118.2000 180.9500 5 1893 215.7600 164.2500 6 1867 249.0400 193.4100
7.9831396722e+000 -2.8180264124e+000 -8.2821875364e-001
92 73 56
2 1 1102 345.2800 216.5400 2 1554 297.0400 232.8400
5.9897103275e+000 -3.0245844565e+000 -1.2524538522e-001
150 150 132
2 1 1118 -401.7000 159.3200 2 920 -462.1200 199.6700
6.0691899813e+000 -3.0225063863e+000 -6.8418819534e-002
150 148 135
2 1 1120 -375.1500 162.0200 2 921 -435.4400 198.8500
7.8455003331e+000 -2.9256926343e+000 -6.7780698474e-001
93 76 60
3 1 1134 306.2000 184.1000 2 931 255.0400 196.9200 3 885 251.3101 212.6800
5.7049621340e+000 -3.0790487473e+000 -3.8684781522e-001
114 111 114
2 1 1150 -484.8100 130.9900 2 940 -545.0300 184.1500
5.9735210077e+000 -3.0808570355e+000 -1.2794479702e-001
140 136 124
3 1 1155 -407.8600 136.4900 2 943 -468.8100 177.3800 3 874 -477.6500 213.0900
6.1786636309e+000 -3.0814698480e+000 5.9769321455e-002
110 102 87
3 1 1158 -341.0500 141.2200 2 1584 -403.5100 171.9800 3 879 -413.1300 198.2500
5.7992962770e+000 -3.1457694312e+000 -2.6064231978e-001
150 148 133
6 1 1166 -462.3700 106.9200 2 942 -524.2900 156.5600 3 1548 -532.2200 199.2300 4 1835 -522.1400 144.9100 5 1879 -474.6400 162.0100 6 1851 -411.7300 214.4000
6.0429161615e+000 -3.1803943590e+000 1.2659774760e-002
108 105 98
2 1 1169 -392.9800 98.8600 2 305 -456.7400 133.4200
6.1154235209e+000 -3.1534298307e+000 3.7586055331e-002
101 97 85
3 1 1173 -365.0500 110.3900 2 963 -428.1600 143.1500 3 898 -439.8800 171.7500
6.2008890244e+000 -3.1260940962e+000 7.7982811257e-002
110 103 85
2 1 1174 -333.2100 123.1000 2 308 -396.2100 151.9400
6.1726816532e+000 -3.1641670622e+000 9.2339930152e-002
129 126 111
4 1 1175 -345.2600 106.9700 2 966 -409.9200 136.4700 3 899 -421.0300 162.6400 4 1244 -415.9300 83.9700
6.3078265218e+000 -3.1635893985e+000 1.4545185459e-001
127 122 113
3 1 1178 -292.4300 108.5200 2 309 -357.1300 132.7800 3 243 -369.2600 154.6500
6.3564137183e+000 -3.1918646991e+000 1.2168118983e-001
105 102 88
3 1 1179 -270.8100 96.1200 2 985 -334.0000 120.0600 3 924 -346.6400 141.2800
6.6248343305e+000 -3.1381631221e+000 1.1959828363e-001
87 77 65
4 1 1186 -156.4200 119.0900 2 969 -218.0900 137.1200 4 1254 -227.2700 60.4000 7 604 -187.0400 -108.2900
9.2708585638e+000 -3.1309439327e+000 -6.0049844708e-001
178 161 105
2 1 1202 831.9000 114.9100 2 347 767.2000 96.0500
6.0946274958e+000 -3.2087286547e+000 5.2752149499e-002
121 115 101
7 1 1212 -376.0700 87.6800 2 977 -439.9400 118.9700 3 917 -451.0900 149.4000 4 373 -444.6700 75.8400 5 380 -389.9500 63.5700 6 352 -332.1500 112.2100 9 255 -481.6800 6.1700
6.3575763034e+000 -3.2772755475e+000 1.4140534863e-001
76 67 60
4 1 1219 -271.1400 60.1100 2 1658 -336.2000 82.8500 3 939 -350.0000 103.7800 4 441 -348.0200 20.9400
6.4960108424e+000 -3.2330489310e+000 1.8923017694e-001
110 101 90
2 1 1221 -214.7900 79.7500 2 986 -279.8800 97.3000
6.6026807655e+000 -3.2342898893e+000 2.0450283492e-001
75 67 57
2 1 1223 -169.3600 79.6100 2 987 -234.3200 93.8800
8.3087652709e+000 -3.2495314648e+000 -2.4037974371e-001
96 81 65
3 1 1230 518.4600 72.7900 2 1669 453.0200 62.1100 3 1691 437.1500 56.0100
9.2761626919e+000 -3.2236297456e+000 -8.1516014053e-001
121 103 70
2 1 1233 796.8800 79.3100 2 1027 732.4600 67.9300
6.2301116508e+000 -3.2861962312e+000 8.7495192165e-002
86 84 73
2 1 1244 -320.3800 55.5700 2 1005 -387.2400 83.3400
6.3178380337e+000 -3.3279816716e+000 1.3247760303e-001
114 110 99
6 1 1249 -287.8200 37.9800 2 1012 -353.9700 62.4200 3 962 -367.3200 85.2900 4 1305 -365.8600 3.9000 5 1272 -308.4600 -21.2800 6 431 -256.1500 28.5600
6.3205691396e+000 -3.2926277201e+000 1.3365976963e-001
140 138 126
6 1 1250 -287.2000 52.9400 2 1006 -352.0900 77.5500 3 1624 -365.5400 99.9600 4 1304 -362.5200 17.9000 5 2039 -304.5500 -7.4900 6 1313 -253.0600 41.0500
6.3205971179e+000 -3.2926843773e+000 1.3319910302e-001
140 138 126
7 1 1251 -287.2000 52.9400 2 1007 -352.0900 77.5500 3 1625 -365.5400 99.9600 4 1303 -362.5200 17.9000 5 2038 -304.5500 -7.4900 6 1312 -253.0600 41.0500 7 601 -327.2600 -125.2700
6.3491631469e+000 -3.3523293721e+000 1.6521161749e-001
97 90 80
2 1 1252 -276.6800 27.8900 2 1037 -342.9200 49.8600
6.6237261682e+000 -3.3336655496e+000 1.7313487136e-001
128 143 134
3 1 1255 -158.5900 36.3400 2 1040 -224.8600 51.4800 3 963 -240.7100 66.8600
6.7020677985e+000 -3.2903371672e+000 1.6325424692e-001
100 96 89
2 1 1257 -124.5300 55.2200 2 1018 -190.0400 68.4600
8.3582221861e+000 -3.3040514545e+000 -1.4054640878e-001
180 178 166
3 1 1269 550.9900 51.8100 2 1695 481.6000 36.3800 3 1039 462.6500 26.7100
7.3973563432e+000 -3.5185958779e+000 -6.4325039911e-001
42 27 24
2 1 1310 147.0800 -28.1300 2 1745 84.3400 -5.4600
7.6055824852e+000 -3.5329217231e+000 -6.9241644957e-001
54 35 29
2 1 1314 220.2600 -32.3900 2 1097 155.2400 -12.1100
8.1178482204e+000 -3.5302247127e+000 -1.0212317617e+000
82 69 61
2 1 1320 376.2900 -26.1700 2 1101 313.6100 -7.6000
8.0047431238e+000 -3.5863512700e+000 -5.9535552005e-001
54 41 34
3 1 1340 370.1600 -52.3100 2 1122 299.8199 -43.5100 3 1059 279.6700 -29.6300
7.6119682464e+000 -3.6849019593e+000 -7.1133675896e-001
55 35 32
2 1 1365 221.7400 -85.4700 2 1118 153.5100 -64.0600
7.6119682464e+000 -3.6849019593e+000 -7.1133675896e-001
55 35 32
2 1 1366 221.7400 -85.4700 2 1119 153.5100 -64.0600
7.6426698449e+000 -3.7087434844e+000 -7.1778647328e-001
56 35 32
2 1 1367 232.4399 -93.6600 2 1143 163.2800 -72.4500
7.7546247876e+000 -3.7696752165e+000 -7.7249036866e-001
46 28 26
2 1 1393 269.0900 -113.2000 2 1146 198.3400 -92.2600
8.0611170044e+000 -3.8192604257e+000 -5.3501635658e-001
35 26 19
2 1 1418 394.7700 -138.7200 2 1172 317.9399 -129.8400
7.4278016295e+000 -3.9859018670e+000 -8.5113978632e-001
71 45 30
2 1 1442 152.7200 -184.6200 2 1193 81.0601 -154.2500
7.4751285544e+000 -3.9266325426e+000 -7.6327679159e-001
62 39 25
2 1 1444 172.0601 -168.1600 2 1839 99.6600 -141.0300
7.6852627054e+000 -3.9537243259e+000 -8.3026878824e-001
78 64 61
4 1 1447 241.5200 -174.3100 2 522 168.1100 -149.2400 3 1148 146.1600 -122.9900 4 1498 132.6801 -177.9400
6.8887282161e+000 -3.8660243613e+000 2.9637548643e-001
70 56 44
2 1 1468 -45.1800 -199.6300 2 537 -124.7300 -191.4300
9.3444981988e+000 -2.0053727098e+000 -7.1061639122e-001
157 144 92
2 1 1658 840.7600 514.9500 2 1384 818.5400 504.3500
6.0677729171e+000 -2.2568286045e+000 -1.4455767833e-001
78 61 69
2 1 1675 -371.4300 468.1900 2 1364 -421.3300 516.2900
7.4907775949e+000 -2.1497971403e+000 -1.0434988927e+000
81 78 72
3 1 1686 167.5500 430.0200 2 1388 135.0000 467.8000 3 1963 147.9100 500.6500
7.5074201905e+000 -2.3353705896e+000 -9.0584223291e-001
66 57 48
3 1 1706 177.6500 377.1900 2 1404 140.3101 409.9400 3 1974 150.0300 437.0100
7.5096956007e+000 -2.4412560340e+000 -8.0257679653e-001
101 92 82
3 1 1707 181.5800 347.4400 2 1420 142.0500 376.3600 4 2276 170.5699 325.9700
7.6520831982e+000 -2.4331026970e+000 -8.6063722552e-001
77 60 48
4 1 1709 228.3500 347.3400 2 1426 190.6899 374.2500 3 1985 197.4399 396.7500 4 2282 218.8600 322.8300
7.6518369670e+000 -2.4336729537e+000 -8.5295942251e-001
77 60 48
5 1 1710 228.3500 347.3400 2 1427 190.6899 374.2500 3 1986 197.4399 396.7500 4 2281 218.8600 322.8300 6 2294 375.0699 340.9900
7.7770633454e+000 -2.3957838881e+000 -9.2166183739e-001
75 56 42
3 1 1711 269.1300 355.3300 2 1408 230.8101 383.9400 4 2284 262.9600 329.8700
7.8075587800e+000 -2.4082254981e+000 -9.1863582827e-001
100 84 69
2 1 1712 279.1500 352.5400 2 1431 242.0699 377.4900
7.8075587800e+000 -2.4082254981e+000 -9.1863582827e-001
100 84 69
2 1 1713 279.1500 352.5400 2 1432 242.0699 377.4900
7.1888466744e+000 -2.4290476558e+000 -8.6792955962e-001
167 144 103
2 1 1721 69.5300 346.8600 2 1402 29.3700 384.0000
7.1888466744e+000 -2.4290476558e+000 -8.6792955962e-001
167 144 103
2 1 1722 69.5300 346.8600 2 1403 29.3700 384.0000
7.6193654343e+000 -2.5248246482e+000 -8.3109071007e-001
77 59 47
3 1 1729 218.9100 317.1500 2 1446 177.9500 342.9400 3 1425 182.9301 366.0200
9.0022826984e+000 -2.4224690899e+000 -1.2558126187e+000
150 133 83
3 1 1741 645.8800 331.2300 2 1450 609.8400 340.2100 5 1822 778.6500 236.7600
6.4431061906e+000 -2.6643928161e+000 -2.6442605009e-001
55 42 39
3 1 1742 -211.9400 296.3300 2 2025 -264.9600 333.1900 3 1993 -267.7100 363.3700
7.6191053412e+000 -2.6153216047e+000 -7.5468160982e-001
77 59 47
2 1 1744 222.0400 289.7300 2 1462 178.7300 312.8500
6.6284622301e+000 -2.7302551815e+000 -2.0740807225e-001
113 103 93
5 1 1756 -142.8000 274.3500 2 2040 -194.6100 303.5500 3 2011 -198.2800 329.2500 5 2769 -99.9300 240.0200 6 2322 -50.4500 272.5000
6.6590977816e+000 -2.7775696353e+000 -1.6217301486e-001
62 41 38
6 1 1757 -131.1300 257.2800 2 1457 -186.1300 284.8400 3 2028 -190.2100 309.2600 4 2311 -177.7000 225.1100 5 2411 -91.7100 210.7000 6 2666 -45.2600 245.4400
7.7095880497e+000 -2.7069602278e+000 -7.6039660971e-001
72 58 46
3 1 1772 253.5300 257.6100 2 1514 208.6300 277.7300 3 2037 208.9500 297.3500
7.9059978189e+000 -2.6447219905e+000 -8.7694565570e-001
98 79 62
2 1 1780 315.7200 273.9900 2 1485 271.7500 294.2300
9.1278304911e+000 -2.6458824972e+000 -1.1272406308e+000
141 119 70
2 1 1784 701.6300 265.5200 2 889 658.8199 266.8600
6.2436037204e+000 -2.8492293123e+000 -1.5470066474e-001
141 143 129
2 1 1791 -298.2800 229.0200 2 1490 -354.2800 265.2000
6.3412819349e+000 -2.8072885811e+000 -1.2060294871e-001
80 70 61
3 1 1794 -260.9500 247.5300 2 2053 -316.3900 281.0100 3 2021 -323.2700 309.4300
6.5059218543e+000 -2.8910876431e+000 7.2309915648e-002
64 48 33
3 1 1799 -205.0200 223.2300 2 1535 -262.3800 244.3600 3 2051 -270.4600 265.1400
6.5673158381e+000 -2.8169217357e+000 -6.4765209806e-002
68 56 48
2 1 1800 -173.3200 247.1000 2 2056 -227.4300 272.8600
7.4006910111e+000 -2.8217542994e+000 -6.0986136791e-001
70 61 56
15 1 1806 148.9600 223.2800 2 1544 100.4200 244.5800 3 1520 97.9700 261.6500 4 1817 108.7800 185.1400 5 2431 207.6600 174.9800 7 957 174.3800 43.4000 8 2184 130.6400 130.2600 9 1758 90.1400 53.4700 10 1589 85.5601 77.2800 12 1577 65.1700 10.0400 13 2112 38.0200 -74.3200 14 1220 29.6400 78.5700 15 1566 83.3800 -112.3500 16 1169 100.6899 -123.3300 18 634 115.1000 -205.9400
7.6076686438e+000 -2.7542415161e+000 -6.8109443042e-001
74 60 47
3 1 1808 221.0900 244.5700 2 1509 174.8900 263.2000 3 1474 173.3700 283.8200
7.5999617241e+000 -2.7958263208e+000 -7.2224276890e-001
90 76 62
2 1 1809 217.4500 227.3100 2 2082 168.2600 249.2400
6.0770184575e+000 -2.9424024991e+000 -1.0425418281e-001
95 91 82
4 1 1818 -370.3900 192.8600 2 2070 -427.5000 232.0000 3 2044 -434.9900 265.2200 4 2323 -422.7600 194.4600
6.2235432280e+000 -2.8809629374e+000 -9.7707845994e-002
86 88 77
2 1 1823 -309.9500 218.6800 2 1489 -368.2200 253.6800
5.9430744651e+000 -3.0184777729e+000 -1.8300581534e-001
154 152 139
2 1 1842 -413.8800 159.8900 2 2086 -475.3000 203.1300
6.4918102333e+000 -2.9832196769e+000 1.1697878876e-001
90 81 72
6 1 1845 -213.3100 184.9000 2 1563 -273.6700 206.4100 3 2070 -283.0200 225.3600 4 2363 -274.9900 132.6900 5 2820 -200.8200 106.4800 6 2390 -151.2000 143.0000
6.2060186910e+000 -3.0855570339e+000 8.5019126353e-002
144 140 123
2 1 1869 -331.5600 140.3800 2 1585 -394.4900 169.1000
6.3083630365e+000 -3.0860785574e+000 1.2274765330e-001
94 86 75
3 1 1871 -291.7700 141.6000 2 1588 -353.6700 165.8400 3 1554 -364.0900 188.7600
6.3213344766e+000 -3.1070583020e+000 1.3950618104e-001
136 137 123
6 1 1872 -288.2800 132.1100 2 1589 -350.4100 157.1000 3 1583 -361.6900 178.7100 4 1878 -355.2200 92.1400 5 1969 -289.7300 68.2100 6 1942 -236.5000 111.2200
6.4366286458e+000 -3.0683998893e+000 1.5628076590e-001
63 54 45
4 1 1873 -238.3400 149.9000 2 1590 -300.5300 170.9500 3 1555 -312.6000 189.3000 4 1880 -305.7600 98.3800
6.5167363717e+000 -3.0668409468e+000 1.2879654342e-001
54 39 32
5 1 1876 -202.9900 150.4000 2 1592 -264.4700 169.5000 3 2110 -275.8500 187.1200 4 1882 -268.9600 95.7000 5 1972 -198.0700 66.1400
6.5372121625e+000 -3.0734310877e+000 1.2007203433e-001
72 61 55
5 1 1877 -193.7200 146.5100 2 949 -255.4100 166.6400 3 900 -265.9700 184.3200 4 1222 -260.5200 92.6400 6 1256 -141.0700 101.8000
6.6283531950e+000 -3.1113380149e+000 1.2256150602e-001
56 46 37
2 1 1878 -155.1000 131.2400 2 1621 -216.5400 147.8400
6.6462505268e+000 -3.1184947898e+000 1.0985647257e-001
91 77 64
6 1 1879 -146.1400 127.8600 2 1622 -208.5100 145.2900 3 1589 -220.2200 159.2800 4 1912 -216.7800 67.9300 5 1995 -143.6700 33.8300 6 1969 -99.5800 73.4500
7.3527714771e+000 -3.0034412185e+000 -8.7728647629e-001
40 28 28
2 1 1884 125.9500 149.8800 2 1598 74.3400 179.9700
6.0719319287e+000 -3.1532854035e+000 3.1235126209e-002
93 89 78
2 1 1898 -382.5700 110.4700 2 2146 -446.6000 143.9400
6.0734425329e+000 -3.1522103874e+000 2.8141624148e-002
93 89 78
9 1 1899 -382.5700 110.4700 2 2145 -446.6000 143.9400 3 2098 -455.2900 175.2600 4 2692 -447.2500 101.7100 5 2813 -392.7900 92.5900 6 2698 -334.2100 140.1400 7 1680 -404.6900 -22.8500 8 2522 -462.0900 87.5700 9 2056 -482.3100 31.2100
6.0937345304e+000 -3.1741598036e+000 5.2083517486e-002
132 128 117
4 1 1900 -375.2700 101.9300 2 1615 -439.7400 134.6400 3 2101 -450.4300 163.6300 4 2404 -443.3700 88.9500
6.1571189854e+000 -3.1854628325e+000 8.2379846178e-002
83 78 67
6 1 1902 -351.6800 97.4800 2 1616 -415.3900 128.1300 3 1601 -426.5300 155.4500 4 1245 -420.7000 76.9700 5 1208 -365.1900 62.0400 6 1253 -309.1000 109.4000
6.5524956365e+000 -3.1613252858e+000 1.3901796841e-001
71 61 52
4 1 1906 -187.6600 110.0500 2 1620 -251.2600 127.9600 3 1609 -263.5500 144.8500 4 1930 -259.9700 54.0300
7.7345842482e+000 -3.1151427047e+000 -5.6628586191e-001
93 78 71
8 1 1908 272.2800 118.8400 2 2158 217.1200 128.0100 3 2129 207.5000 144.0700 4 2412 209.2300 62.9300 5 2506 301.3700 32.8200 6 2436 326.4100 63.7500 7 1403 254.7800 -90.6900 10 2073 134.5800 -51.5700
7.9046603157e+000 -3.1643719111e+000 -5.7980491327e-001
68 54 45
8 1 1909 334.2100 100.2600 2 2190 276.0400 110.0600 3 2158 266.2800 121.6100 5 2523 358.5699 1.7800 6 1995 378.9301 31.7200 7 1028 305.8600 -123.2300 8 1881 244.0400 -39.1000 10 1719 178.3700 -81.2600
7.9718333988e+000 -3.1539950132e+000 -6.5574260732e-001
66 50 37
5 1 1912 353.4500 105.3100 2 1643 295.9000 109.9800 3 2131 285.8400 125.4500 4 2435 285.4900 43.4900 5 2525 380.5699 9.1000
7.9718333988e+000 -3.1539950132e+000 -6.5574260732e-001
66 50 37
5 1 1913 353.4500 105.3100 2 1642 295.9000 109.9800 3 2132 285.8400 125.4500 4 2434 285.4900 43.4900 5 2524 380.5699 9.1000
6.2148916869e+000 -3.2360331400e+000 9.9456799260e-002
104 98 84
6 1 1924 -329.1700 76.6500 2 1633 -393.7800 104.5900 3 1603 -406.2900 130.5500 4 1925 -400.8000 50.9800 5 1228 -344.4000 32.6400 6 1284 -288.2000 80.5200
6.1976524170e+000 -3.2482880030e+000 1.0851612788e-001
89 84 73
2 1 1925 -336.4800 71.7700 2 1632 -402.2700 99.5800
6.1820297511e+000 -3.2745029120e+000 9.0487839512e-002
142 139 122
6 1 1927 -342.2700 60.0800 2 1004 -407.4700 89.5200 3 936 -419.7200 115.9500 4 1278 -415.1200 39.4200 5 2011 -360.0700 21.7600 6 1285 -304.6800 71.0600
6.2987008000e+000 -3.2208036335e+000 1.1113830216e-001
135 132 114
3 1 1928 -294.4100 83.5500 2 1635 -358.3100 109.2100 3 921 -370.9600 132.1400
6.3939788939e+000 -3.2777253915e+000 1.3587077768e-001
136 133 122
6 1 1930 -256.5200 59.4800 2 1659 -321.4300 81.8500 3 1626 -334.8800 102.7700 4 1955 -330.8600 18.8900 5 2543 -270.5000 -9.4800 6 1986 -220.3100 37.5200
6.5252765108e+000 -3.2158957946e+000 1.4761814129e-001
103 94 85
11 1 1932 -201.2000 86.5900 2 1639 -264.8000 105.4600 3 1628 -278.2500 122.1200 4 1932 -275.5300 32.8200 5 2513 -209.1000 -0.4000 6 1989 -161.9100 43.9400 7 1409 -237.5100 -128.6000 8 1838 -299.8400 -32.9600 9 1401 -333.8500 -90.7500 10 1692 -345.3000 -56.7000 12 1696 -357.5700 -116.4600
7.5668921168e+000 -3.2243600264e+000 -6.3976788271e-001
36 27 22
2 1 1936 208.1801 77.0800 2 1641 150.6500 95.8300
7.8710847877e+000 -3.2524498017e+000 -5.7276369441e-001
45 27 23
2 1 1938 322.8300 67.8800 2 1665 261.3101 78.7200
6.2860324392e+000 -3.3407633081e+000 1.0445429619e-001
115 111 100
3 1 1957 -298.7000 32.9000 2 1683 -365.0100 58.0400 3 1653 -378.5600 83.2400
6.6213546978e+000 -3.2873841137e+000 1.5246086797e-001
112 108 96
3 1 1958 -158.7700 56.2100 2 1661 -224.0200 72.0100 3 1656 -238.9600 87.7800
7.7017565529e+000 -3.3071523767e+000 -6.3729325458e-001
51 33 29
5 1 1962 257.4100 47.6700 2 1663 197.1000 61.6700 3 1660 183.4500 82.8200 4 1966 182.2100 5.2200 5 2047 265.4301 -22.4100
6.2596927608e+000 -3.3544500919e+000 8.6585980106e-002
124 119 109
3 1 1983 -308.4000 26.7600 2 1681 -374.7200 54.1600 3 1650 -388.2900 79.4100
6.2770311442e+000 -3.3703325088e+000 1.0959710517e-001
55 52 44
3 1 1984 -303.4400 19.8000 2 1682 -369.0000 46.7700 3 1651 -383.6600 70.3300
6.3880585607e+000 -3.4129149286e+000 1.6354371294e-001
65 54 48
6 1 1986 -259.6700 1.1200 2 1701 -326.3400 24.5400 3 1675 -342.5800 44.7500 4 2486 -343.9900 -38.6300 5 2571 -287.6700 -68.6500 7 1049 -312.2100 -180.5400
6.4429721999e+000 -3.4083604351e+000 1.9028781853e-001
56 48 46
5 1 1987 -237.6300 3.6600 2 1702 -304.0900 23.8400 3 986 -320.9900 41.3100 4 1361 -322.4000 -43.3300 6 1367 -218.5900 -26.0500
6.4790370228e+000 -3.3648262297e+000 1.7777609235e-001
108 98 86
12 1 1988 -222.4100 22.0400 2 1686 -289.3100 40.2300 3 1655 -304.4000 59.7000 4 1983 -304.8300 -26.2700 5 2060 -243.9200 -60.6200 6 2025 -197.6300 -11.8000 7 1052 -272.4000 -179.1800 8 1896 -338.7600 -77.3000 9 1419 -370.8900 -127.8000 10 1182 -383.8600 -90.3400 12 1228 -394.9100 -143.6100 14 819 -439.7600 -44.5600
6.7176621462e+000 -3.3660843481e+000 1.5134141406e-001
81 66 59
2 1 1992 -117.5000 22.7500 2 1041 -183.8800 36.0500
6.7077761547e+000 -3.4045628338e+000 1.6962292374e-001
61 50 41
3 1 1993 -122.0900 6.2300 2 1071 -189.9900 18.8300 3 990 -206.7400 33.8800
6.7913472796e+000 -3.3748111185e+000 1.4810606242e-001
76 58 54
3 1 1994 -85.6800 19.3500 2 1042 -152.2700 30.3400 3 1679 -169.6400 44.3000
8.3460117033e+000 -3.4125679572e+000 -1.3452674003e-001
185 194 186
2 1 2000 546.2800 8.2000 2 1757 474.0699 -6.5800
6.4578080140e+000 -3.4989960795e+000 1.9399548240e-001
76 66 54
2 1 2011 -230.9400 -35.5400 2 1734 -300.6300 -16.6700
6.7639119744e+000 -3.4357540026e+000 1.4912622100e-001
45 31 27
4 1 2013 -96.7500 -6.5900 2 1072 -164.9600 5.0700 3 1701 -183.3200 19.4500 4 2037 -188.4100 -70.0800
7.1200392630e+000 -3.4938146799e+000 -4.8105923288e-001
80 58 47
2 1 2015 50.0400 -21.8900 2 1709 -14.4200 2.3800
7.6677754832e+000 -3.4961491012e+000 -8.1609241758e-001
73 58 51
2 1 2019 235.9399 -17.7900 2 1712 173.7500 4.1200
8.7828031548e+000 -3.5577684825e+000 -1.0879202938e+000
74 55 48
2 1 2025 591.8300 -33.6900 2 1758 522.9301 -25.0700
6.8151278641e+000 -3.5587619550e+000 1.4697279893e-001
47 28 22
3 1 2042 -75.0700 -59.6600 2 1770 -146.1900 -47.1000 3 1738 -165.4800 -33.1400
6.9548450950e+000 -3.5339819370e+000 7.0064794885e-002
44 22 16
2 1 2043 -14.1300 -47.1200 2 1743 -85.0300 -35.7500
6.9548450950e+000 -3.5339819370e+000 7.0064794885e-002
44 22 16
2 1 2044 -14.1300 -47.1200 2 1744 -85.0300 -35.7500
7.6901443625e+000 -3.6231238068e+000 -7.0369752429e-001
74 57 53
2 1 2053 249.4399 -63.7900 2 1774 182.6300 -44.5900
8.0474520403e+000 -3.5811145248e+000 -6.3379131425e-001
87 78 73
2 1 2054 382.1500 -49.9500 2 1780 312.2400 -39.6900
7.6734055871e+000 -3.6556316136e+000 -7.3936994637e-001
74 59 52
2 1 2066 242.1600 -74.4900 2 1777 174.3800 -53.6600
7.6915625590e+000 -3.7001741522e+000 -7.3565562843e-001
74 55 48
2 1 2069 248.4500 -90.0500 2 1799 180.0900 -69.5500
7.7298422904e+000 -3.7012133597e+000 -7.3419447432e-001
55 37 30
2 1 2072 262.0699 -90.4300 2 1144 193.2700 -70.6500
7.8378265017e+000 -3.7951655973e+000 -7.9328961212e-001
74 59 54
2 1 2092 295.8101 -121.0200 2 1817 226.3700 -101.5200
8.0993497652e+000 -3.8709760753e+000 -3.9620016186e-001
115 105 93
2 1 2117 421.1801 -163.6400 2 1853 340.5900 -159.0900
8.3467851182e+000 -3.8058738621e+000 -3.6187263159e-001
115 98 82
2 1 2120 518.3800 -140.0400 2 1855 438.2200 -142.9300
7.6902825273e+000 -3.9253692508e+000 -8.2396569810e-001
44 30 27
6 1 2137 243.5000 -165.3700 2 1845 171.5300 -139.9800 3 1812 148.1899 -114.8000 4 2101 134.1600 -170.0500 5 2168 194.6700 -186.0800 6 2134 213.9700 -133.5500
8.0103873346e+000 -3.9569744833e+000 -5.8165172800e-001
66 53 49
