# Bundle file v0.3
60 8803
0 0 0
0 0 0
0 0 0
0 0 0
0 0 0
1.6692529941e+003 5.0635403014e-002 -1.0902705321e-001
9.9993904132e-001 -4.8480062840e-003 -9.9202056063e-003
4.6351002030e-003 9.9976081703e-001 -2.1373455191e-002
1.0021451507e-002 2.1326171147e-002 9.9972234392e-001
-7.0050359056e+000 3.3904721956e+000 -4.0401087402e+000
1.7011163071e+003 1.1121198073e-002 7.1833419638e-004
9.9850828778e-001 5.4127549678e-002 7.1699095131e-003
-5.2996390314e-002 9.9237818004e-001 -1.1125165344e-001
-1.3137041152e-002 1.1070571867e-001 9.9376640213e-001
-6.9558441690e+000 3.7976563237e+000 -3.6600821574e+000
1.7074361057e+003 1.9612483678e-002 -1.7358815937e-002
9.9463300473e-001 1.0332482804e-001 -5.4005371739e-003
-1.0245607632e-001 9.7630849942e-001 -1.9058978565e-001
-1.4420066485e-002 1.9012020902e-001 9.8165491279e-001
-6.8040374206e+000 4.1226546459e+000 -3.4287063544e+000
1.6765494421e+003 5.1850443453e-002 -1.0917056816e-001
9.8640082609e-001 1.6149451508e-001 -3.0543933696e-002
-1.6365851613e-001 9.4797399758e-001 -2.7305894971e-001
-1.5142667744e-002 2.7434434843e-001 9.6151228703e-001
-6.5631744016e+000 4.2348618708e+000 -3.1343462978e+000
1.7001894565e+003 3.6645867570e-002 -9.0198421888e-002
9.7204206210e-001 2.2952985111e-001 -4.9500272253e-002
-2.3098805613e-001 8.9687801013e-001 -3.7716621385e-001
-4.2175199231e-002 3.7805539593e-001 9.2482180455e-001
-6.0528259206e+000 4.4470811193e+000 -2.3630643147e+000
1.7100659507e+003 2.0778740521e-002 -3.8397210430e-002
9.6285526921e-001 2.5805573450e-001 -7.9479358584e-002
-2.6665926024e-001 8.6247038256e-001 -4.3016006106e-001
-4.2456677709e-002 4.3537578836e-001 8.9924710365e-001
-5.8136616164e+000 4.6782859577e+000 -2.3922325083e+000
1.7037179690e+003 3.6534733368e-002 -6.1546021084e-002
9.5147382541e-001 2.9318559625e-001 -9.3486714110e-002
-3.0203196030e-001 8.3153134764e-001 -4.6618913849e-001
-5.8942807163e-002 4.7180273849e-001 8.7973173265e-001
-5.8071068584e+000 4.4138392609e+000 -2.2087643270e+000
1.7023326503e+003 5.4475764629e-002 -1.1988219619e-001
9.2081279357e-001 3.6714491304e-001 -1.3156143825e-001
-3.6784291153e-001 7.0548742858e-001 -6.0578798317e-001
-1.2959703563e-001 6.0621126758e-001 7.8467350370e-001
-5.5162355706e+000 4.6806253288e+000 -1.3322128805e+000
1.6792185116e+003 8.2618162467e-002 -1.7828925685e-001
9.0100056501e-001 3.9732694926e-001 -1.7415302823e-001
-4.1302635192e-001 6.6287270175e-001 -6.2450701669e-001
-1.3269217939e-001 6.3461096482e-001 7.6135517917e-001
-5.4062500069e+000 4.6927322889e+000 -1.3944462245e+000
1.7009524776e+003 4.7216891717e-002 -7.7641832037e-002
8.7645025271e-001 4.3337398837e-001 -2.0981406228e-001
-4.5052479939e-001 5.8437267922e-001 -6.7493405375e-001
-1.6988925704e-001 6.8607256029e-001 7.0741931155e-001
-5.1581230647e+000 4.7780241971e+000 -1.0398259209e+000
0 0 0
0 0 0
0 0 0
0 0 0
0 0 0
1.6970785513e+003 4.6973247363e-002 -1.0317914306e-001
8.5745486293e-001 4.5113883800e-001 -2.4747708355e-001
-4.7519387653e-001 5.0976420761e-001 -7.1716890085e-001
-1.9738778519e-001 7.3253955626e-001 6.5147821205e-001
-5.0387851357e+000 4.5442534439e+000 -8.6715787957e-001
1.6902849013e+003 4.4833266349e-002 -8.6564301780e-002
8.4583755036e-001 4.6703480516e-001 -2.5775439699e-001
-4.8915004887e-001 4.8628662819e-001 -7.2405631337e-001
-2.1281698262e-001 7.3851459431e-001 6.3976958813e-001
-4.9909439256e+000 4.3411162558e+000 -7.1684316527e-001
1.6821827157e+003 6.6986816702e-002 -1.3580813071e-001
8.1428111784e-001 4.8595309638e-001 -3.1748362043e-001
-5.0447853578e-001 3.2189727181e-001 -8.0117635595e-001
-2.8713701966e-001 8.1254645068e-001 5.0726777684e-001
-4.7625535865e+000 4.3761986719e+000 -1.6403575693e-002
1.6814288853e+003 6.0783336553e-002 -1.2403856258e-001
7.9137125875e-001 4.8373133292e-001 -3.7381215655e-001
-5.2287875412e-001 2.1876532159e-001 -8.2385650605e-001
-3.1674806916e-001 8.4743479491e-001 4.2605742461e-001
-4.4857320374e+000 3.6704116879e+000 2.7750526450e-001
1.6835048591e+003 5.4370034244e-002 -1.1081372447e-001
7.6174563340e-001 4.8906918540e-001 -4.2491754716e-001
-5.2333977412e-001 7.7871154751e-002 -8.4855852131e-001
-3.8191500471e-001 8.6876200144e-001 3.1526736911e-001
-4.2379290751e+000 3.2396083267e+000 8.4902368321e-001
1.6886878311e+003 3.8541299887e-002 -7.9962713986e-002
7.4297009618e-001 4.8237237876e-001 -4.6401759061e-001
-5.3296093941e-001 6.9730378362e-003 -8.4611111197e-001
-4.0490501756e-001 8.7593850524e-001 2.6226639472e-001
-4.0205665415e+000 3.0450966205e+000 1.0890289015e+000
1.6860012798e+003 6.5005434424e-002 -1.4716077531e-001
7.1398874855e-001 4.9673823397e-001 -4.9342800271e-001
-5.3898380712e-001 -5.9875768290e-002 -8.4018530577e-001
-4.4689654576e-001 8.6583255845e-001 2.2498323962e-001
-3.8780415776e+000 2.7643269222e+000 1.4141974668e+000
1.6916370800e+003 4.5751316411e-002 -1.1934102945e-001
6.6574146361e-001 4.9018765872e-001 -5.6258720467e-001
-5.3164978286e-001 -2.1742945364e-001 -8.1857983183e-001
-5.2358075978e-001 8.4406190053e-001 1.1585635962e-001
-3.5979552465e+000 2.1275298010e+000 1.9550182881e+000
1.6929920447e+003 5.2449601872e-002 -1.2908484660e-001
6.4750113798e-001 4.7180499543e-001 -5.9844993324e-001
-5.1086356212e-001 -3.1398077122e-001 -8.0027151405e-001
-5.6547386961e-001 8.2390298069e-001 3.7725073923e-002
-3.4829405780e+000 1.7814083003e+000 2.1825575830e+000
1.6920318074e+003 5.1730944089e-002 -1.2604839896e-001
6.2719317402e-001 4.1778433871e-001 -6.5733170378e-001
-4.8379729739e-001 -4.5242627893e-001 -7.4916662844e-001
-6.1038422121e-001 7.8788749734e-001 -8.1635739933e-002
-3.4704446378e+000 1.1918502089e+000 2.0652594645e+000
0 0 0
0 0 0
0 0 0
0 0 0
0 0 0
1.6823922571e+003 5.9598537169e-002 -1.4178318287e-001
6.1124933328e-001 4.1160086323e-001 -6.7598741256e-001
-4.7022997643e-001 -4.9814827946e-001 -7.2851359695e-001
-6.3659879189e-001 7.6317299550e-001 -1.1094573948e-001
-3.4992331231e+000 8.5371994664e-001 2.0760634136e+000
1.7147765361e+003 3.3971872128e-002 -1.1545925701e-001
5.9641901896e-001 3.6343204762e-001 -7.1568254176e-001
-4.3145832705e-001 -6.0670247199e-001 -6.6764947578e-001
-6.7685158332e-001 7.0698603752e-001 -2.0504310988e-001
-3.5752781379e+000 3.7294433075e-001 1.8895275318e+000
1.6974716940e+003 3.5255971301e-002 -1.0248389885e-001
5.8485577350e-001 3.2350973949e-001 -7.4383141414e-001
-4.1478864912e-001 -6.6877327366e-001 -6.1700298621e-001
-6.9706104523e-001 6.6939058619e-001 -2.5694774244e-001
-3.5567418424e+000 -9.1158802404e-002 1.8436086794e+000
1.6833629013e+003 4.0773354654e-002 -1.2325923165e-001
5.4701733413e-001 2.9812594505e-001 -7.8223587047e-001
-3.6682864643e-001 -7.5457546023e-001 -5.4410717600e-001
-7.5246845803e-001 5.8458258245e-001 -3.0340471976e-001
-3.5235885081e+000 -3.3805776873e-001 2.0751653594e+000
1.6932999529e+003 3.8081401696e-002 -1.1300029434e-001
5.3957930859e-001 2.5243422848e-001 -8.0320055405e-001
-3.2465619621e-001 -8.1783119195e-001 -4.7513208242e-001
-7.7682206714e-001 5.1713547719e-001 -3.5933045269e-001
-3.5936647955e+000 -7.0469879720e-001 1.8741928246e+000
1.7373521481e+003 -4.3775690804e-003 3.5003442534e-003
5.1684769237e-001 2.0092732657e-001 -8.3216384945e-001
-2.7066858782e-001 -8.8384642634e-001 -3.8151541282e-001
-8.1216191640e-001 4.2242597469e-001 -4.0242927012e-001
-3.6983577209e+000 -1.4125259291e+000 1.5925802644e+000
1.6855182649e+003 3.7334979443e-002 -1.0269416702e-001
5.1714246354e-001 1.5633586377e-001 -8.4150030903e-001
-2.3587316662e-001 -9.1907317308e-001 -3.1570294865e-001
-8.2275605234e-001 3.6175074321e-001 -4.3841632966e-001
-3.7344505805e+000 -1.4603136288e+000 1.5684700054e+000
1.7468494164e+003 1.3994854237e-002 -4.3666778988e-002
4.8446090728e-001 1.3124513240e-001 -8.6491175535e-001
-1.8036312630e-001 -9.5245552514e-001 -2.4555572750e-001
-8.5601797410e-001 2.7496033870e-001 -4.3775568546e-001
-3.7522824124e+000 -1.8862491079e+000 1.5573517611e+000
1.7125336701e+003 1.2775973308e-002 -4.1210507802e-002
4.6382144116e-001 7.0198182875e-002 -8.8314318536e-001
-9.9850207478e-002 -9.8636196828e-001 -1.3084343160e-001
-8.8028382172e-001 1.4887001930e-001 -4.5048652651e-001
-3.9522559145e+000 -2.6222366525e+000 1.3696125910e+000
1.7240536231e+003 1.8153969517e-003 -3.0302507050e-002
4.7296108882e-001 1.9878156785e-002 -8.8085905078e-001
-5.1698153602e-002 -9.9739690614e-001 -5.0266415557e-002
-8.7956529569e-001 6.9312845142e-002 -4.7070226271e-001
-4.0960778005e+000 -2.8056709714e+000 9.5778824028e-001
0 0 0
0 0 0
0 0 0
0 0 0
0 0 0
1.6952427544e+003 3.1353504666e-002 -5.1006979174e-002
4.7228960596e-001 -2.6578142935e-002 -8.8104263826e-001
-6.4712921379e-003 -9.9962290993e-001 2.6686332246e-002
-8.8141967898e-001 -6.9021930428e-003 -4.7228350516e-001
-4.3323858175e+000 -3.0079173034e+000 6.0433660659e-001
1.7299775343e+003 -1.3431615024e-002 4.1508699459e-002
4.5887098841e-001 -9.0385224595e-002 -8.8389361756e-001
4.3140125701e-002 -9.9137250825e-001 1.2377188472e-001
-8.8745498227e-001 -9.4926608845e-002 -4.5101285279e-001
-4.4600615214e+000 -3.3526618444e+000 4.6390008559e-001
1.7271255409e+003 2.8493326435e-002 -6.5647025953e-002
4.7089431027e-001 -1.4471362313e-001 -8.7023934399e-001
8.8696864282e-002 -9.7368896084e-001 2.0991110931e-001
-8.7771943969e-001 -1.7603344802e-001 -4.4566894705e-001
-4.6302492542e+000 -3.6006052564e+000 1.1064000040e-001
1.7255178996e+003 -4.5724657802e-003 3.9581561176e-002
4.7846574660e-001 -1.8433182229e-001 -8.5854080195e-001
1.4373536398e-001 -9.4809061029e-001 2.8366236942e-001
-8.6626247435e-001 -2.5912540203e-001 -4.2713388013e-001
-4.7761564285e+000 -3.8499585926e+000 -2.4266669305e-001
1.7391570911e+003 -1.3725397538e-002 3.7481162918e-002
4.9376292027e-001 -2.4131878379e-001 -8.3544205254e-001
2.1296687955e-001 -8.9791012845e-001 3.8523046277e-001
-8.4311522746e-001 -3.6813400525e-001 -3.9196181880e-001
-5.0062406863e+000 -3.8327469227e+000 -7.5570399727e-001
1.7425757231e+003 1.7687164513e-002 -4.5986813176e-002
5.0142522256e-001 -2.8436214488e-001 -8.1713580067e-001
2.5546226894e-001 -8.5367905436e-001 4.5384039188e-001
-8.2662674486e-001 -4.3631438518e-001 -3.5541241109e-001
-5.1405523041e+000 -4.0152016159e+000 -9.6360423795e-001
1.7424781480e+003 -7.6052156661e-003 1.0942546422e-002
5.0837129805e-001 -3.3827293191e-001 -7.9191542910e-001
2.9500013122e-001 -7.9556035764e-001 5.2920566884e-001
-8.0903247518e-001 -5.0264812831e-001 -3.0464949239e-001
-5.4051130116e+000 -4.3074235195e+000 -1.2607171213e+000
1.7474400257e+003 1.7001073343e-002 -5.4810770112e-002
5.2663582203e-001 -3.8163370899e-001 -7.5961202144e-001
3.3759328310e-001 -7.2619218736e-001 5.9889538504e-001
-7.8018298248e-001 -5.7183967961e-001 -2.5360184278e-001
-5.6434511785e+000 -4.3270849058e+000 -1.6749927930e+000
1.7505349520e+003 6.5327080407e-004 -3.0597158161e-002
5.4722712591e-001 -4.0713178469e-001 -7.3129076472e-001
3.7606361072e-001 -6.6096282425e-001 6.4938763897e-001
-7.4774235761e-001 -6.3037437674e-001 -2.0858933766e-001
-5.7750086974e+000 -4.2713340212e+000 -2.0512669485e+000
1.7424374146e+003 -8.6695712659e-003 -7.6045597388e-003
5.6215526837e-001 -4.5760333492e-001 -6.8889813624e-001
4.3282994943e-001 -5.4700596061e-001 7.1654917063e-001
-7.0472667689e-001 -7.0098763679e-001 -1.0943785428e-001
-6.1281472343e+000 -4.1714095278e+000 -2.4874965820e+000
0 0 0
0 0 0
0 0 0
0 0 0
0 0 0
1.7410406423e+003 -7.3712466552e-003 1.8116542349e-003
5.8345384910e-001 -4.8250253903e-001 -6.5327858207e-001
4.6316262520e-001 -4.6307070897e-001 7.5567579101e-001
-6.6712966400e-001 -7.4347617200e-001 -4.6703244909e-002
-6.3562004921e+000 -4.0431776464e+000 -2.8824565425e+000
1.7379485479e+003 -2.7501677553e-003 -2.4300073536e-002
5.9892164904e-001 -5.2193534567e-001 -6.0735191879e-001
4.7667178261e-001 -3.7707713796e-001 7.9410128050e-001
-6.4348804960e-001 -7.6511197022e-001 2.2952190345e-002
-6.6215765014e+000 -3.9981699041e+000 -2.9095884235e+000
1.7389114743e+003 6.2403880777e-003 -5.0465880027e-002
6.2967386073e-001 -5.3830106927e-001 -5.6012747471e-001
5.1522598125e-001 -2.5025761711e-001 8.1970318611e-001
-5.8142326867e-001 -8.0473789764e-001 1.1976601668e-001
-6.7691371327e+000 -3.5920711767e+000 -3.3224434335e+000
1.7442128375e+003 1.4988781515e-002 -7.6762884267e-002
6.6257971170e-001 -5.4407034730e-001 -5.1475779045e-001
5.1589336265e-001 -1.6673410878e-001 8.4027006096e-001
-5.4299370532e-001 -8.2230602221e-001 1.7020764327e-001
-6.9361455321e+000 -3.4571041380e+000 -3.6646661850e+000
1.7380168697e+003 1.8126198261e-002 -8.5068111972e-002
6.8841875557e-001 -5.5697345815e-001 -4.6460755901e-001
5.2104403434e-001 -6.5852131326e-002 8.5098567031e-001
-5.0457182962e-001 -8.2791549310e-001 2.4487385536e-001
-7.1358087895e+000 -3.0977606853e+000 -3.8068307035e+000
1.6917002694e+003 4.5204599572e-002 -1.3889628321e-001
7.1146258765e-001 -5.5722100984e-001 -4.2816554342e-001
5.2368174652e-001 1.4123459865e-002 8.5179689847e-001
-4.6859194907e-001 -8.3024410511e-001 3.0185478493e-001
-7.2221475668e+000 -2.8822388556e+000 -3.8219701269e+000
1.7105980776e+003 4.5923554601e-002 -1.4220214389e-001
7.3324043100e-001 -5.6836418090e-001 -3.7325678590e-001
5.1885278253e-001 1.1287461626e-001 8.4737896544e-001
-4.3948863513e-001 -8.1499783980e-001 3.7766156902e-001
-7.3720324977e+000 -2.5397829137e+000 -3.7717387928e+000
1.6972594167e+003 5.3566989744e-002 -1.5365508443e-001
7.7302401019e-001 -5.4898608137e-001 -3.1788073569e-001
5.1189661717e-001 2.4384211187e-001 8.2371286126e-001
-3.7469418597e-001 -7.9947189252e-001 4.6951992510e-001
-7.4750995842e+000 -1.9771501764e+000 -4.0529560033e+000
1.7114014669e+003 5.5308975736e-002 -1.6480956448e-001
7.9480618588e-001 -5.3777642840e-001 -2.8121102387e-001
4.9653831431e-001 3.0986816209e-001 8.1082145047e-001
-3.4890232058e-001 -7.8407795223e-001 5.1331173327e-001
-7.5558118578e+000 -1.6844154846e+000 -4.1591775705e+000
1.7131128229e+003 3.9186525828e-002 -1.2644593070e-001
8.2607097860e-001 -5.1756252366e-001 -2.2301518426e-001
4.6990746772e-001 4.1410343074e-001 7.7955456539e-001
-3.1111687528e-001 -7.4876390321e-001 5.8528532116e-001
-7.6585015470e+000 -1.0769786142e+000 -4.2295361290e+000
0 0 0
0 0 0
0 0 0
0 0 0
0 0 0
1.6946963396e+003 5.1541149277e-002 -1.4615987714e-001
8.4550636794e-001 -5.0398728088e-001 -1.7639671904e-001
4.4963340945e-001 4.9381515136e-001 7.4429590446e-001
-2.8800829655e-001 -7.0862078505e-001 6.4413337448e-001
-7.7314078278e+000 -9.0795419435e-001 -4.0060379947e+000
0 0 0
0 0 0
0 0 0
0 0 0
0 0 0
0 0 0
0 0 0
0 0 0
0 0 0
0 0 0
0 0 0
0 0 0
0 0 0
0 0 0
0 0 0
7.5837570369e+000 -2.1271170753e+000 -1.0589202817e+000
113 107 95
3 1 79 198.2000 436.9400 2 65 166.3700 472.8400 3 27 180.2600 505.1500
7.5904688140e+000 -2.1753080914e+000 -9.6250862704e-001
109 95 79
2 1 80 204.2600 428.1400 2 66 170.8300 461.6800
7.6128089139e+000 -2.1486436397e+000 -1.0305056872e+000
111 103 80
2 1 81 208.8900 431.8900 2 67 176.7700 466.7900
7.6425058423e+000 -2.1617711642e+000 -1.0475468732e+000
107 96 75
2 1 82 218.3400 426.2000 2 68 185.6100 460.8200
9.0342770473e+000 -2.0405105600e+000 -1.3936782118e+000
188 174 126
2 1 85 639.9301 443.2500 2 763 614.9800 458.4300
7.4284912551e+000 -2.3234435857e+000 -9.7576870595e-001
104 94 92
2 1 122 149.0300 376.5100 2 93 112.1400 412.1800
7.4498640244e+000 -2.4021557301e+000 -8.8371048181e-001
138 137 133
2 1 123 159.0500 355.8600 2 116 120.0100 388.0600
8.0707001629e+000 -2.5493907886e+000 -1.0001134568e+000
73 54 37
2 1 172 363.4399 300.7800 2 175 323.1899 321.2300
6.4205579590e+000 -2.7159611618e+000 -2.1065950523e-001
76 68 59
2 1 189 -224.5800 279.6100 2 829 -277.3500 314.3000
6.5980641363e+000 -2.7892810072e+000 -1.0775603840e-001
110 97 88
2 1 192 -158.2800 256.2000 2 208 -212.6300 282.9700
6.1306240825e+000 -2.8331057456e+000 -2.1201027566e-001
71 60 60
3 1 219 -337.6900 232.5300 2 861 -395.0100 273.5900 3 789 -400.6100 308.3900
6.1915027539e+000 -2.8713482799e+000 -1.3006489310e-001
124 124 114
2 1 220 -321.0200 221.3200 2 863 -377.5200 257.8300
6.2790806081e+000 -2.8356782793e+000 -1.3339785710e-001
98 95 82
2 1 224 -285.4100 235.6300 2 865 -341.4700 270.4900
8.1527182525e+000 -2.8142471966e+000 -9.5797733052e-001
97 76 52
2 1 270 393.9600 213.6800 2 911 346.8400 229.9300
6.1034138079e+000 -3.0244709721e+000 -4.1278758177e-002
149 145 133
2 1 309 -363.6200 162.2300 2 922 -423.9400 197.4100
6.2412838536e+000 -2.9698369845e+000 2.1639637615e-002
116 113 99
2 1 311 -312.1000 187.2100 2 252 -371.8600 217.4700
6.2412838536e+000 -2.9698369845e+000 2.1639637615e-002
116 113 99
2 1 312 -312.1000 187.2100 2 253 -371.8600 217.4700
7.8035588035e+000 -2.9551111301e+000 -6.2606285030e-001
91 73 59
2 1 326 294.7800 174.5400 2 932 242.1600 188.3400
6.3684368000e+000 -3.0757494563e+000 9.8856913384e-002
92 86 74
2 1 362 -263.7100 145.3000 2 283 -326.1100 169.5400
6.3363462193e+000 -3.1188065560e+000 1.4674178343e-001
91 89 77
4 1 363 -281.0100 127.7700 2 310 -343.8900 151.4100 3 227 -355.2200 173.0900 4 378 -349.9200 85.4000
6.5044957438e+000 -3.2044347923e+000 1.0209768334e-001
78 70 59
2 1 396 -206.5400 91.1000 2 336 -269.3600 111.2400
6.0716233480e+000 -3.2200417211e+000 2.8013029240e-002
94 91 74
3 1 418 -382.2500 82.3300 2 328 -446.4900 116.8300 3 240 -457.9800 146.1500
9.1529589737e+000 -3.2108390656e+000 -8.7602739213e-001
131 114 71
2 1 445 745.5100 82.7900 2 380 681.6400 76.2700
6.6352032691e+000 -3.3168415472e+000 1.7557772919e-001
105 103 90
2 1 473 -153.9700 43.8400 2 401 -219.3900 58.1900
7.9982533865e+000 -3.4000984290e+000 -5.9297645130e-001
85 70 65
2 1 526 367.4200 14.7400 2 1075 302.6700 23.6700
8.3360353058e+000 -3.3981886372e+000 -1.4378845962e-001
157 166 165
2 1 532 541.2000 14.0900 2 434 469.9700 -0.3100
6.4879462473e+000 -3.4496548063e+000 2.2758856254e-001
63 54 46
2 1 545 -220.9900 -14.3200 2 1070 -288.0100 2.0200
7.5528082130e+000 -3.4800468789e+000 -5.7658058009e-001
76 61 56
2 1 550 207.3400 -15.2200 2 1073 140.7500 3.1900
8.0899249952e+000 -3.6797702894e+000 -4.2352218692e-001
98 86 76
3 1 592 415.0400 -90.8600 2 1149 340.7800 -87.0400 3 416 317.0200 -80.1300
6.7298740913e+000 -3.6623694467e+000 3.3929897136e-001
86 73 51
2 1 608 -116.9300 -111.2800 2 1164 -193.0800 -102.9300
6.7664558822e+000 -3.7109384636e+000 3.4989966618e-001
85 70 46
2 1 631 -100.7800 -133.5000 2 1166 -178.0600 -125.9800
7.5365063280e+000 -3.9146470810e+000 -8.8541716652e-001
62 43 29
2 1 645 188.9900 -158.9300 2 501 118.0699 -130.2400
8.0746828813e+000 -3.8539110085e+000 -4.9821025527e-001
79 70 62
7 1 648 401.5000 -153.3900 2 1196 324.9301 -144.6900 3 479 297.4000 -134.0200 4 2133 280.2000 -210.8500 5 1524 344.7900 -253.6000 6 2168 355.2500 -205.4200 8 1431 190.0800 -236.4500
7.7359384500e+000 -2.4491484323e+000 -8.8509483721e-001
78 60 45
4 1 981 256.2500 340.1800 2 1430 217.9000 366.4800 3 1404 225.7400 388.2000 4 1723 246.1899 312.7500
6.5688448105e+000 -2.6904330707e+000 -2.2388601944e-001
117 109 98
6 1 999 -166.4600 288.6200 2 817 -217.6600 321.4300 4 1086 -204.5800 268.5700 5 1086 -120.0100 264.9300 6 1756 -69.7000 297.5700 8 1045 -182.0100 214.1600
6.3425923399e+000 -2.7849654323e+000 -1.5261967799e-001
83 72 60
2 1 1022 -258.7200 255.1400 2 827 -313.6900 289.4700
6.4177286141e+000 -2.7486556917e+000 -1.4895430948e-001
67 57 48
2 1 1023 -228.7700 270.0100 2 1456 -283.2200 302.8100
6.4041103574e+000 -2.7618593265e+000 -1.4662699905e-001
161 155 141
2 1 1024 -234.1300 264.7800 2 828 -289.2600 297.7900
6.1804427544e+000 -2.7859926283e+000 -2.1773041444e-001
86 81 78
3 1 1056 -318.5600 250.9400 2 1453 -373.7300 291.5500 3 1435 -378.5800 325.2100
6.3135388982e+000 -2.8566442724e+000 -5.3226908120e-002
70 66 55
2 1 1058 -277.8900 231.1200 2 868 -333.1200 262.3400
6.3029366204e+000 -2.8817186356e+000 -1.5185548916e-002
88 83 77
3 1 1059 -284.0500 222.4700 2 867 -341.9200 252.7700 3 1510 -348.4800 279.0600
7.1983565470e+000 -2.6366910665e+000 -1.6723014036e+000
169 145 112
3 1 1067 65.4900 241.2200 2 836 22.7000 294.5600 3 778 27.7800 339.7500
8.3038343510e+000 -2.6971375428e+000 -1.0483669785e+000
183 187 174
6 1 1073 437.1100 249.3800 2 1521 393.1899 265.4900 3 1522 396.7200 282.2100 4 1808 410.6801 203.2300 5 1898 527.0000 182.9800 6 1872 554.1500 207.4900
7.3787147552e+000 -2.8332122570e+000 -6.0685605983e-001
135 155 150
3 1 1092 142.0800 218.4800 2 1542 92.2700 240.6600 3 1519 89.7900 262.3700
7.3779070335e+000 -2.8336324014e+000 -5.9865246497e-001
135 155 150
4 1 1093 142.0800 218.4800 2 1541 92.2700 240.6600 3 1518 89.7900 262.3700 4 1816 100.0000 184.0200
7.4262465350e+000 -2.8358208134e+000 -5.9702670635e-001
87 80 70
5 1 1094 159.0300 217.4800 2 1545 109.4301 239.3900 4 1819 118.2000 180.9500 5 1893 215.7600 164.2500 6 1867 249.0400 193.4100
7.9825885036e+000 -2.8182871440e+000 -8.2811420942e-001
92 73 56
2 1 1102 345.2800 216.5400 2 1554 297.0400 232.8400
5.9894398436e+000 -3.0248545874e+000 -1.2553701227e-001
150 150 132
2 1 1118 -401.7000 159.3200 2 920 -462.1200 199.6700
6.0688959024e+000 -3.0227692025e+000 -6.8709680298e-002
150 148 135
2 1 1120 -375.1500 162.0200 2 921 -435.4400 198.8500
7.8449588840e+000 -2.9259294514e+000 -6.7774280482e-001
93 76 60
3 1 1134 306.2000 184.1000 2 931 255.0400 196.9200 3 885 251.3101 212.6800
5.7047875767e+000 -3.0793400987e+000 -3.8712804632e-001
114 111 114
2 1 1150 -484.8100 130.9900 2 940 -545.0300 184.1500
5.9732564421e+000 -3.0811175789e+000 -1.2823565905e-001
140 136 124
3 1 1155 -407.8600 136.4900 2 943 -468.8100 177.3800 3 874 -477.6500 213.0900
6.1783324849e+000 -3.0817077224e+000 5.9473266399e-002
110 102 87
3 1 1158 -341.0500 141.2200 2 1584 -403.5100 171.9800 3 879 -413.1300 198.2500
5.7990869342e+000 -3.1460352945e+000 -2.6093209310e-001
150 148 133
6 1 1166 -462.3700 106.9200 2 942 -524.2900 156.5600 3 1548 -532.2200 199.2300 4 1835 -522.1400 144.9100 5 1879 -474.6400 162.0100 6 1851 -411.7300 214.4000
6.0426225335e+000 -3.1806236119e+000 1.2360609407e-002
108 105 98
2 1 1169 -392.9800 98.8600 2 305 -456.7400 133.4200
6.1151109616e+000 -3.1536589123e+000 3.7289778528e-002
101 97 85
3 1 1173 -365.0500 110.3900 2 963 -428.1600 143.1500 3 898 -439.8800 171.7500
6.2005533844e+000 -3.1263214327e+000 7.7690831322e-002
110 103 85
2 1 1174 -333.2100 123.1000 2 308 -396.2100 151.9400
6.1723503711e+000 -3.1643877663e+000 9.2041108017e-002
129 126 111
4 1 1175 -345.2600 106.9700 2 966 -409.9200 136.4700 3 899 -421.0300 162.6400 4 1244 -415.9300 83.9700
6.3074624138e+000 -3.1638001036e+000 1.4516418654e-001
127 122 113
3 1 1178 -292.4300 108.5200 2 309 -357.1300 132.7800 3 243 -369.2600 154.6500
6.3560453552e+000 -3.1920694139e+000 1.2140679802e-001
105 102 88
3 1 1179 -270.8100 96.1200 2 985 -334.0000 120.0600 3 924 -346.6400 141.2800
6.6244137555e+000 -3.1383649851e+000 1.1935812323e-001
87 77 65
4 1 1186 -156.4200 119.0900 2 969 -218.0900 137.1200 4 1254 -227.2700 60.4000 7 604 -187.0400 -108.2900
9.2700386044e+000 -3.1310721832e+000 -6.0023434498e-001
178 161 105
2 1 1202 831.9000 114.9100 2 347 767.2000 96.0500
6.0943186776e+000 -3.2089476488e+000 5.2451276881e-002
121 115 101
7 1 1212 -376.0700 87.6800 2 977 -439.9400 118.9700 3 917 -451.0900 149.4000 4 373 -444.6700 75.8400 5 380 -389.9500 63.5700 6 352 -332.1500 112.2100 9 255 -481.6800 6.1700
6.3572086813e+000 -3.2774632113e+000 1.4113211281e-001
76 67 60
4 1 1219 -271.1400 60.1100 2 1658 -336.2000 82.8500 3 939 -350.0000 103.7800 4 441 -348.0200 20.9400
6.4956088913e+000 -3.2332348779e+000 1.8896783626e-001
110 101 90
2 1 1221 -214.7900 79.7500 2 986 -279.8800 97.3000
6.6022569021e+000 -3.2344694912e+000 2.0425313535e-001
75 67 57
2 1 1223 -169.3600 79.6100 2 987 -234.3200 93.8800
8.3080907853e+000 -3.2496575820e+000 -2.4031048258e-001
96 81 65
3 1 1230 518.4600 72.7900 2 1669 453.0200 62.1100 3 1691 437.1500 56.0100
9.2753775603e+000 -3.2237541740e+000 -8.1485013416e-001
121 103 70
2 1 1233 796.8800 79.3100 2 1027 732.4600 67.9300
6.2297765515e+000 -3.2863918670e+000 8.7215912297e-002
86 84 73
2 1 1244 -320.3800 55.5700 2 1005 -387.2400 83.3400
6.3174815249e+000 -3.3281625258e+000 1.3220309134e-001
114 110 99
6 1 1249 -287.8200 37.9800 2 1012 -353.9700 62.4200 3 962 -367.3200 85.2900 4 1305 -365.8600 3.9000 5 1272 -308.4600 -21.2800 6 431 -256.1500 28.5600
6.3202102405e+000 -3.2928148697e+000 1.3338315322e-001
140 138 126
6 1 1250 -287.2000 52.9400 2 1006 -352.0900 77.5500 3 1624 -365.5400 99.9600 4 1304 -362.5200 17.9000 5 2039 -304.5500 -7.4900 6 1313 -253.0600 41.0500
6.3202382802e+000 -3.2928715805e+000 1.3292232241e-001
140 138 126
7 1 1251 -287.2000 52.9400 2 1007 -352.0900 77.5500 3 1625 -365.5400 99.9600 4 1303 -362.5200 17.9000 5 2038 -304.5500 -7.4900 6 1312 -253.0600 41.0500 7 601 -327.2600 -125.2700
6.3487977427e+000 -3.3525019161e+000 1.6494078745e-001
97 90 80
2 1 1252 -276.6800 27.8900 2 1037 -342.9200 49.8600
6.6233074718e+000 -3.3338279885e+000 1.7289893264e-001
128 143 134
3 1 1255 -158.5900 36.3400 2 1040 -224.8600 51.4800 3 963 -240.7100 66.8600
6.7016342147e+000 -3.2905044632e+000 1.6302983559e-001
100 96 89
2 1 1257 -124.5300 55.2200 2 1018 -190.0400 68.4600
8.3575267421e+000 -3.3041585547e+000 -1.4048458801e-001
180 178 166
3 1 1269 550.9900 51.8100 2 1695 481.6000 36.3800 3 1039 462.6500 26.7100
7.3969218781e+000 -3.5187418313e+000 -6.4322085502e-001
42 27 24
2 1 1310 147.0800 -28.1300 2 1745 84.3400 -5.4600
7.6051172707e+000 -3.5330583883e+000 -6.9234716420e-001
54 35 29
2 1 1314 220.2600 -32.3900 2 1097 155.2400 -12.1100
8.1173345664e+000 -3.5303593909e+000 -1.0210321020e+000
82 69 61
2 1 1320 376.2900 -26.1700 2 1101 313.6100 -7.6000
8.0041918848e+000 -3.5864525597e+000 -5.9524165504e-001
54 41 34
3 1 1340 370.1600 -52.3100 2 1122 299.8199 -43.5100 3 1059 279.6700 -29.6300
7.6115119050e+000 -3.6850117136e+000 -7.1125486861e-001
55 35 32
2 1 1365 221.7400 -85.4700 2 1118 153.5100 -64.0600
7.6115119050e+000 -3.6850117136e+000 -7.1125486861e-001
55 35 32
2 1 1366 221.7400 -85.4700 2 1119 153.5100 -64.0600
7.6422098810e+000 -3.7088478175e+000 -7.1769759366e-001
56 35 32
2 1 1367 232.4399 -93.6600 2 1143 163.2800 -72.4500
7.7541548452e+000 -3.7697666316e+000 -7.7237238122e-001
46 28 26
2 1 1393 269.0900 -113.2000 2 1146 198.3400 -92.2600
8.0605579298e+000 -3.8193121141e+000 -5.3489220633e-001
35 26 19
2 1 1418 394.7700 -138.7200 2 1172 317.9399 -129.8400
7.4274139082e+000 -3.9859749968e+000 -8.5104556162e-001
71 45 30
2 1 1442 152.7200 -184.6200 2 1193 81.0601 -154.2500
7.4747165879e+000 -3.9267082174e+000 -7.6319309798e-001
62 39 25
2 1 1444 172.0601 -168.1600 2 1839 99.6600 -141.0300
7.6848215403e+000 -3.9537878151e+000 -8.3013247212e-001
78 64 61
4 1 1447 241.5200 -174.3100 2 522 168.1100 -149.2400 3 1148 146.1600 -122.9900 4 1498 132.6801 -177.9400
6.8882685412e+000 -3.8660680923e+000 2.9619290422e-001
70 56 44
2 1 1468 -45.1800 -199.6300 2 537 -124.7300 -191.4300
9.3435996832e+000 -2.0057352866e+000 -7.1035873379e-001
157 144 92
2 1 1658 840.7600 514.9500 2 1384 818.5400 504.3500
6.0674564727e+000 -2.2572422742e+000 -1.4488443419e-001
78 61 69
2 1 1675 -371.4300 468.1900 2 1364 -421.3300 516.2900
7.4903163736e+000 -2.1502233502e+000 -1.0434610687e+000
81 78 72
3 1 1686 167.5500 430.0200 2 1388 135.0000 467.8000 3 1963 147.9100 500.6500
7.5069454585e+000 -2.3357502287e+000 -9.0581896593e-001
66 57 48
3 1 1706 177.6500 377.1900 2 1404 140.3101 409.9400 3 1974 150.0300 437.0100
7.5092110762e+000 -2.4416080089e+000 -8.0256758845e-001
101 92 82
3 1 1707 181.5800 347.4400 2 1420 142.0500 376.3600 4 2276 170.5699 325.9700
7.6515797889e+000 -2.4334536780e+000 -8.6059714731e-001
77 60 48
4 1 1709 228.3500 347.3400 2 1426 190.6899 374.2500 3 1985 197.4399 396.7500 4 2282 218.8600 322.8300
7.6513325055e+000 -2.4340233613e+000 -8.5292015780e-001
77 60 48
5 1 1710 228.3500 347.3400 2 1427 190.6899 374.2500 3 1986 197.4399 396.7500 4 2281 218.8600 322.8300 6 2294 375.0699 340.9900
7.7765432753e+000 -2.3961404403e+000 -9.2159493370e-001
75 56 42
3 1 1711 269.1300 355.3300 2 1408 230.8101 383.9400 4 2284 262.9600 329.8700
7.8070329985e+000 -2.4085781531e+000 -9.1856386344e-001
100 84 69
2 1 1712 279.1500 352.5400 2 1431 242.0699 377.4900
7.8070329985e+000 -2.4085781531e+000 -9.1856386344e-001
100 84 69
2 1 1713 279.1500 352.5400 2 1432 242.0699 377.4900
7.1884308207e+000 -2.4294218932e+000 -8.6795149974e-001
167 144 103
2 1 1721 69.5300 346.8600 2 1402 29.3700 384.0000
7.1884308207e+000 -2.4294218932e+000 -8.6795149974e-001
167 144 103
2 1 1722 69.5300 346.8600 2 1403 29.3700 384.0000
7.6188683814e+000 -2.5251577086e+000 -8.3105466030e-001
77 59 47
3 1 1729 218.9100 317.1500 2 1446 177.9500 342.9400 3 1425 182.9301 366.0200
9.0015713648e+000 -2.4227902291e+000 -1.2555018129e+000
150 133 83
3 1 1741 645.8800 331.2300 2 1450 609.8400 340.2100 5 1822 778.6500 236.7600
6.4427532347e+000 -2.6647171365e+000 -2.6465378768e-001
55 42 39
3 1 1742 -211.9400 296.3300 2 2025 -264.9600 333.1900 3 1993 -267.7100 363.3700
7.6186019723e+000 -2.6156323107e+000 -7.5465456673e-001
77 59 47
2 1 1744 222.0400 289.7300 2 1462 178.7300 312.8500
6.6280692097e+000 -2.7305541935e+000 -2.0761606034e-001
113 103 93
5 1 1756 -142.8000 274.3500 2 2040 -194.6100 303.5500 3 2011 -198.2800 329.2500 5 2769 -99.9300 240.0200 6 2322 -50.4500 272.5000
6.6586947272e+000 -2.7778552867e+000 -1.6238155012e-001
62 41 38
6 1 1757 -131.1300 257.2800 2 1457 -186.1300 284.8400 3 2028 -190.2100 309.2600 4 2311 -177.7000 225.1100 5 2411 -91.7100 210.7000 6 2666 -45.2600 245.4400
7.7090730134e+000 -2.7072498704e+000 -7.6034991824e-001
72 58 46
3 1 1772 253.5300 257.6100 2 1514 208.6300 277.7300 3 2037 208.9500 297.3500
7.9054593922e+000 -2.6450222688e+000 -8.7685318469e-001
98 79 62
2 1 1780 315.7200 273.9900 2 1485 271.7500 294.2300
9.1270879612e+000 -2.6461458323e+000 -1.1269237586e+000
141 119 70
2 1 1784 701.6300 265.5200 2 889 658.8199 266.8600
6.2432811235e+000 -2.8495216853e+000 -1.5496257410e-001
141 143 129
2 1 1791 -298.2800 229.0200 2 1490 -354.2800 265.2000
6.3409336764e+000 -2.8075815020e+000 -1.2086192138e-001
80 70 61
3 1 1794 -260.9500 247.5300 2 2053 -316.3900 281.0100 3 2021 -323.2700 309.4300
6.5055185786e+000 -2.8913439094e+000 7.2044628613e-002
64 48 33
3 1 1799 -205.0200 223.2300 2 1535 -262.3800 244.3600 3 2051 -270.4600 265.1400
6.5669178738e+000 -2.8171981025e+000 -6.5000604502e-002
68 56 48
2 1 1800 -173.3200 247.1000 2 2056 -227.4300 272.8600
7.4002177311e+000 -2.8220260419e+000 -6.0987780715e-001
70 61 56
15 1 1806 148.9600 223.2800 2 1544 100.4200 244.5800 3 1520 97.9700 261.6500 4 1817 108.7800 185.1400 5 2431 207.6600 174.9800 7 957 174.3800 43.4000 8 2184 130.6400 130.2600 9 1758 90.1400 53.4700 10 1589 85.5601 77.2800 12 1577 65.1700 10.0400 13 2112 38.0200 -74.3200 14 1220 29.6400 78.5700 15 1566 83.3800 -112.3500 16 1169 100.6899 -123.3300 18 634 115.1000 -205.9400
7.6071636934e+000 -2.7545216131e+000 -6.8107415102e-001
74 60 47
3 1 1808 221.0900 244.5700 2 1509 174.8900 263.2000 3 1474 173.3700 283.8200
7.5994660617e+000 -2.7961018345e+000 -7.2221256842e-001
90 76 62
2 1 1809 217.4500 227.3100 2 2082 168.2600 249.2400
6.0767236746e+000 -2.9426821562e+000 -1.0454577471e-001
95 91 82
4 1 1818 -370.3900 192.8600 2 2070 -427.5000 232.0000 3 2044 -434.9900 265.2200 4 2323 -422.7600 194.4600
6.2232174638e+000 -2.8812465067e+000 -9.7981461494e-002
86 88 77
2 1 1823 -309.9500 218.6800 2 1489 -368.2200 253.6800
5.9428209359e+000 -3.0187551803e+000 -1.8329448238e-001
154 152 139
2 1 1842 -413.8800 159.8900 2 2086 -475.3000 203.1300
6.4914071227e+000 -2.9834566327e+000 1.1670935551e-001
90 81 72
6 1 1845 -213.3100 184.9000 2 1563 -273.6700 206.4100 3 2070 -283.0200 225.3600 4 2363 -274.9900 132.6900 5 2820 -200.8200 106.4800 6 2390 -151.2000 143.0000
6.2056791181e+000 -3.0857911734e+000 8.4723669555e-002
144 140 123
2 1 1869 -331.5600 140.3800 2 1585 -394.4900 169.1000
6.3079985027e+000 -3.0863050590e+000 1.2245902252e-001
94 86 75
3 1 1871 -291.7700 141.6000 2 1588 -353.6700 165.8400 3 1554 -364.0900 188.7600
6.3209656092e+000 -3.1072792093e+000 1.3921631715e-001
136 137 123
6 1 1872 -288.2800 132.1100 2 1589 -350.4100 157.1000 3 1583 -361.6900 178.7100 4 1878 -355.2200 92.1400 5 1969 -289.7300 68.2100 6 1942 -236.5000 111.2200
6.4362341833e+000 -3.0686211886e+000 1.5600212527e-001
63 54 45
4 1 1873 -238.3400 149.9000 2 1590 -300.5300 170.9500 3 1555 -312.6000 189.3000 4 1880 -305.7600 98.3800
6.5163309564e+000 -3.0670605042e+000 1.2853420043e-001
54 39 32
5 1 1876 -202.9900 150.4000 2 1592 -264.4700 169.5000 3 2110 -275.8500 187.1200 4 1882 -268.9600 95.7000 5 1972 -198.0700 66.1400
6.5368046015e+000 -3.0736490171e+000 1.1981489810e-001
72 61 55
5 1 1877 -193.7200 146.5100 2 949 -255.4100 166.6400 3 900 -265.9700 184.3200 4 1222 -260.5200 92.6400 6 1256 -141.0700 101.8000
6.6279306057e+000 -3.1115444625e+000 1.2232144635e-001
56 46 37
2 1 1878 -155.1000 131.2400 2 1621 -216.5400 147.8400
6.6458264941e+000 -3.1186998735e+000 1.0961986996e-001
91 77 64
6 1 1879 -146.1400 127.8600 2 1622 -208.5100 145.2900 3 1589 -220.2200 159.2800 4 1912 -216.7800 67.9300 5 1995 -143.6700 33.8300 6 1969 -99.5800 73.4500
7.3523539959e+000 -3.0036999545e+000 -8.7724976529e-001
40 28 28
2 1 1884 125.9500 149.8800 2 1598 74.3400 179.9700
6.0716287536e+000 -3.1535170604e+000 3.0934749512e-002
93 89 78
2 1 1898 -382.5700 110.4700 2 2146 -446.6000 143.9400
6.0731386377e+000 -3.1524424827e+000 2.7838512313e-002
93 89 78
9 1 1899 -382.5700 110.4700 2 2145 -446.6000 143.9400 3 2098 -455.2900 175.2600 4 2692 -447.2500 101.7100 5 2813 -392.7900 92.5900 6 2698 -334.2100 140.1400 7 1680 -404.6900 -22.8500 8 2522 -462.0900 87.5700 9 2056 -482.3100 31.2100
6.0934245239e+000 -3.1743851651e+000 5.1781251435e-002
132 128 117
4 1 1900 -375.2700 101.9300 2 1615 -439.7400 134.6400 3 2101 -450.4300 163.6300 4 2404 -443.3700 88.9500
6.1567929654e+000 -3.1856810441e+000 8.2081702350e-002
83 78 67
6 1 1902 -351.6800 97.4800 2 1616 -415.3900 128.1300 3 1601 -426.5300 155.4500 4 1245 -420.7000 76.9700 5 1208 -365.1900 62.0400 6 1253 -309.1000 109.4000
6.5520867137e+000 -3.1615250552e+000 1.3876564400e-001
71 61 52
4 1 1906 -187.6600 110.0500 2 1620 -251.2600 127.9600 3 1609 -263.5500 144.8500 4 1930 -259.9700 54.0300
7.7340564630e+000 -3.1153419794e+000 -5.6624276976e-001
93 78 71
8 1 1908 272.2800 118.8400 2 2158 217.1200 128.0100 3 2129 207.5000 144.0700 4 2412 209.2300 62.9300 5 2506 301.3700 32.8200 6 2436 326.4100 63.7500 7 1403 254.7800 -90.6900 10 2073 134.5800 -51.5700
7.9041050375e+000 -3.1645549610e+000 -5.7973185841e-001
68 54 45
8 1 1909 334.2100 100.2600 2 2190 276.0400 110.0600 3 2158 266.2800 121.6100 5 2523 358.5699 1.7800 6 1995 378.9301 31.7200 7 1028 305.8600 -123.2300 8 1881 244.0400 -39.1000 10 1719 178.3700 -81.2600
7.9712755994e+000 -3.1541819286e+000 -6.5564653049e-001
66 50 37
5 1 1912 353.4500 105.3100 2 1643 295.9000 109.9800 3 2131 285.8400 125.4500 4 2435 285.4900 43.4900 5 2525 380.5699 9.1000
7.9712755994e+000 -3.1541819286e+000 -6.5564653049e-001
66 50 37
5 1 1913 353.4500 105.3100 2 1642 295.9000 109.9800 3 2132 285.8400 125.4500 4 2434 285.4900 43.4900 5 2524 380.5699 9.1000
6.2145547868e+000 -3.2362380706e+000 9.9167341847e-002
104 98 84
6 1 1924 -329.1700 76.6500 2 1633 -393.7800 104.5900 3 1603 -406.2900 130.5500 4 1925 -400.8000 50.9800 5 1228 -344.4000 32.6400 6 1284 -288.2000 80.5200
6.1973186551e+000 -3.2484908140e+000 1.0822621571e-001
89 84 73
2 1 1925 -336.4800 71.7700 2 1632 -402.2700 99.5800
6.1817021850e+000 -3.2747029206e+000 9.0197760049e-002
142 139 122
6 1 1927 -342.2700 60.0800 2 1004 -407.4700 89.5200 3 936 -419.7200 115.9500 4 1278 -415.1200 39.4200 5 2011 -360.0700 21.7600 6 1285 -304.6800 71.0600
6.2983461443e+000 -3.2210064872e+000 1.1085951140e-001
135 132 114
3 1 1928 -294.4100 83.5500 2 1635 -358.3100 109.2100 3 921 -370.9600 132.1400
6.3936053125e+000 -3.2779116100e+000 1.3560344803e-001
136 133 122
6 1 1930 -256.5200 59.4800 2 1659 -321.4300 81.8500 3 1626 -334.8800 102.7700 4 1955 -330.8600 18.8900 5 2543 -270.5000 -9.4800 6 1986 -220.3100 37.5200
6.5248738835e+000 -3.2160863738e+000 1.4736334808e-001
103 94 85
11 1 1932 -201.2000 86.5900 2 1639 -264.8000 105.4600 3 1628 -278.2500 122.1200 4 1932 -275.5300 32.8200 5 2513 -209.1000 -0.4000 6 1989 -161.9100 43.9400 7 1409 -237.5100 -128.6000 8 1838 -299.8400 -32.9600 9 1401 -333.8500 -90.7500 10 1692 -345.3000 -56.7000 12 1696 -357.5700 -116.4600
7.5664116422e+000 -3.2245518642e+000 -6.3973152978e-001
36 27 22
2 1 1936 208.1801 77.0800 2 1641 150.6500 95.8300
7.8705395203e+000 -3.2526177184e+000 -5.7269433623e-001
45 27 23
2 1 1938 322.8300 67.8800 2 1665 261.3101 78.7200
6.2856868090e+000 -3.3409450773e+000 1.0418276155e-001
115 111 100
3 1 1957 -298.7000 32.9000 2 1683 -365.0100 58.0400 3 1653 -378.5600 83.2400
6.6209372268e+000 -3.2875565295e+000 1.5222513295e-001
112 108 96
3 1 1958 -158.7700 56.2100 2 1661 -224.0200 72.0100 3 1656 -238.9600 87.7800
7.7012540610e+000 -3.3073221874e+000 -6.3722897052e-001
51 33 29
5 1 1962 257.4100 47.6700 2 1663 197.1000 61.6700 3 1660 183.4500 82.8200 4 1966 182.2100 5.2200 5 2047 265.4301 -22.4100
6.2593553237e+000 -3.3546317736e+000 8.6314769122e-002
124 119 109
3 1 1983 -308.4000 26.7600 2 1681 -374.7200 54.1600 3 1650 -388.2900 79.4100
6.2766878909e+000 -3.3705088976e+000 1.0932544936e-001
55 52 44
3 1 1984 -303.4400 19.8000 2 1682 -369.0000 46.7700 3 1651 -383.6600 70.3300
6.3876885214e+000 -3.4130748553e+000 1.6327876405e-001
65 54 48
6 1 1986 -259.6700 1.1200 2 1701 -326.3400 24.5400 3 1675 -342.5800 44.7500 4 2486 -343.9900 -38.6300 5 2571 -287.6700 -68.6500 7 1049 -312.2100 -180.5400
6.4425878489e+000 -3.4085167627e+000 1.9002611875e-001
56 48 46
5 1 1987 -237.6300 3.6600 2 1702 -304.0900 23.8400 3 986 -320.9900 41.3100 4 1361 -322.4000 -43.3300 6 1367 -218.5900 -26.0500
6.4786458065e+000 -3.3649896775e+000 1.7751877039e-001
108 98 86
12 1 1988 -222.4100 22.0400 2 1686 -289.3100 40.2300 3 1655 -304.4000 59.7000 4 1983 -304.8300 -26.2700 5 2060 -243.9200 -60.6200 6 2025 -197.6300 -11.8000 7 1052 -272.4000 -179.1800 8 1896 -338.7600 -77.3000 9 1419 -370.8900 -127.8000 10 1182 -383.8600 -90.3400 12 1228 -394.9100 -143.6100 14 819 -439.7600 -44.5600
6.7172310133e+000 -3.3662377721e+000 1.5112648186e-001
81 66 59
2 1 1992 -117.5000 22.7500 2 1041 -183.8800 36.0500
6.7073458598e+000 -3.4047085195e+000 1.6940426166e-001
61 50 41
3 1 1993 -122.0900 6.2300 2 1071 -189.9900 18.8300 3 990 -206.7400 33.8800
6.7909033187e+000 -3.3749597195e+000 1.4790112126e-001
76 58 54
3 1 1994 -85.6800 19.3500 2 1042 -152.2700 30.3400 3 1679 -169.6400 44.3000
8.3453230115e+000 -3.4126550954e+000 -1.3446202377e-001
185 194 186
2 1 2000 546.2800 8.2000 2 1757 474.0699 -6.5800
6.4574251451e+000 -3.4991345243e+000 1.9374468963e-001
76 66 54
2 1 2011 -230.9400 -35.5400 2 1734 -300.6300 -16.6700
6.7634757687e+000 -3.4358927345e+000 1.4892053573e-001
45 31 27
4 1 2013 -96.7500 -6.5900 2 1072 -164.9600 5.0700 3 1701 -183.3200 19.4500 4 2037 -188.4100 -70.0800
7.1196313039e+000 -3.4939675513e+000 -4.8109885424e-001
80 58 47
2 1 2015 50.0400 -21.8900 2 1709 -14.4200 2.3800
7.6673147530e+000 -3.4962977922e+000 -8.1599494550e-001
73 58 51
2 1 2019 235.9399 -17.7900 2 1712 173.7500 4.1200
8.7821726358e+000 -3.5578707419e+000 -1.0876105700e+000
74 55 48
2 1 2025 591.8300 -33.6900 2 1758 522.9301 -25.0700
6.8146884627e+000 -3.5588758215e+000 1.4678342436e-001
47 28 22
3 1 2042 -75.0700 -59.6600 2 1770 -146.1900 -47.1000 3 1738 -165.4800 -33.1400
6.9543900335e+000 -3.5340987168e+000 6.9908673920e-002
44 22 16
2 1 2043 -14.1300 -47.1200 2 1743 -85.0300 -35.7500
6.9543900335e+000 -3.5340987168e+000 6.9908673920e-002
44 22 16
2 1 2044 -14.1300 -47.1200 2 1744 -85.0300 -35.7500
7.6896694775e+000 -3.6232406578e+000 -7.0360924966e-001
74 57 53
2 1 2053 249.4399 -63.7900 2 1774 182.6300 -44.5900
8.0468983250e+000 -3.5812173918e+000 -6.3366594378e-001
87 78 73
2 1 2054 382.1500 -49.9500 2 1780 312.2400 -39.6900
7.6729404703e+000 -3.6557456432e+000 -7.3927584040e-001
74 59 52
2 1 2066 242.1600 -74.4900 2 1777 174.3800 -53.6600
7.6910957205e+000 -3.7002789267e+000 -7.3555730800e-001
74 55 48
2 1 2069 248.4500 -90.0500 2 1799 180.0900 -69.5500
7.7293681763e+000 -3.7013160023e+000 -7.3409072256e-001
