# Bundle file v0.3
60 4295
0 0 0
0 0 0
0 0 0
0 0 0
0 0 0
1.6671441888e+003 4.9502098481e-002 -1.0868650974e-001
9.9987472369e-001 4.5952016367e-004 1.5821686592e-002
-1.6079200391e-004 9.9982180011e-001 -1.8877027743e-002
-1.5827541544e-002 1.8872118898e-002 9.9969662001e-001
-6.8832114343e+000 3.3675153942e+000 -3.6818928688e+000
1.6988361942e+003 1.0215701067e-002 -4.2227714156e-004
9.9768702520e-001 5.9384357588e-002 3.3077149601e-002
-5.5413667686e-002 9.9236273191e-001 -1.1020677728e-001
-3.9369089213e-002 1.0811894560e-001 9.9335812697e-001
-6.8263023818e+000 3.7465060918e+000 -3.3041808496e+000
1.7050703832e+003 1.8716091181e-002 -1.8642656651e-002
9.9387342801e-001 1.0859642981e-001 2.0552969007e-002
-1.0272347703e-001 9.7623715845e-001 -1.9081115722e-001
-4.0785982503e-002 1.8753086649e-001 9.8141157408e-001
-6.6773279972e+000 4.0467306407e+000 -3.0753062897e+000
1.6743270747e+003 5.0901984512e-002 -1.1020870737e-001
9.8597982739e-001 1.6680024806e-001 -4.6321956862e-003
-1.6163640055e-001 9.4782481716e-001 -2.7477589050e-001
-4.1442176665e-002 2.7167221652e-001 9.6149714132e-001
-6.4436778249e+000 4.1403807459e+000 -2.7878302375e+000
1.6981834063e+003 3.5624057079e-002 -9.0002413015e-002
9.7175421383e-001 2.3478684633e-001 -2.3851303688e-002
-2.2599171785e-001 8.9668441937e-001 -3.8063735434e-001
-6.7981551621e-002 3.7527615012e-001 9.2441674573e-001
-5.9463189634e+000 4.3245887800e+000 -2.0389256797e+000
1.7078846026e+003 1.9691632687e-002 -3.8374873491e-002
9.6319211219e-001 2.6333143673e-001 -5.4013974554e-002
-2.6010181563e-001 8.6222652750e-001 -4.3464061105e-001
-6.7882254851e-002 4.3269154105e-001 8.9898277502e-001
-5.7180500084e+000 4.5369580120e+000 -2.0672575878e+000
1.7016687758e+003 3.5176529757e-002 -6.1023888162e-002
9.5197766490e-001 2.9849024373e-001 -6.8132957807e-002
-2.9439191753e-001 8.3128702483e-001 -4.7148200522e-001
-8.4094734863e-002 4.6889813047e-001 8.7923979597e-001
-5.7103799986e+000 4.2738508157e+000 -1.8895662597e+000
1.7003686563e+003 5.2723854649e-002 -1.1820505941e-001
9.2189742790e-001 3.7244626633e-001 -1.0671884147e-001
-3.5590928998e-001 7.0528860014e-001 -6.1310404322e-001
-1.5308072946e-001 6.0320126757e-001 7.8276083261e-001
-5.4273786911e+000 4.4960126115e+000 -1.0426097860e+000
1.6771398545e+003 8.0560693141e-002 -1.7603235105e-001
9.0301101576e-001 4.0270331036e-001 -1.4967013475e-001
-4.0038650621e-001 6.6254067995e-001 -6.3303277408e-001
-1.5576184084e-001 6.3156147067e-001 7.5951850386e-001
-5.3254941838e+000 4.5043908696e+000 -1.1046406113e+000
1.6988423922e+003 4.5106830012e-002 -7.5562720230e-002
8.7918512681e-001 4.3874500764e-001 -1.8583953044e-001
-4.3615309399e-001 5.8400507156e-001 -6.8462292906e-001
-1.9184366397e-001 6.8296478289e-001 7.0480856545e-001
-5.0874537558e+000 4.5723562987e+000 -7.6493768466e-001
0 0 0
0 0 0
0 0 0
0 0 0
0 0 0
1.6950014087e+003 4.4171015259e-002 -9.8243702435e-002
8.6105113355e-001 4.5657393399e-001 -2.2389995133e-001
-4.5935519237e-001 5.0948052815e-001 -7.2761418257e-001
-2.1813700431e-001 7.2936262191e-001 6.4841839356e-001
-4.9765823245e+000 4.3326978599e+000 -6.0341226029e-001
1.6882017552e+003 4.2104014025e-002 -8.1734412352e-002
8.4960567316e-001 4.7246098530e-001 -2.3441590712e-001
-4.7303510656e-001 4.8603401816e-001 -7.3485285681e-001
-2.3325519952e-001 7.3522210968e-001 6.3642789170e-001
-4.9298642997e+000 4.1341520395e+000 -4.5881256001e-001
1.6797690141e+003 6.3583395016e-002 -1.2829776519e-001
8.1947640142e-001 4.9143352909e-001 -2.9487542117e-001
-4.8546808615e-001 3.2177203465e-001 -8.1288590531e-001
-3.0459672495e-001 8.0929342281e-001 5.0225988387e-001
-4.7170202998e+000 4.1374259394e+000 2.0524804591e-001
1.6794101636e+003 5.7980163847e-002 -1.2034892234e-001
7.9804183597e-001 4.8926505832e-001 -3.5177966221e-001
-5.0281495523e-001 2.1890729216e-001 -8.3621571274e-001
-3.3212399617e-001 8.4421519777e-001 4.2070696574e-001
-4.4595165539e+000 3.4428857104e+000 4.7544223906e-001
1.6819228212e+003 4.8903173547e-002 -9.8888232592e-002
7.6971704006e-001 4.9457664493e-001 -4.0364541436e-001
-5.0196836813e-001 7.8244514635e-002 -8.6133939497e-001
-3.9441530858e-001 8.6560483953e-001 3.0848796758e-001
-4.2277521715e+000 3.0087233892e+000 1.0112856544e+000
1.6875773228e+003 3.3225458588e-002 -6.9241926380e-002
7.5199916262e-001 4.8789756070e-001 -4.4323044761e-001
-5.1132774527e-001 7.4325721764e-003 -8.5935364885e-001
-4.1598220676e-001 8.7286924973e-001 2.5506484769e-001
-4.0248225599e+000 2.8163709297e+000 1.2330636265e+000
1.6852627447e+003 5.7721084758e-002 -1.3146894509e-001
7.2369657806e-001 5.0219813078e-001 -4.7335008223e-001
-5.1721357857e-001 -5.9412179660e-002 -8.5379172346e-001
-4.5689536772e-001 8.6270923859e-001 2.1674730126e-001
-3.8892615709e+000 2.5410753908e+000 1.5422562182e+000
1.6917182343e+003 3.8489968561e-002 -1.0720131332e-001
6.7720452490e-001 4.9570186488e-001 -5.4375885519e-001
-5.0975006161e-001 -2.1685885715e-001 -8.3254255793e-001
-5.3061182247e-001 8.4098269734e-001 1.0582625683e-001
-3.6285779201e+000 1.9161565517e+000 2.0458980205e+000
1.6936502223e+003 4.1841018391e-002 -1.1036008386e-001
6.5997146595e-001 4.7732123858e-001 -5.8017419740e-001
-4.8901965735e-001 -3.1332301079e-001 -8.1405679509e-001
-5.7034852402e-001 8.2097084364e-001 2.6635221792e-002
-3.5249523995e+000 1.5753950331e+000 2.2513544510e+000
1.6935746223e+003 3.5141506609e-002 -9.2174474008e-002
6.4137540729e-001 4.2335947504e-001 -6.3984712379e-001
-4.6277592060e-001 -4.5170794219e-001 -7.6275709258e-001
-6.1194446990e-001 7.8531948266e-001 -9.3793794592e-002
-3.5281400880e+000 1.0031126941e+000 2.1125890398e+000
0 0 0
0 0 0
0 0 0
0 0 0
0 0 0
1.6839662523e+003 4.1414211037e-002 -1.0201485251e-001
6.2587274132e-001 4.1716002394e-001 -6.5898469338e-001
-4.4965122998e-001 -4.9737331801e-001 -7.4191209311e-001
-6.3725746999e-001 7.6065583345e-001 -1.2371588414e-001
-3.5586093776e+000 6.7671878824e-001 2.1179077296e+000
1.7004398187e+003 3.7591661128e-002 -1.1714988763e-001
6.1236747562e-001 3.6911396147e-001 -6.9911440999e-001
-4.1270773591e-001 -6.0499577798e-001 -6.8092028413e-001
-6.7429844989e-001 7.0550336078e-001 -2.1814354999e-001
-3.6437732353e+000 2.1972156302e-001 1.9485013539e+000
0 0 0
0 0 0
0 0 0
0 0 0
0 0 0
0 0 0
0 0 0
0 0 0
0 0 0
0 0 0
0 0 0
0 0 0
0 0 0
0 0 0
0 0 0
0 0 0
0 0 0
0 0 0
0 0 0
0 0 0
0 0 0
0 0 0
0 0 0
0 0 0
0 0 0
0 0 0
0 0 0
0 0 0
0 0 0
0 0 0
0 0 0
0 0 0
0 0 0
0 0 0
0 0 0
0 0 0
0 0 0
0 0 0
0 0 0
0 0 0
0 0 0
0 0 0
0 0 0
0 0 0
0 0 0
0 0 0
0 0 0
0 0 0
0 0 0
0 0 0
0 0 0
0 0 0
0 0 0
0 0 0
0 0 0
0 0 0
0 0 0
0 0 0
0 0 0
0 0 0
0 0 0
0 0 0
0 0 0
0 0 0
0 0 0
0 0 0
0 0 0
0 0 0
0 0 0
0 0 0
0 0 0
0 0 0
0 0 0
0 0 0
0 0 0
0 0 0
0 0 0
0 0 0
0 0 0
0 0 0
0 0 0
0 0 0
0 0 0
0 0 0
0 0 0
0 0 0
0 0 0
0 0 0
0 0 0
0 0 0
0 0 0
0 0 0
0 0 0
0 0 0
0 0 0
0 0 0
0 0 0
0 0 0
0 0 0
0 0 0
0 0 0
0 0 0
0 0 0
0 0 0
0 0 0
0 0 0
0 0 0
0 0 0
0 0 0
0 0 0
0 0 0
0 0 0
0 0 0
0 0 0
0 0 0
0 0 0
0 0 0
0 0 0
0 0 0
0 0 0
0 0 0
0 0 0
0 0 0
0 0 0
0 0 0
0 0 0
0 0 0
0 0 0
0 0 0
0 0 0
0 0 0
0 0 0
0 0 0
0 0 0
0 0 0
0 0 0
0 0 0
0 0 0
0 0 0
0 0 0
0 0 0
0 0 0
0 0 0
0 0 0
0 0 0
0 0 0
0 0 0
0 0 0
0 0 0
0 0 0
0 0 0
0 0 0
0 0 0
0 0 0
0 0 0
0 0 0
0 0 0
0 0 0
0 0 0
0 0 0
0 0 0
0 0 0
0 0 0
0 0 0
0 0 0
0 0 0
0 0 0
0 0 0
0 0 0
0 0 0
0 0 0
0 0 0
0 0 0
0 0 0
0 0 0
7.4823993443e+000 -2.1062181075e+000 -1.0641726178e+000
113 107 95
3 1 79 198.2000 436.9400 2 65 166.3700 472.8400 3 27 180.2600 505.1500
7.4867233008e+000 -2.1531596817e+000 -9.7067112150e-001
109 95 79
2 1 80 204.2600 428.1400 2 66 170.8300 461.6800
7.5099390330e+000 -2.1270061011e+000 -1.0359738818e+000
111 103 80
2 1 81 208.8900 431.8900 2 67 176.7700 466.7900
7.5392016698e+000 -2.1395210391e+000 -1.0517926914e+000
107 96 75
2 1 82 218.3400 426.2000 2 68 185.6100 460.8200
8.8960455300e+000 -2.0135354907e+000 -1.3529468535e+000
188 174 126
2 1 85 639.9301 443.2500 2 763 614.9800 458.4300
7.3309398496e+000 -2.2974882874e+000 -9.8794016406e-001
104 94 92
2 1 122 149.0300 376.5100 2 93 112.1400 412.1800
7.3497320417e+000 -2.3739037647e+000 -8.9836307561e-001
138 137 133
2 1 123 159.0500 355.8600 2 116 120.0100 388.0600
7.9547587945e+000 -2.5130138406e+000 -9.9608957407e-001
73 54 37
2 1 172 363.4399 300.7800 2 175 323.1899 321.2300
6.3378542374e+000 -2.6850058431e+000 -2.7266748679e-001
76 68 59
2 1 189 -224.5800 279.6100 2 829 -277.3500 314.3000
6.5075535725e+000 -2.7553935847e+000 -1.6873992983e-001
110 97 88
2 1 192 -158.2800 256.2000 2 208 -212.6300 282.9700
6.0577512421e+000 -2.7999288254e+000 -2.8154121045e-001
71 60 60
3 1 219 -337.6900 232.5300 2 861 -395.0100 273.5900 3 789 -400.6100 308.3900
6.1148789827e+000 -2.8368772953e+000 -2.0073423102e-001
124 124 114
2 1 220 -321.0200 221.3200 2 863 -377.5200 257.8300
6.1995779141e+000 -2.8018782924e+000 -2.0167693325e-001
98 95 82
2 1 224 -285.4100 235.6300 2 865 -341.4700 270.4900
8.0345034162e+000 -2.7693229906e+000 -9.5384838432e-001
97 76 52
2 1 270 393.9600 213.6800 2 911 346.8400 229.9300
6.0281866310e+000 -2.9858566698e+000 -1.1733247597e-001
149 145 133
2 1 309 -363.6200 162.2300 2 922 -423.9400 197.4100
6.1598520221e+000 -2.9324082485e+000 -5.2799449903e-002
116 113 99
2 1 311 -312.1000 187.2100 2 252 -371.8600 217.4700
6.1598520221e+000 -2.9324082485e+000 -5.2799449903e-002
116 113 99
2 1 312 -312.1000 187.2100 2 253 -371.8600 217.4700
7.6886412303e+000 -2.9084709181e+000 -6.4120985336e-001
91 73 59
2 1 326 294.7800 174.5400 2 932 242.1600 188.3400
6.2816028837e+000 -3.0345319861e+000 2.4891313304e-002
92 86 74
2 1 362 -263.7100 145.3000 2 283 -326.1100 169.5400
6.2495787443e+000 -3.0765148648e+000 7.0365340753e-002
91 89 77
4 1 363 -281.0100 127.7700 2 310 -343.8900 151.4100 3 227 -355.2200 173.0900 4 378 -349.9200 85.4000
6.4139124989e+000 -3.1584691012e+000 3.1106244154e-002
78 70 59
2 1 396 -206.5400 91.1000 2 336 -269.3600 111.2400
5.9967079877e+000 -3.1756045110e+000 -5.1505986517e-002
94 91 74
3 1 418 -382.2500 82.3300 2 328 -446.4900 116.8300 3 240 -457.9800 146.1500
9.0035551500e+000 -3.1486199467e+000 -8.5047437722e-001
131 114 71
2 1 445 745.5100 82.7900 2 380 681.6400 76.2700
6.5392127445e+000 -3.2668392833e+000 1.0525798169e-001
105 103 90
2 1 473 -153.9700 43.8400 2 401 -219.3900 58.1900
7.8786659937e+000 -3.3386192632e+000 -6.0535004421e-001
85 70 65
2 1 526 367.4200 14.7400 2 1075 302.6700 23.6700
8.1943562329e+000 -3.3361289890e+000 -1.6166833306e-001
157 166 165
2 1 532 541.2000 14.0900 2 434 469.9700 -0.3100
6.3960507120e+000 -3.3963335297e+000 1.5162456005e-001
63 54 46
2 1 545 -220.9900 -14.3200 2 1070 -288.0100 2.0200
7.4472884341e+000 -3.4183856915e+000 -6.0078535157e-001
76 61 56
2 1 550 207.3400 -15.2200 2 1073 140.7500 3.1900
7.9646104432e+000 -3.6094713622e+000 -4.3953413002e-001
98 86 76
3 1 592 415.0400 -90.8600 2 1149 340.7800 -87.0400 3 416 317.0200 -80.1300
6.6285812876e+000 -3.6013418250e+000 2.6535221703e-001
86 73 51
2 1 608 -116.9300 -111.2800 2 1164 -193.0800 -102.9300
6.6639807992e+000 -3.6482093800e+000 2.7642408500e-001
85 70 46
2 1 631 -100.7800 -133.5000 2 1166 -178.0600 -125.9800
7.4415256352e+000 -3.8387685718e+000 -9.0142925788e-001
62 43 29
2 1 645 188.9900 -158.9300 2 501 118.0699 -130.2400
7.9527229636e+000 -3.7781159675e+000 -5.1291745369e-001
79 70 62
7 1 648 401.5000 -153.3900 2 1196 324.9301 -144.6900 3 479 297.4000 -134.0200 4 2133 280.2000 -210.8500 5 1524 344.7900 -253.6000 6 2168 355.2500 -205.4200 8 1431 190.0800 -236.4500
7.6270515226e+000 -2.4179668543e+000 -8.9255936455e-001
78 60 45
4 1 981 256.2500 340.1800 2 1430 217.9000 366.4800 3 1404 225.7400 388.2000 4 1723 246.1899 312.7500
6.4816544634e+000 -2.6594971788e+000 -2.8155717789e-001
117 109 98
6 1 999 -166.4600 288.6200 2 817 -217.6600 321.4300 4 1086 -204.5800 268.5700 5 1086 -120.0100 264.9300 6 1756 -69.7000 297.5700 8 1045 -182.0100 214.1600
6.2612866107e+000 -2.7523892991e+000 -2.1857438903e-001
83 72 60
2 1 1022 -258.7200 255.1400 2 827 -313.6900 289.4700
6.3337594353e+000 -2.7168522663e+000 -2.1304753028e-001
67 57 48
2 1 1023 -228.7700 270.0100 2 1456 -283.2200 302.8100
6.3205844397e+000 -2.7297153890e+000 -2.1116845971e-001
161 155 141
2 1 1024 -234.1300 264.7800 2 828 -289.2600 297.7900
6.1058904691e+000 -2.7540298649e+000 -2.8571271661e-001
86 81 78
3 1 1056 -318.5600 250.9400 2 1453 -373.7300 291.5500 3 1435 -378.5800 325.2100
6.2310734901e+000 -2.8222217330e+000 -1.2321253567e-001
70 66 55
2 1 1058 -277.8900 231.1200 2 868 -333.1200 262.3400
6.2200032480e+000 -2.8466604681e+000 -8.6692497448e-002
88 83 77
3 1 1059 -284.0500 222.4700 2 867 -341.9200 252.7700 3 1510 -348.4800 279.0600
7.1271238268e+000 -2.6002508937e+000 -1.6699145520e+000
169 145 112
3 1 1067 65.4900 241.2200 2 836 22.7000 294.5600 3 778 27.7800 339.7500
8.1825362520e+000 -2.6548365001e+000 -1.0372750393e+000
183 187 174
6 1 1073 437.1100 249.3800 2 1521 393.1899 265.4900 3 1522 396.7200 282.2100 4 1808 410.6801 203.2300 5 1898 527.0000 182.9800 6 1872 554.1500 207.4900
7.2761050192e+000 -2.7926236721e+000 -6.3289832242e-001
135 155 150
3 1 1092 142.0800 218.4800 2 1542 92.2700 240.6600 3 1519 89.7900 262.3700
7.2751168698e+000 -2.7930575977e+000 -6.2495270175e-001
135 155 150
4 1 1093 142.0800 218.4800 2 1541 92.2700 240.6600 3 1518 89.7900 262.3700 4 1816 100.0000 184.0200
7.3218881462e+000 -2.7949366509e+000 -6.2213274577e-001
87 80 70
5 1 1094 159.0300 217.4800 2 1545 109.4301 239.3900 4 1819 118.2000 180.9500 5 1893 215.7600 164.2500 6 1867 249.0400 193.4100
7.8664379337e+000 -2.7744636680e+000 -8.3222463027e-001
92 73 56
2 1 1102 345.2800 216.5400 2 1554 297.0400 232.8400
5.9198927284e+000 -2.9865888162e+000 -2.0180405898e-001
150 150 132
2 1 1118 -401.7000 159.3200 2 920 -462.1200 199.6700
5.9954278997e+000 -2.9843128038e+000 -1.4476241658e-001
150 148 135
2 1 1120 -375.1500 162.0200 2 921 -435.4400 198.8500
7.7298882632e+000 -2.8798535280e+000 -6.9017880104e-001
93 76 60
3 1 1134 306.2000 184.1000 2 931 255.0400 196.9200 3 885 251.3101 212.6800
5.6508990184e+000 -3.0401364217e+000 -4.6251436819e-001
114 111 114
2 1 1150 -484.8100 130.9900 2 940 -545.0300 184.1500
5.9045786037e+000 -3.0411582172e+000 -2.0496797605e-001
140 136 124
3 1 1155 -407.8600 136.4900 2 943 -468.8100 177.3800 3 874 -477.6500 213.0900
6.0985472455e+000 -3.0411680929e+000 -1.8016367247e-002
110 102 87
3 1 1158 -341.0500 141.2200 2 1584 -403.5100 171.9800 3 879 -413.1300 198.2500
5.7395423159e+000 -3.1045786204e+000 -3.3791819018e-001
150 148 133
6 1 1166 -462.3700 106.9200 2 942 -524.2900 156.5600 3 1548 -532.2200 199.2300 4 1835 -522.1400 144.9100 5 1879 -474.6400 162.0100 6 1851 -411.7300 214.4000
5.9688064184e+000 -3.1375363370e+000 -6.7296509969e-002
108 105 98
2 1 1169 -392.9800 98.8600 2 305 -456.7400 133.4200
6.0382478908e+000 -3.1111156146e+000 -4.1265630200e-002
101 97 85
3 1 1173 -365.0500 110.3900 2 963 -428.1600 143.1500 3 898 -439.8800 171.7500
6.1198404768e+000 -3.0843076481e+000 6.6006521837e-005
110 103 85
2 1 1174 -333.2100 123.1000 2 308 -396.2100 151.9400
6.0923845938e+000 -3.1213527881e+000 1.3189116323e-002
129 126 111
4 1 1175 -345.2600 106.9700 2 966 -409.9200 136.4700 3 899 -421.0300 162.6400 4 1244 -415.9300 83.9700
6.2218825949e+000 -3.1202302262e+000 6.7996086226e-002
127 122 113
3 1 1178 -292.4300 108.5200 2 309 -357.1300 132.7800 3 243 -369.2600 154.6500
6.2696506836e+000 -3.1472996441e+000 4.6131735724e-002
105 102 88
3 1 1179 -270.8100 96.1200 2 985 -334.0000 120.0600 3 924 -346.6400 141.2800
6.5292378506e+000 -3.0939185802e+000 5.0963875180e-002
87 77 65
4 1 1186 -156.4200 119.0900 2 969 -218.0900 137.1200 4 1254 -227.2700 60.4000 7 604 -187.0400 -108.2900
9.1095220744e+000 -3.0714134841e+000 -5.8006268285e-001
178 161 105
2 1 1202 831.9000 114.9100 2 347 767.2000 96.0500
6.0180451937e+000 -3.1648004816e+000 -2.7183985833e-002
121 115 101
7 1 1212 -376.0700 87.6800 2 977 -439.9400 118.9700 3 917 -451.0900 149.4000 4 373 -444.6700 75.8400 5 380 -389.9500 63.5700 6 352 -332.1500 112.2100 9 255 -481.6800 6.1700
6.2707293779e+000 -3.2300401189e+000 6.5050888148e-002
76 67 60
4 1 1219 -271.1400 60.1100 2 1658 -336.2000 82.8500 3 939 -350.0000 103.7800 4 441 -348.0200 20.9400
6.4033081170e+000 -3.1866216767e+000 1.1493791095e-001
110 101 90
2 1 1221 -214.7900 79.7500 2 986 -279.8800 97.3000
6.5061816236e+000 -3.1873110741e+000 1.3240239552e-001
75 67 57
2 1 1223 -169.3600 79.6100 2 987 -234.3200 93.8800
8.1689803664e+000 -3.1921692933e+000 -2.5554070938e-001
96 81 65
3 1 1230 518.4600 72.7900 2 1669 453.0200 62.1100 3 1691 437.1500 56.0100
9.1206893060e+000 -3.1606537833e+000 -7.8815156616e-001
121 103 70
2 1 1233 796.8800 79.3100 2 1027 732.4600 67.9300
6.1487241968e+000 -3.2392037955e+000 9.6204046151e-003
86 84 73
2 1 1244 -320.3800 55.5700 2 1005 -387.2400 83.3400
6.2327462589e+000 -3.2793199507e+000 5.5282600739e-002
114 110 99
6 1 1249 -287.8200 37.9800 2 1012 -353.9700 62.4200 3 962 -367.3200 85.2900 4 1305 -365.8600 3.9000 5 1272 -308.4600 -21.2800 6 431 -256.1500 28.5600
6.2351784967e+000 -3.2450768700e+000 5.6583175083e-002
140 138 126
6 1 1250 -287.2000 52.9400 2 1006 -352.0900 77.5500 3 1624 -365.5400 99.9600 4 1304 -362.5200 17.9000 5 2039 -304.5500 -7.4900 6 1313 -253.0600 41.0500
6.2352172166e+000 -3.2451306077e+000 5.6136709920e-002
140 138 126
7 1 1251 -287.2000 52.9400 2 1007 -352.0900 77.5500 3 1625 -365.5400 99.9600 4 1303 -362.5200 17.9000 5 2038 -304.5500 -7.4900 6 1312 -253.0600 41.0500 7 601 -327.2600 -125.2700
6.2623833201e+000 -3.3028105141e+000 8.7708165310e-002
97 90 80
2 1 1252 -276.6800 27.8900 2 1037 -342.9200 49.8600
6.5278510851e+000 -3.2833427786e+000 1.0233301165e-001
128 143 134
3 1 1255 -158.5900 36.3400 2 1040 -224.8600 51.4800 3 963 -240.7100 66.8600
6.6036988801e+000 -3.2409643588e+000 9.4830487673e-002
100 96 89
2 1 1257 -124.5300 55.2200 2 1018 -190.0400 68.4600
8.2145982201e+000 -3.2449515488e+000 -1.5773172537e-001
180 178 166
3 1 1269 550.9900 51.8100 2 1695 481.6000 36.3800 3 1039 462.6500 26.7100
7.2982035252e+000 -3.4565058320e+000 -6.6932086837e-001
42 27 24
2 1 1310 147.0800 -28.1300 2 1745 84.3400 -5.4600
7.5011339542e+000 -3.4691932349e+000 -7.1176805273e-001
54 35 29
2 1 1314 220.2600 -32.3900 2 1097 155.2400 -12.1100
8.0055400172e+000 -3.4631760425e+000 -1.0175324421e+000
82 69 61
2 1 1320 376.2900 -26.1700 2 1101 313.6100 -7.6000
7.8854516260e+000 -3.5191106038e+000 -6.0785612694e-001
54 41 34
3 1 1340 370.1600 -52.3100 2 1122 299.8199 -43.5100 3 1059 279.6700 -29.6300
7.5085906873e+000 -3.6163181441e+000 -7.3026937718e-001
55 35 32
2 1 1365 221.7400 -85.4700 2 1118 153.5100 -64.0600
7.5085906873e+000 -3.6163181441e+000 -7.3026937718e-001
55 35 32
2 1 1366 221.7400 -85.4700 2 1119 153.5100 -64.0600
7.5386064694e+000 -3.6392376956e+000 -7.3580124878e-001
56 35 32
2 1 1367 232.4399 -93.6600 2 1143 163.2800 -72.4500
7.6487183891e+000 -3.6975566203e+000 -7.8612897329e-001
46 28 26
2 1 1393 269.0900 -113.2000 2 1146 198.3400 -92.2600
7.9397132791e+000 -3.7445348442e+000 -5.4846308096e-001
35 26 19
2 1 1418 394.7700 -138.7200 2 1172 317.9399 -129.8400
7.3353749362e+000 -3.9085033144e+000 -8.7099122938e-001
71 45 30
2 1 1442 152.7200 -184.6200 2 1193 81.0601 -154.2500
7.3786712658e+000 -3.8510410676e+000 -7.8454549386e-001
62 39 25
2 1 1444 172.0601 -168.1600 2 1839 99.6600 -141.0300
7.5840171899e+000 -3.8760889467e+000 -8.4443007713e-001
78 64 61
4 1 1447 241.5200 -174.3100 2 522 168.1100 -149.2400 3 1148 146.1600 -122.9900 4 1498 132.6801 -177.9400
6.7840353060e+000 -3.7976789537e+000 2.2713623274e-001
70 56 44
2 1 1468 -45.1800 -199.6300 2 537 -124.7300 -191.4300
9.1783697146e+000 -1.9800080345e+000 -6.8298559061e-001
157 144 92
2 1 1658 840.7600 514.9500 2 1384 818.5400 504.3500
5.9919325518e+000 -2.2426525201e+000 -2.1658824801e-001
78 61 69
2 1 1675 -371.4300 468.1900 2 1364 -421.3300 516.2900
7.3916240286e+000 -2.1291374890e+000 -1.0515696417e+000
81 78 72
3 1 1686 167.5500 430.0200 2 1388 135.0000 467.8000 3 1963 147.9100 500.6500
7.4052236707e+000 -2.3092129916e+000 -9.1817647564e-001
66 57 48
3 1 1706 177.6500 377.1900 2 1404 140.3101 409.9400 3 1974 150.0300 437.0100
7.4053531054e+000 -2.4120692430e+000 -8.1820639972e-001
101 92 82
3 1 1707 181.5800 347.4400 2 1420 142.0500 376.3600 4 2276 170.5699 325.9700
7.5446511520e+000 -2.4032674169e+000 -8.7087905345e-001
77 60 48
4 1 1709 228.3500 347.3400 2 1426 190.6899 374.2500 3 1985 197.4399 396.7500 4 2282 218.8600 322.8300
7.5442073404e+000 -2.4038505954e+000 -8.6337395799e-001
77 60 48
5 1 1710 228.3500 347.3400 2 1427 190.6899 374.2500 3 1986 197.4399 396.7500 4 2281 218.8600 322.8300 6 2294 375.0699 340.9900
7.6670225905e+000 -2.3663027525e+000 -9.2677196933e-001
75 56 42
3 1 1711 269.1300 355.3300 2 1408 230.8101 383.9400 4 2284 262.9600 329.8700
7.6965717876e+000 -2.3781808863e+000 -9.2324690153e-001
100 84 69
2 1 1712 279.1500 352.5400 2 1431 242.0699 377.4900
7.6965717876e+000 -2.3781808863e+000 -9.2324690153e-001
100 84 69
2 1 1713 279.1500 352.5400 2 1432 242.0699 377.4900
7.0962843178e+000 -2.4017091110e+000 -8.8968353716e-001
167 144 103
2 1 1721 69.5300 346.8600 2 1402 29.3700 384.0000
7.0962843178e+000 -2.4017091110e+000 -8.8968353716e-001
167 144 103
2 1 1722 69.5300 346.8600 2 1403 29.3700 384.0000
7.5127180306e+000 -2.4923505835e+000 -8.4339623480e-001
77 59 47
3 1 1729 218.9100 317.1500 2 1446 177.9500 342.9400 3 1425 182.9301 366.0200
8.8624512327e+000 -2.3847672160e+000 -1.2199941274e+000
150 133 83
3 1 1741 645.8800 331.2300 2 1450 609.8400 340.2100 5 1822 778.6500 236.7600
6.3604184497e+000 -2.6351154165e+000 -3.2428057614e-001
55 42 39
3 1 1742 -211.9400 296.3300 2 2025 -264.9600 333.1900 3 1993 -267.7100 363.3700
7.5110061560e+000 -2.5802127270e+000 -7.6959765645e-001
77 59 47
2 1 1744 222.0400 289.7300 2 1462 178.7300 312.8500
6.5387892495e+000 -2.6981006967e+000 -2.6449335225e-001
113 103 93
5 1 1756 -142.8000 274.3500 2 2040 -194.6100 303.5500 3 2011 -198.2800 329.2500 5 2769 -99.9300 240.0200 6 2322 -50.4500 272.5000
6.5675616243e+000 -2.7438759805e+000 -2.2005276926e-001
62 41 38
6 1 1757 -131.1300 257.2800 2 1457 -186.1300 284.8400 3 2028 -190.2100 309.2600 4 2311 -177.7000 225.1100 5 2411 -91.7100 210.7000 6 2666 -45.2600 245.4400
7.5992397662e+000 -2.6684878233e+000 -7.7308024199e-001
72 58 46
3 1 1772 253.5300 257.6100 2 1514 208.6300 277.7300 3 2037 208.9500 297.3500
7.7920724507e+000 -2.6068666571e+000 -8.8096343771e-001
98 79 62
2 1 1780 315.7200 273.9900 2 1485 271.7500 294.2300
8.9820753639e+000 -2.6008714651e+000 -1.0931004274e+000
141 119 70
2 1 1784 701.6300 265.5200 2 889 658.8199 266.8600
6.1655166575e+000 -2.8154099544e+000 -2.2349950160e-001
141 143 129
2 1 1791 -298.2800 229.0200 2 1490 -354.2800 265.2000
6.2590178470e+000 -2.7743872059e+000 -1.8790795953e-001
80 70 61
3 1 1794 -260.9500 247.5300 2 2053 -316.3900 281.0100 3 2021 -323.2700 309.4300
6.4140339436e+000 -2.8551844945e+000 2.8363757132e-003
64 48 33
3 1 1799 -205.0200 223.2300 2 1535 -262.3800 244.3600 3 2051 -270.4600 265.1400
6.4764835947e+000 -2.7827030195e+000 -1.2817716255e-001
68 56 48
2 1 1800 -173.3200 247.1000 2 2056 -227.4300 272.8600
7.2968943683e+000 -2.7816386729e+000 -6.3498514045e-001
70 61 56
15 1 1806 148.9600 223.2800 2 1544 100.4200 244.5800 3 1520 97.9700 261.6500 4 1817 108.7800 185.1400 5 2431 207.6600 174.9800 7 957 174.3800 43.4000 8 2184 130.6400 130.2600 9 1758 90.1400 53.4700 10 1589 85.5601 77.2800 12 1577 65.1700 10.0400 13 2112 38.0200 -74.3200 14 1220 29.6400 78.5700 15 1566 83.3800 -112.3500 16 1169 100.6899 -123.3300 18 634 115.1000 -205.9400
7.4987913253e+000 -2.7150222013e+000 -6.9891223230e-001
74 60 47
3 1 1808 221.0900 244.5700 2 1509 174.8900 263.2000 3 1474 173.3700 283.8200
7.4925936210e+000 -2.7552296636e+000 -7.3910296578e-001
90 76 62
2 1 1809 217.4500 227.3100 2 2082 168.2600 249.2400
6.0034959446e+000 -2.9066161056e+000 -1.7901660318e-001
95 91 82
4 1 1818 -370.3900 192.8600 2 2070 -427.5000 232.0000 3 2044 -434.9900 265.2200 4 2323 -422.7600 194.4600
6.1448494489e+000 -2.8463881754e+000 -1.6888573889e-001
86 88 77
2 1 1823 -309.9500 218.6800 2 1489 -368.2200 253.6800
5.8761334670e+000 -2.9807685547e+000 -2.5890521741e-001
154 152 139
2 1 1842 -413.8800 159.8900 2 2086 -475.3000 203.1300
6.3997466194e+000 -2.9445749275e+000 4.5506717340e-002
90 81 72
6 1 1845 -213.3100 184.9000 2 1563 -273.6700 206.4100 3 2070 -283.0200 225.3600 4 2363 -274.9900 132.6900 5 2820 -200.8200 106.4800 6 2390 -151.2000 143.0000
6.1244216098e+000 -3.0450478488e+000 7.1093470442e-003
144 140 123
2 1 1869 -331.5600 140.3800 2 1585 -394.4900 169.1000
6.2225629903e+000 -3.0451222909e+000 4.6216581912e-002
94 86 75
3 1 1871 -291.7700 141.6000 2 1588 -353.6700 165.8400 3 1554 -364.0900 188.7600
6.2348184348e+000 -3.0654098540e+000 6.2731526611e-002
136 137 123
6 1 1872 -288.2800 132.1100 2 1589 -350.4100 157.1000 3 1583 -361.6900 178.7100 4 1878 -355.2200 92.1400 5 1969 -289.7300 68.2100 6 1942 -236.5000 111.2200
6.3457962037e+000 -3.0274306512e+000 8.1950668433e-002
63 54 45
4 1 1873 -238.3400 149.9000 2 1590 -300.5300 170.9500 3 1555 -312.6000 189.3000 4 1880 -305.7600 98.3800
6.4240106616e+000 -3.0254411609e+000 5.7352666522e-002
54 39 32
5 1 1876 -202.9900 150.4000 2 1592 -264.4700 169.5000 3 2110 -275.8500 187.1200 4 1882 -268.9600 95.7000 5 1972 -198.0700 66.1400
6.4440812278e+000 -3.0316948390e+000 4.9405671522e-002
72 61 55
5 1 1877 -193.7200 146.5100 2 949 -255.4100 166.6400 3 900 -265.9700 184.3200 4 1222 -260.5200 92.6400 6 1256 -141.0700 101.8000
6.5324320758e+000 -3.0679347381e+000 5.4009331758e-002
56 46 37
2 1 1878 -155.1000 131.2400 2 1621 -216.5400 147.8400
6.5501083838e+000 -3.0747412247e+000 4.2128844556e-002
91 77 64
6 1 1879 -146.1400 127.8600 2 1622 -208.5100 145.2900 3 1589 -220.2200 159.2800 4 1912 -216.7800 67.9300 5 1995 -143.6700 33.8300 6 1969 -99.5800 73.4500
7.2582507600e+000 -2.9572063559e+000 -8.9604927592e-001
40 28 28
2 1 1884 125.9500 149.8800 2 1598 74.3400 179.9700
5.9962975922e+000 -3.1111829940e+000 -4.8511795217e-002
93 89 78
2 1 1898 -382.5700 110.4700 2 2146 -446.6000 143.9400
5.9978610939e+000 -3.1101207304e+000 -5.1391802418e-002
93 89 78
9 1 1899 -382.5700 110.4700 2 2145 -446.6000 143.9400 3 2098 -455.2900 175.2600 4 2692 -447.2500 101.7100 5 2813 -392.7900 92.5900 6 2698 -334.2100 140.1400 7 1680 -404.6900 -22.8500 8 2522 -462.0900 87.5700 9 2056 -482.3100 31.2100
6.0170087238e+000 -3.1313347151e+000 -2.7791992489e-002
132 128 117
4 1 1900 -375.2700 101.9300 2 1615 -439.7400 134.6400 3 2101 -450.4300 163.6300 4 2404 -443.3700 88.9500
6.0776818093e+000 -3.1420269985e+000 3.1112404101e-003
83 78 67
6 1 1902 -351.6800 97.4800 2 1616 -415.3900 128.1300 3 1601 -426.5300 155.4500 4 1245 -420.7000 76.9700 5 1208 -365.1900 62.0400 6 1253 -309.1000 109.4000
6.4588581368e+000 -3.1167648100e+000 6.7907724860e-002
71 61 52
4 1 1906 -187.6600 110.0500 2 1620 -251.2600 127.9600 3 1609 -263.5500 144.8500 4 1930 -259.9700 54.0300
7.6206475411e+000 -3.0641981083e+000 -5.8537201309e-001
93 78 71
8 1 1908 272.2800 118.8400 2 2158 217.1200 128.0100 3 2129 207.5000 144.0700 4 2412 209.2300 62.9300 5 2506 301.3700 32.8200 6 2436 326.4100 63.7500 7 1403 254.7800 -90.6900 10 2073 134.5800 -51.5700
7.7859270876e+000 -3.1109645788e+000 -5.9433599036e-001
68 54 45
8 1 1909 334.2100 100.2600 2 2190 276.0400 110.0600 3 2158 266.2800 121.6100 5 2523 358.5699 1.7800 6 1995 378.9301 31.7200 7 1028 305.8600 -123.2300 8 1881 244.0400 -39.1000 10 1719 178.3700 -81.2600
7.8528508516e+000 -3.1003771475e+000 -6.6618913508e-001
66 50 37
5 1 1912 353.4500 105.3100 2 1643 295.9000 109.9800 3 2131 285.8400 125.4500 4 2435 285.4900 43.4900 5 2525 380.5699 9.1000
7.8528508516e+000 -3.1003771475e+000 -6.6618913508e-001
66 50 37
5 1 1913 353.4500 105.3100 2 1642 295.9000 109.9800 3 2132 285.8400 125.4500 4 2434 285.4900 43.4900 5 2524 380.5699 9.1000
6.1334425253e+000 -3.1907383089e+000 2.0963764048e-002
104 98 84
6 1 1924 -329.1700 76.6500 2 1633 -393.7800 104.5900 3 1603 -406.2900 130.5500 4 1925 -400.8000 50.9800 5 1228 -344.4000 32.6400 6 1284 -288.2000 80.5200
6.1165849608e+000 -3.2027160026e+000 2.9250539432e-002
89 84 73
2 1 1925 -336.4800 71.7700 2 1632 -402.2700 99.5800
6.1020520336e+000 -3.2281348314e+000 1.1360586233e-002
142 139 122
6 1 1927 -342.2700 60.0800 2 1004 -407.4700 89.5200 3 936 -419.7200 115.9500 4 1278 -415.1200 39.4200 5 2011 -360.0700 21.7600 6 1285 -304.6800 71.0600
6.2141965831e+000 -3.1755907715e+000 3.4402009784e-002
135 132 114
3 1 1928 -294.4100 83.5500 2 1635 -358.3100 109.2100 3 921 -370.9600 132.1400
6.3061043037e+000 -3.2302753732e+000 6.0599291698e-002
136 133 122
6 1 1930 -256.5200 59.4800 2 1659 -321.4300 81.8500 3 1626 -334.8800 102.7700 4 1955 -330.8600 18.8900 5 2543 -270.5000 -9.4800 6 1986 -220.3100 37.5200
6.4325775716e+000 -3.1697669182e+000 7.5393326451e-002
103 94 85
11 1 1932 -201.2000 86.5900 2 1639 -264.8000 105.4600 3 1628 -278.2500 122.1200 4 1932 -275.5300 32.8200 5 2513 -209.1000 -0.4000 6 1989 -161.9100 43.9400 7 1409 -237.5100 -128.6000 8 1838 -299.8400 -32.9600 9 1401 -333.8500 -90.7500 10 1692 -345.3000 -56.7000 12 1696 -357.5700 -116.4600
7.4607256061e+000 -3.1706642656e+000 -6.6103260220e-001
36 27 22
2 1 1936 208.1801 77.0800 2 1641 150.6500 95.8300
7.7537033690e+000 -3.1964589002e+000 -5.8854821549e-001
45 27 23
2 1 1938 322.8300 67.8800 2 1665 261.3101 78.7200
6.2027211951e+000 -3.2917920386e+000 2.7324798468e-002
115 111 100
3 1 1957 -298.7000 32.9000 2 1683 -365.0100 58.0400 3 1653 -378.5600 83.2400
6.5258302663e+000 -3.2384951259e+000 8.2365239361e-002
112 108 96
3 1 1958 -158.7700 56.2100 2 1661 -224.0200 72.0100 3 1656 -238.9600 87.7800
7.5916843097e+000 -3.2501621744e+000 -6.5548658662e-001
51 33 29
5 1 1962 257.4100 47.6700 2 1663 197.1000 61.6700 3 1660 183.4500 82.8200 4 1966 182.2100 5.2200 5 2047 265.4301 -22.4100
6.1777376017e+000 -3.3051377553e+000 9.3276976467e-003
124 119 109
3 1 1983 -308.4000 26.7600 2 1681 -374.7200 54.1600 3 1650 -388.2900 79.4100
6.1940334474e+000 -3.3204815616e+000 3.2008181207e-002
55 52 44
3 1 1984 -303.4400 19.8000 2 1682 -369.0000 46.7700 3 1651 -383.6600 70.3300
6.3003822281e+000 -3.3612707067e+000 8.6905770350e-002
65 54 48
6 1 1986 -259.6700 1.1200 2 1701 -326.3400 24.5400 3 1675 -342.5800 44.7500 4 2486 -343.9900 -38.6300 5 2571 -287.6700 -68.6500 7 1049 -312.2100 -180.5400
6.3528487662e+000 -3.3566400123e+000 1.1419429962e-001
56 48 46
5 1 1987 -237.6300 3.6600 2 1702 -304.0900 23.8400 3 986 -320.9900 41.3100 4 1361 -322.4000 -43.3300 6 1367 -218.5900 -26.0500
6.3878339568e+000 -3.3142882723e+000 1.0303523886e-001
108 98 86
12 1 1988 -222.4100 22.0400 2 1686 -289.3100 40.2300 3 1655 -304.4000 59.7000 4 1983 -304.8300 -26.2700 5 2060 -243.9200 -60.6200 6 2025 -197.6300 -11.8000 7 1052 -272.4000 -179.1800 8 1896 -338.7600 -77.3000 9 1419 -370.8900 -127.8000 10 1182 -383.8600 -90.3400 12 1228 -394.9100 -143.6100 14 819 -439.7600 -44.5600
6.6194847996e+000 -3.3141947714e+000 8.3512782912e-002
81 66 59
2 1 1992 -117.5000 22.7500 2 1041 -183.8800 36.0500
6.6096600406e+000 -3.3515441784e+000 1.0088147880e-001
61 50 41
3 1 1993 -122.0900 6.2300 2 1071 -189.9900 18.8300 3 990 -206.7400 33.8800
6.6909309729e+000 -3.3222560176e+000 8.2218070969e-002
76 58 54
3 1 1994 -85.6800 19.3500 2 1042 -152.2700 30.3400 3 1679 -169.6400 44.3000
8.2031894061e+000 -3.3501159448e+000 -1.5243801763e-001
185 194 186
2 1 2000 546.2800 8.2000 2 1757 474.0699 -6.5800
6.3675944273e+000 -3.4443246643e+000 1.1796941777e-001
76 66 54
2 1 2011 -230.9400 -35.5400 2 1734 -300.6300 -16.6700
6.6646653133e+000 -3.3814091009e+000 8.2338030175e-002
45 31 27
4 1 2013 -96.7500 -6.5900 2 1072 -164.9600 5.0700 3 1701 -183.3200 19.4500 4 2037 -188.4100 -70.0800
7.0254986818e+000 -3.4343145994e+000 -5.1911411410e-001
80 58 47
2 1 2015 50.0400 -21.8900 2 1709 -14.4200 2.3800
7.5642956891e+000 -3.4329675773e+000 -8.2995447204e-001
73 58 51
2 1 2019 235.9399 -17.7900 2 1712 173.7500 4.1200
8.6514791611e+000 -3.4862792004e+000 -1.0655920121e+000
74 55 48
2 1 2025 591.8300 -33.6900 2 1758 522.9301 -25.0700
6.7149346940e+000 -3.5002345806e+000 8.1301494969e-002
47 28 22
3 1 2042 -75.0700 -59.6600 2 1770 -146.1900 -47.1000 3 1738 -165.4800 -33.1400
6.8519652603e+000 -3.4753430636e+000 1.0399321185e-002
44 22 16
2 1 2043 -14.1300 -47.1200 2 1743 -85.0300 -35.7500
6.8519652603e+000 -3.4753430636e+000 1.0399321185e-002
44 22 16
2 1 2044 -14.1300 -47.1200 2 1744 -85.0300 -35.7500
7.5837691752e+000 -3.5560966416e+000 -7.2076929099e-001
74 57 53
2 1 2053 249.4399 -63.7900 2 1774 182.6300 -44.5900
7.9277520211e+000 -3.5137280175e+000 -6.4398649627e-001
87 78 73
2 1 2054 382.1500 -49.9500 2 1780 312.2400 -39.6900
7.5686366333e+000 -3.5875881066e+000 -7.5582744112e-001
74 59 52
2 1 2066 242.1600 -74.4900 2 1777 174.3800 -53.6600
7.5863559775e+000 -3.6306453348e+000 -7.5186565141e-001
74 55 48
2 1 2069 248.4500 -90.0500 2 1799 180.0900 -69.5500
7.6233904461e+000 -3.6314582332e+000 -7.4949289810e-001
55 37 30
2 1 2072 262.0699 -90.4300 2 1144 193.2700 -70.6500
7.7299440919e+000 -3.7217709459e+000 -8.0423642618e-001
74 59 54
2 1 2092 295.8101 -121.0200 2 1817 226.3700 -101.5200
7.9734647845e+000 -3.7947311814e+000 -4.1313787592e-001
115 105 93
2 1 2117 421.1801 -163.6400 2 1853 340.5900 -159.0900
8.2118301772e+000 -3.7304867860e+000 -3.7351517071e-001
115 98 82
2 1 2120 518.3800 -140.0400 2 1855 438.2200 -142.9300
7.5885777753e+000 -3.8486214975e+000 -8.3819146962e-001
44 30 27
6 1 2137 243.5000 -165.3700 2 1845 171.5300 -139.9800 3 1812 148.1899 -114.8000 4 2101 134.1600 -170.0500 5 2168 194.6700 -186.0800 6 2134 213.9700 -133.5500
7.8925055305e+000 -3.8780766242e+000 -5.9522148452e-001
66 53 49
2 1 2138 373.1899 -186.9100 2 1878 292.4500 -173.8100
7.9309217296e+000 -3.9642714677e+000 -5.7625860318e-001
63 48 45
2 1 2153 388.5200 -219.9600 2 1899 306.1300 -207.3900
8.0260093660e+000 -3.9232915932e+000 -5.1629375298e-001
108 93 78
3 1 2155 430.1801 -207.6500 2 1901 348.2900 -199.7500 4 1562 292.2800 -262.7200
6.0563122921e+000 -3.8611655327e+000 4.6794302139e-001
64 60 63
2 1 2163 -405.7400 -248.7000 2 1906 -486.1900 -229.6800
7.9725374435e+000 -3.9934615776e+000 -5.7324108575e-001
70 51 45
2 1 2170 403.5000 -230.8500 2 1902 321.6000 -219.2500
7.9861509392e+000 -4.0189458705e+000 -5.8670520551e-001
104 84 73
2 1 2171 407.8000 -239.7100 2 1249 324.1700 -227.2900
6.9981008960e+000 -4.0433922435e+000 -2.7989146604e-001
159 131 91
2 1 2189 42.7500 -269.8500 2 2360 -36.5000 -246.6200
9.2310420657e+000 -4.2311340594e+000 -4.6556657863e-001
162 142 91
3 1 2215 894.5200 -326.7300 2 2384 785.8700 -340.0600 4 1629 691.0200 -435.8200
5.8125042816e+000 -2.4269921279e+000 -1.7240601870e-001
37 21 32
3 1 2274 -449.7100 395.2600 2 1996 -505.5400 444.6700 3 1960 -507.7100 483.2200
7.3139067155e+000 -2.3818247615e+000 -9.0033733060e-001
72 64 62
3 1 2284 145.8600 353.0900 2 2006 107.1300 385.7400 3 2356 114.4800 414.3900
7.3741794125e+000 -2.4051850208e+000 -8.3123283217e-001
65 58 50
9 1 2286 169.6500 348.7200 2 2015 130.7500 378.9300 3 1981 137.3300 405.5800 4 2275 158.8500 329.9100 5 2744 272.7900 330.1000 6 2628 312.3101 356.4300 7 1601 252.2300 193.5800 8 2452 224.8500 272.3900 9 2022 187.6700 184.9500
9.0159166235e+000 -2.3652847881e+000 -9.8320458517e-001
168 151 97
4 1 2287 731.3700 352.1200 2 2019 694.3400 350.0400 3 2003 707.5100 353.8700 4 2318 728.5000 251.7400
7.0485933383e+000 -2.4483912350e+000 -1.0226150495e+000
167 145 108
4 1 2290 50.1600 321.0000 2 2013 8.8300 363.7500 3 1978 14.7100 400.3000 4 2270 37.1200 339.9600
7.0485933383e+000 -2.4483912350e+000 -1.0226150495e+000
167 145 108
4 1 2291 50.1600 321.0000 2 2014 8.8300 363.7500 3 1979 14.7100 400.3000 4 2271 37.1200 339.9600
7.4435022822e+000 -2.4455812493e+000 -8.3001773431e-001
77 65 53
4 1 2294 195.0900 334.7700 2 2016 154.9100 361.1600 3 1984 160.4200 388.0500 4 2290 180.9500 311.2700
7.5382472735e+000 -2.4706317914e+000 -8.6044404766e-001
97 83 70
2 1 2295 227.0300 323.8400 2 2017 186.8300 349.8000
8.8504841001e+000 -2.4094029261e+000 -1.2599677462e+000
152 136 85
5 1 2296 635.0200 319.5400 2 2030 599.0601 331.2900 3 2016 610.9301 342.9200 4 2650 632.9600 259.1000 5 2773 767.2400 232.2500
9.0632099840e+000 -2.4586990196e+000 -7.8007159046e-001
147 134 82
2 1 2300 781.1500 332.2600 2 2031 739.5300 322.7100
6.3586664904e+000 -2.6029171406e+000 -3.4019896328e-001
78 65 60
3 1 2304 -213.0900 308.4800 2 2024 -264.8300 345.9900 3 1992 -264.9800 376.5000
6.9137815683e+000 -2.4963067152e+000 -1.0108502849e+000
67 39 35
2 1 2308 4.1500 306.3700 2 2012 -38.4400 349.5000
8.8437796950e+000 -2.4339859249e+000 -1.3400390684e+000
152 135 84
2 1 2310 623.2100 308.3400 2 2028 586.6300 320.5600
6.2985888483e+000 -2.7580478355e+000 -2.1845965021e-001
83 73 63
3 1 2314 -243.0100 252.5900 2 2036 -297.8500 286.2900 3 2024 -303.5100 314.5600
6.4777486429e+000 -2.7510162324e+000 -1.9169455696e-001
140 145 125
3 1 2317 -169.9500 256.8000 2 2448 -224.0300 285.0300 3 2380 -228.8900 309.0900
6.4777486429e+000 -2.7510162324e+000 -1.9169455696e-001
140 145 125
3 1 2318 -169.9500 256.8000 2 2449 -224.0300 285.0300 3 2381 -228.8900 309.0900
7.2319597750e+000 -2.5717987707e+000 -1.4992349856e+000
166 138 112
3 1 2322 99.4600 257.2200 2 2453 58.9700 304.6900 3 2372 65.7600 345.2400
6.1560745768e+000 -2.7698876787e+000 -2.4582532595e-001
109 105 96
3 1 2331 -300.4900 246.4400 2 2035 -355.9800 284.5700 3 2007 -361.5000 316.1400
6.1306634181e+000 -2.8134611187e+000 -2.5149304890e-001
130 132 121
2 1 2332 -310.6700 228.5100 2 2052 -366.8600 266.4100
6.1899160044e+000 -2.7718471068e+000 -2.6311791434e-001
80 70 68
3 1 2333 -285.8200 245.0000 2 2463 -340.7300 281.8800 3 2379 -345.6500 314.0400
7.4322315821e+000 -2.6963522685e+000 -6.7291044949e-001
75 59 46
4 1 2343 198.2500 251.9300 2 2062 150.6300 273.6500 5 2786 268.6200 196.4000 6 2668 301.9800 225.0800
6.0429442517e+000 -2.9853423589e+000 -1.2466623815e-001
148 144 132
3 1 2357 -357.6400 162.1300 2 2090 -416.3400 197.5100 3 2066 -425.3300 228.0300
6.0429442517e+000 -2.9853423589e+000 -1.2466623815e-001
148 144 132
3 1 2358 -357.6400 162.1300 2 2089 -416.3400 197.5100 3 2065 -425.3300 228.0300
6.1869285626e+000 -2.9507528817e+000 5.1102761115e-004
90 87 73
2 1 2359 -304.1500 181.3200 2 2093 -364.5100 209.0300
6.1693287140e+000 -2.9788819865e+000 1.1701195916e-002
91 85 73
4 1 2360 -312.5900 168.4900 2 2094 -373.4100 197.6500 3 2069 -382.8700 222.6400 4 2360 -375.1400 137.5600
6.2558009127e+000 -2.9921555167e+000 6.5290793436e-002
153 146 130
6 1 2361 -276.8800 165.6600 2 2469 -338.5900 189.0100 3 2412 -348.9000 210.3000 4 2699 -342.4300 120.7900 5 2819 -276.4500 97.8600 6 2705 -223.2400 138.6700
6.4196206152e+000 -2.9782629554e+000 5.2743331934e-002
106 97 84
6 1 2362 -204.8900 170.6900 2 2096 -264.9900 190.6200 3 1556 -275.0400 208.9600 4 1881 -268.6800 116.7600 5 2479 -195.7700 87.7400 6 2391 -146.9500 125.9900
6.5098043630e+000 -2.9873976079e+000 3.9373224694e-002
80 66 56
6 1 2364 -164.4200 165.3700 2 2124 -224.8800 184.9700 3 2081 -235.0800 201.0500 4 2382 -228.6800 107.4900 5 2482 -153.3900 75.7600 6 1949 -107.2400 113.7600
6.5768709648e+000 -2.9395214464e+000 -3.7222171430e-002
86 74 61
2 1 2365 -132.6400 184.1400 2 2471 -191.3600 203.5300
7.3464226991e+000 -2.8946150967e+000 -6.0232628820e-001
83 68 63
14 1 2370 169.2700 181.2800 2 2101 117.3000 201.1300 3 2085 112.3600 219.3500 4 2364 120.3101 142.0900 5 2822 214.9800 117.2800 6 2383 246.0699 156.1800 7 1367 178.6700 -5.4000 8 2228 129.2100 82.3500 9 1773 86.5400 10.3600 10 2017 79.6400 34.0200 12 1617 58.5900 -26.9100 13 2133 30.0000 -110.2300 14 1647 20.2200 45.7900 15 1249 70.7000 -137.8900
7.4130477180e+000 -2.9333672095e+000 -5.9899638887e-001
83 68 61
5 1 2371 193.3900 166.8200 2 2132 141.4200 184.9000 4 2386 142.6100 121.8300 5 2823 236.3199 100.4100 7 1369 197.4399 -25.0000
9.1171488485e+000 -2.9480368184e+000 -7.4809508126e-001
152 136 84
6 1 2377 802.9000 156.2400 2 2167 745.0699 142.6700 3 2437 741.5400 136.3200 4 2441 738.3400 28.2000 6 2767 861.4301 -18.8900 8 2352 697.1600 -131.7100
5.9856784774e+000 -3.0193669945e+000 -1.5824482260e-001
71 65 53
3 1 2379 -378.3900 146.9200 2 2113 -439.2200 184.2600 3 2407 -446.8900 217.2200
