# Bundle file v0.3
60 6066
0 0 0
0 0 0
0 0 0
0 0 0
0 0 0
1.6665366364e+003 4.8948855629e-002 -1.0849922833e-001
9.9993175999e-001 2.1201482951e-004 1.1680343422e-002
9.0961963473e-006 9.9982087057e-001 -1.8926877324e-002
-1.1682263907e-002 1.8925692000e-002 9.9975264085e-001
-6.8937000299e+000 3.3611992344e+000 -3.6717716200e+000
1.6981147402e+003 9.7597355412e-003 -8.9450026217e-004
9.9782968933e-001 5.9136979257e-002 2.8960814529e-002
-5.5620066875e-002 9.9237111652e-001 -1.1002715688e-001
-3.5246549544e-002 1.0817756133e-001 9.9350656564e-001
-6.8361999671e+000 3.7429831109e+000 -3.2930879636e+000
1.7042948715e+003 1.8279116890e-002 -1.9233344578e-002
9.9397660893e-001 1.0834993522e-001 1.6455772223e-002
-1.0326525568e-001 9.7625347879e-001 -1.9043485004e-001
-3.6698608545e-002 1.8758847694e-001 9.8156190607e-001
-6.6867966227e+000 4.0456574279e+000 -3.0638113300e+000
1.6735307487e+003 5.0502053552e-002 -1.1090354437e-001
9.8599395993e-001 1.6655388670e-001 -8.7013681970e-003
-1.6253176272e-001 9.4786220915e-001 -2.7411796472e-001
-3.7407714358e-002 2.7169290623e-001 9.6165670985e-001
-6.4526518961e+000 4.1443263467e+000 -2.7764928717e+000
1.6974365475e+003 3.5205264243e-002 -9.0095502022e-002
9.7170845991e-001 2.3453070357e-001 -2.7892974512e-002
-2.2733661076e-001 8.9674450272e-001 -3.7969377430e-001
-6.4036976471e-002 3.7529274695e-001 9.2469163494e-001
-5.9567178547e+000 4.3331630548e+000 -2.0295807730e+000
1.7070883229e+003 1.9264908951e-002 -3.8571544836e-002
9.6302973950e-001 2.6306996905e-001 -5.8033716203e-002
-2.6167858250e-001 8.6229104199e-001 -4.3356484909e-001
-6.4015937813e-002 4.3272202427e-001 8.9925169414e-001
-5.7284519107e+000 4.5466871453e+000 -2.0554758932e+000
1.7007788200e+003 3.4711905847e-002 -6.1350220335e-002
9.5176640130e-001 2.9823539929e-001 -7.2085809804e-002
-2.9612980835e-001 8.3139572172e-001 -4.7020026639e-001
-8.0298530323e-002 4.6886757247e-001 8.7961090575e-001
-5.7188106161e+000 4.2888437998e+000 -1.8767881285e+000
1.6993334684e+003 5.2344439750e-002 -1.1931254803e-001
9.2154786924e-001 3.7219802661e-001 -1.1053575751e-001
-3.5826169738e-001 7.0541107264e-001 -6.1159118273e-001
-1.4965988403e-001 6.0321127940e-001 7.8341436770e-001
-5.4334243828e+000 4.5142079158e+000 -1.0262799297e+000
1.6760516650e+003 8.0249252670e-002 -1.7816176164e-001
9.0248756396e-001 4.0248002783e-001 -1.5338195493e-001
-4.0283572623e-001 6.6269662316e-001 -6.3131336381e-001
-1.5244531665e-001 6.3154019100e-001 7.6020879538e-001
-5.3291306112e+000 4.5253558564e+000 -1.0859552310e+000
1.6977317060e+003 4.4864846577e-002 -7.8342683037e-002
8.7852112714e-001 4.3853383144e-001 -1.8944315202e-001
-4.3883366193e-001 5.8417307725e-001 -6.8276411225e-001
-1.8874757303e-001 6.8295672959e-001 7.0565179740e-001
-5.0896783204e+000 4.5948072528e+000 -7.4391786138e-001
0 0 0
0 0 0
0 0 0
0 0 0
0 0 0
1.6936192103e+003 4.4015423601e-002 -1.0130862647e-001
8.6023968657e-001 4.5636473969e-001 -2.2741791048e-001
-4.6223560184e-001 5.0970747945e-001 -7.2562837168e-001
-2.1523459302e-001 7.2933497774e-001 6.4941863248e-001
-4.9770960150e+000 4.3585791138e+000 -5.7882482336e-001
1.6867963885e+003 4.2096422327e-002 -8.5258900232e-002
8.4875097732e-001 4.7226731806e-001 -2.3787677228e-001
-4.7596293023e-001 4.8629440600e-001 -7.3278717220e-001
-2.3039328885e-001 7.3517435414e-001 6.3752458891e-001
-4.9292467459e+000 4.1626393603e+000 -4.3406331929e-001
1.6786401942e+003 6.3743422366e-002 -1.3319314110e-001
8.1836661523e-001 4.9128029878e-001 -2.9819415004e-001
-4.8873433448e-001 3.2196005144e-001 -8.1085169765e-001
-3.0234886040e-001 8.0931167872e-001 5.0358690740e-001
-4.7139077903e+000 4.1645421034e+000 2.3448816444e-001
1.6781111503e+003 5.7217838533e-002 -1.2081422228e-001
7.9671954528e-001 4.8902933628e-001 -3.5508910772e-001
-5.0624339329e-001 2.1912522036e-001 -8.3408738424e-001
-3.3008422094e-001 8.4429523631e-001 4.2214921655e-001
-4.4561854077e+000 3.4761042803e+000 5.0708547157e-001
1.6807384987e+003 5.0147853360e-002 -1.0811424817e-001
7.6817109992e-001 4.9437874723e-001 -4.0682037256e-001
-5.0550079319e-001 7.8375073469e-002 -8.5925915529e-001
-3.9291488815e-001 8.6570607145e-001 3.1011431525e-001
-4.2227704645e+000 3.0426041821e+000 1.0459316498e+000
1.6859905006e+003 3.5120355863e-002 -7.9101545114e-002
7.5030963255e-001 4.8764283115e-001 -4.4636299637e-001
-5.1485875945e-001 7.5102609873e-003 -8.5724212087e-001
-4.1467567221e-001 8.7301091929e-001 2.5670220426e-001
-4.0198353717e+000 2.8506768400e+000 1.2694684430e+000
1.6835941913e+003 6.0489765195e-002 -1.4448636982e-001
7.2188784254e-001 5.0202648278e-001 -4.7628494977e-001
-5.2068679695e-001 -5.9295344523e-002 -8.5168616380e-001
-4.5581048943e-001 8.6281717224e-001 2.1859397297e-001
-3.8820295079e+000 2.5762865578e+000 1.5799427087e+000
1.6904995569e+003 3.9839269005e-002 -1.1663261099e-001
6.7516664203e-001 4.9545776696e-001 -5.4650856046e-001
-5.1319455006e-001 -2.1669813005e-001 -8.3046569720e-001
-5.2988806297e-001 8.4116795089e-001 1.0795887699e-001
-3.6193965538e+000 1.9524902126e+000 2.0855656645e+000
1.6918256852e+003 4.6816772138e-002 -1.2694634624e-001
6.5778152671e-001 4.7705915661e-001 -5.8287050381e-001
-4.9245551153e-001 -3.1315082645e-001 -8.1204933905e-001
-5.6992195279e-001 8.2118884612e-001 2.8945582290e-002
-3.5150477717e+000 1.6108912894e+000 2.2934809068e+000
1.6907242816e+003 4.6244028843e-002 -1.2525648254e-001
6.3889928708e-001 4.2309522219e-001 -6.4249368396e-001
-4.6607768683e-001 -4.5156012416e-001 -7.6083181066e-001
-6.1202883168e-001 7.8554687144e-001 -9.1306198936e-002
-3.5164676690e+000 1.0376112817e+000 2.1624763567e+000
0 0 0
0 0 0
0 0 0
0 0 0
0 0 0
1.6819248482e+003 5.1626119535e-002 -1.3757625680e-001
6.2324213886e-001 4.1693810408e-001 -6.6161306948e-001
-4.5300031073e-001 -4.9714835359e-001 -7.4002313005e-001
-6.3746368902e-001 7.6092452444e-001 -1.2097071251e-001
-3.5446488474e+000 7.1236873690e-001 2.1683772650e+000
1.7127777911e+003 2.6696324136e-002 -1.1551490471e-001
6.0930413861e-001 3.6874063878e-001 -7.0198205674e-001
-4.1538145957e-001 -6.0567044208e-001 -6.7869106274e-001
-6.7543075864e-001 7.0511960468e-001 -2.1586948225e-001
-3.6271426952e+000 2.4738850621e-001 1.9771708335e+000
1.6939814782e+003 2.7732286583e-002 -1.0223701309e-001
5.9846273733e-001 3.2858695508e-001 -7.3066611046e-001
-4.0031206014e-001 -6.6735897158e-001 -6.2799861270e-001
-6.9396873599e-001 6.6832822475e-001 -2.6785215599e-001
-3.6175990143e+000 -1.9062254135e-001 1.9270472289e+000
1.6790238107e+003 3.4860821326e-002 -1.2646316449e-001
5.6138224839e-001 3.0317453439e-001 -7.7002283920e-001
-3.5335332145e-001 -7.5357862514e-001 -5.5431100111e-001
-7.4832573216e-001 5.8327048393e-001 -3.1591793422e-001
-3.5881331839e+000 -4.3290741956e-001 2.1435371168e+000
1.6872566261e+003 3.1652554040e-002 -1.1695484551e-001
5.5438301543e-001 2.5735901134e-001 -7.9147066369e-001
-3.1254912040e-001 -8.1700109267e-001 -4.8458462822e-001
-7.7134461788e-001 5.1601894719e-001 -3.7249419674e-001
-3.6620711988e+000 -7.8424417479e-001 1.9438414259e+000
1.7258795685e+003 -9.7994972959e-003 -1.7777056080e-002
5.3180919160e-001 2.0555107569e-001 -8.2153985845e-001
-2.6117959139e-001 -8.8299867224e-001 -3.8999816135e-001
-8.0558314579e-001 4.2197405145e-001 -4.1590106411e-001
-3.7659618198e+000 -1.4546981787e+000 1.6818223950e+000
1.6746897418e+003 3.1026785811e-002 -1.1114267935e-001
5.3268117754e-001 1.6086734343e-001 -8.3088655117e-001
-2.2725377197e-001 -9.1852379373e-001 -3.2352706762e-001
-8.1523400703e-001 3.6115888218e-001 -4.5272262546e-001
-3.8086202535e+000 -1.5008410965e+000 1.6451083844e+000
1.7343494475e+003 6.1169496742e-003 -5.6914707253e-002
4.9996225318e-001 1.3559850495e-001 -8.5536588127e-001
-1.7335126083e-001 -9.5200983502e-001 -2.5224316519e-001
-8.4852052760e-001 2.7439081521e-001 -4.5246281037e-001
-3.8232078906e+000 -1.9073500024e+000 1.6400078981e+000
1.6925306219e+003 -2.4710101747e-003 -5.6612313290e-002
4.7853172883e-001 7.3831515150e-002 -8.7496073733e-001
-9.6453561250e-002 -9.8600870189e-001 -1.3595422143e-001
-8.7275660698e-001 1.4945148769e-001 -4.6471513619e-001
-4.0132095819e+000 -2.5996323141e+000 1.4842826935e+000
1.7038925357e+003 -1.7574379574e-002 -3.6560117565e-002
4.8785688399e-001 2.3211749838e-002 -8.7261496401e-001
-4.9908680210e-002 -9.9726950716e-001 -5.4430264769e-002
-8.7149571679e-001 7.0105240550e-002 -4.8536632646e-001
-4.1587247972e+000 -2.7705908476e+000 1.0824339885e+000
0 0 0
0 0 0
0 0 0
0 0 0
0 0 0
1.6744235694e+003 9.4222175878e-003 -7.0898665201e-002
4.8628577169e-001 -2.3619844681e-002 -8.7348053853e-001
-6.6123502719e-003 -9.9970544034e-001 2.3351860143e-002
-8.7377481371e-001 -5.5799180536e-003 -4.8629871421e-001
-4.3843263983e+000 -2.9565697482e+000 7.5019137804e-001
1.7085612546e+003 -2.9433408767e-002 9.6605808628e-004
4.7370511107e-001 -8.7290798679e-002 -8.7634684013e-001
3.8672810147e-002 -9.9205413619e-001 1.1972052720e-001
-8.7983400793e-001 -9.0603020604e-002 -4.6656533428e-001
-4.5135919077e+000 -3.2651907910e+000 6.1603402677e-001
1.7031521852e+003 -3.4181099273e-003 -5.6490392948e-002
4.8595440173e-001 -1.4208694351e-001 -8.6235701419e-001
8.2141354627e-002 -9.7490375273e-001 2.0691899567e-001
-8.7011557698e-001 -1.7138837007e-001 -4.6208755589e-001
-4.6846909290e+000 -3.4922002030e+000 2.7842360179e-001
0 0 0
0 0 0
0 0 0
0 0 0
0 0 0
0 0 0
0 0 0
0 0 0
0 0 0
0 0 0
0 0 0
0 0 0
0 0 0
0 0 0
0 0 0
0 0 0
0 0 0
0 0 0
0 0 0
0 0 0
0 0 0
0 0 0
0 0 0
0 0 0
0 0 0
0 0 0
0 0 0
0 0 0
0 0 0
0 0 0
0 0 0
0 0 0
0 0 0
0 0 0
0 0 0
0 0 0
0 0 0
0 0 0
0 0 0
0 0 0
0 0 0
0 0 0
0 0 0
0 0 0
0 0 0
0 0 0
0 0 0
0 0 0
0 0 0
0 0 0
0 0 0
0 0 0
0 0 0
0 0 0
0 0 0
0 0 0
0 0 0
0 0 0
0 0 0
0 0 0
0 0 0
0 0 0
0 0 0
0 0 0
0 0 0
0 0 0
0 0 0
0 0 0
0 0 0
0 0 0
0 0 0
0 0 0
0 0 0
0 0 0
0 0 0
0 0 0
0 0 0
0 0 0
0 0 0
0 0 0
0 0 0
0 0 0
0 0 0
0 0 0
0 0 0
0 0 0
0 0 0
0 0 0
0 0 0
0 0 0
0 0 0
0 0 0
0 0 0
0 0 0
0 0 0
0 0 0
0 0 0
0 0 0
0 0 0
0 0 0
0 0 0
0 0 0
0 0 0
0 0 0
0 0 0
0 0 0
0 0 0
0 0 0
0 0 0
0 0 0
0 0 0
0 0 0
0 0 0
0 0 0
0 0 0
7.4822577623e+000 -2.1126328748e+000 -1.0589865785e+000
113 107 95
3 1 79 198.2000 436.9400 2 65 166.3700 472.8400 3 27 180.2600 505.1500
7.4869080822e+000 -2.1591646541e+000 -9.6632323691e-001
109 95 79
2 1 80 204.2600 428.1400 2 66 170.8300 461.6800
7.5096603786e+000 -2.1332415022e+000 -1.0311590671e+000
111 103 80
2 1 81 208.8900 431.8900 2 67 176.7700 466.7900
7.5385934438e+000 -2.1456492598e+000 -1.0469605698e+000
107 96 75
2 1 82 218.3400 426.2000 2 68 185.6100 460.8200
8.8823503922e+000 -2.0209344973e+000 -1.3513240084e+000
188 174 126
2 1 85 639.9301 443.2500 2 763 614.9800 458.4300
7.3324188442e+000 -2.3021655553e+000 -9.8280053098e-001
104 94 92
2 1 122 149.0300 376.5100 2 93 112.1400 412.1800
7.3513833206e+000 -2.3779083970e+000 -8.9407500212e-001
138 137 133
2 1 123 159.0500 355.8600 2 116 120.0100 388.0600
7.9505368434e+000 -2.5158976672e+000 -9.9340329319e-001
73 54 37
2 1 172 363.4399 300.7800 2 175 323.1899 321.2300
6.3511730511e+000 -2.6859758024e+000 -2.6981246288e-001
76 68 59
2 1 189 -224.5800 279.6100 2 829 -277.3500 314.3000
6.5197450428e+000 -2.7557725562e+000 -1.6750619572e-001
110 97 88
2 1 192 -158.2800 256.2000 2 208 -212.6300 282.9700
6.0735437106e+000 -2.7997777459e+000 -2.7747134756e-001
71 60 60
3 1 219 -337.6900 232.5300 2 861 -395.0100 273.5900 3 789 -400.6100 308.3900
6.1304837120e+000 -2.8364071849e+000 -1.9762898495e-001
124 124 114
2 1 220 -321.0200 221.3200 2 863 -377.5200 257.8300
6.2144201609e+000 -2.8017498615e+000 -1.9890274766e-001
98 95 82
2 1 224 -285.4100 235.6300 2 865 -341.4700 270.4900
8.0296625071e+000 -2.7699246583e+000 -9.5184163204e-001
97 76 52
2 1 270 393.9600 213.6800 2 911 346.8400 229.9300
6.0448905584e+000 -2.9840086702e+000 -1.1462781717e-001
149 145 133
2 1 309 -363.6200 162.2300 2 922 -423.9400 197.4100
6.1756467887e+000 -2.9310821921e+000 -5.1208584644e-002
116 113 99
2 1 311 -312.1000 187.2100 2 252 -371.8600 217.4700
6.1756467887e+000 -2.9310821921e+000 -5.1208584644e-002
116 113 99
2 1 312 -312.1000 187.2100 2 253 -371.8600 217.4700
7.6881244744e+000 -2.9077431208e+000 -6.4054859256e-001
91 73 59
2 1 326 294.7800 174.5400 2 932 242.1600 188.3400
6.2965904848e+000 -3.0323065320e+000 2.5282300640e-002
92 86 74
2 1 362 -263.7100 145.3000 2 283 -326.1100 169.5400
6.2650389390e+000 -3.0738970404e+000 7.0471790248e-002
91 89 77
4 1 363 -281.0100 127.7700 2 310 -343.8900 151.4100 3 227 -355.2200 173.0900 4 378 -349.9200 85.4000
6.4276885480e+000 -3.1551458843e+000 3.0896826495e-002
78 70 59
2 1 396 -206.5400 91.1000 2 336 -269.3600 111.2400
6.0139270160e+000 -3.1720202218e+000 -4.9265085863e-002
94 91 74
3 1 418 -382.2500 82.3300 2 328 -446.4900 116.8300 3 240 -457.9800 146.1500
8.9904212667e+000 -3.1460250563e+000 -8.5334670811e-001
131 114 71
2 1 445 745.5100 82.7900 2 380 681.6400 76.2700
6.5521247768e+000 -3.2625544497e+000 1.0386342823e-001
105 103 90
2 1 473 -153.9700 43.8400 2 401 -219.3900 58.1900
7.8764664436e+000 -3.3340395543e+000 -6.0576351423e-001
85 70 65
2 1 526 367.4200 14.7400 2 1075 302.6700 23.6700
8.1910652778e+000 -3.3316256195e+000 -1.6732367623e-001
157 166 165
2 1 532 541.2000 14.0900 2 434 469.9700 -0.3100
6.4104303322e+000 -3.3908269906e+000 1.5038956268e-001
63 54 46
2 1 545 -220.9900 -14.3200 2 1070 -288.0100 2.0200
7.4489933876e+000 -3.4129769025e+000 -5.9947864085e-001
76 61 56
2 1 550 207.3400 -15.2200 2 1073 140.7500 3.1900
7.9622346925e+000 -3.6024484290e+000 -4.4177952174e-001
98 86 76
3 1 592 415.0400 -90.8600 2 1149 340.7800 -87.0400 3 416 317.0200 -80.1300
6.6412527580e+000 -3.5940076654e+000 2.6214076064e-001
86 73 51
2 1 608 -116.9300 -111.2800 2 1164 -193.0800 -102.9300
6.6763616101e+000 -3.6404536593e+000 2.7296951335e-001
85 70 46
2 1 631 -100.7800 -133.5000 2 1166 -178.0600 -125.9800
7.4419603858e+000 -3.8295697572e+000 -8.9734071934e-001
62 43 29
2 1 645 188.9900 -158.9300 2 501 118.0699 -130.2400
7.9501331613e+000 -3.7695748517e+000 -5.1447999030e-001
79 70 62
7 1 648 401.5000 -153.3900 2 1196 324.9301 -144.6900 3 479 297.4000 -134.0200 4 2133 280.2000 -210.8500 5 1524 344.7900 -253.6000 6 2168 355.2500 -205.4200 8 1431 190.0800 -236.4500
7.6262079311e+000 -2.4216432185e+000 -8.8941844986e-001
78 60 45
4 1 981 256.2500 340.1800 2 1430 217.9000 366.4800 3 1404 225.7400 388.2000 4 1723 246.1899 312.7500
6.4936474699e+000 -2.6607376321e+000 -2.7917736392e-001
117 109 98
6 1 999 -166.4600 288.6200 2 817 -217.6600 321.4300 4 1086 -204.5800 268.5700 5 1086 -120.0100 264.9300 6 1756 -69.7000 297.5700 8 1045 -182.0100 214.1600
6.2755103612e+000 -2.7527274691e+000 -2.1589591152e-001
83 72 60
2 1 1022 -258.7200 255.1400 2 827 -313.6900 289.4700
6.3473569852e+000 -2.7175337679e+000 -2.1070893310e-001
67 57 48
2 1 1023 -228.7700 270.0100 2 1456 -283.2200 302.8100
6.3343065758e+000 -2.7302764596e+000 -2.0879298424e-001
161 155 141
2 1 1024 -234.1300 264.7800 2 828 -289.2600 297.7900
6.1212408791e+000 -2.7543085710e+000 -2.8180123076e-001
86 81 78
3 1 1056 -318.5600 250.9400 2 1453 -373.7300 291.5500 3 1435 -378.5800 325.2100
6.2459527852e+000 -2.8219177405e+000 -1.2127637834e-001
70 66 55
2 1 1058 -277.8900 231.1200 2 868 -333.1200 262.3400
6.2351318834e+000 -2.8461318855e+000 -8.5036135695e-002
88 83 77
3 1 1059 -284.0500 222.4700 2 867 -341.9200 252.7700 3 1510 -348.4800 279.0600
7.1275858762e+000 -2.6021332679e+000 -1.6580008286e+000
169 145 112
3 1 1067 65.4900 241.2200 2 836 22.7000 294.5600 3 778 27.7800 339.7500
8.1760681062e+000 -2.6564957358e+000 -1.0351401223e+000
183 187 174
6 1 1073 437.1100 249.3800 2 1521 393.1899 265.4900 3 1522 396.7200 282.2100 4 1808 410.6801 203.2300 5 1898 527.0000 182.9800 6 1872 554.1500 207.4900
7.2793899979e+000 -2.7928480438e+000 -6.3063806590e-001
135 155 150
3 1 1092 142.0800 218.4800 2 1542 92.2700 240.6600 3 1519 89.7900 262.3700
7.2784440169e+000 -2.7932770873e+000 -6.2277438321e-001
135 155 150
4 1 1093 142.0800 218.4800 2 1541 92.2700 240.6600 3 1518 89.7900 262.3700 4 1816 100.0000 184.0200
7.3247999695e+000 -2.7951503571e+000 -6.2016228837e-001
87 80 70
5 1 1094 159.0300 217.4800 2 1545 109.4301 239.3900 4 1819 118.2000 180.9500 5 1893 215.7600 164.2500 6 1867 249.0400 193.4100
7.8635888335e+000 -2.7749844299e+000 -8.3060176809e-001
92 73 56
2 1 1102 345.2800 216.5400 2 1554 297.0400 232.8400
5.9372192072e+000 -2.9847054299e+000 -1.9789957908e-001
150 150 132
2 1 1118 -401.7000 159.3200 2 920 -462.1200 199.6700
6.0123131258e+000 -2.9824701836e+000 -1.4167761683e-001
150 148 135
2 1 1120 -375.1500 162.0200 2 921 -435.4400 198.8500
7.7288107581e+000 -2.8793936755e+000 -6.8925476383e-001
93 76 60
3 1 1134 306.2000 184.1000 2 931 255.0400 196.9200 3 885 251.3101 212.6800
5.6695242775e+000 -3.0376978179e+000 -4.5518987486e-001
114 111 114
2 1 1150 -484.8100 130.9900 2 940 -545.0300 184.1500
5.9220168853e+000 -3.0387754420e+000 -2.0096950787e-001
140 136 124
3 1 1155 -407.8600 136.4900 2 943 -468.8100 177.3800 3 874 -477.6500 213.0900
6.1150179685e+000 -3.0388343858e+000 -1.6493477165e-002
110 102 87
3 1 1158 -341.0500 141.2200 2 1584 -403.5100 171.9800 3 879 -413.1300 198.2500
5.7578973593e+000 -3.1015779426e+000 -3.3201914619e-001
150 148 133
6 1 1166 -462.3700 106.9200 2 942 -524.2900 156.5600 3 1548 -532.2200 199.2300 4 1835 -522.1400 144.9100 5 1879 -474.6400 162.0100 6 1851 -411.7300 214.4000
5.9862209004e+000 -3.1342917597e+000 -6.4801132430e-002
108 105 98
2 1 1169 -392.9800 98.8600 2 305 -456.7400 133.4200
6.0551503131e+000 -3.1081291125e+000 -3.9286169532e-002
101 97 85
3 1 1173 -365.0500 110.3900 2 963 -428.1600 143.1500 3 898 -439.8800 171.7500
6.1361824895e+000 -3.0815860056e+000 1.3375248143e-003
110 103 85
2 1 1174 -333.2100 123.1000 2 308 -396.2100 151.9400
6.1090245133e+000 -3.1182856813e+000 1.4462937746e-002
129 126 111
4 1 1175 -345.2600 106.9700 2 966 -409.9200 136.4700 3 899 -421.0300 162.6400 4 1244 -415.9300 83.9700
6.2375730064e+000 -3.1172060033e+000 6.8236200566e-002
127 122 113
3 1 1178 -292.4300 108.5200 2 309 -357.1300 132.7800 3 243 -369.2600 154.6500
6.2848077687e+000 -3.1440412218e+000 4.6374363464e-002
105 102 88
3 1 1179 -270.8100 96.1200 2 985 -334.0000 120.0600 3 924 -346.6400 141.2800
6.5420605618e+000 -3.0912137277e+000 5.0097721091e-002
87 77 65
4 1 1186 -156.4200 119.0900 2 969 -218.0900 137.1200 4 1254 -227.2700 60.4000 7 604 -187.0400 -108.2900
9.0965432589e+000 -3.0695240770e+000 -5.8576249238e-001
178 161 105
2 1 1202 831.9000 114.9100 2 347 767.2000 96.0500
6.0351795213e+000 -3.1613190498e+000 -2.5237830234e-002
121 115 101
7 1 1212 -376.0700 87.6800 2 977 -439.9400 118.9700 3 917 -451.0900 149.4000 4 373 -444.6700 75.8400 5 380 -389.9500 63.5700 6 352 -332.1500 112.2100 9 255 -481.6800 6.1700
6.2859348616e+000 -3.2260257096e+000 6.5118753641e-002
76 67 60
4 1 1219 -271.1400 60.1100 2 1658 -336.2000 82.8500 3 939 -350.0000 103.7800 4 441 -348.0200 20.9400
6.4175224793e+000 -3.1830360031e+000 1.1400942660e-001
110 101 90
2 1 1221 -214.7900 79.7500 2 986 -279.8800 97.3000
6.5195281553e+000 -3.1837445457e+000 1.3089534278e-001
75 67 57
2 1 1223 -169.3600 79.6100 2 987 -234.3200 93.8800
8.1655856298e+000 -3.1889719785e+000 -2.6027536192e-001
96 81 65
3 1 1230 518.4600 72.7900 2 1669 453.0200 62.1100 3 1691 437.1500 56.0100
9.1067713913e+000 -3.1579748143e+000 -7.9205052737e-001
121 103 70
2 1 1233 796.8800 79.3100 2 1027 732.4600 67.9300
6.1648059264e+000 -3.2350768274e+000 1.0691571456e-002
86 84 73
2 1 1244 -320.3800 55.5700 2 1005 -387.2400 83.3400
6.2482431954e+000 -3.2748465323e+000 5.5596835231e-002
114 110 99
6 1 1249 -287.8200 37.9800 2 1012 -353.9700 62.4200 3 962 -367.3200 85.2900 4 1305 -365.8600 3.9000 5 1272 -308.4600 -21.2800 6 431 -256.1500 28.5600
6.2506680748e+000 -3.2409165825e+000 5.6874929968e-002
140 138 126
6 1 1250 -287.2000 52.9400 2 1006 -352.0900 77.5500 3 1624 -365.5400 99.9600 4 1304 -362.5200 17.9000 5 2039 -304.5500 -7.4900 6 1313 -253.0600 41.0500
6.2507044905e+000 -3.2409696267e+000 5.6434262612e-002
140 138 126
7 1 1251 -287.2000 52.9400 2 1007 -352.0900 77.5500 3 1625 -365.5400 99.9600 4 1303 -362.5200 17.9000 5 2038 -304.5500 -7.4900 6 1312 -253.0600 41.0500 7 601 -327.2600 -125.2700
6.2777400844e+000 -3.2981286467e+000 8.7600939906e-002
97 90 80
2 1 1252 -276.6800 27.8900 2 1037 -342.9200 49.8600
6.5408511224e+000 -3.2789042461e+000 1.0101340925e-001
128 143 134
3 1 1255 -158.5900 36.3400 2 1040 -224.8600 51.4800 3 963 -240.7100 66.8600
6.6159844801e+000 -3.2369326442e+000 9.3269316493e-002
100 96 89
2 1 1257 -124.5300 55.2200 2 1018 -190.0400 68.4600
8.2111672301e+000 -3.2412817429e+000 -1.6353284916e-001
180 178 166
3 1 1269 550.9900 51.8100 2 1695 481.6000 36.3800 3 1039 462.6500 26.7100
7.3009728943e+000 -3.4507175773e+000 -6.6677718117e-001
42 27 24
2 1 1310 147.0800 -28.1300 2 1745 84.3400 -5.4600
7.5018892180e+000 -3.4633430787e+000 -7.0967674858e-001
54 35 29
2 1 1314 220.2600 -32.3900 2 1097 155.2400 -12.1100
8.0005217284e+000 -3.4575241051e+000 -1.0147813698e+000
82 69 61
2 1 1320 376.2900 -26.1700 2 1101 313.6100 -7.6000
7.8831406440e+000 -3.5128987968e+000 -6.0827679130e-001
54 41 34
3 1 1340 370.1600 -52.3100 2 1122 299.8199 -43.5100 3 1059 279.6700 -29.6300
7.5091666850e+000 -3.6091373194e+000 -7.2802405099e-001
55 35 32
2 1 1365 221.7400 -85.4700 2 1118 153.5100 -64.0600
7.5091666850e+000 -3.6091373194e+000 -7.2802405099e-001
55 35 32
2 1 1366 221.7400 -85.4700 2 1119 153.5100 -64.0600
7.5388828711e+000 -3.6318572730e+000 -7.3362756940e-001
56 35 32
2 1 1367 232.4399 -93.6600 2 1143 163.2800 -72.4500
7.6477819837e+000 -3.6896802482e+000 -7.8395032851e-001
46 28 26
2 1 1393 269.0900 -113.2000 2 1146 198.3400 -92.2600
7.9370921578e+000 -3.7362889754e+000 -5.4960618595e-001
35 26 19
2 1 1418 394.7700 -138.7200 2 1172 317.9399 -129.8400
7.3368756791e+000 -3.8986422470e+000 -8.6672493381e-001
71 45 30
2 1 1442 152.7200 -184.6200 2 1193 81.0601 -154.2500
7.3801453069e+000 -3.8417037717e+000 -7.8124484945e-001
62 39 25
2 1 1444 172.0601 -168.1600 2 1839 99.6600 -141.0300
7.5833984029e+000 -3.8665965771e+000 -8.4150599833e-001
78 64 61
4 1 1447 241.5200 -174.3100 2 522 168.1100 -149.2400 3 1148 146.1600 -122.9900 4 1498 132.6801 -177.9400
6.7950749798e+000 -3.7885875734e+000 2.2365875523e-001
70 56 44
2 1 1468 -45.1800 -199.6300 2 537 -124.7300 -191.4300
9.1649807513e+000 -1.9877167168e+000 -6.8852505800e-001
157 144 92
2 1 1658 840.7600 514.9500 2 1384 818.5400 504.3500
6.0087077240e+000 -2.2475203224e+000 -2.1283918902e-001
78 61 69
2 1 1675 -371.4300 468.1900 2 1364 -421.3300 516.2900
7.3923426302e+000 -2.1353294440e+000 -1.0461195769e+000
81 78 72
3 1 1686 167.5500 430.0200 2 1388 135.0000 467.8000 3 1963 147.9100 500.6500
7.4063096654e+000 -2.3138115778e+000 -9.1392960732e-001
66 57 48
3 1 1706 177.6500 377.1900 2 1404 140.3101 409.9400 3 1974 150.0300 437.0100
7.4068114978e+000 -2.4157543671e+000 -8.1481623663e-001
101 92 82
3 1 1707 181.5800 347.4400 2 1420 142.0500 376.3600 4 2276 170.5699 325.9700
7.5446415892e+000 -2.4070593016e+000 -8.6759225595e-001
77 60 48
4 1 1709 228.3500 347.3400 2 1426 190.6899 374.2500 3 1985 197.4399 396.7500 4 2282 218.8600 322.8300
7.5442297178e+000 -2.4076388952e+000 -8.6014107799e-001
77 60 48
5 1 1710 228.3500 347.3400 2 1427 190.6899 374.2500 3 1986 197.4399 396.7500 4 2281 218.8600 322.8300 6 2294 375.0699 340.9900
7.6656940850e+000 -2.3704510636e+000 -9.2348761308e-001
75 56 42
3 1 1711 269.1300 355.3300 2 1408 230.8101 383.9400 4 2284 262.9600 329.8700
7.6949956056e+000 -2.3822238626e+000 -9.2014723248e-001
100 84 69
2 1 1712 279.1500 352.5400 2 1431 242.0699 377.4900
7.6949956056e+000 -2.3822238626e+000 -9.2014723248e-001
100 84 69
2 1 1713 279.1500 352.5400 2 1432 242.0699 377.4900
7.1002518878e+000 -2.4054037236e+000 -8.8444314968e-001
167 144 103
2 1 1721 69.5300 346.8600 2 1402 29.3700 384.0000
7.1002518878e+000 -2.4054037236e+000 -8.8444314968e-001
167 144 103
2 1 1722 69.5300 346.8600 2 1403 29.3700 384.0000
7.5130874604e+000 -2.4953333985e+000 -8.4023865719e-001
77 59 47
3 1 1729 218.9100 317.1500 2 1446 177.9500 342.9400 3 1425 182.9301 366.0200
8.8493224307e+000 -2.3889569532e+000 -1.2190502848e+000
150 133 83
3 1 1741 645.8800 331.2300 2 1450 609.8400 340.2100 5 1822 778.6500 236.7600
6.3733306304e+000 -2.6365435174e+000 -3.2104632258e-001
55 42 39
3 1 1742 -211.9400 296.3300 2 2025 -264.9600 333.1900 3 1993 -267.7100 363.3700
7.5116654742e+000 -2.5824069996e+000 -7.6708490016e-001
77 59 47
2 1 1744 222.0400 289.7300 2 1462 178.7300 312.8500
6.5503174374e+000 -2.6990067716e+000 -2.6251684618e-001
113 103 93
5 1 1756 -142.8000 274.3500 2 2040 -194.6100 303.5500 3 2011 -198.2800 329.2500 5 2769 -99.9300 240.0200 6 2322 -50.4500 272.5000
6.5790003720e+000 -2.7443740222e+000 -2.1860065298e-001
62 41 38
6 1 1757 -131.1300 257.2800 2 1457 -186.1300 284.8400 3 2028 -190.2100 309.2600 4 2311 -177.7000 225.1100 5 2411 -91.7100 210.7000 6 2666 -45.2600 245.4400
7.5990647454e+000 -2.6699060104e+000 -7.7089294893e-001
72 58 46
3 1 1772 253.5300 257.6100 2 1514 208.6300 277.7300 3 2037 208.9500 297.3500
7.7897438477e+000 -2.6088784435e+000 -8.7861711221e-001
98 79 62
2 1 1780 315.7200 273.9900 2 1485 271.7500 294.2300
8.9683666523e+000 -2.6031540684e+000 -1.0938451159e+000
141 119 70
2 1 1784 701.6300 265.5200 2 889 658.8199 266.8600
6.1805727325e+000 -2.8151487321e+000 -2.2039316161e-001
141 143 129
2 1 1791 -298.2800 229.0200 2 1490 -354.2800 265.2000
6.2733866736e+000 -2.7745258133e+000 -1.8549253685e-001
80 70 61
3 1 1794 -260.9500 247.5300 2 2053 -316.3900 281.0100 3 2021 -323.2700 309.4300
6.4277678071e+000 -2.8546313675e+000 2.8945903958e-003
64 48 33
3 1 1799 -205.0200 223.2300 2 1535 -262.3800 244.3600 3 2051 -270.4600 265.1400
6.4891197676e+000 -2.7828255966e+000 -1.2718611242e-001
68 56 48
2 1 1800 -173.3200 247.1000 2 2056 -227.4300 272.8600
7.2999765520e+000 -2.7819632163e+000 -6.3276244579e-001
70 61 56
15 1 1806 148.9600 223.2800 2 1544 100.4200 244.5800 3 1520 97.9700 261.6500 4 1817 108.7800 185.1400 5 2431 207.6600 174.9800 7 957 174.3800 43.4000 8 2184 130.6400 130.2600 9 1758 90.1400 53.4700 10 1589 85.5601 77.2800 12 1577 65.1700 10.0400 13 2112 38.0200 -74.3200 14 1220 29.6400 78.5700 15 1566 83.3800 -112.3500 16 1169 100.6899 -123.3300 18 634 115.1000 -205.9400
7.4998108332e+000 -2.7159994724e+000 -6.9697149689e-001
74 60 47
3 1 1808 221.0900 244.5700 2 1509 174.8900 263.2000 3 1474 173.3700 283.8200
7.4934977423e+000 -2.7558406182e+000 -7.3678660559e-001
90 76 62
2 1 1809 217.4500 227.3100 2 2082 168.2600 249.2400
6.0201886777e+000 -2.9054827926e+000 -1.7563550214e-001
95 91 82
4 1 1818 -370.3900 192.8600 2 2070 -427.5000 232.0000 3 2044 -434.9900 265.2200 4 2323 -422.7600 194.4600
6.1603150573e+000 -2.8458406159e+000 -1.6618282422e-001
86 88 77
2 1 1823 -309.9500 218.6800 2 1489 -368.2200 253.6800
5.8936161323e+000 -2.9789266631e+000 -2.5430546776e-001
154 152 139
2 1 1842 -413.8800 159.8900 2 2086 -475.3000 203.1300
6.4137694010e+000 -2.9432012647e+000 4.5227241592e-002
90 81 72
6 1 1845 -213.3100 184.9000 2 1563 -273.6700 206.4100 3 2070 -283.0200 225.3600 4 2363 -274.9900 132.6900 5 2820 -200.8200 106.4800 6 2390 -151.2000 143.0000
6.1407615769e+000 -3.0426852400e+000 8.3006725585e-003
144 140 123
2 1 1869 -331.5600 140.3800 2 1585 -394.4900 169.1000
6.2381747891e+000 -3.0427844018e+000 4.6651070090e-002
94 86 75
3 1 1871 -291.7700 141.6000 2 1588 -353.6700 165.8400 3 1554 -364.0900 188.7600
6.2503860134e+000 -3.0628894615e+000 6.2969493036e-002
136 137 123
6 1 1872 -288.2800 132.1100 2 1589 -350.4100 157.1000 3 1583 -361.6900 178.7100 4 1878 -355.2200 92.1400 5 1969 -289.7300 68.2100 6 1942 -236.5000 111.2200
6.3604397645e+000 -3.0252861275e+000 8.1557405760e-002
63 54 45
4 1 1873 -238.3400 149.9000 2 1590 -300.5300 170.9500 3 1555 -312.6000 189.3000 4 1880 -305.7600 98.3800
6.4378389082e+000 -3.0233353223e+000 5.6861240217e-002
54 39 32
5 1 1876 -202.9900 150.4000 2 1592 -264.4700 169.5000 3 2110 -275.8500 187.1200 4 1882 -268.9600 95.7000 5 1972 -198.0700 66.1400
6.4576915265e+000 -3.0295370845e+000 4.8905398959e-002
72 61 55
5 1 1877 -193.7200 146.5100 2 949 -255.4100 166.6400 3 900 -265.9700 184.3200 4 1222 -260.5200 92.6400 6 1256 -141.0700 101.8000
6.5452434701e+000 -3.0654685325e+000 5.3111670616e-002
56 46 37
2 1 1878 -155.1000 131.2400 2 1621 -216.5400 147.8400
6.5627084080e+000 -3.0722174224e+000 4.1257957133e-002
91 77 64
6 1 1879 -146.1400 127.8600 2 1622 -208.5100 145.2900 3 1589 -220.2200 159.2800 4 1912 -216.7800 67.9300 5 1995 -143.6700 33.8300 6 1969 -99.5800 73.4500
7.2605887443e+000 -2.9559360622e+000 -8.9138205755e-001
40 28 28
2 1 1884 125.9500 149.8800 2 1598 74.3400 179.9700
6.0135492845e+000 -3.1081850354e+000 -4.6296274430e-002
93 89 78
2 1 1898 -382.5700 110.4700 2 2146 -446.6000 143.9400
6.0150934080e+000 -3.1071321528e+000 -4.9139506829e-002
93 89 78
9 1 1899 -382.5700 110.4700 2 2145 -446.6000 143.9400 3 2098 -455.2900 175.2600 4 2692 -447.2500 101.7100 5 2813 -392.7900 92.5900 6 2698 -334.2100 140.1400 7 1680 -404.6900 -22.8500 8 2522 -462.0900 87.5700 9 2056 -482.3100 31.2100
6.0341578583e+000 -3.1281579299e+000 -2.5837130479e-002
132 128 117
4 1 1900 -375.2700 101.9300 2 1615 -439.7400 134.6400 3 2101 -450.4300 163.6300 4 2404 -443.3700 88.9500
6.0944089240e+000 -3.1387674610e+000 4.5384064841e-003
83 78 67
6 1 1902 -351.6800 97.4800 2 1616 -415.3900 128.1300 3 1601 -426.5300 155.4500 4 1245 -420.7000 76.9700 5 1208 -365.1900 62.0400 6 1253 -309.1000 109.4000
6.4723876772e+000 -3.1138333945e+000 6.7175259444e-002
71 61 52
4 1 1906 -187.6600 110.0500 2 1620 -251.2600 127.9600 3 1609 -263.5500 144.8500 4 1930 -259.9700 54.0300
7.6209357059e+000 -3.0620435316e+000 -5.8495858128e-001
93 78 71
8 1 1908 272.2800 118.8400 2 2158 217.1200 128.0100 3 2129 207.5000 144.0700 4 2412 209.2300 62.9300 5 2506 301.3700 32.8200 6 2436 326.4100 63.7500 7 1403 254.7800 -90.6900 10 2073 134.5800 -51.5700
7.7846736439e+000 -3.1084257067e+000 -5.9451670210e-001
68 54 45
8 1 1909 334.2100 100.2600 2 2190 276.0400 110.0600 3 2158 266.2800 121.6100 5 2523 358.5699 1.7800 6 1995 378.9301 31.7200 7 1028 305.8600 -123.2300 8 1881 244.0400 -39.1000 10 1719 178.3700 -81.2600
7.8507086445e+000 -3.0979511520e+000 -6.6600111329e-001
66 50 37
5 1 1912 353.4500 105.3100 2 1643 295.9000 109.9800 3 2131 285.8400 125.4500 4 2435 285.4900 43.4900 5 2525 380.5699 9.1000
7.8507086445e+000 -3.0979511520e+000 -6.6600111329e-001
66 50 37
5 1 1913 353.4500 105.3100 2 1642 295.9000 109.9800 3 2132 285.8400 125.4500 4 2434 285.4900 43.4900 5 2524 380.5699 9.1000
6.1497239471e+000 -3.1870489476e+000 2.1997551369e-002
104 98 84
6 1 1924 -329.1700 76.6500 2 1633 -393.7800 104.5900 3 1603 -406.2900 130.5500 4 1925 -400.8000 50.9800 5 1228 -344.4000 32.6400 6 1284 -288.2000 80.5200
6.1330494593e+000 -3.1989130150e+000 3.0271626919e-002
89 84 73
2 1 1925 -336.4800 71.7700 2 1632 -402.2700 99.5800
6.1185682392e+000 -3.2240966997e+000 1.2611009023e-002
142 139 122
6 1 1927 -342.2700 60.0800 2 1004 -407.4700 89.5200 3 936 -419.7200 115.9500 4 1278 -415.1200 39.4200 5 2011 -360.0700 21.7600 6 1285 -304.6800 71.0600
6.2298022562e+000 -3.1720601813e+000 3.4977302262e-002
135 132 114
3 1 1928 -294.4100 83.5500 2 1635 -358.3100 109.2100 3 921 -370.9600 132.1400
6.3209680565e+000 -3.2262683007e+000 6.0561972191e-002
136 133 122
6 1 1930 -256.5200 59.4800 2 1659 -321.4300 81.8500 3 1626 -334.8800 102.7700 4 1955 -330.8600 18.8900 5 2543 -270.5000 -9.4800 6 1986 -220.3100 37.5200
6.4463632645e+000 -3.1663461631e+000 7.4694753009e-002
103 94 85
11 1 1932 -201.2000 86.5900 2 1639 -264.8000 105.4600 3 1628 -278.2500 122.1200 4 1932 -275.5300 32.8200 5 2513 -209.1000 -0.4000 6 1989 -161.9100 43.9400 7 1409 -237.5100 -128.6000 8 1838 -299.8400 -32.9600 9 1401 -333.8500 -90.7500 10 1692 -345.3000 -56.7000 12 1696 -357.5700 -116.4600
7.4621269605e+000 -3.1675079935e+000 -6.5925719524e-001
36 27 22
2 1 1936 208.1801 77.0800 2 1641 150.6500 95.8300
7.7527367805e+000 -3.1931368471e+000 -5.8861457379e-001
45 27 23
2 1 1938 322.8300 67.8800 2 1665 261.3101 78.7200
6.2183721794e+000 -3.2871982947e+000 2.8013618794e-002
115 111 100
3 1 1957 -298.7000 32.9000 2 1683 -365.0100 58.0400 3 1653 -378.5600 83.2400
6.5387773631e+000 -3.2344670475e+000 8.1235211864e-002
112 108 96
3 1 1958 -158.7700 56.2100 2 1661 -224.0200 72.0100 3 1656 -238.9600 87.7800
7.5919086128e+000 -3.2463188974e+000 -6.5432953274e-001
51 33 29
5 1 1962 257.4100 47.6700 2 1663 197.1000 61.6700 3 1660 183.4500 82.8200 4 1966 182.2100 5.2200 5 2047 265.4301 -22.4100
6.1935371016e+000 -3.3004167557e+000 1.0282518194e-002
124 119 109
3 1 1983 -308.4000 26.7600 2 1681 -374.7200 54.1600 3 1650 -388.2900 79.4100
6.2097755202e+000 -3.3156237016e+000 3.2689925353e-002
55 52 44
3 1 1984 -303.4400 19.8000 2 1682 -369.0000 46.7700 3 1651 -383.6600 70.3300
6.3153724036e+000 -3.3560641861e+000 8.6658487553e-002
65 54 48
6 1 1986 -259.6700 1.1200 2 1701 -326.3400 24.5400 3 1675 -342.5800 44.7500 4 2486 -343.9900 -38.6300 5 2571 -287.6700 -68.6500 7 1049 -312.2100 -180.5400
6.3674765063e+000 -3.3514872674e+000 1.1348364427e-001
56 48 46
5 1 1987 -237.6300 3.6600 2 1702 -304.0900 23.8400 3 986 -320.9900 41.3100 4 1361 -322.4000 -43.3300 6 1367 -218.5900 -26.0500
6.4020981279e+000 -3.3095385939e+000 1.0226377047e-001
108 98 86
12 1 1988 -222.4100 22.0400 2 1686 -289.3100 40.2300 3 1655 -304.4000 59.7000 4 1983 -304.8300 -26.2700 5 2060 -243.9200 -60.6200 6 2025 -197.6300 -11.8000 7 1052 -272.4000 -179.1800 8 1896 -338.7600 -77.3000 9 1419 -370.8900 -127.8000 10 1182 -383.8600 -90.3400 12 1228 -394.9100 -143.6100 14 819 -439.7600 -44.5600
6.6315609140e+000 -3.3094975464e+000 8.1991635887e-002
81 66 59
2 1 1992 -117.5000 22.7500 2 1041 -183.8800 36.0500
6.6218886420e+000 -3.3465020071e+000 9.9244195008e-002
61 50 41
3 1 1993 -122.0900 6.2300 2 1071 -189.9900 18.8300 3 990 -206.7400 33.8800
6.7023461730e+000 -3.3175027218e+000 8.0419211529e-002
76 58 54
3 1 1994 -85.6800 19.3500 2 1042 -152.2700 30.3400 3 1679 -169.6400 44.3000
8.1998526426e+000 -3.3454871420e+000 -1.5821378345e-001
185 194 186
2 1 2000 546.2800 8.2000 2 1757 474.0699 -6.5800
6.3820822710e+000 -3.4383739680e+000 1.1716379588e-001
76 66 54
2 1 2011 -230.9400 -35.5400 2 1734 -300.6300 -16.6700
6.6763057650e+000 -3.3761088351e+000 8.0638725911e-002
45 31 27
4 1 2013 -96.7500 -6.5900 2 1072 -164.9600 5.0700 3 1701 -183.3200 19.4500 4 2037 -188.4100 -70.0800
7.0313633764e+000 -3.4286520091e+000 -5.1681133770e-001
80 58 47
2 1 2015 50.0400 -21.8900 2 1709 -14.4200 2.3800
7.5640116197e+000 -3.4274680308e+000 -8.2706728840e-001
73 58 51
2 1 2019 235.9399 -17.7900 2 1712 173.7500 4.1200
8.6405100892e+000 -3.4805853309e+000 -1.0650841305e+000
74 55 48
2 1 2025 591.8300 -33.6900 2 1758 522.9301 -25.0700
6.7260817383e+000 -3.4938587692e+000 7.9423305851e-002
47 28 22
3 1 2042 -75.0700 -59.6600 2 1770 -146.1900 -47.1000 3 1738 -165.4800 -33.1400
6.8615728084e+000 -3.4692328007e+000 8.6085825765e-003
44 22 16
2 1 2043 -14.1300 -47.1200 2 1743 -85.0300 -35.7500
6.8615728084e+000 -3.4692328007e+000 8.6085825765e-003
44 22 16
2 1 2044 -14.1300 -47.1200 2 1744 -85.0300 -35.7500
7.5837180360e+000 -3.5494798668e+000 -7.1892383876e-001
74 57 53
2 1 2053 249.4399 -63.7900 2 1774 182.6300 -44.5900
7.9249129027e+000 -3.5075769043e+000 -6.4424596791e-001
87 78 73
2 1 2054 382.1500 -49.9500 2 1780 312.2400 -39.6900
7.5685734905e+000 -3.5806848333e+000 -7.5360420246e-001
74 59 52
2 1 2066 242.1600 -74.4900 2 1777 174.3800 -53.6600
7.5861374697e+000 -3.6233559467e+000 -7.4974319674e-001
74 55 48
2 1 2069 248.4500 -90.0500 2 1799 180.0900 -69.5500
7.6228465406e+000 -3.6241708182e+000 -7.4754441127e-001
55 37 30
2 1 2072 262.0699 -90.4300 2 1144 193.2700 -70.6500
7.7281940105e+000 -3.7136968946e+000 -8.0221825790e-001
74 59 54
2 1 2092 295.8101 -121.0200 2 1817 226.3700 -101.5200
7.9710689210e+000 -3.7860276615e+000 -4.1563365806e-001
115 105 93
2 1 2117 421.1801 -163.6400 2 1853 340.5900 -159.0900
8.2074554683e+000 -3.7224238770e+000 -3.7733178751e-001
115 98 82
2 1 2120 518.3800 -140.0400 2 1855 438.2200 -142.9300
7.5879489772e+000 -3.8393828839e+000 -8.3536550365e-001
44 30 27
6 1 2137 243.5000 -165.3700 2 1845 171.5300 -139.9800 3 1812 148.1899 -114.8000 4 2101 134.1600 -170.0500 5 2168 194.6700 -186.0800 6 2134 213.9700 -133.5500
7.8900932863e+000 -3.8686143695e+000 -5.9574495884e-001
66 53 49
2 1 2138 373.1899 -186.9100 2 1878 292.4500 -173.8100
7.9282180400e+000 -3.9540370274e+000 -5.7709634734e-001
63 48 45
2 1 2153 388.5200 -219.9600 2 1899 306.1300 -207.3900
8.0227101059e+000 -3.9134548288e+000 -5.1810369065e-001
108 93 78
3 1 2155 430.1801 -207.6500 2 1901 348.2900 -199.7500 4 1562 292.2800 -262.7200
6.0749830649e+000 -3.8513079124e+000 4.6522709093e-001
64 60 63
2 1 2163 -405.7400 -248.7000 2 1906 -486.1900 -229.6800
7.9694622622e+000 -3.9829728132e+000 -5.7426562399e-001
70 51 45
2 1 2170 403.5000 -230.8500 2 1902 321.6000 -219.2500
7.9828949249e+000 -4.0082330664e+000 -5.8766767796e-001
104 84 73
2 1 2171 407.8000 -239.7100 2 1249 324.1700 -227.2900
7.0050423892e+000 -4.0321594297e+000 -2.7956835665e-001
159 131 91
2 1 2189 42.7500 -269.8500 2 2360 -36.5000 -246.6200
9.2171965321e+000 -4.2188883634e+000 -4.7267258172e-001
162 142 91
3 1 2215 894.5200 -326.7300 2 2384 785.8700 -340.0600 4 1629 691.0200 -435.8200
5.8310435996e+000 -2.4301437475e+000 -1.6832432585e-001
37 21 32
3 1 2274 -449.7100 395.2600 2 1996 -505.5400 444.6700 3 1960 -507.7100 483.2200
7.3158700222e+000 -2.3857518503e+000 -8.9587349235e-001
72 64 62
3 1 2284 145.8600 353.0900 2 2006 107.1300 385.7400 3 2356 114.4800 414.3900
7.3758593890e+000 -2.4089260144e+000 -8.2754260071e-001
65 58 50
9 1 2286 169.6500 348.7200 2 2015 130.7500 378.9300 3 1981 137.3300 405.5800 4 2275 158.8500 329.9100 5 2744 272.7900 330.1000 6 2628 312.3101 356.4300 7 1601 252.2300 193.5800 8 2452 224.8500 272.3900 9 2022 187.6700 184.9500
9.0023839445e+000 -2.3696733163e+000 -9.8498452061e-001
168 151 97
4 1 2287 731.3700 352.1200 2 2019 694.3400 350.0400 3 2003 707.5100 353.8700 4 2318 728.5000 251.7400
7.0524359162e+000 -2.4516498402e+000 -1.0159857646e+000
167 145 108
4 1 2290 50.1600 321.0000 2 2013 8.8300 363.7500 3 1978 14.7100 400.3000 4 2270 37.1200 339.9600
7.0524359162e+000 -2.4516498402e+000 -1.0159857646e+000
167 145 108
4 1 2291 50.1600 321.0000 2 2014 8.8300 363.7500 3 1979 14.7100 400.3000 4 2271 37.1200 339.9600
7.4445603942e+000 -2.4489717292e+000 -8.2668340613e-001
77 65 53
4 1 2294 195.0900 334.7700 2 2016 154.9100 361.1600 3 1984 160.4200 388.0500 4 2290 180.9500 311.2700
7.5383244334e+000 -2.4738138032e+000 -8.5724737905e-001
97 83 70
2 1 2295 227.0300 323.8400 2 2017 186.8300 349.8000
8.8372935589e+000 -2.4133671451e+000 -1.2586213246e+000
152 136 85
5 1 2296 635.0200 319.5400 2 2030 599.0601 331.2900 3 2016 610.9301 342.9200 4 2650 632.9600 259.1000 5 2773 767.2400 232.2500
9.0500907091e+000 -2.4622550491e+000 -7.8395050007e-001
147 134 82
2 1 2300 781.1500 332.2600 2 2031 739.5300 322.7100
6.3715353086e+000 -2.6046359278e+000 -3.3681736818e-001
78 65 60
3 1 2304 -213.0900 308.4800 2 2024 -264.8300 345.9900 3 1992 -264.9800 376.5000
6.9188773928e+000 -2.4990977070e+000 -1.0038088231e+000
67 39 35
2 1 2308 4.1500 306.3700 2 2012 -38.4400 349.5000
8.8303802426e+000 -2.4377126137e+000 -1.3381079663e+000
152 135 84
2 1 2310 623.2100 308.3400 2 2028 586.6300 320.5600
6.3124745207e+000 -2.7583452690e+000 -2.1593016021e-001
83 73 63
3 1 2314 -243.0100 252.5900 2 2036 -297.8500 286.2900 3 2024 -303.5100 314.5600
6.4901183228e+000 -2.7514267359e+000 -1.9013287776e-001
140 145 125
3 1 2317 -169.9500 256.8000 2 2448 -224.0300 285.0300 3 2380 -228.8900 309.0900
6.4901183228e+000 -2.7514267359e+000 -1.9013287776e-001
140 145 125
3 1 2318 -169.9500 256.8000 2 2449 -224.0300 285.0300 3 2381 -228.8900 309.0900
7.2321854164e+000 -2.5739679757e+000 -1.4892232184e+000
166 138 112
3 1 2322 99.4600 257.2200 2 2453 58.9700 304.6900 3 2372 65.7600 345.2400
6.1711348677e+000 -2.7700374213e+000 -2.4247404372e-001
109 105 96
3 1 2331 -300.4900 246.4400 2 2035 -355.9800 284.5700 3 2007 -361.5000 316.1400
