# Bundle file v0.3
60 3578
0 0 0
0 0 0
0 0 0
0 0 0
0 0 0
1.6593800013e+003 4.6770712318e-002 -1.0727161136e-001
9.9984685329e-001 7.4784238671e-004 1.7484584850e-002
-3.2580737624e-004 9.9970882560e-001 -2.4127948010e-002
-1.7497537688e-002 2.4118556288e-002 9.9955596713e-001
-6.8914989956e+000 3.3263789661e+000 -3.2143354338e+000
1.6907285244e+003 8.2382592844e-003 -2.8391001211e-003
9.9761088075e-001 5.9759392225e-002 3.4660433616e-002
-5.5400252725e-002 9.9177286722e-001 -1.1540100449e-001
-4.1271571517e-002 1.1320510095e-001 9.9271408900e-001
-6.8202545227e+000 3.6968434365e+000 -2.8302571547e+000
1.6967002038e+003 1.6834223058e-002 -2.1509849924e-002
9.9380875543e-001 1.0891343427e-001 2.1954987250e-002
-1.0255141667e-001 9.7524681734e-001 -1.9590010771e-001
-4.2747684944e-002 1.9243572719e-001 9.8037805276e-001
-6.6699171156e+000 3.9892124313e+000 -2.6000150400e+000
1.6664361649e+003 4.8744382560e-002 -1.1163634090e-001
9.8594485475e-001 1.6703522147e-001 -3.4609517958e-003
-1.6133767592e-001 9.4652546322e-001 -2.7939166379e-001
-4.3392369435e-002 2.7602315529e-001 9.6017098478e-001
-6.4386058567e+000 4.0998943931e+000 -2.3194802957e+000
1.6908021437e+003 3.2934543108e-002 -8.8063568805e-002
9.7175209133e-001 2.3485562723e-001 -2.3253114815e-002
-2.2551640796e-001 8.9500584692e-001 -3.8484657166e-001
-6.9571709253e-002 3.7921941978e-001 9.2268760094e-001
-5.9621927522e+000 4.2878553763e+000 -1.6033563120e+000
1.6996413724e+003 1.6838752603e-002 -3.7027407126e-002
9.6324378290e-001 2.6321674496e-001 -5.3650348289e-002
-2.5952407475e-001 8.6029168330e-001 -4.3880003904e-001
-6.9344569526e-002 4.3659496654e-001 8.9698169762e-001
-5.7445395074e+000 4.4887592947e+000 -1.6121474557e+000
1.6934996401e+003 3.2024637518e-002 -5.8589508784e-002
9.5200953878e-001 2.9848980152e-001 -6.7688082176e-002
-2.9384323105e-001 8.2947345885e-001 -4.7500519643e-001
-8.5638739158e-002 4.7209916274e-001 8.7737585270e-001
-5.7200292859e+000 4.2646457813e+000 -1.4326583207e+000
1.6916160805e+003 4.9721015951e-002 -1.1400686189e-001
9.2194712339e-001 3.7239027477e-001 -1.0648466994e-001
-3.5509986638e-001 7.0291120381e-001 -6.1629532244e-001
-1.5465311693e-001 6.0600439175e-001 7.8028269916e-001
-5.4249898933e+000 4.4604839793e+000 -5.8710657904e-001
1.6677829420e+003 7.7024762447e-002 -1.6961256353e-001
9.0307721619e-001 4.0263759803e-001 -1.4944733603e-001
-3.9960906129e-001 6.6025481147e-001 -6.3590579654e-001
-1.5736625982e-001 6.3399254616e-001 7.5715870971e-001
-5.3136677643e+000 4.4856213775e+000 -6.3265981424e-001
1.6893558172e+003 4.1299167394e-002 -6.8666400790e-002
8.7927373840e-001 4.3859830383e-001 -1.8576657624e-001
-4.3529169881e-001 5.8156610426e-001 -6.8724231776e-001
-1.9338777084e-001 6.8513677047e-001 7.0227400339e-001
-5.0743931672e+000 4.5452162232e+000 -2.9019662462e-001
0 0 0
0 0 0
0 0 0
0 0 0
0 0 0
1.6829372403e+003 4.1654054537e-002 -9.4993280894e-002
8.6112947175e-001 4.5640363580e-001 -2.2394587318e-001
-4.5852870591e-001 5.0701914591e-001 -7.2985136263e-001
-2.1956197015e-001 7.3118212978e-001 6.4588329778e-001
-4.9586541706e+000 4.3213854022e+000 -1.1103604481e-001
1.6787612146e+003 3.8236636457e-002 -7.2408499948e-002
8.4970526234e-001 4.7231345665e-001 -2.3435222599e-001
-4.7226660112e-001 4.8413628652e-001 -7.3659779632e-001
-2.3444663491e-001 7.3656775299e-001 6.3443102118e-001
-4.9047305543e+000 4.1466304177e+000 2.2009519582e-002
1.6709932469e+003 5.6688427767e-002 -1.0689772842e-001
8.1962023416e-001 4.9119747999e-001 -2.9486896649e-001
-4.8443184611e-001 3.1942435294e-001 -8.1442855379e-001
-3.0585692443e-001 8.1036603976e-001 4.9975836499e-001
-4.6901698169e+000 4.1038137786e+000 6.8320339206e-001
1.6515191340e+003 6.6045734384e-002 -1.4302405811e-001
7.9860234172e-001 4.8818788111e-001 -3.5200410869e-001
-5.0236493488e-001 2.1859267229e-001 -8.3656841670e-001
-3.3145704398e-001 8.4492001773e-001 4.1981709307e-001
-4.4515998507e+000 3.4682106390e+000 9.7989258570e-001
1.6661731820e+003 4.5303559412e-002 -8.2615697303e-002
7.7027855744e-001 4.9418281916e-001 -4.0305618120e-001
-5.0157269323e-001 7.9168373341e-002 -8.6148546248e-001
-3.9382201228e-001 8.6574575362e-001 3.0885030796e-001
-4.2218651692e+000 3.0382210531e+000 1.4792634590e+000
1.6737408500e+003 2.5060486704e-002 -4.8992550264e-002
7.5261690065e-001 4.8742888745e-001 -4.4269727866e-001
-5.1082601930e-001 7.9866025785e-003 -8.5964701604e-001
-4.1548114140e-001 8.7312616148e-001 2.5500221035e-001
-4.0311999913e+000 2.8486871277e+000 1.6909067306e+000
1.6455383698e+003 6.8938039045e-002 -1.5893651330e-001
7.2524362750e-001 5.0051631705e-001 -4.7276325697e-001
-5.1877206532e-001 -5.4188830929e-002 -8.5319348031e-001
-4.5265574670e-001 8.6402950584e-001 2.2035377921e-001
-3.8960450679e+000 2.6138110646e+000 2.0225445042e+000
0 0 0
0 0 0
0 0 0
0 0 0
0 0 0
0 0 0
0 0 0
0 0 0
0 0 0
0 0 0
0 0 0
0 0 0
0 0 0
0 0 0
0 0 0
0 0 0
0 0 0
0 0 0
0 0 0
0 0 0
0 0 0
0 0 0
0 0 0
0 0 0
0 0 0
0 0 0
0 0 0
0 0 0
0 0 0
0 0 0
0 0 0
0 0 0
0 0 0
0 0 0
0 0 0
0 0 0
0 0 0
0 0 0
0 0 0
0 0 0
0 0 0
0 0 0
0 0 0
0 0 0
0 0 0
0 0 0
0 0 0
0 0 0
0 0 0
0 0 0
0 0 0
0 0 0
0 0 0
0 0 0
0 0 0
0 0 0
0 0 0
0 0 0
0 0 0
0 0 0
0 0 0
0 0 0
0 0 0
0 0 0
0 0 0
0 0 0
0 0 0
0 0 0
0 0 0
0 0 0
0 0 0
0 0 0
0 0 0
0 0 0
0 0 0
0 0 0
0 0 0
0 0 0
0 0 0
0 0 0
0 0 0
0 0 0
0 0 0
0 0 0
0 0 0
0 0 0
0 0 0
0 0 0
0 0 0
0 0 0
0 0 0
0 0 0
0 0 0
0 0 0
0 0 0
0 0 0
0 0 0
0 0 0
0 0 0
0 0 0
0 0 0
0 0 0
0 0 0
0 0 0
0 0 0
0 0 0
0 0 0
0 0 0
0 0 0
0 0 0
0 0 0
0 0 0
0 0 0
0 0 0
0 0 0
0 0 0
0 0 0
0 0 0
0 0 0
0 0 0
0 0 0
0 0 0
0 0 0
0 0 0
0 0 0
0 0 0
0 0 0
0 0 0
0 0 0
0 0 0
0 0 0
0 0 0
0 0 0
0 0 0
0 0 0
0 0 0
0 0 0
0 0 0
0 0 0
0 0 0
0 0 0
0 0 0
0 0 0
0 0 0
0 0 0
0 0 0
0 0 0
0 0 0
0 0 0
0 0 0
0 0 0
0 0 0
0 0 0
0 0 0
0 0 0
0 0 0
0 0 0
0 0 0
0 0 0
0 0 0
0 0 0
0 0 0
0 0 0
0 0 0
0 0 0
0 0 0
0 0 0
0 0 0
0 0 0
0 0 0
0 0 0
0 0 0
0 0 0
0 0 0
0 0 0
0 0 0
0 0 0
0 0 0
0 0 0
0 0 0
0 0 0
0 0 0
0 0 0
0 0 0
0 0 0
0 0 0
0 0 0
0 0 0
0 0 0
0 0 0
0 0 0
0 0 0
0 0 0
0 0 0
0 0 0
0 0 0
0 0 0
0 0 0
0 0 0
0 0 0
0 0 0
0 0 0
0 0 0
0 0 0
0 0 0
7.4366412920e+000 -2.1915855053e+000 -1.0142084889e+000
113 107 95
3 1 79 198.2000 436.9400 2 65 166.3700 472.8400 3 27 180.2600 505.1500
7.4403523381e+000 -2.2337202139e+000 -9.2930061101e-001
109 95 79
2 1 80 204.2600 428.1400 2 66 170.8300 461.6800
7.4614905012e+000 -2.2102687332e+000 -9.8858600144e-001
111 103 80
2 1 81 208.8900 431.8900 2 67 176.7700 466.7900
7.4879859159e+000 -2.2216143163e+000 -1.0028583598e+000
107 96 75
2 1 82 218.3400 426.2000 2 68 185.6100 460.8200
8.7167661711e+000 -2.1076424730e+000 -1.2756248512e+000
188 174 126
2 1 85 639.9301 443.2500 2 763 614.9800 458.4300
7.2996307026e+000 -2.3642553588e+000 -9.4468428229e-001
104 94 92
2 1 122 149.0300 376.5100 2 93 112.1400 412.1800
7.3164350798e+000 -2.4330084908e+000 -8.6317877934e-001
138 137 133
2 1 123 159.0500 355.8600 2 116 120.0100 388.0600
7.8636177302e+000 -2.5588483449e+000 -9.5044726123e-001
73 54 37
2 1 172 363.4399 300.7800 2 175 323.1899 321.2300
6.4016642409e+000 -2.7119488250e+000 -2.9696262364e-001
76 68 59
2 1 189 -224.5800 279.6100 2 829 -277.3500 314.3000
6.5547688808e+000 -2.7750608855e+000 -2.0246350436e-001
110 97 88
2 1 192 -158.2800 256.2000 2 208 -212.6300 282.9700
6.1487870077e+000 -2.8157474522e+000 -3.0505498653e-001
71 60 60
3 1 219 -337.6900 232.5300 2 861 -395.0100 273.5900 3 789 -400.6100 308.3900
6.2003276458e+000 -2.8487746848e+000 -2.3171484228e-001
124 124 114
2 1 220 -321.0200 221.3200 2 863 -377.5200 257.8300
6.2767933128e+000 -2.8171802495e+000 -2.3255862969e-001
98 95 82
2 1 224 -285.4100 235.6300 2 865 -341.4700 270.4900
7.9356563431e+000 -2.7903321906e+000 -9.1103047184e-001
97 76 52
2 1 270 393.9600 213.6800 2 911 346.8400 229.9300
6.1220313260e+000 -2.9829084672e+000 -1.5589725664e-001
149 145 133
2 1 309 -363.6200 162.2300 2 922 -423.9400 197.4100
6.2408625417e+000 -2.9343876997e+000 -9.7534334670e-002
116 113 99
2 1 311 -312.1000 187.2100 2 252 -371.8600 217.4700
6.2408625417e+000 -2.9343876997e+000 -9.7534334670e-002
116 113 99
2 1 312 -312.1000 187.2100 2 253 -371.8600 217.4700
7.6221737225e+000 -2.9149130169e+000 -6.2765039130e-001
91 73 59
2 1 326 294.7800 174.5400 2 932 242.1600 188.3400
6.3507095591e+000 -3.0262018508e+000 -2.6730300119e-002
92 86 74
2 1 362 -263.7100 145.3000 2 283 -326.1100 169.5400
6.3217970952e+000 -3.0638928058e+000 1.4512149608e-002
91 89 77
4 1 363 -281.0100 127.7700 2 310 -343.8900 151.4100 3 227 -355.2200 173.0900 4 378 -349.9200 85.4000
6.4701199748e+000 -3.1379898934e+000 -2.0385787673e-002
78 70 59
2 1 396 -206.5400 91.1000 2 336 -269.3600 111.2400
6.0936017798e+000 -3.1538865812e+000 -9.5699110437e-002
94 91 74
3 1 418 -382.2500 82.3300 2 328 -446.4900 116.8300 3 240 -457.9800 146.1500
8.8119303531e+000 -3.1324485740e+000 -8.1435401738e-001
131 114 71
2 1 445 745.5100 82.7900 2 380 681.6400 76.2700
6.5831298457e+000 -3.2354132401e+000 4.7304812220e-002
105 103 90
2 1 473 -153.9700 43.8400 2 401 -219.3900 58.1900
7.7938629606e+000 -3.3032875914e+000 -5.9296346854e-001
85 70 65
2 1 526 367.4200 14.7400 2 1075 302.6700 23.6700
8.0776285948e+000 -3.2988730783e+000 -1.9086733653e-001
157 166 165
2 1 532 541.2000 14.0900 2 434 469.9700 -0.3100
6.4539304187e+000 -3.3520531237e+000 8.9539602040e-002
63 54 46
2 1 545 -220.9900 -14.3200 2 1070 -288.0100 2.0200
7.4041386439e+000 -3.3754009475e+000 -5.8914188452e-001
76 61 56
2 1 550 207.3400 -15.2200 2 1073 140.7500 3.1900
7.8710899262e+000 -3.5471102488e+000 -4.4144468656e-001
98 86 76
3 1 592 415.0400 -90.8600 2 1149 340.7800 -87.0400 3 416 317.0200 -80.1300
6.6636301229e+000 -3.5363763386e+000 1.9368124618e-001
86 73 51
2 1 608 -116.9300 -111.2800 2 1164 -193.0800 -102.9300
6.6955562118e+000 -3.5785841213e+000 2.0398891122e-001
85 70 46
2 1 631 -100.7800 -133.5000 2 1166 -178.0600 -125.9800
7.3997183376e+000 -3.7567758513e+000 -8.5948336366e-001
62 43 29
2 1 645 188.9900 -158.9300 2 501 118.0699 -130.2400
7.8608191814e+000 -3.6999564820e+000 -5.0774564485e-001
79 70 62
7 1 648 401.5000 -153.3900 2 1196 324.9301 -144.6900 3 479 297.4000 -134.0200 4 2133 280.2000 -210.8500 5 1524 344.7900 -253.6000 6 2168 355.2500 -205.4200 8 1431 190.0800 -236.4500
7.5669708816e+000 -2.4727654755e+000 -8.5695596248e-001
78 60 45
4 1 981 256.2500 340.1800 2 1430 217.9000 366.4800 3 1404 225.7400 388.2000 4 1723 246.1899 312.7500
6.5315691477e+000 -2.6889531079e+000 -3.0438785423e-001
117 109 98
6 1 999 -166.4600 288.6200 2 817 -217.6600 321.4300 4 1086 -204.5800 268.5700 5 1086 -120.0100 264.9300 6 1756 -69.7000 297.5700 8 1045 -182.0100 214.1600
6.3325090865e+000 -2.7725715855e+000 -2.4791859633e-001
83 72 60
2 1 1022 -258.7200 255.1400 2 827 -313.6900 289.4700
6.3979266177e+000 -2.7404674950e+000 -2.4293215221e-001
67 57 48
2 1 1023 -228.7700 270.0100 2 1456 -283.2200 302.8100
6.3860327719e+000 -2.7520715076e+000 -2.4120987993e-001
161 155 141
2 1 1024 -234.1300 264.7800 2 828 -289.2600 297.7900
6.1922563827e+000 -2.7743259366e+000 -3.0890825435e-001
86 81 78
3 1 1056 -318.5600 250.9400 2 1453 -373.7300 291.5500 3 1435 -378.5800 325.2100
6.3051834826e+000 -2.8352275015e+000 -1.6147331250e-001
70 66 55
2 1 1058 -277.8900 231.1200 2 868 -333.1200 262.3400
6.2951837606e+000 -2.8571394044e+000 -1.2838244532e-001
88 83 77
3 1 1059 -284.0500 222.4700 2 867 -341.9200 252.7700 3 1510 -348.4800 279.0600
7.1167944198e+000 -2.6403998452e+000 -1.5631149760e+000
169 145 112
3 1 1067 65.4900 241.2200 2 836 22.7000 294.5600 3 778 27.7800 339.7500
8.0695629239e+000 -2.6871531534e+000 -9.8632041342e-001
183 187 174
6 1 1073 437.1100 249.3800 2 1521 393.1899 265.4900 3 1522 396.7200 282.2100 4 1808 410.6801 203.2300 5 1898 527.0000 182.9800 6 1872 554.1500 207.4900
7.2494345443e+000 -2.8103415898e+000 -6.2119279446e-001
135 155 150
3 1 1092 142.0800 218.4800 2 1542 92.2700 240.6600 3 1519 89.7900 262.3700
7.2485093049e+000 -2.8107105543e+000 -6.1383755120e-001
135 155 150
4 1 1093 142.0800 218.4800 2 1541 92.2700 240.6600 3 1518 89.7900 262.3700 4 1816 100.0000 184.0200
7.2907227029e+000 -2.8123985405e+000 -6.1103855932e-001
87 80 70
5 1 1094 159.0300 217.4800 2 1545 109.4301 239.3900 4 1819 118.2000 180.9500 5 1893 215.7600 164.2500 6 1867 249.0400 193.4100
7.7833512899e+000 -2.7945546993e+000 -8.0099664036e-001
92 73 56
2 1 1102 345.2800 216.5400 2 1554 297.0400 232.8400
6.0242680112e+000 -2.9839361272e+000 -2.3247202342e-001
150 150 132
2 1 1118 -401.7000 159.3200 2 920 -462.1200 199.6700
6.0924622890e+000 -2.9816338980e+000 -1.8076230351e-001
150 148 135
2 1 1120 -375.1500 162.0200 2 921 -435.4400 198.8500
7.6595568197e+000 -2.8892508585e+000 -6.7202846354e-001
93 76 60
3 1 1134 306.2000 184.1000 2 931 255.0400 196.9200 3 885 251.3101 212.6800
5.7812607661e+000 -3.0334234721e+000 -4.6867666889e-001
114 111 114
2 1 1150 -484.8100 130.9900 2 940 -545.0300 184.1500
6.0104467248e+000 -3.0332143112e+000 -2.3516860711e-001
140 136 124
3 1 1155 -407.8600 136.4900 2 943 -468.8100 177.3800 3 874 -477.6500 213.0900
6.1855252039e+000 -3.0323982446e+000 -6.5774392993e-002
110 102 87
3 1 1158 -341.0500 141.2200 2 1584 -403.5100 171.9800 3 879 -413.1300 198.2500
5.8615248340e+000 -3.0910549380e+000 -3.5513267447e-001
150 148 133
6 1 1166 -462.3700 106.9200 2 942 -524.2900 156.5600 3 1548 -532.2200 199.2300 4 1835 -522.1400 144.9100 5 1879 -474.6400 162.0100 6 1851 -411.7300 214.4000
6.0684066343e+000 -3.1196010370e+000 -1.1018605580e-001
108 105 98
2 1 1169 -392.9800 98.8600 2 305 -456.7400 133.4200
6.1311013790e+000 -3.0956322155e+000 -8.6622634499e-002
101 97 85
3 1 1173 -365.0500 110.3900 2 963 -428.1600 143.1500 3 898 -439.8800 171.7500
6.2047281771e+000 -3.0712465453e+000 -4.9238963050e-002
110 103 85
2 1 1174 -333.2100 123.1000 2 308 -396.2100 151.9400
6.1799663744e+000 -3.1046229198e+000 -3.7210629826e-002
129 126 111
4 1 1175 -345.2600 106.9700 2 966 -409.9200 136.4700 3 899 -421.0300 162.6400 4 1244 -415.9300 83.9700
6.2968015938e+000 -3.1033512851e+000 1.2489596169e-002
127 122 113
3 1 1178 -292.4300 108.5200 2 309 -357.1300 132.7800 3 243 -369.2600 154.6500
6.3399243276e+000 -3.1278666817e+000 -7.0784401588e-003
105 102 88
3 1 1179 -270.8100 96.1200 2 985 -334.0000 120.0600 3 924 -346.6400 141.2800
6.5741568192e+000 -3.0796406259e+000 -2.5718628609e-003
87 77 65
4 1 1186 -156.4200 119.0900 2 969 -218.0900 137.1200 4 1254 -227.2700 60.4000 7 604 -187.0400 -108.2900
8.9066444614e+000 -3.0614194873e+000 -5.6950167888e-001
178 161 105
2 1 1202 831.9000 114.9100 2 347 767.2000 96.0500
6.1129138767e+000 -3.1440095801e+000 -7.3567412890e-002
121 115 101
7 1 1212 -376.0700 87.6800 2 977 -439.9400 118.9700 3 917 -451.0900 149.4000 4 373 -444.6700 75.8400 5 380 -389.9500 63.5700 6 352 -332.1500 112.2100 9 255 -481.6800 6.1700
6.3408884682e+000 -3.2024414913e+000 1.0352861151e-002
76 67 60
4 1 1219 -271.1400 60.1100 2 1658 -336.2000 82.8500 3 939 -350.0000 103.7800 4 441 -348.0200 20.9400
6.4604833666e+000 -3.1630171334e+000 5.5464230878e-002
110 101 90
2 1 1221 -214.7900 79.7500 2 986 -279.8800 97.3000
6.5532887577e+000 -3.1635435258e+000 7.1420461367e-002
75 67 57
2 1 1223 -169.3600 79.6100 2 987 -234.3200 93.8800
8.0549825498e+000 -3.1693370797e+000 -2.7648012633e-001
96 81 65
3 1 1230 518.4600 72.7900 2 1669 453.0200 62.1100 3 1691 437.1500 56.0100
8.9176942846e+000 -3.1430118020e+000 -7.5765702475e-001
121 103 70
2 1 1233 796.8800 79.3100 2 1027 732.4600 67.9300
6.2308000652e+000 -3.2109842292e+000 -3.9938236874e-002
86 84 73
2 1 1244 -320.3800 55.5700 2 1005 -387.2400 83.3400
6.3066120220e+000 -3.2469635695e+000 1.6424031144e-003
114 110 99
6 1 1249 -287.8200 37.9800 2 1012 -353.9700 62.4200 3 962 -367.3200 85.2900 4 1305 -365.8600 3.9000 5 1272 -308.4600 -21.2800 6 431 -256.1500 28.5600
6.3088089225e+000 -3.2160558514e+000 2.6896978386e-003
140 138 126
6 1 1250 -287.2000 52.9400 2 1006 -352.0900 77.5500 3 1624 -365.5400 99.9600 4 1304 -362.5200 17.9000 5 2039 -304.5500 -7.4900 6 1313 -253.0600 41.0500
6.3088444330e+000 -3.2161074414e+000 2.2785899915e-003
140 138 126
7 1 1251 -287.2000 52.9400 2 1007 -352.0900 77.5500 3 1625 -365.5400 99.9600 4 1303 -362.5200 17.9000 5 2038 -304.5500 -7.4900 6 1312 -253.0600 41.0500 7 601 -327.2600 -125.2700
6.3333467372e+000 -3.2680002528e+000 3.1120224982e-002
97 90 80
2 1 1252 -276.6800 27.8900 2 1037 -342.9200 49.8600
6.5728822878e+000 -3.2503180773e+000 4.4734062086e-002
128 143 134
3 1 1255 -158.5900 36.3400 2 1040 -224.8600 51.4800 3 963 -240.7100 66.8600
6.6413219396e+000 -3.2121045742e+000 3.7874801633e-002
100 96 89
2 1 1257 -124.5300 55.2200 2 1018 -190.0400 68.4600
8.0958687959e+000 -3.2165344503e+000 -1.8768273601e-001
180 178 166
3 1 1269 550.9900 51.8100 2 1695 481.6000 36.3800 3 1039 462.6500 26.7100
7.2696183343e+000 -3.4101973822e+000 -6.5127080694e-001
42 27 24
2 1 1310 147.0800 -28.1300 2 1745 84.3400 -5.4600
7.4530610697e+000 -3.4218325208e+000 -6.8933771547e-001
54 35 29
2 1 1314 220.2600 -32.3900 2 1097 155.2400 -12.1100
7.9098380067e+000 -3.4178166997e+000 -9.6575559009e-001
82 69 61
2 1 1320 376.2900 -26.1700 2 1101 313.6100 -7.6000
7.8000614732e+000 -3.4663544154e+000 -5.9443618782e-001
54 41 34
3 1 1340 370.1600 -52.3100 2 1122 299.8199 -43.5100 3 1059 279.6700 -29.6300
7.4598707803e+000 -3.5548466873e+000 -7.0536266993e-001
55 35 32
2 1 1365 221.7400 -85.4700 2 1118 153.5100 -64.0600
7.4598707803e+000 -3.5548466873e+000 -7.0536266993e-001
55 35 32
2 1 1366 221.7400 -85.4700 2 1119 153.5100 -64.0600
7.4870103304e+000 -3.5755780602e+000 -7.1021220501e-001
56 35 32
2 1 1367 232.4399 -93.6600 2 1143 163.2800 -72.4500
7.5866535460e+000 -3.6285183933e+000 -7.5534995012e-001
46 28 26
2 1 1393 269.0900 -113.2000 2 1146 198.3400 -92.2600
7.8489284917e+000 -3.6696632721e+000 -5.3933873506e-001
35 26 19
2 1 1418 394.7700 -138.7200 2 1172 317.9399 -129.8400
7.3037260188e+000 -3.8196434690e+000 -8.3171053472e-001
71 45 30
2 1 1442 152.7200 -184.6200 2 1193 81.0601 -154.2500
7.3426473621e+000 -3.7672318734e+000 -7.5357206326e-001
62 39 25
2 1 1444 172.0601 -168.1600 2 1839 99.6600 -141.0300
7.5284462513e+000 -3.7902458828e+000 -8.0784384022e-001
78 64 61
4 1 1447 241.5200 -174.3100 2 522 168.1100 -149.2400 3 1148 146.1600 -122.9900 4 1498 132.6801 -177.9400
6.8039381690e+000 -3.7136356212e+000 1.6048791728e-001
70 56 44
2 1 1468 -45.1800 -199.6300 2 537 -124.7300 -191.4300
8.9698626355e+000 -2.0748603781e+000 -6.6816946035e-001
157 144 92
2 1 1658 840.7600 514.9500 2 1384 818.5400 504.3500
6.0893098950e+000 -2.3125033152e+000 -2.4817599695e-001
78 61 69
2 1 1675 -371.4300 468.1900 2 1364 -421.3300 516.2900
7.3545661760e+000 -2.2122960618e+000 -1.0028243353e+000
81 78 72
3 1 1686 167.5500 430.0200 2 1388 135.0000 467.8000 3 1963 147.9100 500.6500
7.3665963727e+000 -2.3746122704e+000 -8.8122235011e-001
66 57 48
3 1 1706 177.6500 377.1900 2 1404 140.3101 409.9400 3 1974 150.0300 437.0100
7.3664678274e+000 -2.4672651406e+000 -7.8992115039e-001
101 92 82
3 1 1707 181.5800 347.4400 2 1420 142.0500 376.3600 4 2276 170.5699 325.9700
7.4924517239e+000 -2.4594384812e+000 -8.3748416832e-001
77 60 48
4 1 1709 228.3500 347.3400 2 1426 190.6899 374.2500 3 1985 197.4399 396.7500 4 2282 218.8600 322.8300
7.4919794353e+000 -2.4599723651e+000 -8.3037962616e-001
77 60 48
5 1 1710 228.3500 347.3400 2 1427 190.6899 374.2500 3 1986 197.4399 396.7500 4 2281 218.8600 322.8300 6 2294 375.0699 340.9900
7.6031627427e+000 -2.4262008606e+000 -8.8804588625e-001
75 56 42
3 1 1711 269.1300 355.3300 2 1408 230.8101 383.9400 4 2284 262.9600 329.8700
7.6299624783e+000 -2.4368382479e+000 -8.8523667390e-001
100 84 69
2 1 1712 279.1500 352.5400 2 1431 242.0699 377.4900
7.6299624783e+000 -2.4368382479e+000 -8.8523667390e-001
100 84 69
2 1 1713 279.1500 352.5400 2 1432 242.0699 377.4900
7.0873970940e+000 -2.4581746843e+000 -8.5556976152e-001
167 144 103
2 1 1721 69.5300 346.8600 2 1402 29.3700 384.0000
7.0873970940e+000 -2.4581746843e+000 -8.5556976152e-001
167 144 103
2 1 1722 69.5300 346.8600 2 1403 29.3700 384.0000
7.4636082345e+000 -2.5398004940e+000 -8.1264480704e-001
77 59 47
3 1 1729 218.9100 317.1500 2 1446 177.9500 342.9400 3 1425 182.9301 366.0200
8.6852539792e+000 -2.4433457792e+000 -1.1520744523e+000
150 133 83
3 1 1741 645.8800 331.2300 2 1450 609.8400 340.2100 5 1822 778.6500 236.7600
6.4220826997e+000 -2.6671059451e+000 -3.4379132828e-001
55 42 39
3 1 1742 -211.9400 296.3300 2 2025 -264.9600 333.1900 3 1993 -267.7100 363.3700
7.4619197525e+000 -2.6189131947e+000 -7.4550836847e-001
77 59 47
2 1 1744 222.0400 289.7300 2 1462 178.7300 312.8500
6.5831020109e+000 -2.7237325361e+000 -2.8891213985e-001
113 103 93
5 1 1756 -142.8000 274.3500 2 2040 -194.6100 303.5500 3 2011 -198.2800 329.2500 5 2769 -99.9300 240.0200 6 2322 -50.4500 272.5000
6.6090242728e+000 -2.7648662671e+000 -2.4856395903e-001
62 41 38
6 1 1757 -131.1300 257.2800 2 1457 -186.1300 284.8400 3 2028 -190.2100 309.2600 4 2311 -177.7000 225.1100 5 2411 -91.7100 210.7000 6 2666 -45.2600 245.4400
7.5416650907e+000 -2.6986571679e+000 -7.4815443980e-001
72 58 46
3 1 1772 253.5300 257.6100 2 1514 208.6300 277.7300 3 2037 208.9500 297.3500
7.7162309469e+000 -2.6433131060e+000 -8.4593833438e-001
98 79 62
2 1 1780 315.7200 273.9900 2 1485 271.7500 294.2300
8.7934831776e+000 -2.6381348988e+000 -1.0369347694e+000
141 119 70
2 1 1784 701.6300 265.5200 2 889 658.8199 266.8600
6.2460543999e+000 -2.8294839049e+000 -2.5230202398e-001
141 143 129
2 1 1791 -298.2800 229.0200 2 1490 -354.2800 265.2000
6.3304567674e+000 -2.7923092719e+000 -2.2010366160e-001
80 70 61
3 1 1794 -260.9500 247.5300 2 2053 -316.3900 281.0100 3 2021 -323.2700 309.4300
6.4702337666e+000 -2.8644508283e+000 -4.7098103110e-002
64 48 33
3 1 1799 -205.0200 223.2300 2 1535 -262.3800 244.3600 3 2051 -270.4600 265.1400
6.5266905553e+000 -2.7995538515e+000 -1.6572988068e-001
68 56 48
2 1 1800 -173.3200 247.1000 2 2056 -227.4300 272.8600
7.2679757293e+000 -2.8001960544e+000 -6.2176906459e-001
70 61 56
15 1 1806 148.9600 223.2800 2 1544 100.4200 244.5800 3 1520 97.9700 261.6500 4 1817 108.7800 185.1400 5 2431 207.6600 174.9800 7 957 174.3800 43.4000 8 2184 130.6400 130.2600 9 1758 90.1400 53.4700 10 1589 85.5601 77.2800 12 1577 65.1700 10.0400 13 2112 38.0200 -74.3200 14 1220 29.6400 78.5700 15 1566 83.3800 -112.3500 16 1169 100.6899 -123.3300 18 634 115.1000 -205.9400
7.4507330819e+000 -2.7404444342e+000 -6.8092938725e-001
74 60 47
3 1 1808 221.0900 244.5700 2 1509 174.8900 263.2000 3 1474 173.3700 283.8200
7.4452558017e+000 -2.7769199996e+000 -7.1725551862e-001
90 76 62
2 1 1809 217.4500 227.3100 2 2082 168.2600 249.2400
6.0998130277e+000 -2.9116494689e+000 -2.1187111178e-001
95 91 82
4 1 1818 -370.3900 192.8600 2 2070 -427.5000 232.0000 3 2044 -434.9900 265.2200 4 2323 -422.7600 194.4600
6.2273704591e+000 -2.8572284669e+000 -2.0283577416e-001
86 88 77
2 1 1823 -309.9500 218.6800 2 1489 -368.2200 253.6800
5.9847542759e+000 -2.9789263730e+000 -2.8422947268e-001
154 152 139
2 1 1842 -413.8800 159.8900 2 2086 -475.3000 203.1300
6.4573279525e+000 -2.9449301406e+000 -8.1751128070e-003
90 81 72
6 1 1845 -213.3100 184.9000 2 1563 -273.6700 206.4100 3 2070 -283.0200 225.3600 4 2363 -274.9900 132.6900 5 2820 -200.8200 106.4800 6 2390 -151.2000 143.0000
6.2088583808e+000 -3.0357867827e+000 -4.3019330095e-002
144 140 123
2 1 1869 -331.5600 140.3800 2 1585 -394.4900 169.1000
6.2974257469e+000 -3.0356752668e+000 -7.4888241868e-003
94 86 75
3 1 1871 -291.7700 141.6000 2 1588 -353.6700 165.8400 3 1554 -364.0900 188.7600
6.3084951039e+000 -3.0539045946e+000 7.5791050457e-003
136 137 123
6 1 1872 -288.2800 132.1100 2 1589 -350.4100 157.1000 3 1583 -361.6900 178.7100 4 1878 -355.2200 92.1400 5 1969 -289.7300 68.2100 6 1942 -236.5000 111.2200
6.4086080999e+000 -3.0195431635e+000 2.4930019158e-002
63 54 45
4 1 1873 -238.3400 149.9000 2 1590 -300.5300 170.9500 3 1555 -312.6000 189.3000 4 1880 -305.7600 98.3800
6.4792058524e+000 -3.0178414182e+000 2.8301037303e-003
54 39 32
5 1 1876 -202.9900 150.4000 2 1592 -264.4700 169.5000 3 2110 -275.8500 187.1200 4 1882 -268.9600 95.7000 5 1972 -198.0700 66.1400
6.4973246091e+000 -3.0235143791e+000 -4.2808268779e-003
72 61 55
5 1 1877 -193.7200 146.5100 2 949 -255.4100 166.6400 3 900 -265.9700 184.3200 4 1222 -260.5200 92.6400 6 1256 -141.0700 101.8000
6.5770371527e+000 -3.0561801448e+000 1.3017688603e-004
56 46 37
2 1 1878 -155.1000 131.2400 2 1621 -216.5400 147.8400
6.5929995081e+000 -3.0623717386e+000 -1.0551863393e-002
91 77 64
6 1 1879 -146.1400 127.8600 2 1622 -208.5100 145.2900 3 1589 -220.2200 159.2800 4 1912 -216.7800 67.9300 5 1995 -143.6700 33.8300 6 1969 -99.5800 73.4500
7.2338996628e+000 -2.9601062554e+000 -8.5903826731e-001
40 28 28
2 1 1884 125.9500 149.8800 2 1598 74.3400 179.9700
6.0932212014e+000 -3.0957291018e+000 -9.3261219979e-002
93 89 78
2 1 1898 -382.5700 110.4700 2 2146 -446.6000 143.9400
6.0947337406e+000 -3.0947630611e+000 -9.5631634521e-002
93 89 78
9 1 1899 -382.5700 110.4700 2 2145 -446.6000 143.9400 3 2098 -455.2900 175.2600 4 2692 -447.2500 101.7100 5 2813 -392.7900 92.5900 6 2698 -334.2100 140.1400 7 1680 -404.6900 -22.8500 8 2522 -462.0900 87.5700 9 2056 -482.3100 31.2100
6.1119488431e+000 -3.1138212338e+000 -7.4314805724e-002
132 128 117
4 1 1900 -375.2700 101.9300 2 1615 -439.7400 134.6400 3 2101 -450.4300 163.6300 4 2404 -443.3700 88.9500
6.1667162355e+000 -3.1233219968e+000 -4.6228193421e-002
83 78 67
6 1 1902 -351.6800 97.4800 2 1616 -415.3900 128.1300 3 1601 -426.5300 155.4500 4 1245 -420.7000 76.9700 5 1208 -365.1900 62.0400 6 1253 -309.1000 109.4000
6.5106414622e+000 -3.1001905154e+000 1.2762574869e-002
71 61 52
4 1 1906 -187.6600 110.0500 2 1620 -251.2600 127.9600 3 1609 -263.5500 144.8500 4 1930 -259.9700 54.0300
7.5605976983e+000 -3.0553667132e+000 -5.7641618088e-001
93 78 71
8 1 1908 272.2800 118.8400 2 2158 217.1200 128.0100 3 2129 207.5000 144.0700 4 2412 209.2300 62.9300 5 2506 301.3700 32.8200 6 2436 326.4100 63.7500 7 1403 254.7800 -90.6900 10 2073 134.5800 -51.5700
7.7099723087e+000 -3.0976154156e+000 -5.8415038181e-001
68 54 45
8 1 1909 334.2100 100.2600 2 2190 276.0400 110.0600 3 2158 266.2800 121.6100 5 2523 358.5699 1.7800 6 1995 378.9301 31.7200 7 1028 305.8600 -123.2300 8 1881 244.0400 -39.1000 10 1719 178.3700 -81.2600
7.7706321531e+000 -3.0883422169e+000 -6.4909279305e-001
66 50 37
5 1 1912 353.4500 105.3100 2 1643 295.9000 109.9800 3 2131 285.8400 125.4500 4 2435 285.4900 43.4900 5 2525 380.5699 9.1000
7.7706321531e+000 -3.0883422169e+000 -6.4909279305e-001
66 50 37
5 1 1913 353.4500 105.3100 2 1642 295.9000 109.9800 3 2132 285.8400 125.4500 4 2434 285.4900 43.4900 5 2524 380.5699 9.1000
6.2170249723e+000 -3.1671946428e+000 -2.9839413206e-002
104 98 84
6 1 1924 -329.1700 76.6500 2 1633 -393.7800 104.5900 3 1603 -406.2900 130.5500 4 1925 -400.8000 50.9800 5 1228 -344.4000 32.6400 6 1284 -288.2000 80.5200
6.2017808194e+000 -3.1779716708e+000 -2.2397813770e-002
89 84 73
2 1 1925 -336.4800 71.7700 2 1632 -402.2700 99.5800
6.1886950243e+000 -3.2009910184e+000 -3.8420778423e-002
142 139 122
6 1 1927 -342.2700 60.0800 2 1004 -407.4700 89.5200 3 936 -419.7200 115.9500 4 1278 -415.1200 39.4200 5 2011 -360.0700 21.7600 6 1285 -304.6800 71.0600
6.2898856686e+000 -3.1534561373e+000 -1.7659274504e-002
135 132 114
3 1 1928 -294.4100 83.5500 2 1635 -358.3100 109.2100 3 921 -370.9600 132.1400
6.3728103844e+000 -3.2026703589e+000 6.3644428174e-003
136 133 122
6 1 1930 -256.5200 59.4800 2 1659 -321.4300 81.8500 3 1626 -334.8800 102.7700 4 1955 -330.8600 18.8900 5 2543 -270.5000 -9.4800 6 1986 -220.3100 37.5200
6.4869085794e+000 -3.1480065530e+000 1.9589374732e-002
103 94 85
11 1 1932 -201.2000 86.5900 2 1639 -264.8000 105.4600 3 1628 -278.2500 122.1200 4 1932 -275.5300 32.8200 5 2513 -209.1000 -0.4000 6 1989 -161.9100 43.9400 7 1409 -237.5100 -128.6000 8 1838 -299.8400 -32.9600 9 1401 -333.8500 -90.7500 10 1692 -345.3000 -56.7000 12 1696 -357.5700 -116.4600
7.4163713361e+000 -3.1519065609e+000 -6.4483765798e-001
36 27 22
2 1 1936 208.1801 77.0800 2 1641 150.6500 95.8300
7.6808792138e+000 -3.1748176419e+000 -5.7860595289e-001
45 27 23
2 1 1938 322.8300 67.8800 2 1665 261.3101 78.7200
6.2795369273e+000 -3.2583496867e+000 -2.3588191147e-002
115 111 100
3 1 1957 -298.7000 32.9000 2 1683 -365.0100 58.0400 3 1653 -378.5600 83.2400
6.5710739275e+000 -3.2099468372e+000 2.6489768983e-002
112 108 96
3 1 1958 -158.7700 56.2100 2 1661 -224.0200 72.0100 3 1656 -238.9600 87.7800
7.5346902434e+000 -3.2236704955e+000 -6.3925479500e-001
51 33 29
5 1 1962 257.4100 47.6700 2 1663 197.1000 61.6700 3 1660 183.4500 82.8200 4 1966 182.2100 5.2200 5 2047 265.4301 -22.4100
6.2569966410e+000 -3.2704819749e+000 -3.9844179900e-002
124 119 109
3 1 1983 -308.4000 26.7600 2 1681 -374.7200 54.1600 3 1650 -388.2900 79.4100
6.2716944539e+000 -3.2842190980e+000 -1.9246484597e-002
55 52 44
3 1 1984 -303.4400 19.8000 2 1682 -369.0000 46.7700 3 1651 -383.6600 70.3300
6.3676178443e+000 -3.3207633373e+000 3.0602178833e-002
65 54 48
6 1 1986 -259.6700 1.1200 2 1701 -326.3400 24.5400 3 1675 -342.5800 44.7500 4 2486 -343.9900 -38.6300 5 2571 -287.6700 -68.6500 7 1049 -312.2100 -180.5400
6.4149441027e+000 -3.3164422306e+000 5.5344833584e-002
56 48 46
5 1 1987 -237.6300 3.6600 2 1702 -304.0900 23.8400 3 986 -320.9900 41.3100 4 1361 -322.4000 -43.3300 6 1367 -218.5900 -26.0500
6.4464838860e+000 -3.2783250670e+000 4.4971800319e-002
108 98 86
12 1 1988 -222.4100 22.0400 2 1686 -289.3100 40.2300 3 1655 -304.4000 59.7000 4 1983 -304.8300 -26.2700 5 2060 -243.9200 -60.6200 6 2025 -197.6300 -11.8000 7 1052 -272.4000 -179.1800 8 1896 -338.7600 -77.3000 9 1419 -370.8900 -127.8000 10 1182 -383.8600 -90.3400 12 1228 -394.9100 -143.6100 14 819 -439.7600 -44.5600
6.6555891584e+000 -3.2782265047e+000 2.8008983927e-002
81 66 59
2 1 1992 -117.5000 22.7500 2 1041 -183.8800 36.0500
6.6467069452e+000 -3.3118436402e+000 4.3872109193e-002
61 50 41
3 1 1993 -122.0900 6.2300 2 1071 -189.9900 18.8300 3 990 -206.7400 33.8800
6.7200543664e+000 -3.2854914774e+000 2.7015313203e-002
76 58 54
3 1 1994 -85.6800 19.3500 2 1042 -152.2700 30.3400 3 1679 -169.6400 44.3000
8.0855786630e+000 -3.3114549054e+000 -1.8243779926e-001
185 194 186
2 1 2000 546.2800 8.2000 2 1757 474.0699 -6.5800
6.4282839780e+000 -3.3955226168e+000 5.9289602739e-002
76 66 54
2 1 2011 -230.9400 -35.5400 2 1734 -300.6300 -16.6700
6.6963537815e+000 -3.3388784343e+000 2.7228775324e-002
45 31 27
4 1 2013 -96.7500 -6.5900 2 1072 -164.9600 5.0700 3 1701 -183.3200 19.4500 4 2037 -188.4100 -70.0800
7.0229934005e+000 -3.3894677960e+000 -5.1580680280e-001
80 58 47
2 1 2015 50.0400 -21.8900 2 1709 -14.4200 2.3800
7.5104235626e+000 -3.3896701826e+000 -7.9650875840e-001
73 58 51
2 1 2019 235.9399 -17.7900 2 1712 173.7500 4.1200
8.4942834014e+000 -3.4388394184e+000 -1.0083186148e+000
74 55 48
2 1 2025 591.8300 -33.6900 2 1758 522.9301 -25.0700
6.7417386973e+000 -3.4460744872e+000 2.7061134456e-002
47 28 22
3 1 2042 -75.0700 -59.6600 2 1770 -146.1900 -47.1000 3 1738 -165.4800 -33.1400
6.8654859280e+000 -3.4239394013e+000 -3.6895133358e-002
44 22 16
2 1 2043 -14.1300 -47.1200 2 1743 -85.0300 -35.7500
6.8654859280e+000 -3.4239394013e+000 -3.6895133358e-002
44 22 16
2 1 2044 -14.1300 -47.1200 2 1744 -85.0300 -35.7500
7.5277654950e+000 -3.5003774053e+000 -6.9693362318e-001
74 57 53
2 1 2053 249.4399 -63.7900 2 1774 182.6300 -44.5900
7.8383694579e+000 -3.4616586965e+000 -6.2703931942e-001
87 78 73
2 1 2054 382.1500 -49.9500 2 1780 312.2400 -39.6900
7.5141871019e+000 -3.5290108205e+000 -7.2856879789e-001
74 59 52
2 1 2066 242.1600 -74.4900 2 1777 174.3800 -53.6600
7.5301964649e+000 -3.5678907314e+000 -7.2473509913e-001
74 55 48
2 1 2069 248.4500 -90.0500 2 1799 180.0900 -69.5500
7.5636562541e+000 -3.5686073320e+000 -7.2252218515e-001
55 37 30
2 1 2072 262.0699 -90.4300 2 1144 193.2700 -70.6500
7.6601146755e+000 -3.6504835306e+000 -7.7151207356e-001
74 59 54
2 1 2092 295.8101 -121.0200 2 1817 226.3700 -101.5200
7.8790117172e+000 -3.7142698610e+000 -4.1649506969e-001
115 105 93
2 1 2117 421.1801 -163.6400 2 1853 340.5900 -159.0900
8.0942234045e+000 -3.6560212685e+000 -3.8059067280e-001
115 98 82
2 1 2120 518.3800 -140.0400 2 1855 438.2200 -142.9300
7.5325816146e+000 -3.7654247407e+000 -8.0251453823e-001
44 30 27
6 1 2137 243.5000 -165.3700 2 1845 171.5300 -139.9800 3 1812 148.1899 -114.8000 4 2101 134.1600 -170.0500 5 2168 194.6700 -186.0800 6 2134 213.9700 -133.5500
7.8064395316e+000 -3.7905508028e+000 -5.8106547294e-001
66 53 49
2 1 2138 373.1899 -186.9100 2 1878 292.4500 -173.8100
7.8411112428e+000 -3.8683056819e+000 -5.6338049845e-001
63 48 45
2 1 2153 388.5200 -219.9600 2 1899 306.1300 -207.3900
7.9269820705e+000 -3.8310369900e+000 -5.0963931182e-001
108 93 78
3 1 2155 430.1801 -207.6500 2 1901 348.2900 -199.7500 4 1562 292.2800 -262.7200
6.1472626859e+000 -3.7698205365e+000 3.7683212933e-001
64 60 63
2 1 2163 -405.7400 -248.7000 2 1906 -486.1900 -229.6800
7.8787134651e+000 -3.8946567091e+000 -5.6043677416e-001
70 51 45
2 1 2170 403.5000 -230.8500 2 1902 321.6000 -219.2500
7.8910612007e+000 -3.9177537289e+000 -5.7247233126e-001
104 84 73
2 1 2171 407.8000 -239.7100 2 1249 324.1700 -227.2900
6.9979411452e+000 -3.9381700205e+000 -2.9622501467e-001
159 131 91
2 1 2189 42.7500 -269.8500 2 2360 -36.5000 -246.6200
9.0166838676e+000 -4.1090635265e+000 -4.6018958241e-001
162 142 91
3 1 2215 894.5200 -326.7300 2 2384 785.8700 -340.0600 4 1629 691.0200 -435.8200
5.9273204180e+000 -2.4787056747e+000 -2.0799738653e-001
37 21 32
3 1 2274 -449.7100 395.2600 2 1996 -505.5400 444.6700 3 1960 -507.7100 483.2200
7.2840560598e+000 -2.4401906537e+000 -8.6493991795e-001
72 64 62
3 1 2284 145.8600 353.0900 2 2006 107.1300 385.7400 3 2356 114.4800 414.3900
7.3381808021e+000 -2.4611361568e+000 -8.0101830855e-001
65 58 50
9 1 2286 169.6500 348.7200 2 2015 130.7500 378.9300 3 1981 137.3300 405.5800 4 2275 158.8500 329.9100 5 2744 272.7900 330.1000 6 2628 312.3101 356.4300 7 1601 252.2300 193.5800 8 2452 224.8500 272.3900 9 2022 187.6700 184.9500
8.8232316866e+000 -2.4247430591e+000 -9.3740717394e-001
168 151 97
4 1 2287 731.3700 352.1200 2 2019 694.3400 350.0400 3 2003 707.5100 353.8700 4 2318 728.5000 251.7400
7.0445362880e+000 -2.5008679801e+000 -9.7558842775e-001
167 145 108
4 1 2290 50.1600 321.0000 2 2013 8.8300 363.7500 3 1978 14.7100 400.3000 4 2270 37.1200 339.9600
7.0445362880e+000 -2.5008679801e+000 -9.7558842775e-001
167 145 108
4 1 2291 50.1600 321.0000 2 2014 8.8300 363.7500 3 1979 14.7100 400.3000 4 2271 37.1200 339.9600
7.4009733717e+000 -2.4975576462e+000 -8.0047092217e-001
77 65 53
4 1 2294 195.0900 334.7700 2 2016 154.9100 361.1600 3 1984 160.4200 388.0500 4 2290 180.9500 311.2700
7.4867317303e+000 -2.5202203022e+000 -8.2819849276e-001
97 83 70
2 1 2295 227.0300 323.8400 2 2017 186.8300 349.8000
8.6745593402e+000 -2.4657421878e+000 -1.1882250769e+000
152 136 85
5 1 2296 635.0200 319.5400 2 2030 599.0601 331.2900 3 2016 610.9301 342.9200 4 2650 632.9600 259.1000 5 2773 767.2400 232.2500
8.8656134749e+000 -2.5083441143e+000 -7.5366191972e-001
147 134 82
2 1 2300 781.1500 332.2600 2 2031 739.5300 322.7100
6.4205103029e+000 -2.6380984436e+000 -3.5831020243e-001
78 65 60
3 1 2304 -213.0900 308.4800 2 2024 -264.8300 345.9900 3 1992 -264.9800 376.5000
6.9226990600e+000 -2.5441115854e+000 -9.6536902781e-001
67 39 35
2 1 2308 4.1500 306.3700 2 2012 -38.4400 349.5000
8.6693010096e+000 -2.4881436961e+000 -1.2619398095e+000
152 135 84
2 1 2310 623.2100 308.3400 2 2028 586.6300 320.5600
6.3661966420e+000 -2.7776767148e+000 -2.4773278886e-001
83 73 63
3 1 2314 -243.0100 252.5900 2 2036 -297.8500 286.2900 3 2024 -303.5100 314.5600
6.5278981895e+000 -2.7712065008e+000 -2.2326088426e-001
140 145 125
3 1 2317 -169.9500 256.8000 2 2448 -224.0300 285.0300 3 2380 -228.8900 309.0900
6.5278981895e+000 -2.7712065008e+000 -2.2326088426e-001
140 145 125
3 1 2318 -169.9500 256.8000 2 2449 -224.0300 285.0300 3 2381 -228.8900 309.0900
7.2112925605e+000 -2.6140181884e+000 -1.4079628987e+000
166 138 112
3 1 2322 99.4600 257.2200 2 2453 58.9700 304.6900 3 2372 65.7600 345.2400
6.2375512866e+000 -2.7884822914e+000 -2.7268154538e-001
109 105 96
3 1 2331 -300.4900 246.4400 2 2035 -355.9800 284.5700 3 2007 -361.5000 316.1400
6.2145992576e+000 -2.8278388349e+000 -2.7768721647e-001
130 132 121
2 1 2332 -310.6700 228.5100 2 2052 -366.8600 266.4100
6.2681134249e+000 -2.7903158917e+000 -2.8826333357e-001
80 70 68
3 1 2333 -285.8200 245.0000 2 2463 -340.7300 281.8800 3 2379 -345.6500 314.0400
7.3904671080e+000 -2.7235394846e+000 -6.5715518247e-001
75 59 46
4 1 2343 198.2500 251.9300 2 2062 150.6300 273.6500 5 2786 268.6200 196.4000 6 2668 301.9800 225.0800
6.1353680409e+000 -2.9824751062e+000 -1.6250709141e-001
148 144 132
3 1 2357 -357.6400 162.1300 2 2090 -416.3400 197.5100 3 2066 -425.3300 228.0300
6.1353680409e+000 -2.9824751062e+000 -1.6250709141e-001
148 144 132
3 1 2358 -357.6400 162.1300 2 2089 -416.3400 197.5100 3 2065 -425.3300 228.0300
6.2652755548e+000 -2.9507176192e+000 -4.9233475130e-002
90 87 73
2 1 2359 -304.1500 181.3200 2 2093 -364.5100 209.0300
6.2494134979e+000 -2.9760577815e+000 -3.8982070594e-002
91 85 73
4 1 2360 -312.5900 168.4900 2 2094 -373.4100 197.6500 3 2069 -382.8700 222.6400 4 2360 -375.1400 137.5600
6.3274311887e+000 -2.9877950256e+000 9.6561845656e-003
153 146 130
6 1 2361 -276.8800 165.6600 2 2469 -338.5900 189.0100 3 2412 -348.9000 210.3000 4 2699 -342.4300 120.7900 5 2819 -276.4500 97.8600 6 2705 -223.2400 138.6700
6.4752521628e+000 -2.9752930184e+000 -1.4943880183e-003
106 97 84
6 1 2362 -204.8900 170.6900 2 2096 -264.9900 190.6200 3 1556 -275.0400 208.9600 4 1881 -268.6800 116.7600 5 2479 -195.7700 87.7400 6 2391 -146.9500 125.9900
6.5566343002e+000 -2.9835789017e+000 -1.3410309324e-002
80 66 56
6 1 2364 -164.4200 165.3700 2 2124 -224.8800 184.9700 3 2081 -235.0800 201.0500 4 2382 -228.6800 107.4900 5 2482 -153.3900 75.7600 6 1949 -107.2400 113.7600
6.6172165875e+000 -2.9406888039e+000 -8.2768295700e-002
86 74 61
2 1 2365 -132.6400 184.1400 2 2471 -191.3600 203.5300
7.3127850403e+000 -2.9022785839e+000 -5.9241421169e-001
83 68 63
14 1 2370 169.2700 181.2800 2 2101 117.3000 201.1300 3 2085 112.3600 219.3500 4 2364 120.3101 142.0900 5 2822 214.9800 117.2800 6 2383 246.0699 156.1800 7 1367 178.6700 -5.4000 8 2228 129.2100 82.3500 9 1773 86.5400 10.3600 10 2017 79.6400 34.0200 12 1617 58.5900 -26.9100 13 2133 30.0000 -110.2300 14 1647 20.2200 45.7900 15 1249 70.7000 -137.8900
7.3730527975e+000 -2.9373041584e+000 -5.8948568640e-001
83 68 61
5 1 2371 193.3900 166.8200 2 2132 141.4200 184.9000 4 2386 142.6100 121.8300 5 2823 236.3199 100.4100 7 1369 197.4399 -25.0000
8.9140984912e+000 -2.9506276683e+000 -7.2201616166e-001
152 136 84
6 1 2377 802.9000 156.2400 2 2167 745.0699 142.6700 3 2437 741.5400 136.3200 4 2441 738.3400 28.2000 6 2767 861.4301 -18.8900 8 2352 697.1600 -131.7100
6.0836720397e+000 -3.0133348280e+000 -1.9284817096e-001
71 65 53
3 1 2379 -378.3900 146.9200 2 2113 -439.2200 184.2600 3 2407 -446.8900 217.2200
6.2038624951e+000 -3.0126745437e+000 -4.5681561474e-002
98 91 80
3 1 2382 -334.6000 151.4100 2 2117 -395.8900 180.9100 3 2080 -405.3900 206.0000
6.1938644089e+000 -3.0535539477e+000 -5.0258987924e-002
161 157 136
2 1 2383 -338.5000 131.6500 2 2119 -401.0900 160.8700
6.2307703189e+000 -3.0413248460e+000 -3.2108538948e-002
70 67 52
13 1 2385 -320.0900 138.6000 2 2483 -382.0700 166.4900 3 2410 -392.5400 191.1000 4 2693 -385.6300 108.3100 5 3034 -324.0100 90.4000 6 2703 -269.0300 134.3100 7 1695 -342.6700 -36.8000 8 2524 -401.5700 64.2200 9 1769 -427.5100 4.0300 10 2272 -436.3000 40.7400 12 1980 -443.5000 -24.3800 13 2124 -476.0800 -110.3900 14 1618 -488.7800 66.4800
6.2351224997e+000 -3.0398792865e+000 -2.9332588731e-002
70 67 52
7 1 2386 -320.0900 138.6000 2 2484 -382.0700 166.4900 3 2411 -392.5400 191.1000 4 2694 -385.6300 108.3100 5 3035 -324.0100 90.4000 6 2702 -269.0300 134.3100 7 1696 -342.6700 -36.8000
6.2718808671e+000 -3.0542272437e+000 -1.3484048404e-003
144 140 125
