# Bundle file v0.3
60 4698
0 0 0
0 0 0
0 0 0
0 0 0
0 0 0
1.6671980186e+003 4.9274291864e-002 -1.0838981293e-001
9.9988562122e-001 7.7084952497e-004 1.5104643723e-002
-4.9219623087e-004 9.9982978806e-001 -1.8443227673e-002
-1.5116289685e-002 1.8433683711e-002 9.9971580816e-001
-6.8809246097e+000 3.3685873650e+000 -3.6896152549e+000
1.6988236375e+003 1.0007388193e-002 -2.1563489471e-004
9.9769182611e-001 5.9685036096e-002 3.2383893980e-002
-5.5805884077e-002 9.9239220237e-001 -1.0974251675e-001
-3.8687509941e-002 1.0768200010e-001 9.9343236480e-001
-6.8241354273e+000 3.7480117204e+000 -3.3117072513e+000
1.7050204726e+003 1.8541280773e-002 -1.8543475654e-002
9.9385400731e-001 1.0889891761e-001 1.9880591037e-002
-1.0316669459e-001 9.7628528101e-001 -1.9032520382e-001
-4.0135337096e-002 1.8710445164e-001 9.8151978018e-001
-6.6750680997e+000 4.0486156488e+000 -3.0826197221e+000
1.6741885577e+003 5.0778941045e-002 -1.1024922220e-001
9.8592507520e-001 1.6710419282e-001 -5.2853419558e-003
-1.6212788919e-001 9.4788996536e-001 -2.7426111851e-001
-4.0820260227e-002 2.7125781522e-001 9.6164073543e-001
-6.4412594354e+000 4.1425420526e+000 -2.7948245215e+000
1.6980050794e+003 3.5490597571e-002 -8.9902792891e-002
9.7166621565e-001 2.3508660830e-001 -2.4475538170e-002
-2.2654125078e-001 8.9677280223e-001 -3.8010209533e-001
-6.7407915448e-002 3.7487708356e-001 9.2462064932e-001
-5.9437331970e+000 4.3271765266e+000 -2.0455918762e+000
1.7076965304e+003 1.9568316744e-002 -3.8311631507e-002
9.6307407767e-001 2.6363700074e-001 -5.4624653334e-002
-2.6067915992e-001 8.6232535897e-001 -4.3409831934e-001
-6.7340155142e-002 4.3230834726e-001 8.9920787163e-001
-5.7152603840e+000 4.5398006326e+000 -2.0737684404e+000
1.7012792835e+003 3.5101635309e-002 -6.1124375651e-002
9.5184305118e-001 2.9878189682e-001 -6.8732700076e-002
-2.9498004834e-001 8.3140107072e-001 -4.7091297570e-001
-8.3555831680e-002 4.6851001882e-001 8.7949803027e-001
-5.7076407666e+000 4.2766793626e+000 -1.8956920089e+000
1.6996828313e+003 5.2852534211e-002 -1.1891375875e-001
9.2172239474e-001 3.7271758213e-001 -1.0728201617e-001
-3.5655717234e-001 7.0544361303e-001 -6.1254901167e-001
-1.5262637347e-001 6.0285231426e-001 7.8311830352e-001
-5.4246149066e+000 4.4995359649e+000 -1.0476902294e+000
1.6764031210e+003 8.0833498133e-002 -1.7740822591e-001
9.0279858686e-001 4.0298127024e-001 -1.5020255458e-001
-4.0103319609e-001 6.6269979414e-001 -6.3245660601e-001
-1.5532896447e-001 6.3121714068e-001 7.5989330443e-001
-5.3225553269e+000 4.5078560189e+000 -1.1094705914e+000
1.6980944590e+003 4.5405118101e-002 -7.7148998996e-002
8.7893955307e-001 4.3902587765e-001 -1.8633716970e-001
-4.3681270336e-001 5.8417050025e-001 -6.8406102712e-001
-1.9146781516e-001 6.8264273628e-001 7.0522263886e-001
-5.0843685717e+000 4.5760086524e+000 -7.6943675936e-001
0 0 0
0 0 0
0 0 0
0 0 0
0 0 0
1.6939045087e+003 4.4978851695e-002 -1.0166453858e-001
8.6078638777e-001 4.5683543736e-001 -2.2438399632e-001
-4.6001972579e-001 5.0967817383e-001 -7.2705571382e-001
-2.1778118953e-001 7.2906072607e-001 6.4887734680e-001
-4.9734911715e+000 4.3364910203e+000 -6.0702051047e-001
1.6870852511e+003 4.2972092509e-002 -8.5282845911e-002
8.4933149532e-001 4.7272252764e-001 -2.3488172112e-001
-4.7369906365e-001 4.8623982419e-001 -7.3428879228e-001
-2.3290600712e-001 7.3491784931e-001 6.3690701568e-001
-4.9267726838e+000 4.1378949593e+000 -4.6239428380e-001
1.6789832436e+003 6.4624843186e-002 -1.3291597277e-001
8.1915727079e-001 4.9170325594e-001 -2.9531216333e-001
-4.8612419301e-001 3.2192290849e-001 -8.1243394190e-001
-3.0440866394e-001 8.0906955763e-001 5.0273433962e-001
-4.7136794571e+000 4.1413052828e+000 2.0191639206e-001
1.6783140104e+003 5.8442030346e-002 -1.2148600393e-001
7.9769660165e-001 4.8949823382e-001 -3.5223800307e-001
-5.0347439984e-001 2.1905312695e-001 -8.3578062689e-001
-3.3195430472e-001 8.4404218299e-001 4.2118776444e-001
-4.4561020431e+000 3.4467000208e+000 4.7311598233e-001
1.6807982966e+003 5.1474811731e-002 -1.0774704413e-001
7.6933499394e-001 4.9484482336e-001 -4.0404488352e-001
-5.0254166505e-001 7.8286679882e-002 -8.6100120246e-001
-3.9443065549e-001 8.6544774340e-001 3.0890882386e-001
-4.2239792109e+000 3.0117419463e+000 1.0096958046e+000
1.6860176661e+003 3.5897303335e-002 -7.7322660354e-002
7.5160791991e-001 4.8813408073e-001 -4.4363346803e-001
-5.1185215998e-001 7.4006314452e-003 -8.5904167360e-001
-4.1604434986e-001 8.7273727426e-001 2.5541485679e-001
-4.0210507894e+000 2.8188392570e+000 1.2327613971e+000
1.6832866997e+003 6.1896516512e-002 -1.4374143282e-001
7.2327060442e-001 5.0251885542e-001 -4.7366067256e-001
-5.1765488970e-001 -5.9450563376e-002 -8.5352155549e-001
-4.5707006898e-001 8.6251981453e-001 2.1713249777e-001
-3.8850095352e+000 2.5429063124e+000 1.5431722593e+000
1.6891282491e+003 4.4262341194e-002 -1.2144515723e-001
6.7680066473e-001 4.9598221193e-001 -5.4400597945e-001
-5.1004032352e-001 -2.1694924493e-001 -8.3234121219e-001
-5.3084812198e-001 8.4079407144e-001 1.0613953465e-001
-3.6246465791e+000 1.9166154574e+000 2.0475797493e+000
1.6909344897e+003 5.0195412569e-002 -1.2962158379e-001
6.5959150500e-001 4.7759161569e-001 -5.8038374818e-001
-4.8916662964e-001 -3.1349914888e-001 -8.1390066476e-001
-5.7066194458e-001 8.2074632638e-001 2.6840505568e-002
-3.5212312173e+000 1.5746269085e+000 2.2524354747e+000
1.6900133335e+003 4.9528604718e-002 -1.2743774103e-001
6.4107101498e-001 4.2362291958e-001 -6.3997779318e-001
-4.6267318064e-001 -4.5199107429e-001 -7.6265168765e-001
-6.1234098481e-001 7.8501445259e-001 -9.3759413163e-002
-3.5249659627e+000 1.0002442190e+000 2.1140577047e+000
0 0 0
0 0 0
0 0 0
0 0 0
0 0 0
1.6809801425e+003 5.5978000352e-002 -1.4186509854e-001
6.2559324815e-001 4.1744696755e-001 -6.5906837062e-001
-4.4944400933e-001 -4.9767285232e-001 -7.4183678430e-001
-6.3767795190e-001 7.6030241441e-001 -1.2372173742e-001
-3.5556105010e+000 6.7269802318e-001 2.1179258064e+000
1.7105393623e+003 3.9621813591e-002 -1.3873519337e-001
6.1206595855e-001 3.6923858508e-001 -6.9931261226e-001
-4.1155011613e-001 -6.0639028816e-001 -6.8038027627e-001
-6.7527902699e-001 7.0423979277e-001 -2.1919067040e-001
-3.6413983736e+000 2.0640626538e-001 1.9203010326e+000
1.6937683601e+003 4.3472479309e-002 -1.3053574762e-001
6.0132344491e-001 3.2958040326e-001 -7.2786459756e-001
-3.9570367875e-001 -6.6856204790e-001 -6.2963750422e-001
-6.9413882849e-001 6.6663449197e-001 -2.7160585577e-001
-3.6307450352e+000 -2.3948578868e-001 1.8631199324e+000
1.6839597293e+003 4.1402832317e-002 -1.3408503096e-001
5.6434476192e-001 3.0470349312e-001 -7.6724883250e-001
-3.4872305067e-001 -7.5441221631e-001 -5.5610650222e-001
-7.4826948597e-001 5.8139314509e-001 -3.1949145093e-001
-3.6022073828e+000 -4.7770889914e-001 2.0695600508e+000
0 0 0
0 0 0
0 0 0
0 0 0
0 0 0
0 0 0
0 0 0
0 0 0
0 0 0
0 0 0
0 0 0
0 0 0
0 0 0
0 0 0
0 0 0
0 0 0
0 0 0
0 0 0
0 0 0
0 0 0
0 0 0
0 0 0
0 0 0
0 0 0
0 0 0
0 0 0
0 0 0
0 0 0
0 0 0
0 0 0
0 0 0
0 0 0
0 0 0
0 0 0
0 0 0
0 0 0
0 0 0
0 0 0
0 0 0
0 0 0
0 0 0
0 0 0
0 0 0
0 0 0
0 0 0
0 0 0
0 0 0
0 0 0
0 0 0
0 0 0
0 0 0
0 0 0
0 0 0
0 0 0
0 0 0
0 0 0
0 0 0
0 0 0
0 0 0
0 0 0
0 0 0
0 0 0
0 0 0
0 0 0
0 0 0
0 0 0
0 0 0
0 0 0
0 0 0
0 0 0
0 0 0
0 0 0
0 0 0
0 0 0
0 0 0
0 0 0
0 0 0
0 0 0
0 0 0
0 0 0
0 0 0
0 0 0
0 0 0
0 0 0
0 0 0
0 0 0
0 0 0
0 0 0
0 0 0
0 0 0
0 0 0
0 0 0
0 0 0
0 0 0
0 0 0
0 0 0
0 0 0
0 0 0
0 0 0
0 0 0
0 0 0
0 0 0
0 0 0
0 0 0
0 0 0
0 0 0
0 0 0
0 0 0
0 0 0
0 0 0
0 0 0
0 0 0
0 0 0
0 0 0
0 0 0
0 0 0
0 0 0
0 0 0
0 0 0
0 0 0
0 0 0
0 0 0
0 0 0
0 0 0
0 0 0
0 0 0
0 0 0
0 0 0
0 0 0
0 0 0
0 0 0
0 0 0
0 0 0
0 0 0
0 0 0
0 0 0
0 0 0
0 0 0
0 0 0
0 0 0
0 0 0
0 0 0
0 0 0
0 0 0
0 0 0
0 0 0
0 0 0
0 0 0
0 0 0
0 0 0
0 0 0
0 0 0
0 0 0
0 0 0
0 0 0
0 0 0
0 0 0
0 0 0
0 0 0
0 0 0
0 0 0
0 0 0
0 0 0
0 0 0
0 0 0
7.4801137856e+000 -2.1039217110e+000 -1.0644121228e+000
113 107 95
3 1 79 198.2000 436.9400 2 65 166.3700 472.8400 3 27 180.2600 505.1500
7.4845205526e+000 -2.1509178550e+000 -9.7090388473e-001
109 95 79
2 1 80 204.2600 428.1400 2 66 170.8300 461.6800
7.5076893460e+000 -2.1247188195e+000 -1.0362377658e+000
111 103 80
2 1 81 208.8900 431.8900 2 67 176.7700 466.7900
7.5369537774e+000 -2.1372222729e+000 -1.0520860864e+000
107 96 75
2 1 82 218.3400 426.2000 2 68 185.6100 460.8200
8.8940074730e+000 -2.0106150165e+000 -1.3542355858e+000
188 174 126
2 1 85 639.9301 443.2500 2 763 614.9800 458.4300
7.3287186090e+000 -2.2953392971e+000 -9.8813036359e-001
104 94 92
2 1 122 149.0300 376.5100 2 93 112.1400 412.1800
7.3476040784e+000 -2.3718146949e+000 -8.9856028577e-001
138 137 133
2 1 123 159.0500 355.8600 2 116 120.0100 388.0600
7.9527897580e+000 -2.5107380105e+000 -9.9676420789e-001
73 54 37
2 1 172 363.4399 300.7800 2 175 323.1899 321.2300
6.3359484333e+000 -2.6836025550e+000 -2.7210822388e-001
76 68 59
2 1 189 -224.5800 279.6100 2 829 -277.3500 314.3000
6.5058025316e+000 -2.7540070911e+000 -1.6828910366e-001
110 97 88
2 1 192 -158.2800 256.2000 2 208 -212.6300 282.9700
6.0557799891e+000 -2.7986460827e+000 -2.8083368308e-001
71 60 60
3 1 219 -337.6900 232.5300 2 861 -395.0100 273.5900 3 789 -400.6100 308.3900
6.1129969756e+000 -2.8356237118e+000 -2.0006495310e-001
124 124 114
2 1 220 -321.0200 221.3200 2 863 -377.5200 257.8300
6.1977137894e+000 -2.8005869011e+000 -2.0104910214e-001
98 95 82
2 1 224 -285.4100 235.6300 2 865 -341.4700 270.4900
8.0326637144e+000 -2.7671229047e+000 -9.5465595894e-001
97 76 52
2 1 270 393.9600 213.6800 2 911 346.8400 229.9300
6.0263827582e+000 -2.9847156361e+000 -1.1663677449e-001
149 145 133
2 1 309 -363.6200 162.2300 2 922 -423.9400 197.4100
6.1581232627e+000 -2.9312365765e+000 -5.2151626944e-002
116 113 99
2 1 311 -312.1000 187.2100 2 252 -371.8600 217.4700
6.1581232627e+000 -2.9312365765e+000 -5.2151626944e-002
116 113 99
2 1 312 -312.1000 187.2100 2 253 -371.8600 217.4700
7.6869639546e+000 -2.9065597609e+000 -6.4174949674e-001
91 73 59
2 1 326 294.7800 174.5400 2 932 242.1600 188.3400
6.2800051170e+000 -3.0333899473e+000 2.5437526041e-002
92 86 74
2 1 362 -263.7100 145.3000 2 283 -326.1100 169.5400
6.2480167971e+000 -3.0754160367e+000 7.0928686361e-002
91 89 77
4 1 363 -281.0100 127.7700 2 310 -343.8900 151.4100 3 227 -355.2200 173.0900 4 378 -349.9200 85.4000
6.4124031845e+000 -3.1573287212e+000 3.1506860271e-002
78 70 59
2 1 396 -206.5400 91.1000 2 336 -269.3600 111.2400
5.9950018584e+000 -3.1745646106e+000 -5.0842094763e-002
94 91 74
3 1 418 -382.2500 82.3300 2 328 -446.4900 116.8300 3 240 -457.9800 146.1500
9.0022200636e+000 -3.1462682916e+000 -8.5206212093e-001
131 114 71
2 1 445 745.5100 82.7900 2 380 681.6400 76.2700
6.5378321630e+000 -3.2657261772e+000 1.0554561087e-001
105 103 90
2 1 473 -153.9700 43.8400 2 401 -219.3900 58.1900
7.8772043082e+000 -3.3367931929e+000 -6.0617996350e-001
85 70 65
2 1 526 367.4200 14.7400 2 1075 302.6700 23.6700
8.1933186404e+000 -3.3343927878e+000 -1.6258725334e-001
157 166 165
2 1 532 541.2000 14.0900 2 434 469.9700 -0.3100
6.3946965497e+000 -3.3953277970e+000 1.5196576574e-001
63 54 46
2 1 545 -220.9900 -14.3200 2 1070 -288.0100 2.0200
7.4457247273e+000 -3.4167229972e+000 -6.0135098630e-001
76 61 56
2 1 550 207.3400 -15.2200 2 1073 140.7500 3.1900
7.9633836500e+000 -3.6077719825e+000 -4.4049807900e-001
98 86 76
3 1 592 415.0400 -90.8600 2 1149 340.7800 -87.0400 3 416 317.0200 -80.1300
6.6274497068e+000 -3.6003772999e+000 2.6547482847e-001
86 73 51
2 1 608 -116.9300 -111.2800 2 1164 -193.0800 -102.9300
6.6628833126e+000 -3.6472536902e+000 2.7650340959e-001
85 70 46
2 1 631 -100.7800 -133.5000 2 1166 -178.0600 -125.9800
7.4398692186e+000 -3.8370934961e+000 -9.0219615251e-001
62 43 29
2 1 645 188.9900 -158.9300 2 501 118.0699 -130.2400
7.9514791918e+000 -3.7764300872e+000 -5.1392133524e-001
79 70 62
7 1 648 401.5000 -153.3900 2 1196 324.9301 -144.6900 3 479 297.4000 -134.0200 4 2133 280.2000 -210.8500 5 1524 344.7900 -253.6000 6 2168 355.2500 -205.4200 8 1431 190.0800 -236.4500
7.6250309081e+000 -2.4158063940e+000 -8.9296573890e-001
78 60 45
4 1 981 256.2500 340.1800 2 1430 217.9000 366.4800 3 1404 225.7400 388.2000 4 1723 246.1899 312.7500
6.4797881482e+000 -2.6580370415e+000 -2.8109706297e-001
117 109 98
6 1 999 -166.4600 288.6200 2 817 -217.6600 321.4300 4 1086 -204.5800 268.5700 5 1086 -120.0100 264.9300 6 1756 -69.7000 297.5700 8 1045 -182.0100 214.1600
6.2594155735e+000 -2.7510552755e+000 -2.1797285076e-001
83 72 60
2 1 1022 -258.7200 255.1400 2 827 -313.6900 289.4700
6.3319057374e+000 -2.7154867812e+000 -2.1247705066e-001
67 57 48
2 1 1023 -228.7700 270.0100 2 1456 -283.2200 302.8100
6.3187319642e+000 -2.7283591534e+000 -2.1059269413e-001
161 155 141
2 1 1024 -234.1300 264.7800 2 828 -289.2600 297.7900
6.1039176823e+000 -2.7527150682e+000 -2.8502318909e-001
86 81 78
3 1 1056 -318.5600 250.9400 2 1453 -373.7300 291.5500 3 1435 -378.5800 325.2100
6.2292822945e+000 -2.8209608232e+000 -1.2259477473e-001
70 66 55
2 1 1058 -277.8900 231.1200 2 868 -333.1200 262.3400
6.2182434459e+000 -2.8454273191e+000 -8.6059077562e-002
88 83 77
3 1 1059 -284.0500 222.4700 2 867 -341.9200 252.7700 3 1510 -348.4800 279.0600
7.1244390479e+000 -2.5979784175e+000 -1.6702777208e+000
169 145 112
3 1 1067 65.4900 241.2200 2 836 22.7000 294.5600 3 778 27.7800 339.7500
8.1806646796e+000 -2.6525122455e+000 -1.0382104969e+000
183 187 174
6 1 1073 437.1100 249.3800 2 1521 393.1899 265.4900 3 1522 396.7200 282.2100 4 1808 410.6801 203.2300 5 1898 527.0000 182.9800 6 1872 554.1500 207.4900
7.2742743344e+000 -2.7908109461e+000 -6.3312088491e-001
135 155 150
3 1 1092 142.0800 218.4800 2 1542 92.2700 240.6600 3 1519 89.7900 262.3700
7.2732935420e+000 -2.7912476335e+000 -6.2519177106e-001
135 155 150
4 1 1093 142.0800 218.4800 2 1541 92.2700 240.6600 3 1518 89.7900 262.3700 4 1816 100.0000 184.0200
7.3200830285e+000 -2.7931127040e+000 -6.2240880130e-001
87 80 70
5 1 1094 159.0300 217.4800 2 1545 109.4301 239.3900 4 1819 118.2000 180.9500 5 1893 215.7600 164.2500 6 1867 249.0400 193.4100
7.8646362979e+000 -2.7723714794e+000 -8.3288665679e-001
92 73 56
2 1 1102 345.2800 216.5400 2 1554 297.0400 232.8400
5.9179903997e+000 -2.9854451323e+000 -2.0105858046e-001
150 150 132
2 1 1118 -401.7000 159.3200 2 920 -462.1200 199.6700
5.9935923676e+000 -2.9831695730e+000 -1.4405156127e-001
150 148 135
2 1 1120 -375.1500 162.0200 2 921 -435.4400 198.8500
7.7281814483e+000 -2.8778989068e+000 -6.9075555957e-001
93 76 60
3 1 1134 306.2000 184.1000 2 931 255.0400 196.9200 3 885 251.3101 212.6800
5.6487312249e+000 -3.0389818253e+000 -4.6168306103e-001
114 111 114
2 1 1150 -484.8100 130.9900 2 940 -545.0300 184.1500
5.9026861668e+000 -3.0400362770e+000 -2.0423071144e-001
140 136 124
3 1 1155 -407.8600 136.4900 2 943 -468.8100 177.3800 3 874 -477.6500 213.0900
6.0968572838e+000 -3.0400664672e+000 -1.7359645656e-002
110 102 87
3 1 1158 -341.0500 141.2200 2 1584 -403.5100 171.9800 3 879 -413.1300 198.2500
5.7375072354e+000 -3.1034730046e+000 -3.3713327088e-001
150 148 133
6 1 1166 -462.3700 106.9200 2 942 -524.2900 156.5600 3 1548 -532.2200 199.2300 4 1835 -522.1400 144.9100 5 1879 -474.6400 162.0100 6 1851 -411.7300 214.4000
5.9670671472e+000 -3.1364858387e+000 -6.6603835444e-002
108 105 98
2 1 1169 -392.9800 98.8600 2 305 -456.7400 133.4200
6.0365430703e+000 -3.1100458318e+000 -4.0600778469e-002
101 97 85
3 1 1173 -365.0500 110.3900 2 963 -428.1600 143.1500 3 898 -439.8800 171.7500
6.1181849846e+000 -3.0832215005e+000 6.9454219385e-004
110 103 85
2 1 1174 -333.2100 123.1000 2 308 -396.2100 151.9400
6.0907417313e+000 -3.1202927662e+000 1.3831169285e-002
129 126 111
4 1 1175 -345.2600 106.9700 2 966 -409.9200 136.4700 3 899 -421.0300 162.6400 4 1244 -415.9300 83.9700
6.2203227788e+000 -3.1191532811e+000 6.8559797835e-002
127 122 113
3 1 1178 -292.4300 108.5200 2 309 -357.1300 132.7800 3 243 -369.2600 154.6500
6.2681000927e+000 -3.1462073098e+000 4.6643014387e-002
105 102 88
3 1 1179 -270.8100 96.1200 2 985 -334.0000 120.0600 3 924 -346.6400 141.2800
6.5277629910e+000 -3.0927292922e+000 5.1320811180e-002
87 77 65
4 1 1186 -156.4200 119.0900 2 969 -218.0900 137.1200 4 1254 -227.2700 60.4000 7 604 -187.0400 -108.2900
9.1084029225e+000 -3.0691191180e+000 -5.8161599121e-001
178 161 105
2 1 1202 831.9000 114.9100 2 347 767.2000 96.0500
6.0163575626e+000 -3.1637622384e+000 -2.6526606006e-002
121 115 101
7 1 1212 -376.0700 87.6800 2 977 -439.9400 118.9700 3 917 -451.0900 149.4000 4 373 -444.6700 75.8400 5 380 -389.9500 63.5700 6 352 -332.1500 112.2100 9 255 -481.6800 6.1700
6.2692196922e+000 -3.2289822534e+000 6.5535892683e-002
76 67 60
4 1 1219 -271.1400 60.1100 2 1658 -336.2000 82.8500 3 939 -350.0000 103.7800 4 441 -348.0200 20.9400
6.4018641559e+000 -3.1855298142e+000 1.1535845493e-001
110 101 90
2 1 1221 -214.7900 79.7500 2 986 -279.8800 97.3000
6.5047843693e+000 -3.1861946024e+000 1.3275554337e-001
75 67 57
2 1 1223 -169.3600 79.6100 2 987 -234.3200 93.8800
8.1678228532e+000 -3.1903560239e+000 -2.5641827528e-001
96 81 65
3 1 1230 518.4600 72.7900 2 1669 453.0200 62.1100 3 1691 437.1500 56.0100
9.1194425776e+000 -3.1582948603e+000 -7.8980296404e-001
121 103 70
2 1 1233 796.8800 79.3100 2 1027 732.4600 67.9300
6.1471367652e+000 -3.2381634561e+000 1.0172768696e-002
86 84 73
2 1 1244 -320.3800 55.5700 2 1005 -387.2400 83.3400
6.2312316735e+000 -3.2782858168e+000 5.5774297362e-002
114 110 99
6 1 1249 -287.8200 37.9800 2 1012 -353.9700 62.4200 3 962 -367.3200 85.2900 4 1305 -365.8600 3.9000 5 1272 -308.4600 -21.2800 6 431 -256.1500 28.5600
6.2336551082e+000 -3.2440314540e+000 5.7086807815e-002
140 138 126
6 1 1250 -287.2000 52.9400 2 1006 -352.0900 77.5500 3 1624 -365.5400 99.9600 4 1304 -362.5200 17.9000 5 2039 -304.5500 -7.4900 6 1313 -253.0600 41.0500
6.2336934427e+000 -3.2440847313e+000 5.6642476609e-002
140 138 126
7 1 1251 -287.2000 52.9400 2 1007 -352.0900 77.5500 3 1625 -365.5400 99.9600 4 1303 -362.5200 17.9000 5 2038 -304.5500 -7.4900 6 1312 -253.0600 41.0500 7 601 -327.2600 -125.2700
6.2609093864e+000 -3.3017890000e+000 8.8168836165e-002
97 90 80
2 1 1252 -276.6800 27.8900 2 1037 -342.9200 49.8600
6.5264703971e+000 -3.2822372024e+000 1.0262356673e-001
128 143 134
3 1 1255 -158.5900 36.3400 2 1040 -224.8600 51.4800 3 963 -240.7100 66.8600
6.6023236735e+000 -3.2398180406e+000 9.5083128313e-002
100 96 89
2 1 1257 -124.5300 55.2200 2 1018 -190.0400 68.4600
8.2135445350e+000 -3.2431821753e+000 -1.5863777803e-001
180 178 166
3 1 1269 550.9900 51.8100 2 1695 481.6000 36.3800 3 1039 462.6500 26.7100
7.2965570921e+000 -3.4548715408e+000 -6.6980840616e-001
42 27 24
2 1 1310 147.0800 -28.1300 2 1745 84.3400 -5.4600
7.4995203734e+000 -3.4674795845e+000 -7.1241178203e-001
54 35 29
2 1 1314 220.2600 -32.3900 2 1097 155.2400 -12.1100
8.0038485297e+000 -3.4611662955e+000 -1.0185850018e+000
82 69 61
2 1 1320 376.2900 -26.1700 2 1101 313.6100 -7.6000
7.8840475434e+000 -3.5173354873e+000 -6.0876823439e-001
54 41 34
3 1 1340 370.1600 -52.3100 2 1122 299.8199 -43.5100 3 1059 279.6700 -29.6300
7.5070111303e+000 -3.6146362569e+000 -7.3097587916e-001
55 35 32
2 1 1365 221.7400 -85.4700 2 1118 153.5100 -64.0600
7.5070111303e+000 -3.6146362569e+000 -7.3097587916e-001
55 35 32
2 1 1366 221.7400 -85.4700 2 1119 153.5100 -64.0600
7.5370388730e+000 -3.6375504734e+000 -7.3653891543e-001
56 35 32
2 1 1367 232.4399 -93.6600 2 1143 163.2800 -72.4500
7.6471643972e+000 -3.6958290153e+000 -7.8697600955e-001
46 28 26
2 1 1393 269.0900 -113.2000 2 1146 198.3400 -92.2600
7.9384400277e+000 -3.7428357167e+000 -5.4948825925e-001
35 26 19
2 1 1418 394.7700 -138.7200 2 1172 317.9399 -129.8400
7.3337320488e+000 -3.9068942810e+000 -8.7170030427e-001
71 45 30
2 1 1442 152.7200 -184.6200 2 1193 81.0601 -154.2500
7.3770866012e+000 -3.8494420030e+000 -7.8525335473e-001
62 39 25
2 1 1444 172.0601 -168.1600 2 1839 99.6600 -141.0300
7.5824570723e+000 -3.8744076631e+000 -8.4531625111e-001
78 64 61
4 1 1447 241.5200 -174.3100 2 522 168.1100 -149.2400 3 1148 146.1600 -122.9900 4 1498 132.6801 -177.9400
6.7829883348e+000 -3.7967114378e+000 2.2705415974e-001
70 56 44
2 1 1468 -45.1800 -199.6300 2 537 -124.7300 -191.4300
9.1769219367e+000 -1.9772617384e+000 -6.8425286235e-001
157 144 92
2 1 1658 840.7600 514.9500 2 1384 818.5400 504.3500
5.9897964893e+000 -2.2412183311e+000 -2.1558837212e-001
78 61 69
2 1 1675 -371.4300 468.1900 2 1364 -421.3300 516.2900
7.3893251749e+000 -2.1268832161e+000 -1.0517535304e+000
81 78 72
3 1 1686 167.5500 430.0200 2 1388 135.0000 467.8000 3 1963 147.9100 500.6500
7.4030794685e+000 -2.3070762300e+000 -9.1838902744e-001
66 57 48
3 1 1706 177.6500 377.1900 2 1404 140.3101 409.9400 3 1974 150.0300 437.0100
7.4033137008e+000 -2.4100086388e+000 -8.1843862189e-001
101 92 82
3 1 1707 181.5800 347.4400 2 1420 142.0500 376.3600 4 2276 170.5699 325.9700
7.5426154937e+000 -2.4011375575e+000 -8.7121703824e-001
77 60 48
4 1 1709 228.3500 347.3400 2 1426 190.6899 374.2500 3 1985 197.4399 396.7500 4 2282 218.8600 322.8300
7.5421796700e+000 -2.4017228928e+000 -8.6372035839e-001
77 60 48
5 1 1710 228.3500 347.3400 2 1427 190.6899 374.2500 3 1986 197.4399 396.7500 4 2281 218.8600 322.8300 6 2294 375.0699 340.9900
7.6649741522e+000 -2.3640968204e+000 -9.2719555585e-001
75 56 42
3 1 1711 269.1300 355.3300 2 1408 230.8101 383.9400 4 2284 262.9600 329.8700
7.6945353153e+000 -2.3759735209e+000 -9.2367819108e-001
100 84 69
2 1 1712 279.1500 352.5400 2 1431 242.0699 377.4900
7.6945353153e+000 -2.3759735209e+000 -9.2367819108e-001
100 84 69
2 1 1713 279.1500 352.5400 2 1432 242.0699 377.4900
7.0940913268e+000 -2.3997120079e+000 -8.8972369586e-001
167 144 103
2 1 1721 69.5300 346.8600 2 1402 29.3700 384.0000
7.0940913268e+000 -2.3997120079e+000 -8.8972369586e-001
167 144 103
2 1 1722 69.5300 346.8600 2 1403 29.3700 384.0000
7.5107167828e+000 -2.4902745492e+000 -8.4372484125e-001
77 59 47
3 1 1729 218.9100 317.1500 2 1446 177.9500 342.9400 3 1425 182.9301 366.0200
8.8605954615e+000 -2.3820497074e+000 -1.2213373834e+000
150 133 83
3 1 1741 645.8800 331.2300 2 1450 609.8400 340.2100 5 1822 778.6500 236.7600
6.3584675480e+000 -2.6336669997e+000 -3.2372533712e-001
55 42 39
3 1 1742 -211.9400 296.3300 2 2025 -264.9600 333.1900 3 1993 -267.7100 363.3700
7.5090828818e+000 -2.5781983853e+000 -7.6993199878e-001
77 59 47
2 1 1744 222.0400 289.7300 2 1462 178.7300 312.8500
6.5369629304e+000 -2.6966435865e+000 -2.6407743063e-001
113 103 93
5 1 1756 -142.8000 274.3500 2 2040 -194.6100 303.5500 3 2011 -198.2800 329.2500 5 2769 -99.9300 240.0200 6 2322 -50.4500 272.5000
6.5657916819e+000 -2.7424444518e+000 -2.1966218464e-001
62 41 38
6 1 1757 -131.1300 257.2800 2 1457 -186.1300 284.8400 3 2028 -190.2100 309.2600 4 2311 -177.7000 225.1100 5 2411 -91.7100 210.7000 6 2666 -45.2600 245.4400
7.5973691456e+000 -2.6664723468e+000 -7.7351209749e-001
72 58 46
3 1 1772 253.5300 257.6100 2 1514 208.6300 277.7300 3 2037 208.9500 297.3500
7.7901634184e+000 -2.6047234702e+000 -8.8152904521e-001
98 79 62
2 1 1780 315.7200 273.9900 2 1485 271.7500 294.2300
8.9803984501e+000 -2.5982464777e+000 -1.0945361041e+000
141 119 70
2 1 1784 701.6300 265.5200 2 889 658.8199 266.8600
6.1636293401e+000 -2.8141240677e+000 -2.2286198103e-001
141 143 129
2 1 1791 -298.2800 229.0200 2 1490 -354.2800 265.2000
6.2571757692e+000 -2.7730747887e+000 -1.8729934585e-001
80 70 61
3 1 1794 -260.9500 247.5300 2 2053 -316.3900 281.0100 3 2021 -323.2700 309.4300
6.4124074233e+000 -2.8539330459e+000 3.3595045135e-003
64 48 33
3 1 1799 -205.0200 223.2300 2 1535 -262.3800 244.3600 3 2051 -270.4600 265.1400
6.4747599281e+000 -2.7813522093e+000 -1.2770710839e-001
68 56 48
2 1 1800 -173.3200 247.1000 2 2056 -227.4300 272.8600
7.2950763199e+000 -2.7798256622e+000 -6.3529379022e-001
70 61 56
15 1 1806 148.9600 223.2800 2 1544 100.4200 244.5800 3 1520 97.9700 261.6500 4 1817 108.7800 185.1400 5 2431 207.6600 174.9800 7 957 174.3800 43.4000 8 2184 130.6400 130.2600 9 1758 90.1400 53.4700 10 1589 85.5601 77.2800 12 1577 65.1700 10.0400 13 2112 38.0200 -74.3200 14 1220 29.6400 78.5700 15 1566 83.3800 -112.3500 16 1169 100.6899 -123.3300 18 634 115.1000 -205.9400
7.4969574994e+000 -2.7130855544e+000 -6.9927298113e-001
74 60 47
3 1 1808 221.0900 244.5700 2 1509 174.8900 263.2000 3 1474 173.3700 283.8200
7.4907397835e+000 -2.7532909521e+000 -7.3948339487e-001
90 76 62
2 1 1809 217.4500 227.3100 2 2082 168.2600 249.2400
6.0016131312e+000 -2.9054299138e+000 -1.7828504963e-001
95 91 82
4 1 1818 -370.3900 192.8600 2 2070 -427.5000 232.0000 3 2044 -434.9900 265.2200 4 2323 -422.7600 194.4600
6.1430048635e+000 -2.8451427047e+000 -1.6822526901e-001
86 88 77
2 1 1823 -309.9500 218.6800 2 1489 -368.2200 253.6800
5.8741742190e+000 -2.9796120711e+000 -2.5813880355e-001
154 152 139
2 1 1842 -413.8800 159.8900 2 2086 -475.3000 203.1300
6.3981781378e+000 -2.9433751313e+000 4.6012421161e-002
90 81 72
6 1 1845 -213.3100 184.9000 2 1563 -273.6700 206.4100 3 2070 -283.0200 225.3600 4 2363 -274.9900 132.6900 5 2820 -200.8200 106.4800 6 2390 -151.2000 143.0000
6.1227602131e+000 -3.0439503226e+000 7.7546295964e-003
144 140 123
2 1 1869 -331.5600 140.3800 2 1585 -394.4900 169.1000
6.2209632599e+000 -3.0440111685e+000 4.6802663384e-002
94 86 75
3 1 1871 -291.7700 141.6000 2 1588 -353.6700 165.8400 3 1554 -364.0900 188.7600
6.2332438518e+000 -3.0643085964e+000 6.3308255610e-002
136 137 123
6 1 1872 -288.2800 132.1100 2 1589 -350.4100 157.1000 3 1583 -361.6900 178.7100 4 1878 -355.2200 92.1400 5 1969 -289.7300 68.2100 6 1942 -236.5000 111.2200
6.3442597600e+000 -3.0262908221e+000 8.2469847174e-002
63 54 45
4 1 1873 -238.3400 149.9000 2 1590 -300.5300 170.9500 3 1555 -312.6000 189.3000 4 1880 -305.7600 98.3800
6.4224832073e+000 -3.0242656391e+000 5.7810859643e-002
54 39 32
5 1 1876 -202.9900 150.4000 2 1592 -264.4700 169.5000 3 2110 -275.8500 187.1200 4 1882 -268.9600 95.7000 5 1972 -198.0700 66.1400
6.4425566096e+000 -3.0305116429e+000 4.9845100937e-002
72 61 55
5 1 1877 -193.7200 146.5100 2 949 -255.4100 166.6400 3 900 -265.9700 184.3200 4 1222 -260.5200 92.6400 6 1256 -141.0700 101.8000
6.5309492854e+000 -3.0667378952e+000 5.4373998663e-002
56 46 37
2 1 1878 -155.1000 131.2400 2 1621 -216.5400 147.8400
6.5486274650e+000 -3.0735355475e+000 4.2474551637e-002
91 77 64
6 1 1879 -146.1400 127.8600 2 1622 -208.5100 145.2900 3 1589 -220.2200 159.2800 4 1912 -216.7800 67.9300 5 1995 -143.6700 33.8300 6 1969 -99.5800 73.4500
7.2562742209e+000 -2.9553385185e+000 -8.9638973162e-001
40 28 28
2 1 1884 125.9500 149.8800 2 1598 74.3400 179.9700
5.9945732139e+000 -3.1101232658e+000 -4.7820212250e-002
93 89 78
2 1 1898 -382.5700 110.4700 2 2146 -446.6000 143.9400
5.9961318400e+000 -3.1090601616e+000 -5.0704955684e-002
93 89 78
9 1 1899 -382.5700 110.4700 2 2145 -446.6000 143.9400 3 2098 -455.2900 175.2600 4 2692 -447.2500 101.7100 5 2813 -392.7900 92.5900 6 2698 -334.2100 140.1400 7 1680 -404.6900 -22.8500 8 2522 -462.0900 87.5700 9 2056 -482.3100 31.2100
6.0153126932e+000 -3.1302839423e+000 -2.7113869413e-002
132 128 117
4 1 1900 -375.2700 101.9300 2 1615 -439.7400 134.6400 3 2101 -450.4300 163.6300 4 2404 -443.3700 88.9500
6.0760327706e+000 -3.1409740834e+000 3.7519923827e-003
83 78 67
6 1 1902 -351.6800 97.4800 2 1616 -415.3900 128.1300 3 1601 -426.5300 155.4500 4 1245 -420.7000 76.9700 5 1208 -365.1900 62.0400 6 1253 -309.1000 109.4000
6.4573775560e+000 -3.1156127942e+000 6.8305282538e-002
71 61 52
4 1 1906 -187.6600 110.0500 2 1620 -251.2600 127.9600 3 1609 -263.5500 144.8500 4 1930 -259.9700 54.0300
7.6190460186e+000 -3.0623813847e+000 -5.8594989434e-001
93 78 71
8 1 1908 272.2800 118.8400 2 2158 217.1200 128.0100 3 2129 207.5000 144.0700 4 2412 209.2300 62.9300 5 2506 301.3700 32.8200 6 2436 326.4100 63.7500 7 1403 254.7800 -90.6900 10 2073 134.5800 -51.5700
7.7843854333e+000 -3.1091048312e+000 -5.9504407405e-001
68 54 45
8 1 1909 334.2100 100.2600 2 2190 276.0400 110.0600 3 2158 266.2800 121.6100 5 2523 358.5699 1.7800 6 1995 378.9301 31.7200 7 1028 305.8600 -123.2300 8 1881 244.0400 -39.1000 10 1719 178.3700 -81.2600
7.8512724219e+000 -3.0984616804e+000 -6.6695496843e-001
66 50 37
5 1 1912 353.4500 105.3100 2 1643 295.9000 109.9800 3 2131 285.8400 125.4500 4 2435 285.4900 43.4900 5 2525 380.5699 9.1000
7.8512724219e+000 -3.0984616804e+000 -6.6695496843e-001
66 50 37
5 1 1913 353.4500 105.3100 2 1642 295.9000 109.9800 3 2132 285.8400 125.4500 4 2434 285.4900 43.4900 5 2524 380.5699 9.1000
6.1318409659e+000 -3.1896919600e+000 2.1549754546e-002
104 98 84
6 1 1924 -329.1700 76.6500 2 1633 -393.7800 104.5900 3 1603 -406.2900 130.5500 4 1925 -400.8000 50.9800 5 1228 -344.4000 32.6400 6 1284 -288.2000 80.5200
6.1149878825e+000 -3.2016823942e+000 2.9842954888e-002
89 84 73
2 1 1925 -336.4800 71.7700 2 1632 -402.2700 99.5800
6.1004440386e+000 -3.2271064509e+000 1.1951260687e-002
142 139 122
6 1 1927 -342.2700 60.0800 2 1004 -407.4700 89.5200 3 936 -419.7200 115.9500 4 1278 -415.1200 39.4200 5 2011 -360.0700 21.7600 6 1285 -304.6800 71.0600
6.2126277058e+000 -3.1745199489e+000 3.4937153322e-002
135 132 114
3 1 1928 -294.4100 83.5500 2 1635 -358.3100 109.2100 3 921 -370.9600 132.1400
6.3046033582e+000 -3.2292047842e+000 6.1058954726e-002
136 133 122
6 1 1930 -256.5200 59.4800 2 1659 -321.4300 81.8500 3 1626 -334.8800 102.7700 4 1955 -330.8600 18.8900 5 2543 -270.5000 -9.4800 6 1986 -220.3100 37.5200
6.4311100977e+000 -3.1686439053e+000 7.5793115935e-002
103 94 85
11 1 1932 -201.2000 86.5900 2 1639 -264.8000 105.4600 3 1628 -278.2500 122.1200 4 1932 -275.5300 32.8200 5 2513 -209.1000 -0.4000 6 1989 -161.9100 43.9400 7 1409 -237.5100 -128.6000 8 1838 -299.8400 -32.9600 9 1401 -333.8500 -90.7500 10 1692 -345.3000 -56.7000 12 1696 -357.5700 -116.4600
7.4590452565e+000 -3.1688976672e+000 -6.6152562097e-001
36 27 22
2 1 1936 208.1801 77.0800 2 1641 150.6500 95.8300
7.7521724777e+000 -3.1946374999e+000 -5.8923398491e-001
45 27 23
2 1 1938 322.8300 67.8800 2 1665 261.3101 78.7200
6.2011807427e+000 -3.2907594763e+000 2.7819100117e-002
115 111 100
3 1 1957 -298.7000 32.9000 2 1683 -365.0100 58.0400 3 1653 -378.5600 83.2400
6.5244203915e+000 -3.2373672580e+000 8.2670677069e-002
112 108 96
3 1 1958 -158.7700 56.2100 2 1661 -224.0200 72.0100 3 1656 -238.9600 87.7800
7.5900767213e+000 -3.2483813667e+000 -6.5612707468e-001
51 33 29
5 1 1962 257.4100 47.6700 2 1663 197.1000 61.6700 3 1660 183.4500 82.8200 4 1966 182.2100 5.2200 5 2047 265.4301 -22.4100
6.1761800793e+000 -3.3041095884e+000 9.8294831082e-003
124 119 109
3 1 1983 -308.4000 26.7600 2 1681 -374.7200 54.1600 3 1650 -388.2900 79.4100
6.1925023652e+000 -3.3194631298e+000 3.2497321006e-002
55 52 44
3 1 1984 -303.4400 19.8000 2 1682 -369.0000 46.7700 3 1651 -383.6600 70.3300
6.2989391196e+000 -3.3602543853e+000 8.7331346445e-002
65 54 48
6 1 1986 -259.6700 1.1200 2 1701 -326.3400 24.5400 3 1675 -342.5800 44.7500 4 2486 -343.9900 -38.6300 5 2571 -287.6700 -68.6500 7 1049 -312.2100 -180.5400
6.3514424332e+000 -3.3556174827e+000 1.1458984218e-001
56 48 46
5 1 1987 -237.6300 3.6600 2 1702 -304.0900 23.8400 3 986 -320.9900 41.3100 4 1361 -322.4000 -43.3300 6 1367 -218.5900 -26.0500
6.3864089712e+000 -3.3132373356e+000 1.0342472303e-001
108 98 86
12 1 1988 -222.4100 22.0400 2 1686 -289.3100 40.2300 3 1655 -304.4000 59.7000 4 1983 -304.8300 -26.2700 5 2060 -243.9200 -60.6200 6 2025 -197.6300 -11.8000 7 1052 -272.4000 -179.1800 8 1896 -338.7600 -77.3000 9 1419 -370.8900 -127.8000 10 1182 -383.8600 -90.3400 12 1228 -394.9100 -143.6100 14 819 -439.7600 -44.5600
6.6181298222e+000 -3.3130618203e+000 8.3719739207e-002
81 66 59
2 1 1992 -117.5000 22.7500 2 1041 -183.8800 36.0500
6.6083265073e+000 -3.3504336386e+000 1.0108655560e-001
61 50 41
3 1 1993 -122.0900 6.2300 2 1071 -189.9900 18.8300 3 990 -206.7400 33.8800
6.6896009004e+000 -3.3211022938e+000 8.2374198653e-002
76 58 54
3 1 1994 -85.6800 19.3500 2 1042 -152.2700 30.3400 3 1679 -169.6400 44.3000
8.2021663692e+000 -3.3483853081e+000 -1.5336773484e-001
185 194 186
2 1 2000 546.2800 8.2000 2 1757 474.0699 -6.5800
6.3662228149e+000 -3.4433283493e+000 1.1830735539e-001
76 66 54
2 1 2011 -230.9400 -35.5400 2 1734 -300.6300 -16.6700
6.6633458123e+000 -3.3802820549e+000 8.2490877771e-002
45 31 27
4 1 2013 -96.7500 -6.5900 2 1072 -164.9600 5.0700 3 1701 -183.3200 19.4500 4 2037 -188.4100 -70.0800
7.0238739202e+000 -3.4328263564e+000 -5.1937228482e-001
80 58 47
2 1 2015 50.0400 -21.8900 2 1709 -14.4200 2.3800
7.5626026971e+000 -3.4311716285e+000 -8.3065222897e-001
73 58 51
2 1 2019 235.9399 -17.7900 2 1712 173.7500 4.1200
8.6499632646e+000 -3.4840503715e+000 -1.0671196063e+000
74 55 48
2 1 2025 591.8300 -33.6900 2 1758 522.9301 -25.0700
6.7136678046e+000 -3.4991285103e+000 8.1368323769e-002
47 28 22
3 1 2042 -75.0700 -59.6600 2 1770 -146.1900 -47.1000 3 1738 -165.4800 -33.1400
6.8506825546e+000 -3.4741545097e+000 1.0361465699e-002
44 22 16
2 1 2043 -14.1300 -47.1200 2 1743 -85.0300 -35.7500
6.8506825546e+000 -3.4741545097e+000 1.0361465699e-002
44 22 16
2 1 2044 -14.1300 -47.1200 2 1744 -85.0300 -35.7500
7.5822001821e+000 -3.5543778240e+000 -7.2150403752e-001
74 57 53
2 1 2053 249.4399 -63.7900 2 1774 182.6300 -44.5900
7.9263315245e+000 -3.5119217244e+000 -6.4493114304e-001
87 78 73
2 1 2054 382.1500 -49.9500 2 1780 312.2400 -39.6900
7.5670471839e+000 -3.5858677496e+000 -7.5657103269e-001
74 59 52
2 1 2066 242.1600 -74.4900 2 1777 174.3800 -53.6600
7.5847878640e+000 -3.6289333510e+000 -7.5263594375e-001
74 55 48
2 1 2069 248.4500 -90.0500 2 1799 180.0900 -69.5500
7.6218353911e+000 -3.6297358774e+000 -7.5028954011e-001
55 37 30
2 1 2072 262.0699 -90.4300 2 1144 193.2700 -70.6500
7.7284075343e+000 -3.7200160576e+000 -8.0514871420e-001
74 59 54
2 1 2092 295.8101 -121.0200 2 1817 226.3700 -101.5200
7.9723200356e+000 -3.7930974729e+000 -4.1418063898e-001
115 105 93
2 1 2117 421.1801 -163.6400 2 1853 340.5900 -159.0900
8.2107686731e+000 -3.7287749127e+000 -3.7467722568e-001
115 98 82
2 1 2120 518.3800 -140.0400 2 1855 438.2200 -142.9300
7.5870120034e+000 -3.8469371080e+000 -8.3907950963e-001
44 30 27
6 1 2137 243.5000 -165.3700 2 1845 171.5300 -139.9800 3 1812 148.1899 -114.8000 4 2101 134.1600 -170.0500 5 2168 194.6700 -186.0800 6 2134 213.9700 -133.5500
7.8912258476e+000 -3.8764119111e+000 -5.9628119552e-001
66 53 49
2 1 2138 373.1899 -186.9100 2 1878 292.4500 -173.8100
7.9296950670e+000 -3.9626287832e+000 -5.7737344671e-001
63 48 45
2 1 2153 388.5200 -219.9600 2 1899 306.1300 -207.3900
8.0248425823e+000 -3.9216328345e+000 -5.1743900963e-001
108 93 78
3 1 2155 430.1801 -207.6500 2 1901 348.2900 -199.7500 4 1562 292.2800 -262.7200
6.0552050340e+000 -3.8605666251e+000 4.6840556765e-001
64 60 63
2 1 2163 -405.7400 -248.7000 2 1906 -486.1900 -229.6800
7.9713341222e+000 -3.9918151439e+000 -5.7439095345e-001
70 51 45
2 1 2170 403.5000 -230.8500 2 1902 321.6000 -219.2500
7.9849508070e+000 -4.0172974672e+000 -5.8788110366e-001
104 84 73
2 1 2171 407.8000 -239.7100 2 1249 324.1700 -227.2900
6.9968330064e+000 -4.0422005103e+000 -2.8031837345e-001
159 131 91
2 1 2189 42.7500 -269.8500 2 2360 -36.5000 -246.6200
9.2304082631e+000 -4.2292182356e+000 -4.6764467134e-001
162 142 91
3 1 2215 894.5200 -326.7300 2 2384 785.8700 -340.0600 4 1629 691.0200 -435.8200
5.8103973176e+000 -2.4256980513e+000 -1.7133699838e-001
37 21 32
3 1 2274 -449.7100 395.2600 2 1996 -505.5400 444.6700 3 1960 -507.7100 483.2200
7.3117686806e+000 -2.3797493760e+000 -9.0051171216e-001
72 64 62
3 1 2284 145.8600 353.0900 2 2006 107.1300 385.7400 3 2356 114.4800 414.3900
7.3721278643e+000 -2.4031245264e+000 -8.3147450114e-001
65 58 50
9 1 2286 169.6500 348.7200 2 2015 130.7500 378.9300 3 1981 137.3300 405.5800 4 2275 158.8500 329.9100 5 2744 272.7900 330.1000 6 2628 312.3101 356.4300 7 1601 252.2300 193.5800 8 2452 224.8500 272.3900 9 2022 187.6700 184.9500
9.0142717341e+000 -2.3626141623e+000 -9.8454987235e-001
168 151 97
4 1 2287 731.3700 352.1200 2 2019 694.3400 350.0400 3 2003 707.5100 353.8700 4 2318 728.5000 251.7400
7.0463032354e+000 -2.4463666044e+000 -1.0226980151e+000
167 145 108
4 1 2290 50.1600 321.0000 2 2013 8.8300 363.7500 3 1978 14.7100 400.3000 4 2270 37.1200 339.9600
7.0463032354e+000 -2.4463666044e+000 -1.0226980151e+000
167 145 108
4 1 2291 50.1600 321.0000 2 2014 8.8300 363.7500 3 1979 14.7100 400.3000 4 2271 37.1200 339.9600
7.4414770016e+000 -2.4435152734e+000 -8.3029318506e-001
77 65 53
4 1 2294 195.0900 334.7700 2 2016 154.9100 361.1600 3 1984 160.4200 388.0500 4 2290 180.9500 311.2700
7.5362342088e+000 -2.4685331225e+000 -8.6078544005e-001
97 83 70
2 1 2295 227.0300 323.8400 2 2017 186.8300 349.8000
8.8486015051e+000 -2.4066820568e+000 -1.2613230605e+000
152 136 85
5 1 2296 635.0200 319.5400 2 2030 599.0601 331.2900 3 2016 610.9301 342.9200 4 2650 632.9600 259.1000 5 2773 767.2400 232.2500
9.0617575395e+000 -2.4561307917e+000 -7.8142379853e-001
147 134 82
2 1 2300 781.1500 332.2600 2 2031 739.5300 322.7100
6.3566925277e+000 -2.6014511704e+000 -3.3963799951e-001
78 65 60
3 1 2304 -213.0900 308.4800 2 2024 -264.8300 345.9900 3 1992 -264.9800 376.5000
6.9114730613e+000 -2.4943466530e+000 -1.0108442513e+000
67 39 35
2 1 2308 4.1500 306.3700 2 2012 -38.4400 349.5000
8.8418326914e+000 -2.4312441268e+000 -1.3414051944e+000
152 135 84
2 1 2310 623.2100 308.3400 2 2028 586.6300 320.5600
6.2967329452e+000 -2.7567048097e+000 -2.1788160897e-001
83 73 63
3 1 2314 -243.0100 252.5900 2 2036 -297.8500 286.2900 3 2024 -303.5100 314.5600
6.4759700349e+000 -2.7496276090e+000 -1.9122870162e-001
140 145 125
3 1 2317 -169.9500 256.8000 2 2448 -224.0300 285.0300 3 2380 -228.8900 309.0900
6.4759700349e+000 -2.7496276090e+000 -1.9122870162e-001
140 145 125
3 1 2318 -169.9500 256.8000 2 2449 -224.0300 285.0300 3 2381 -228.8900 309.0900
7.2294222983e+000 -2.5695567505e+000 -1.4996120080e+000
166 138 112
3 1 2322 99.4600 257.2200 2 2453 58.9700 304.6900 3 2372 65.7600 345.2400
6.1541534387e+000 -2.7685801645e+000 -2.4516360104e-001
109 105 96
3 1 2331 -300.4900 246.4400 2 2035 -355.9800 284.5700 3 2007 -361.5000 316.1400
6.1287433528e+000 -2.8121732298e+000 -2.5083912883e-001
130 132 121
2 1 2332 -310.6700 228.5100 2 2052 -366.8600 266.4100
6.1879947176e+000 -2.7705225584e+000 -2.6248682530e-001
80 70 68
3 1 2333 -285.8200 245.0000 2 2463 -340.7300 281.8800 3 2379 -345.6500 314.0400
7.4303948959e+000 -2.6944388876e+000 -6.7323821553e-001
75 59 46
4 1 2343 198.2500 251.9300 2 2062 150.6300 273.6500 5 2786 268.6200 196.4000 6 2668 301.9800 225.0800
6.0411398650e+000 -2.9841935921e+000 -1.2398143186e-001
148 144 132
3 1 2357 -357.6400 162.1300 2 2090 -416.3400 197.5100 3 2066 -425.3300 228.0300
6.0411398650e+000 -2.9841935921e+000 -1.2398143186e-001
148 144 132
3 1 2358 -357.6400 162.1300 2 2089 -416.3400 197.5100 3 2065 -425.3300 228.0300
6.1852531874e+000 -2.9496018356e+000 1.1485281773e-003
90 87 73
2 1 2359 -304.1500 181.3200 2 2093 -364.5100 209.0300
6.1676657782e+000 -2.9777506117e+000 1.2345504709e-002
91 85 73
4 1 2360 -312.5900 168.4900 2 2094 -373.4100 197.6500 3 2069 -382.8700 222.6400 4 2360 -375.1400 137.5600
6.2542132034e+000 -2.9910240738e+000 6.5886352832e-002
153 146 130
6 1 2361 -276.8800 165.6600 2 2469 -338.5900 189.0100 3 2412 -348.9000 210.3000 4 2699 -342.4300 120.7900 5 2819 -276.4500 97.8600 6 2705 -223.2400 138.6700
6.4180745309e+000 -2.9770710840e+000 5.3223576397e-002
106 97 84
6 1 2362 -204.8900 170.6900 2 2096 -264.9900 190.6200 3 1556 -275.0400 208.9600 4 1881 -268.6800 116.7600 5 2479 -195.7700 87.7400 6 2391 -146.9500 125.9900
6.5082811963e+000 -2.9861750423e+000 3.9781760975e-002
80 66 56
6 1 2364 -164.4200 165.3700 2 2124 -224.8800 184.9700 3 2081 -235.0800 201.0500 4 2382 -228.6800 107.4900 5 2482 -153.3900 75.7600 6 1949 -107.2400 113.7600
6.5752963402e+000 -2.9382302324e+000 -3.6856952294e-002
86 74 61
2 1 2365 -132.6400 184.1400 2 2471 -191.3600 203.5300
7.3446720162e+000 -2.8928252630e+000 -6.0266524503e-001
83 68 63
14 1 2370 169.2700 181.2800 2 2101 117.3000 201.1300 3 2085 112.3600 219.3500 4 2364 120.3101 142.0900 5 2822 214.9800 117.2800 6 2383 246.0699 156.1800 7 1367 178.6700 -5.4000 8 2228 129.2100 82.3500 9 1773 86.5400 10.3600 10 2017 79.6400 34.0200 12 1617 58.5900 -26.9100 13 2133 30.0000 -110.2300 14 1647 20.2200 45.7900 15 1249 70.7000 -137.8900
7.4113304302e+000 -2.9315688207e+000 -5.9938454419e-001
