# Bundle file v0.3
60 8011
0 0 0
0 0 0
0 0 0
0 0 0
0 0 0
1.6685012645e+003 5.0179871798e-002 -1.0878884560e-001
9.9998274904e-001 -3.9150210752e-003 -4.3788402721e-003
3.8248845646e-003 9.9978444102e-001 -2.0406904580e-002
4.4577898352e-003 2.0389803983e-002 9.9978216828e-001
-6.9756230836e+000 3.3824428661e+000 -3.7902368153e+000
1.7002877844e+003 1.0751352677e-002 4.3454614933e-004
9.9840219688e-001 5.5042452907e-002 1.2782082573e-002
-5.3297442524e-002 9.9243448949e-001 -1.1060364682e-001
-1.8773275614e-002 1.0974567166e-001 9.9378239654e-001
-6.9188165450e+000 3.7791535296e+000 -3.4081032961e+000
1.7065670964e+003 1.9257948758e-002 -1.7726464799e-002
9.9455120507e-001 1.0424893571e-001 2.4475188476e-004
-1.0229913146e-001 9.7639636662e-001 -1.9022361304e-001
-2.0069584058e-002 1.8916208568e-001 9.8174075862e-001
-6.7667236953e+000 4.0946868806e+000 -3.1761606293e+000
1.6757036785e+003 5.1489749847e-002 -1.0947423620e-001
9.8640485859e-001 1.6243843616e-001 -2.4883918865e-002
-1.6301736690e-001 9.4809746442e-001 -2.7301380193e-001
-2.0755554654e-002 2.7335865162e-001 9.6168823146e-001
-6.5279437597e+000 4.2071945937e+000 -2.8842949524e+000
1.6994002898e+003 3.6254136285e-002 -9.0055739876e-002
9.7208975511e-001 2.3046903391e-001 -4.3880889006e-002
-2.2972094151e-001 8.9705582433e-001 -3.7751706856e-001
-4.7642387017e-002 3.7706083387e-001 9.2496234006e-001
-6.0272735967e+000 4.4123870690e+000 -2.1273805321e+000
1.7092031020e+003 2.0367541090e-002 -3.8325619986e-002
9.6304370602e-001 2.5901069051e-001 -7.3893724294e-002
-2.6506558276e-001 8.6266714862e-001 -4.3075007549e-001
-4.7823186052e-002 4.3441783216e-001 8.9944098749e-001
-5.7942416138e+000 4.6342400803e+000 -2.1496511706e+000
1.7028133734e+003 3.6070017043e-002 -6.1402599739e-002
9.5170616420e-001 2.9415730495e-001 -8.7902542387e-002
-3.0021439463e-001 8.3176807882e-001 -4.6694023206e-001
-6.4239351431e-002 4.7077950571e-001 8.7990906503e-001
-5.7815456558e+000 4.3824948572e+000 -1.9663038075e+000
1.7013220936e+003 5.3986214733e-002 -1.1959126145e-001
9.2118763318e-001 3.6813607982e-001 -1.2605225588e-001
-3.6513199806e-001 7.0581366318e-001 -6.0704670072e-001
-1.3450638820e-001 6.0522962552e-001 7.8460508023e-001
-5.4880730574e+000 4.6267429599e+000 -1.0971756470e+000
1.6781411763e+003 8.2086233813e-002 -1.7800653149e-001
9.0157993125e-001 3.9836375204e-001 -1.6870076653e-001
-4.1017728270e-001 6.6320049831e-001 -6.2603489982e-001
-1.3750717917e-001 6.3361772395e-001 7.6132802101e-001
-5.3770144814e+000 4.6426962136e+000 -1.1540261182e+000
1.6998592926e+003 4.6681216740e-002 -7.7498616938e-002
8.7719271942e-001 4.3443269596e-001 -2.0445333374e-001
-4.4732340225e-001 5.8472573224e-001 -6.7675519345e-001
-1.7445545791e-001 6.8510148937e-001 7.0724906678e-001
-5.1309135289e+000 4.7194293250e+000 -8.0200428744e-001
0 0 0
0 0 0
0 0 0
0 0 0
0 0 0
1.6958473444e+003 4.6462120661e-002 -1.0301471850e-001
8.5838788132e-001 4.5222953437e-001 -2.4219556860e-001
-4.7169856538e-001 5.1018061127e-001 -7.1917745189e-001
-2.0166980096e-001 7.3157651147e-001 6.5124887658e-001
-5.0123628769e+000 4.4881564687e+000 -6.2764997108e-001
1.6890377303e+003 4.4384030725e-002 -8.6523839278e-002
8.4681029552e-001 4.6813352743e-001 -2.5251400733e-001
-4.8560646681e-001 4.8673413039e-001 -7.2613789717e-001
-2.1702230944e-001 7.3752348221e-001 6.3950014104e-001
-4.9622361870e+000 4.2932916669e+000 -4.7987262960e-001
1.6809576286e+003 6.6398064290e-002 -1.3532741198e-001
8.1556264930e-001 4.8710276147e-001 -3.1239152490e-001
-5.0034463752e-001 3.2238396528e-001 -8.0356942614e-001
-2.9071086799e-001 8.1166463438e-001 5.0664357544e-001
-4.7375260915e+000 4.3024526220e+000 2.1002463223e-001
1.6802085128e+003 6.0137651081e-002 -1.2333653481e-001
7.9297472419e-001 4.8490619786e-001 -3.6885914124e-001
-5.1855739451e-001 2.1935796765e-001 -8.2642622819e-001
-3.1982700856e-001 8.4660974558e-001 4.2539701844e-001
-4.4712289105e+000 3.6148978437e+000 4.9681983373e-001
1.6823818430e+003 5.3352858320e-002 -1.0895018020e-001
7.6363054477e-001 4.9027257252e-001 -4.2012045383e-001
-5.1876376676e-001 7.8514169925e-002 -8.5130469247e-001
-3.8438593287e-001 8.6802553520e-001 3.1429146481e-001
-4.2295607846e+000 3.1811125501e+000 1.0550016468e+000
1.6876650943e+003 3.7575432812e-002 -7.8386214320e-002
7.4508843367e-001 4.8358460432e-001 -4.5933555978e-001
-5.2834499805e-001 7.6303686368e-003 -8.4899548910e-001
-4.0705624802e-001 8.7526436460e-001 2.6118480624e-001
-4.0205353119e+000 2.9879028980e+000 1.2871465749e+000
1.6849471461e+003 6.3540296070e-002 -1.4411465749e-001
7.1625334446e-001 4.9798150407e-001 -4.8887172976e-001
-5.3433934080e-001 -5.9220794901e-002 -8.4319295913e-001
-4.4884587045e-001 8.6516317482e-001 2.2367401621e-001
-3.8768974527e+000 2.7116974487e+000 1.6056167990e+000
1.6907172000e+003 4.5054188763e-002 -1.1914899278e-001
6.6839064060e-001 4.9148993958e-001 -5.5829346302e-001
-5.2702483916e-001 -2.1672768669e-001 -8.2175052707e-001
-5.2487976763e-001 8.4348488375e-001 1.1416864902e-001
-3.6024759609e+000 2.0803446145e+000 2.1313662536e+000
1.6921483306e+003 5.1843689649e-002 -1.2914075467e-001
6.5036348164e-001 4.7314628877e-001 -5.9427260678e-001
-5.0627782459e-001 -3.1324999792e-001 -8.0346574484e-001
-5.6631272816e-001 8.2341182177e-001 3.5817114515e-002
-3.4928610478e+000 1.7320400527e+000 2.3509419860e+000
1.6911214392e+003 5.0955830747e-002 -1.2570035009e-001
6.3042302026e-001 4.1916729246e-001 -6.5334952089e-001
-4.7940175546e-001 -4.5173911704e-001 -7.5239997807e-001
-6.1052499734e-001 7.8754717387e-001 -8.3837202696e-002
-3.4877569358e+000 1.1457274339e+000 2.2355121370e+000
0 0 0
0 0 0
0 0 0
0 0 0
0 0 0
1.6814994492e+003 5.8535690760e-002 -1.4091938958e-001
6.1456332618e-001 4.1301200459e-001 -6.7211085557e-001
-4.6595647180e-001 -4.9743937918e-001 -7.3173672207e-001
-6.3655045715e-001 7.6287295673e-001 -1.1326238297e-001
-3.5134854829e+000 8.1401724343e-001 2.2470399691e+000
1.7132984015e+003 3.3152994046e-002 -1.1549815244e-001
5.9997971995e-001 3.6486807839e-001 -7.1196602519e-001
-4.2749660775e-001 -6.0600756943e-001 -6.7082149351e-001
-6.7621814972e-001 7.0684235242e-001 -2.0761238601e-001
-3.5922629007e+000 3.3424174013e-001 2.0646977749e+000
1.6955528857e+003 3.4480717968e-002 -1.0274131889e-001
5.8861734629e-001 3.2491523070e-001 -7.4024300909e-001
-4.1119457456e-001 -6.6804198633e-001 -6.2019265261e-001
-6.9602344896e-001 6.6944006256e-001 -2.5961772115e-001
-3.5793805610e+000 -1.1801943076e-001 2.0176063421e+000
1.6813807978e+003 4.0127918147e-002 -1.2363459306e-001
5.5098168154e-001 2.9957722779e-001 -7.7889195091e-001
-3.6354861692e-001 -7.5395666221e-001 -5.4715788822e-001
-7.5116681885e-001 5.8463906481e-001 -3.0650542273e-001
-3.5441900718e+000 -3.7258937779e-001 2.2391374526e+000
1.6907995206e+003 3.7414387515e-002 -1.1367776207e-001
5.4366720810e-001 2.5389307203e-001 -7.9997767145e-001
-3.2174477260e-001 -8.1728438084e-001 -4.7804449807e-001
-7.7518144208e-001 5.1728575159e-001 -3.6264194883e-001
-3.6171053984e+000 -7.3743026212e-001 2.0407732832e+000
1.7326616147e+003 -3.8782575789e-003 -2.8997571936e-003
5.2107238612e-001 2.0235430726e-001 -8.2917808869e-001
-2.6838321254e-001 -8.8336483749e-001 -3.8423562447e-001
-8.1021850118e-001 4.2275205289e-001 -4.0598852463e-001
-3.7205938316e+000 -1.4300030862e+000 1.7696913788e+000
1.6811287039e+003 3.6998321251e-002 -1.0498997581e-001
5.2148592559e-001 1.5776946040e-001 -8.3854709276e-001
-2.3384044810e-001 -9.1870559144e-001 -3.1827453729e-001
-8.2059190481e-001 3.6206191959e-001 -4.4219915438e-001
-3.7621191626e+000 -1.4845834560e+000 1.7376401331e+000
1.7414805159e+003 1.4273899412e-002 -4.8656697791e-002
4.8887006447e-001 1.3269803073e-001 -8.6220490181e-001
-1.7876841161e-001 -9.5214821549e-001 -2.4790246218e-001
-8.5384302719e-001 2.7532709344e-001 -4.4175454331e-001
-3.7755081043e+000 -1.9054498407e+000 1.7265916936e+000
1.7049980827e+003 1.1012227062e-002 -4.4866999063e-002
4.6807799942e-001 7.1579144799e-002 -8.8078340838e-001
-9.8999540298e-002 -9.8619198585e-001 -1.3275713939e-001
-8.7812418112e-001 1.4933784875e-001 -4.5452846936e-001
-3.9696756197e+000 -2.6260841417e+000 1.5436731764e+000
1.7160022995e+003 -1.0388270188e-003 -3.2501391841e-002
4.7723582983e-001 2.1205147987e-002 -8.7851938193e-001
-5.1187244708e-002 -9.9734065584e-001 -5.1879496734e-002
-8.7728320895e-001 6.9727741258e-002 -4.7488126241e-001
-4.1164828125e+000 -2.8097627053e+000 1.1386863239e+000
0 0 0
0 0 0
0 0 0
0 0 0
0 0 0
1.6869755003e+003 2.6276663087e-002 -5.1267473310e-002
4.7633321295e-001 -2.5291254908e-002 -8.7890103121e-001
-6.3322249374e-003 -9.9965897882e-001 2.5334343930e-002
-8.7924204470e-001 -6.5021904149e-003 -4.7633092316e-001
-4.3474947477e+000 -3.0095392308e+000 7.9390700342e-001
1.7212582285e+003 -2.3768722585e-002 5.5193826059e-002
4.6273135866e-001 -8.9343984563e-002 -8.8198488770e-001
4.2637943789e-002 -9.9151396567e-001 1.2280904539e-001
-8.8547258312e-001 -9.4433618492e-002 -4.5499516068e-001
-4.4741985200e+000 -3.3429008220e+000 6.5521761745e-001
1.7186397014e+003 1.4430858452e-002 -4.0258533663e-002
4.7467661306e-001 -1.4380713289e-001 -8.6833266756e-001
8.7335952682e-002 -9.7399739821e-001 2.0904903648e-001
-8.7581650155e-001 -1.7506734936e-001 -4.4977425315e-001
-4.6466457810e+000 -3.5809090965e+000 3.0648775722e-001
1.7167410930e+003 -1.2405436204e-002 4.6449203717e-002
4.8250375466e-001 -1.8328599131e-001 -8.5650240638e-001
1.4125306016e-001 -9.4877881411e-001 2.8260632493e-001
-8.6442911782e-001 -2.5734219880e-001 -4.3189963299e-001
-4.7940897318e+000 -3.8219151318e+000 -4.4001793172e-002
1.7300622835e+003 -2.2261968177e-002 4.6883367362e-002
4.9762493381e-001 -2.4035111703e-001 -8.3342712087e-001
2.1001601436e-001 -8.9886635824e-001 3.8461999913e-001
-8.4158344742e-001 -3.6642954379e-001 -3.9682072838e-001
-5.0238894986e+000 -3.8096260004e+000 -5.5131673256e-001
1.7339167053e+003 1.0562829335e-002 -4.0378104904e-002
5.0510347145e-001 -2.8351093695e-001 -8.1516380670e-001
2.5161131005e-001 -8.5510392934e-001 4.5330896603e-001
-8.2556782386e-001 -4.3407236569e-001 -3.6058140489e-001
-5.1584341838e+000 -3.9825102985e+000 -7.5868144092e-001
1.7341347690e+003 -1.6351328149e-002 2.1262553996e-002
5.1187253112e-001 -3.3760897099e-001 -7.8994094374e-001
2.9001798566e-001 -7.9764061150e-001 5.2882797097e-001
-8.0862604452e-001 -4.9978959332e-001 -3.1037764503e-001
-5.4189864113e+000 -4.2567224152e+000 -1.0490444357e+000
1.7393047922e+003 9.5136928198e-003 -4.8319763621e-002
5.2993243217e-001 -3.8104950965e-001 -7.5760998444e-001
3.3184201896e-001 -7.2895474272e-001 5.9875358665e-001
-7.8041815188e-001 -5.6870577127e-001 -2.5984852115e-001
-5.6551065021e+000 -4.2717535823e+000 -1.4562512179e+000
1.7418601052e+003 -4.6189885758e-003 -3.0373914078e-002
5.5034873265e-001 -4.0668101760e-001 -7.2919601096e-001
3.7006543319e-001 -6.6407199421e-001 6.4966142079e-001
-7.4844361687e-001 -6.2739057726e-001 -2.1497259345e-001
-5.7876919794e+000 -4.2167757996e+000 -1.8274047030e+000
1.7340089672e+003 -1.3534901682e-002 -8.3800776350e-003
5.6466531577e-001 -4.5763762035e-001 -6.8681940102e-001
4.2621454784e-001 -5.5093339065e-001 7.1750509286e-001
-7.0674906465e-001 -6.9788266028e-001 -1.1604116556e-001
-6.1322796974e+000 -4.1165843071e+000 -2.2525566549e+000
0 0 0
0 0 0
0 0 0
0 0 0
0 0 0
1.7313134956e+003 -1.1546975081e-002 -1.1642500351e-004
5.8560821429e-001 -4.8281734400e-001 -6.5111476077e-001
4.5617285335e-001 -4.6768946168e-001 7.5708182867e-001
-6.7005174967e-001 -7.4037421603e-001 -5.3634625038e-002
-6.3565170215e+000 -3.9887989673e+000 -2.6350261500e+000
1.7260124885e+003 -2.3387259829e-003 -3.6012075334e-002
6.0078345599e-001 -5.2230608760e-001 -6.0519054013e-001
4.6895607998e-001 -3.8283025533e-001 7.9594044416e-001
-6.4740978836e-001 -7.6199563414e-001 1.4940531536e-002
-6.6158899728e+000 -3.9356404959e+000 -2.6586049688e+000
1.7238455188e+003 9.1683049445e-003 -6.6685959734e-002
6.3129728130e-001 -5.3874363206e-001 -5.5787009378e-001
5.0763265775e-001 -2.5677620383e-001 8.2242024898e-001
-5.8632143693e-001 -8.0238474565e-001 1.1138174241e-001
-6.7635631906e+000 -3.5421409411e+000 -3.0621872753e+000
1.7250946365e+003 1.9434437933e-002 -9.6007203561e-002
6.6401262796e-001 -5.4462366806e-001 -5.1232049549e-001
5.0774079894e-001 -1.7455714606e-001 8.4364037590e-001
-5.4889571961e-001 -8.2031388075e-001 1.6061950706e-001
-6.9295398332e+000 -3.4024566137e+000 -3.3872981257e+000
1.7201158178e+003 2.4439715956e-002 -1.0793619010e-001
6.8935912845e-001 -5.5790637148e-001 -4.6208708345e-001
5.1293175783e-001 -7.4523842433e-002 8.5518840539e-001
-5.1155156518e-001 -8.2655107378e-001 2.3479420476e-001
-7.1250890988e+000 -3.0491474326e+000 -3.5310875041e+000
0 0 0
0 0 0
0 0 0
0 0 0
0 0 0
0 0 0
0 0 0
0 0 0
0 0 0
0 0 0
0 0 0
0 0 0
0 0 0
0 0 0
0 0 0
0 0 0
0 0 0
0 0 0
0 0 0
0 0 0
0 0 0
0 0 0
0 0 0
0 0 0
0 0 0
0 0 0
0 0 0
0 0 0
0 0 0
0 0 0
0 0 0
0 0 0
0 0 0
0 0 0
0 0 0
0 0 0
0 0 0
0 0 0
0 0 0
0 0 0
0 0 0
0 0 0
0 0 0
0 0 0
0 0 0
0 0 0
0 0 0
0 0 0
0 0 0
0 0 0
7.5375221405e+000 -2.1650891564e+000 -1.0605982756e+000
113 107 95
3 1 79 198.2000 436.9400 2 65 166.3700 472.8400 3 27 180.2600 505.1500
7.5434852359e+000 -2.2114338308e+000 -9.6806651130e-001
109 95 79
2 1 80 204.2600 428.1400 2 66 170.8300 461.6800
7.5652681473e+000 -2.1857500949e+000 -1.0331976792e+000
111 103 80
2 1 81 208.8900 431.8900 2 67 176.7700 466.7900
7.5938700630e+000 -2.1983021685e+000 -1.0494124462e+000
107 96 75
2 1 82 218.3400 426.2000 2 68 185.6100 460.8200
8.9314416478e+000 -2.0802064423e+000 -1.3743455642e+000
188 174 126
2 1 85 639.9301 443.2500 2 763 614.9800 458.4300
7.3882533708e+000 -2.3537223354e+000 -9.8180473300e-001
104 94 92
2 1 122 149.0300 376.5100 2 93 112.1400 412.1800
7.4083359304e+000 -2.4293354699e+000 -8.9339748391e-001
138 137 133
2 1 123 159.0500 355.8600 2 116 120.0100 388.0600
8.0048596253e+000 -2.5699418724e+000 -1.0019635140e+000
73 54 37
2 1 172 363.4399 300.7800 2 175 323.1899 321.2300
6.4173839345e+000 -2.7320500775e+000 -2.5322682040e-001
76 68 59
2 1 189 -224.5800 279.6100 2 829 -277.3500 314.3000
6.5872249219e+000 -2.8023492783e+000 -1.5359830705e-001
110 97 88
2 1 192 -158.2800 256.2000 2 208 -212.6300 282.9700
6.1392979657e+000 -2.8447002806e+000 -2.5619323335e-001
71 60 60
3 1 219 -337.6900 232.5300 2 861 -395.0100 273.5900 3 789 -400.6100 308.3900
6.1973188249e+000 -2.8814222561e+000 -1.7726850051e-001
124 124 114
2 1 220 -321.0200 221.3200 2 863 -377.5200 257.8300
6.2813373614e+000 -2.8471181117e+000 -1.7996073563e-001
98 95 82
2 1 224 -285.4100 235.6300 2 865 -341.4700 270.4900
8.0835692621e+000 -2.8240746465e+000 -9.6132905980e-001
97 76 52
2 1 270 393.9600 213.6800 2 911 346.8400 229.9300
6.1124688525e+000 -3.0285055061e+000 -9.2690474910e-002
149 145 133
2 1 309 -363.6200 162.2300 2 922 -423.9400 197.4100
6.2443811622e+000 -2.9760260871e+000 -3.1519466705e-002
116 113 99
2 1 311 -312.1000 187.2100 2 252 -371.8600 217.4700
6.2443811622e+000 -2.9760260871e+000 -3.1519466705e-002
116 113 99
2 1 312 -312.1000 187.2100 2 253 -371.8600 217.4700
7.7468267304e+000 -2.9598877746e+000 -6.4473962280e-001
91 73 59
2 1 326 294.7800 174.5400 2 932 242.1600 188.3400
6.3660727249e+000 -3.0776094494e+000 4.3152094227e-002
92 86 74
2 1 362 -263.7100 145.3000 2 283 -326.1100 169.5400
6.3350724122e+000 -3.1189946881e+000 8.8891613634e-002
91 89 77
4 1 363 -281.0100 127.7700 2 310 -343.8900 151.4100 3 227 -355.2200 173.0900 4 378 -349.9200 85.4000
6.4967133458e+000 -3.2009617940e+000 4.6862508786e-002
78 70 59
2 1 396 -206.5400 91.1000 2 336 -269.3600 111.2400
6.0817780556e+000 -3.2162470759e+000 -2.6556511951e-002
94 91 74
3 1 418 -382.2500 82.3300 2 328 -446.4900 116.8300 3 240 -457.9800 146.1500
9.0434069350e+000 -3.2038290948e+000 -8.7772338336e-001
131 114 71
2 1 445 745.5100 82.7900 2 380 681.6400 76.2700
6.6218337849e+000 -3.3087636330e+000 1.1796246343e-001
105 103 90
2 1 473 -153.9700 43.8400 2 401 -219.3900 58.1900
7.9338655482e+000 -3.3867371363e+000 -6.1235559211e-001
85 70 65
2 1 526 367.4200 14.7400 2 1075 302.6700 23.6700
8.2555198006e+000 -3.3850113422e+000 -1.7944416305e-001
157 166 165
2 1 532 541.2000 14.0900 2 434 469.9700 -0.3100
6.4803923714e+000 -3.4363686196e+000 1.6695573386e-001
63 54 46
2 1 545 -220.9900 -14.3200 2 1070 -288.0100 2.0200
7.5064188263e+000 -3.4638620241e+000 -5.9907467043e-001
76 61 56
2 1 550 207.3400 -15.2200 2 1073 140.7500 3.1900
8.0211582800e+000 -3.6551671014e+000 -4.4949572439e-001
98 86 76
3 1 592 415.0400 -90.8600 2 1149 340.7800 -87.0400 3 416 317.0200 -80.1300
6.7121057602e+000 -3.6403382222e+000 2.7524625751e-001
86 73 51
2 1 608 -116.9300 -111.2800 2 1164 -193.0800 -102.9300
6.7471899371e+000 -3.6869131404e+000 2.8557084636e-001
85 70 46
2 1 631 -100.7800 -133.5000 2 1166 -178.0600 -125.9800
7.4928303231e+000 -3.8806357890e+000 -8.9594143986e-001
62 43 29
2 1 645 188.9900 -158.9300 2 501 118.0699 -130.2400
8.0071176798e+000 -3.8222278085e+000 -5.2148401312e-001
79 70 62
7 1 648 401.5000 -153.3900 2 1196 324.9301 -144.6900 3 479 297.4000 -134.0200 4 2133 280.2000 -210.8500 5 1524 344.7900 -253.6000 6 2168 355.2500 -205.4200 8 1431 190.0800 -236.4500
7.6828920621e+000 -2.4741763208e+000 -8.9320258064e-001
78 60 45
4 1 981 256.2500 340.1800 2 1430 217.9000 366.4800 3 1404 225.7400 388.2000 4 1723 246.1899 312.7500
6.5597244971e+000 -2.7074152892e+000 -2.6504671399e-001
117 109 98
6 1 999 -166.4600 288.6200 2 817 -217.6600 321.4300 4 1086 -204.5800 268.5700 5 1086 -120.0100 264.9300 6 1756 -69.7000 297.5700 8 1045 -182.0100 214.1600
6.3423330052e+000 -2.7983853210e+000 -1.9801509672e-001
83 72 60
2 1 1022 -258.7200 255.1400 2 827 -313.6900 289.4700
6.4143752578e+000 -2.7634850327e+000 -1.9405737847e-001
67 57 48
2 1 1023 -228.7700 270.0100 2 1456 -283.2200 302.8100
6.4013081345e+000 -2.7761680071e+000 -1.9190999210e-001
161 155 141
2 1 1024 -234.1300 264.7800 2 828 -289.2600 297.7900
6.1870887945e+000 -2.7994460192e+000 -2.6136890478e-001
86 81 78
3 1 1056 -318.5600 250.9400 2 1453 -373.7300 291.5500 3 1435 -378.5800 325.2100
6.3140000150e+000 -2.8672839831e+000 -1.0286358366e-001
70 66 55
2 1 1058 -277.8900 231.1200 2 868 -333.1200 262.3400
6.3036526536e+000 -2.8913894437e+000 -6.6436181722e-002
88 83 77
3 1 1059 -284.0500 222.4700 2 867 -341.9200 252.7700 3 1510 -348.4800 279.0600
7.1714247695e+000 -2.6538159555e+000 -1.6520264973e+000
169 145 112
3 1 1067 65.4900 241.2200 2 836 22.7000 294.5600 3 778 27.7800 339.7500
8.2289701532e+000 -2.7114663744e+000 -1.0471397151e+000
183 187 174
6 1 1073 437.1100 249.3800 2 1521 393.1899 265.4900 3 1522 396.7200 282.2100 4 1808 410.6801 203.2300 5 1898 527.0000 182.9800 6 1872 554.1500 207.4900
7.3389558093e+000 -2.8433178056e+000 -6.2845920953e-001
135 155 150
3 1 1092 142.0800 218.4800 2 1542 92.2700 240.6600 3 1519 89.7900 262.3700
7.3381365721e+000 -2.8437299651e+000 -6.2058708856e-001
135 155 150
4 1 1093 142.0800 218.4800 2 1541 92.2700 240.6600 3 1518 89.7900 262.3700 4 1816 100.0000 184.0200
7.3845106266e+000 -2.8457892440e+000 -6.1875611043e-001
87 80 70
5 1 1094 159.0300 217.4800 2 1545 109.4301 239.3900 4 1819 118.2000 180.9500 5 1893 215.7600 164.2500 6 1867 249.0400 193.4100
7.9196010962e+000 -2.8282343313e+000 -8.3758757116e-001
92 73 56
2 1 1102 345.2800 216.5400 2 1554 297.0400 232.8400
6.0035439870e+000 -3.0288914823e+000 -1.7415911026e-001
150 150 132
2 1 1118 -401.7000 159.3200 2 920 -462.1200 199.6700
6.0794888997e+000 -3.0268762622e+000 -1.1919722214e-001
150 148 135
2 1 1120 -375.1500 162.0200 2 921 -435.4400 198.8500
7.7868079896e+000 -2.9317984017e+000 -6.9409274601e-001
93 76 60
3 1 1134 306.2000 184.1000 2 931 255.0400 196.9200 3 885 251.3101 212.6800
5.7317922752e+000 -3.0811688128e+000 -4.2679064445e-001
114 111 114
2 1 1150 -484.8100 130.9900 2 940 -545.0300 184.1500
5.9880794864e+000 -3.0828880875e+000 -1.7688966543e-001
140 136 124
3 1 1155 -407.8600 136.4900 2 943 -468.8100 177.3800 3 874 -477.6500 213.0900
6.1838819951e+000 -3.0834546659e+000 4.3390677033e-003
110 102 87
3 1 1158 -341.0500 141.2200 2 1584 -403.5100 171.9800 3 879 -413.1300 198.2500
5.8217091212e+000 -3.1452024781e+000 -3.0518889696e-001
150 148 133
6 1 1166 -462.3700 106.9200 2 942 -524.2900 156.5600 3 1548 -532.2200 199.2300 4 1835 -522.1400 144.9100 5 1879 -474.6400 162.0100 6 1851 -411.7300 214.4000
6.0539968951e+000 -3.1784365351e+000 -4.1695998788e-002
108 105 98
2 1 1169 -392.9800 98.8600 2 305 -456.7400 133.4200
6.1233990470e+000 -3.1525244222e+000 -1.7356659451e-002
101 97 85
3 1 1173 -365.0500 110.3900 2 963 -428.1600 143.1500 3 898 -439.8800 171.7500
6.2051460919e+000 -3.1262581379e+000 2.1893051768e-002
110 103 85
2 1 1174 -333.2100 123.1000 2 308 -396.2100 151.9400
6.1780478723e+000 -3.1628198286e+000 3.5487133579e-002
129 126 111
4 1 1175 -345.2600 106.9700 2 966 -409.9200 136.4700 3 899 -421.0300 162.6400 4 1244 -415.9300 83.9700
6.3074059161e+000 -3.1621878716e+000 8.7176907736e-002
127 122 113
3 1 1178 -292.4300 108.5200 2 309 -357.1300 132.7800 3 243 -369.2600 154.6500
6.3541688423e+000 -3.1892462908e+000 6.4611868710e-002
105 102 88
3 1 1179 -270.8100 96.1200 2 985 -334.0000 120.0600 3 924 -346.6400 141.2800
6.6116204075e+000 -3.1374814233e+000 6.4126152955e-002
87 77 65
4 1 1186 -156.4200 119.0900 2 969 -218.0900 137.1200 4 1254 -227.2700 60.4000 7 604 -187.0400 -108.2900
9.1541677751e+000 -3.1274323474e+000 -6.1230840234e-001
178 161 105
2 1 1202 831.9000 114.9100 2 347 767.2000 96.0500
6.1034244151e+000 -3.2056041095e+000 -2.9543349524e-003
121 115 101
7 1 1212 -376.0700 87.6800 2 977 -439.9400 118.9700 3 917 -451.0900 149.4000 4 373 -444.6700 75.8400 5 380 -389.9500 63.5700 6 352 -332.1500 112.2100 9 255 -481.6800 6.1700
6.3552571015e+000 -3.2711954922e+000 8.3464470256e-002
76 67 60
4 1 1219 -271.1400 60.1100 2 1658 -336.2000 82.8500 3 939 -350.0000 103.7800 4 441 -348.0200 20.9400
6.4877560445e+000 -3.2286829907e+000 1.3014360506e-001
110 101 90
2 1 1221 -214.7900 79.7500 2 986 -279.8800 97.3000
6.5899996610e+000 -3.2297878086e+000 1.4537941555e-001
75 67 57
2 1 1223 -169.3600 79.6100 2 987 -234.3200 93.8800
8.2291047236e+000 -3.2424297909e+000 -2.7209600910e-001
96 81 65
3 1 1230 518.4600 72.7900 2 1669 453.0200 62.1100 3 1691 437.1500 56.0100
9.1605735201e+000 -3.2161692721e+000 -8.1835988711e-001
121 103 70
2 1 1233 796.8800 79.3100 2 1027 732.4600 67.9300
6.2332770992e+000 -3.2798246698e+000 3.1035448361e-002
86 84 73
2 1 1244 -320.3800 55.5700 2 1005 -387.2400 83.3400
6.3172304185e+000 -3.3198665144e+000 7.4635293443e-002
114 110 99
6 1 1249 -287.8200 37.9800 2 1012 -353.9700 62.4200 3 962 -367.3200 85.2900 4 1305 -365.8600 3.9000 5 1272 -308.4600 -21.2800 6 431 -256.1500 28.5600
6.3198119446e+000 -3.2859503105e+000 7.5816814538e-002
140 138 126
6 1 1250 -287.2000 52.9400 2 1006 -352.0900 77.5500 3 1624 -365.5400 99.9600 4 1304 -362.5200 17.9000 5 2039 -304.5500 -7.4900 6 1313 -253.0600 41.0500
6.3198412995e+000 -3.2860042289e+000 7.5375084679e-002
140 138 126
7 1 1251 -287.2000 52.9400 2 1007 -352.0900 77.5500 3 1625 -365.5400 99.9600 4 1303 -362.5200 17.9000 5 2038 -304.5500 -7.4900 6 1312 -253.0600 41.0500 7 601 -327.2600 -125.2700
6.3471276310e+000 -3.3432214650e+000 1.0618927885e-001
97 90 80
2 1 1252 -276.6800 27.8900 2 1037 -342.9200 49.8600
6.6104499581e+000 -3.3250691700e+000 1.1531623775e-001
128 143 134
3 1 1255 -158.5900 36.3400 2 1040 -224.8600 51.4800 3 963 -240.7100 66.8600
6.6856132118e+000 -3.2834243271e+000 1.0630277228e-001
100 96 89
2 1 1257 -124.5300 55.2200 2 1018 -190.0400 68.4600
8.2760410294e+000 -3.2947723511e+000 -1.7608343624e-001
180 178 166
3 1 1269 550.9900 51.8100 2 1695 481.6000 36.3800 3 1039 462.6500 26.7100
7.3572322641e+000 -3.5010697747e+000 -6.6389246646e-001
42 27 24
2 1 1310 147.0800 -28.1300 2 1745 84.3400 -5.4600
7.5572844534e+000 -3.5145794604e+000 -7.0994579401e-001
54 35 29
2 1 1314 220.2600 -32.3900 2 1097 155.2400 -12.1100
8.0505935730e+000 -3.5112436031e+000 -1.0226878513e+000
82 69 61
2 1 1320 376.2900 -26.1700 2 1101 313.6100 -7.6000
7.9397465684e+000 -3.5655489975e+000 -6.1467788198e-001
54 41 34
3 1 1340 370.1600 -52.3100 2 1122 299.8199 -43.5100 3 1059 279.6700 -29.6300
7.5636581150e+000 -3.6603660279e+000 -7.2818932997e-001
55 35 32
2 1 1365 221.7400 -85.4700 2 1118 153.5100 -64.0600
7.5636581150e+000 -3.6603660279e+000 -7.2818932997e-001
55 35 32
2 1 1366 221.7400 -85.4700 2 1119 153.5100 -64.0600
7.5931710075e+000 -3.6832057562e+000 -7.3423022806e-001
56 35 32
2 1 1367 232.4399 -93.6600 2 1143 163.2800 -72.4500
7.7009411824e+000 -3.7415161369e+000 -7.8616191267e-001
46 28 26
2 1 1393 269.0900 -113.2000 2 1146 198.3400 -92.2600
7.9937099761e+000 -3.7889930204e+000 -5.5664728434e-001
35 26 19
2 1 1418 394.7700 -138.7200 2 1172 317.9399 -129.8400
7.3880258233e+000 -3.9492054685e+000 -8.6359127031e-001
71 45 30
2 1 1442 152.7200 -184.6200 2 1193 81.0601 -154.2500
7.4328902173e+000 -3.8923663197e+000 -7.7897160962e-001
62 39 25
2 1 1444 172.0601 -168.1600 2 1839 99.6600 -141.0300
7.6348988523e+000 -3.9181233061e+000 -8.4219525438e-001
78 64 61
4 1 1447 241.5200 -174.3100 2 522 168.1100 -149.2400 3 1148 146.1600 -122.9900 4 1498 132.6801 -177.9400
6.8644813036e+000 -3.8355940348e+000 2.3456038740e-001
70 56 44
2 1 1468 -45.1800 -199.6300 2 537 -124.7300 -191.4300
9.2245660645e+000 -2.0472240604e+000 -7.1680809279e-001
157 144 92
2 1 1658 840.7600 514.9500 2 1384 818.5400 504.3500
6.0778192188e+000 -2.2922672969e+000 -1.9152452535e-001
78 61 69
2 1 1675 -371.4300 468.1900 2 1364 -421.3300 516.2900
7.4477916376e+000 -2.1873650008e+000 -1.0462780657e+000
81 78 72
3 1 1686 167.5500 430.0200 2 1388 135.0000 467.8000 3 1963 147.9100 500.6500
7.4631696298e+000 -2.3655383455e+000 -9.1423969360e-001
66 57 48
3 1 1706 177.6500 377.1900 2 1404 140.3101 409.9400 3 1974 150.0300 437.0100
7.4648760973e+000 -2.4672327058e+000 -8.1518974702e-001
101 92 82
3 1 1707 181.5800 347.4400 2 1420 142.0500 376.3600 4 2276 170.5699 325.9700
7.6017959266e+000 -2.4592177086e+000 -8.7012240029e-001
77 60 48
4 1 1709 228.3500 347.3400 2 1426 190.6899 374.2500 3 1985 197.4399 396.7500 4 2282 218.8600 322.8300
7.6015136964e+000 -2.4597753473e+000 -8.6273072540e-001
77 60 48
5 1 1710 228.3500 347.3400 2 1427 190.6899 374.2500 3 1986 197.4399 396.7500 4 2281 218.8600 322.8300 6 2294 375.0699 340.9900
7.7220065652e+000 -2.4232358432e+000 -9.2796292423e-001
75 56 42
3 1 1711 269.1300 355.3300 2 1408 230.8101 383.9400 4 2284 262.9600 329.8700
7.7512682129e+000 -2.4351394303e+000 -9.2494983280e-001
100 84 69
2 1 1712 279.1500 352.5400 2 1431 242.0699 377.4900
7.7512682129e+000 -2.4351394303e+000 -9.2494983280e-001
100 84 69
2 1 1713 279.1500 352.5400 2 1432 242.0699 377.4900
7.1574090518e+000 -2.4557502792e+000 -8.7969501126e-001
167 144 103
2 1 1721 69.5300 346.8600 2 1402 29.3700 384.0000
7.1574090518e+000 -2.4557502792e+000 -8.7969501126e-001
167 144 103
2 1 1722 69.5300 346.8600 2 1403 29.3700 384.0000
7.5703329388e+000 -2.5472734511e+000 -8.4206345880e-001
77 59 47
3 1 1729 218.9100 317.1500 2 1446 177.9500 342.9400 3 1425 182.9301 366.0200
8.8995133158e+000 -2.4473240331e+000 -1.2419913223e+000
150 133 83
3 1 1741 645.8800 331.2300 2 1450 609.8400 340.2100 5 1822 778.6500 236.7600
6.4389195557e+000 -2.6828078422e+000 -3.0486890407e-001
55 42 39
3 1 1742 -211.9400 296.3300 2 2025 -264.9600 333.1900 3 1993 -267.7100 363.3700
7.5697447934e+000 -2.6341707154e+000 -7.6882475390e-001
77 59 47
2 1 1744 222.0400 289.7300 2 1462 178.7300 312.8500
6.6164939690e+000 -2.7458771446e+000 -2.4918114086e-001
113 103 93
5 1 1756 -142.8000 274.3500 2 2040 -194.6100 303.5500 3 2011 -198.2800 329.2500 5 2769 -99.9300 240.0200 6 2322 -50.4500 272.5000
6.6456813495e+000 -2.7912800041e+000 -2.0566259427e-001
62 41 38
6 1 1757 -131.1300 257.2800 2 1457 -186.1300 284.8400 3 2028 -190.2100 309.2600 4 2311 -177.7000 225.1100 5 2411 -91.7100 210.7000 6 2666 -45.2600 245.4400
7.6566698936e+000 -2.7219986902e+000 -7.7389467985e-001
72 58 46
3 1 1772 253.5300 257.6100 2 1514 208.6300 277.7300 3 2037 208.9500 297.3500
7.8457006774e+000 -2.6619890911e+000 -8.8461809433e-001
98 79 62
2 1 1780 315.7200 273.9900 2 1485 271.7500 294.2300
9.0195010225e+000 -2.6616800349e+000 -1.1182144044e+000
141 119 70
2 1 1784 701.6300 265.5200 2 889 658.8199 266.8600
6.2471117965e+000 -2.8604104595e+000 -2.0086192305e-001
141 143 129
2 1 1791 -298.2800 229.0200 2 1490 -354.2800 265.2000
6.3405973616e+000 -2.8201188005e+000 -1.6756694615e-001
80 70 61
3 1 1794 -260.9500 247.5300 2 2053 -316.3900 281.0100 3 2021 -323.2700 309.4300
6.4975771533e+000 -2.9005343884e+000 1.8344858221e-002
64 48 33
3 1 1799 -205.0200 223.2300 2 1535 -262.3800 244.3600 3 2051 -270.4600 265.1400
6.5571405830e+000 -2.8292047692e+000 -1.1276450912e-001
68 56 48
2 1 1800 -173.3200 247.1000 2 2056 -227.4300 272.8600
7.3595817054e+000 -2.8325546168e+000 -6.3115717294e-001
70 61 56
15 1 1806 148.9600 223.2800 2 1544 100.4200 244.5800 3 1520 97.9700 261.6500 4 1817 108.7800 185.1400 5 2431 207.6600 174.9800 7 957 174.3800 43.4000 8 2184 130.6400 130.2600 9 1758 90.1400 53.4700 10 1589 85.5601 77.2800 12 1577 65.1700 10.0400 13 2112 38.0200 -74.3200 14 1220 29.6400 78.5700 15 1566 83.3800 -112.3500 16 1169 100.6899 -123.3300 18 634 115.1000 -205.9400
7.5584934824e+000 -2.7675310036e+000 -6.9839394600e-001
74 60 47
3 1 1808 221.0900 244.5700 2 1509 174.8900 263.2000 3 1474 173.3700 283.8200
7.5513677863e+000 -2.8073955725e+000 -7.3796772172e-001
90 76 62
2 1 1809 217.4500 227.3100 2 2082 168.2600 249.2400
6.0871229691e+000 -2.9499922796e+000 -1.5344299049e-001
95 91 82
4 1 1818 -370.3900 192.8600 2 2070 -427.5000 232.0000 3 2044 -434.9900 265.2200 4 2323 -422.7600 194.4600
6.2275918205e+000 -2.8909238705e+000 -1.4631731090e-001
86 88 77
2 1 1823 -309.9500 218.6800 2 1489 -368.2200 253.6800
5.9591046682e+000 -3.0230239805e+000 -2.2982864310e-001
154 152 139
2 1 1842 -413.8800 159.8900 2 2086 -475.3000 203.1300
6.4838874942e+000 -2.9889679417e+000 6.1039267321e-002
90 81 72
6 1 1845 -213.3100 184.9000 2 1563 -273.6700 206.4100 3 2070 -283.0200 225.3600 4 2363 -274.9900 132.6900 5 2820 -200.8200 106.4800 6 2390 -151.2000 143.0000
6.2099920124e+000 -3.0873726672e+000 2.8709761850e-002
144 140 123
2 1 1869 -331.5600 140.3800 2 1585 -394.4900 169.1000
6.3079706596e+000 -3.0878125745e+000 6.5467996689e-002
94 86 75
3 1 1871 -291.7700 141.6000 2 1588 -353.6700 165.8400 3 1554 -364.0900 188.7600
6.3203465224e+000 -3.1079406389e+000 8.1603602316e-002
136 137 123
6 1 1872 -288.2800 132.1100 2 1589 -350.4100 157.1000 3 1583 -361.6900 178.7100 4 1878 -355.2200 92.1400 5 1969 -289.7300 68.2100 6 1942 -236.5000 111.2200
6.4308181603e+000 -3.0707656101e+000 9.8358293379e-002
63 54 45
4 1 1873 -238.3400 149.9000 2 1590 -300.5300 170.9500 3 1555 -312.6000 189.3000 4 1880 -305.7600 98.3800
6.5078104726e+000 -3.0691717581e+000 7.2430543619e-002
54 39 32
5 1 1876 -202.9900 150.4000 2 1592 -264.4700 169.5000 3 2110 -275.8500 187.1200 4 1882 -268.9600 95.7000 5 1972 -198.0700 66.1400
6.5275055559e+000 -3.0754668105e+000 6.4167723410e-002
72 61 55
5 1 1877 -193.7200 146.5100 2 949 -255.4100 166.6400 3 900 -265.9700 184.3200 4 1222 -260.5200 92.6400 6 1256 -141.0700 101.8000
6.6149548531e+000 -3.1117481481e+000 6.7019150056e-002
56 46 37
2 1 1878 -155.1000 131.2400 2 1621 -216.5400 147.8400
6.6321989094e+000 -3.1185857537e+000 5.4918543216e-002
91 77 64
6 1 1879 -146.1400 127.8600 2 1622 -208.5100 145.2900 3 1589 -220.2200 159.2800 4 1912 -216.7800 67.9300 5 1995 -143.6700 33.8300 6 1969 -99.5800 73.4500
7.3152670200e+000 -3.0066723525e+000 -8.8829538432e-001
40 28 28
2 1 1884 125.9500 149.8800 2 1598 74.3400 179.9700
6.0817090109e+000 -3.1524202181e+000 -2.3689652277e-002
93 89 78
2 1 1898 -382.5700 110.4700 2 2146 -446.6000 143.9400
6.0831840581e+000 -3.1513831376e+000 -2.6623629279e-002
93 89 78
9 1 1899 -382.5700 110.4700 2 2145 -446.6000 143.9400 3 2098 -455.2900 175.2600 4 2692 -447.2500 101.7100 5 2813 -392.7900 92.5900 6 2698 -334.2100 140.1400 7 1680 -404.6900 -22.8500 8 2522 -462.0900 87.5700 9 2056 -482.3100 31.2100
6.1025370700e+000 -3.1724431996e+000 -3.5744281208e-003
132 128 117
4 1 1900 -375.2700 101.9300 2 1615 -439.7400 134.6400 3 2101 -450.4300 163.6300 4 2404 -443.3700 88.9500
6.1631931279e+000 -3.1832538871e+000 2.5830228324e-002
83 78 67
6 1 1902 -351.6800 97.4800 2 1616 -415.3900 128.1300 3 1601 -426.5300 155.4500 4 1245 -420.7000 76.9700 5 1208 -365.1900 62.0400 6 1253 -309.1000 109.4000
6.5421446514e+000 -3.1597845233e+000 8.2342833148e-002
71 61 52
4 1 1906 -187.6600 110.0500 2 1620 -251.2600 127.9600 3 1609 -263.5500 144.8500 4 1930 -259.9700 54.0300
7.6799528908e+000 -3.1137583088e+000 -5.8785854771e-001
93 78 71
8 1 1908 272.2800 118.8400 2 2158 217.1200 128.0100 3 2129 207.5000 144.0700 4 2412 209.2300 62.9300 5 2506 301.3700 32.8200 6 2436 326.4100 63.7500 7 1403 254.7800 -90.6900 10 2073 134.5800 -51.5700
7.8432434726e+000 -3.1608166486e+000 -5.9994951078e-001
68 54 45
8 1 1909 334.2100 100.2600 2 2190 276.0400 110.0600 3 2158 266.2800 121.6100 5 2523 358.5699 1.7800 6 1995 378.9301 31.7200 7 1028 305.8600 -123.2300 8 1881 244.0400 -39.1000 10 1719 178.3700 -81.2600
7.9081032943e+000 -3.1507307833e+000 -6.7243728259e-001
66 50 37
5 1 1912 353.4500 105.3100 2 1643 295.9000 109.9800 3 2131 285.8400 125.4500 4 2435 285.4900 43.4900 5 2525 380.5699 9.1000
7.9081032943e+000 -3.1507307833e+000 -6.7243728259e-001
66 50 37
5 1 1913 353.4500 105.3100 2 1642 295.9000 109.9800 3 2132 285.8400 125.4500 4 2434 285.4900 43.4900 5 2524 380.5699 9.1000
6.2185686389e+000 -3.2317275825e+000 4.2480247636e-002
104 98 84
6 1 1924 -329.1700 76.6500 2 1633 -393.7800 104.5900 3 1603 -406.2900 130.5500 4 1925 -400.8000 50.9800 5 1228 -344.4000 32.6400 6 1284 -288.2000 80.5200
6.2019908287e+000 -3.2435076940e+000 5.1058209625e-002
89 84 73
2 1 1925 -336.4800 71.7700 2 1632 -402.2700 99.5800
6.1871268800e+000 -3.2686540560e+000 3.3660814446e-002
142 139 122
6 1 1927 -342.2700 60.0800 2 1004 -407.4700 89.5200 3 936 -419.7200 115.9500 4 1278 -415.1200 39.4200 5 2011 -360.0700 21.7600 6 1285 -304.6800 71.0600
6.2988883445e+000 -3.2170511326e+000 5.4154390639e-002
135 132 114
3 1 1928 -294.4100 83.5500 2 1635 -358.3100 109.2100 3 921 -370.9600 132.1400
6.3902072576e+000 -3.2715887756e+000 7.8351623831e-002
136 133 122
6 1 1930 -256.5200 59.4800 2 1659 -321.4300 81.8500 3 1626 -334.8800 102.7700 4 1955 -330.8600 18.8900 5 2543 -270.5000 -9.4800 6 1986 -220.3100 37.5200
6.5160364863e+000 -3.2121673031e+000 9.0387152565e-002
103 94 85
11 1 1932 -201.2000 86.5900 2 1639 -264.8000 105.4600 3 1628 -278.2500 122.1200 4 1932 -275.5300 32.8200 5 2513 -209.1000 -0.4000 6 1989 -161.9100 43.9400 7 1409 -237.5100 -128.6000 8 1838 -299.8400 -32.9600 9 1401 -333.8500 -90.7500 10 1692 -345.3000 -56.7000 12 1696 -357.5700 -116.4600
7.5195850266e+000 -3.2186312304e+000 -6.5937829327e-001
36 27 22
2 1 1936 208.1801 77.0800 2 1641 150.6500 95.8300
7.8110738334e+000 -3.2453534332e+000 -5.9344076293e-001
45 27 23
2 1 1938 322.8300 67.8800 2 1665 261.3101 78.7200
6.2868821476e+000 -3.3321331212e+000 4.7565795587e-002
115 111 100
3 1 1957 -298.7000 32.9000 2 1683 -365.0100 58.0400 3 1653 -378.5600 83.2400
6.6082438748e+000 -3.2806572074e+000 9.5509726377e-002
112 108 96
3 1 1958 -158.7700 56.2100 2 1661 -224.0200 72.0100 3 1656 -238.9600 87.7800
7.6490374361e+000 -3.2979377999e+000 -6.5635615569e-001
51 33 29
5 1 1962 257.4100 47.6700 2 1663 197.1000 61.6700 3 1660 183.4500 82.8200 4 1966 182.2100 5.2200 5 2047 265.4301 -22.4100
6.2617226694e+000 -3.3452720144e+000 3.0266240264e-002
124 119 109
3 1 1983 -308.4000 26.7600 2 1681 -374.7200 54.1600 3 1650 -388.2900 79.4100
6.2782468052e+000 -3.3605113497e+000 5.2424122996e-002
55 52 44
3 1 1984 -303.4400 19.8000 2 1682 -369.0000 46.7700 3 1651 -383.6600 70.3300
6.3845018325e+000 -3.4013035746e+000 1.0474322178e-001
65 54 48
6 1 1986 -259.6700 1.1200 2 1701 -326.3400 24.5400 3 1675 -342.5800 44.7500 4 2486 -343.9900 -38.6300 5 2571 -287.6700 -68.6500 7 1049 -312.2100 -180.5400
6.4370319949e+000 -3.3969056616e+000 1.3070679272e-001
56 48 46
5 1 1987 -237.6300 3.6600 2 1702 -304.0900 23.8400 3 986 -320.9900 41.3100 4 1361 -322.4000 -43.3300 6 1367 -218.5900 -26.0500
6.4716486091e+000 -3.3551061474e+000 1.1892116735e-001
108 98 86
12 1 1988 -222.4100 22.0400 2 1686 -289.3100 40.2300 3 1655 -304.4000 59.7000 4 1983 -304.8300 -26.2700 5 2060 -243.9200 -60.6200 6 2025 -197.6300 -11.8000 7 1052 -272.4000 -179.1800 8 1896 -338.7600 -77.3000 9 1419 -370.8900 -127.8000 10 1182 -383.8600 -90.3400 12 1228 -394.9100 -143.6100 14 819 -439.7600 -44.5600
6.7007074626e+000 -3.3560617238e+000 9.4893859816e-002
81 66 59
2 1 1992 -117.5000 22.7500 2 1041 -183.8800 36.0500
6.6911609356e+000 -3.3929975854e+000 1.1234701714e-001
61 50 41
3 1 1993 -122.0900 6.2300 2 1071 -189.9900 18.8300 3 990 -206.7400 33.8800
6.7714164526e+000 -3.3643616339e+000 9.2188635085e-002
76 58 54
3 1 1994 -85.6800 19.3500 2 1042 -152.2700 30.3400 3 1679 -169.6400 44.3000
8.2643938974e+000 -3.3988922875e+000 -1.7045863967e-001
185 194 186
2 1 2000 546.2800 8.2000 2 1757 474.0699 -6.5800
6.4513302902e+000 -3.4838385424e+000 1.3427390006e-001
76 66 54
2 1 2011 -230.9400 -35.5400 2 1734 -300.6300 -16.6700
6.7451488012e+000 -3.4228499274e+000 9.2951573065e-002
45 31 27
4 1 2013 -96.7500 -6.5900 2 1072 -164.9600 5.0700 3 1701 -183.3200 19.4500 4 2037 -188.4100 -70.0800
7.0902728681e+000 -3.4776886084e+000 -5.0976188866e-001
80 58 47
2 1 2015 50.0400 -21.8900 2 1709 -14.4200 2.3800
7.6176034697e+000 -3.4791394791e+000 -8.2825556097e-001
73 58 51
2 1 2019 235.9399 -17.7900 2 1712 173.7500 4.1200
8.6890243456e+000 -3.5369990723e+000 -1.0830936089e+000
74 55 48
2 1 2025 591.8300 -33.6900 2 1758 522.9301 -25.0700
6.7944057449e+000 -3.5407972442e+000 9.1076524473e-002
47 28 22
3 1 2042 -75.0700 -59.6600 2 1770 -146.1900 -47.1000 3 1738 -165.4800 -33.1400
6.9288272246e+000 -3.5168326589e+000 1.8079439501e-002
44 22 16
2 1 2043 -14.1300 -47.1200 2 1743 -85.0300 -35.7500
6.9288272246e+000 -3.5168326589e+000 1.8079439501e-002
44 22 16
2 1 2044 -14.1300 -47.1200 2 1744 -85.0300 -35.7500
7.6385587994e+000 -3.6010303103e+000 -7.2038051477e-001
74 57 53
2 1 2053 249.4399 -63.7900 2 1774 182.6300 -44.5900
7.9809290234e+000 -3.5604528649e+000 -6.5131189481e-001
87 78 73
2 1 2054 382.1500 -49.9500 2 1780 312.2400 -39.6900
7.6227285646e+000 -3.6322047173e+000 -7.5473110161e-001
74 59 52
2 1 2066 242.1600 -74.4900 2 1777 174.3800 -53.6600
7.6401692122e+000 -3.6749246074e+000 -7.5110217298e-001
74 55 48
2 1 2069 248.4500 -90.0500 2 1799 180.0900 -69.5500
7.6768874512e+000 -3.6758873696e+000 -7.4949193260e-001
55 37 30
2 1 2072 262.0699 -90.4300 2 1144 193.2700 -70.6500
7.7809044672e+000 -3.7658777605e+000 -8.0568256014e-001
74 59 54
2 1 2092 295.8101 -121.0200 2 1817 226.3700 -101.5200
8.0296610465e+000 -3.8386815286e+000 -4.2327906280e-001
115 105 93
2 1 2117 421.1801 -163.6400 2 1853 340.5900 -159.0900
8.2667925337e+000 -3.7760239937e+000 -3.8892694746e-001
115 98 82
2 1 2120 518.3800 -140.0400 2 1855 438.2200 -142.9300
7.6396549463e+000 -3.8909238171e+000 -8.3611879500e-001
44 30 27
6 1 2137 243.5000 -165.3700 2 1845 171.5300 -139.9800 3 1812 148.1899 -114.8000 4 2101 134.1600 -170.0500 5 2168 194.6700 -186.0800 6 2134 213.9700 -133.5500
7.9454320741e+000 -3.9211243848e+000 -6.0178837217e-001
66 53 49
2 1 2138 373.1899 -186.9100 2 1878 292.4500 -173.8100
7.9834843500e+000 -4.0066434004e+000 -5.8366374600e-001
63 48 45
2 1 2153 388.5200 -219.9600 2 1899 306.1300 -207.3900
8.0790126030e+000 -3.9663684915e+000 -5.2616385129e-001
108 93 78
3 1 2155 430.1801 -207.6500 2 1901 348.2900 -199.7500 4 1562 292.2800 -262.7200
6.1481537028e+000 -3.8949891191e+000 4.8775572308e-001
64 60 63
2 1 2163 -405.7400 -248.7000 2 1906 -486.1900 -229.6800
8.0246296314e+000 -4.0357332477e+000 -5.8147279452e-001
70 51 45
2 1 2170 403.5000 -230.8500 2 1902 321.6000 -219.2500
8.0377248783e+000 -4.0610501548e+000 -5.9503171575e-001
104 84 73
2 1 2171 407.8000 -239.7100 2 1249 324.1700 -227.2900
7.0652986163e+000 -4.0806035810e+000 -2.7147317392e-001
159 131 91
