# Bundle file v0.3
60 3882
0 0 0
0 0 0
0 0 0
0 0 0
0 0 0
1.6602360374e+003 4.7212014812e-002 -1.0757998585e-001
9.9985110152e-001 -1.2050511908e-004 1.7255731580e-002
5.3235833091e-004 9.9971504824e-001 -2.3865014399e-002
-1.7247938673e-002 2.3870647167e-002 9.9956625634e-001
-6.8941149750e+000 3.3206369636e+000 -3.2247070164e+000
1.6916991148e+003 8.5321282447e-003 -2.5078682953e-003
9.9767034787e-001 5.8893969599e-002 3.4429309174e-002
-5.4577418671e-002 9.9185036512e-001 -1.1512670667e-001
-4.0928991637e-002 1.1297943867e-001 9.9275397964e-001
-6.8234710450e+000 3.6916362160e+000 -2.8415418128e+000
1.6977498209e+003 1.7093697501e-002 -2.1033516490e-002
9.9390697041e-001 1.0805810767e-001 2.1734294032e-002
-1.0176679400e-001 9.7538571817e-001 -1.9561753608e-001
-4.2337380770e-002 1.9221380322e-001 9.8043939131e-001
-6.6734196704e+000 3.9845315292e+000 -2.6119814057e+000
1.6675086355e+003 4.8963134616e-002 -1.1113916832e-001
9.8608503827e-001 1.6620141635e-001 -3.6587559674e-003
-1.6060325972e-001 9.4672588129e-001 -2.7913562771e-001
-4.2928897710e-002 2.7583907427e-001 9.6024471613e-001
-6.4423304221e+000 4.0954623174e+000 -2.3317215014e+000
1.6917849956e+003 3.3326211484e-002 -8.8360211206e-002
9.7194193402e-001 2.3405325092e-001 -2.3408388091e-002
-2.2485477182e-001 8.9527897417e-001 -3.8459834892e-001
-6.9059456188e-002 3.7907075083e-001 9.2278716797e-001
-5.9658976144e+000 4.2840619597e+000 -1.6151484794e+000
1.7007187208e+003 1.7226324048e-002 -3.7186192005e-002
9.6344894436e-001 2.6243757899e-001 -5.3783350097e-002
-2.5890596539e-001 8.6061047763e-001 -4.3853997181e-001
-6.8802853878e-002 4.3643570308e-001 8.9710091092e-001
-5.7481539429e+000 4.4855609197e+000 -1.6247563075e+000
1.6946111596e+003 3.2449053448e-002 -5.8982546633e-002
9.5224172575e-001 2.9771620313e-001 -6.7828888682e-002
-2.9325567811e-001 8.2980207745e-001 -4.7479429179e-001
-8.5069401077e-002 4.7201014253e-001 8.7747912930e-001
-5.7240712781e+000 4.2611298503e+000 -1.4454180215e+000
1.6928579576e+003 4.9826200744e-002 -1.1294532268e-001
9.2222742648e-001 3.7166165846e-001 -1.0660293375e-001
-3.5466085080e-001 7.0333908169e-001 -6.1605991355e-001
-1.5398783965e-001 6.0595523581e-001 7.8045243124e-001
-5.4294451707e+000 4.4586680116e+000 -6.0066218154e-001
1.6690492380e+003 7.6967652974e-002 -1.6733453321e-001
9.0337663952e-001 4.0191958389e-001 -1.4957036892e-001
-3.9920593261e-001 6.6071490613e-001 -6.3568108057e-001
-1.5666930313e-001 6.3396881699e-001 7.5732309390e-001
-5.3183872707e+000 4.4839363294e+000 -6.4678310551e-001
1.6905255612e+003 4.1251657873e-002 -6.6004595951e-002
8.7959951078e-001 4.3789781500e-001 -1.8587685239e-001
-4.3496113196e-001 5.8207847366e-001 -6.8701780485e-001
-1.9264868108e-001 6.8514973117e-001 7.0246446996e-001
-5.0792795757e+000 4.5443337893e+000 -3.0435802062e-001
0 0 0
0 0 0
0 0 0
0 0 0
0 0 0
1.6843006080e+003 4.1010363853e-002 -8.8727277108e-002
8.6146178712e-001 4.5572538112e-001 -2.2404902665e-001
-4.5827443346e-001 5.0757301370e-001 -7.2962605449e-001
-2.1878787208e-001 7.3122090558e-001 6.4610204632e-001
-4.9636134031e+000 4.3209555134e+000 -1.2605636372e-001
1.6798707663e+003 3.7250802135e-002 -6.4703967819e-002
8.5005256875e-001 4.7162800592e-001 -2.3447314215e-001
-4.7203641356e-001 4.8469246095e-001 -7.3637955062e-001
-2.3364985476e-001 7.3664118967e-001 6.3463966394e-001
-4.9099366829e+000 4.1460687912e+000 7.5821829179e-003
1.6711392958e+003 5.6547399247e-002 -1.0017457715e-001
8.1999896173e-001 4.9045794775e-001 -2.9504695262e-001
-4.8442458937e-001 3.2013849741e-001 -8.1415241797e-001
-3.0485163600e-001 8.1053213630e-001 5.0010312543e-001
-4.6958350574e+000 4.1059582272e+000 6.6951135733e-001
1.6706634296e+003 5.2904335005e-002 -1.0186732228e-001
7.9866280944e-001 4.8832289377e-001 -3.5167949647e-001
-5.0210341631e-001 2.1861373406e-001 -8.3671990212e-001
-3.3170751597e-001 8.4483654437e-001 4.1978725225e-001
-4.4524163178e+000 3.4659143339e+000 9.3260110174e-001
1.6735451841e+003 4.2775524403e-002 -7.7641205213e-002
7.7032132762e-001 4.9383872925e-001 -4.0339603581e-001
-5.0151950017e-001 7.8517159383e-002 -8.6157602487e-001
-3.9380609844e-001 8.6600136557e-001 3.0815319511e-001
-4.2239654018e+000 3.0353776489e+000 1.4570987968e+000
1.6821463400e+003 2.4554076886e-002 -4.7672747050e-002
7.5252673246e-001 4.8721203181e-001 -4.4308910276e-001
-5.1087070669e-001 7.2918346460e-003 -8.5962663418e-001
-4.1558950657e-001 8.7325326521e-001 2.5438965550e-001
-4.0318310897e+000 2.8465392207e+000 1.6670475244e+000
1.6809592234e+003 4.0676856321e-002 -8.0552706141e-002
7.2460568314e-001 5.0082101348e-001 -4.7341833131e-001
-5.1762290354e-001 -5.8017003822e-002 -8.5363959432e-001
-4.5498695991e-001 8.6360427264e-001 2.1719697646e-001
-3.8927210430e+000 2.5939204124e+000 1.9582670508e+000
1.6852512378e+003 2.9786321802e-002 -8.6360872444e-002
6.7783376461e-001 4.9479515097e-001 -5.4380064926e-001
-5.1057487629e-001 -2.1540709639e-001 -8.3241400669e-001
-5.2901293298e-001 8.4188926909e-001 1.0661976992e-001
-3.6276499136e+000 1.9834226749e+000 2.4581343404e+000
1.6765246829e+003 3.8788280439e-002 -1.1275215616e-001
6.6112084174e-001 4.7633103054e-001 -5.7967920608e-001
-4.9044867215e-001 -3.1031905024e-001 -8.1434770647e-001
-5.6778458291e-001 8.2268513807e-001 2.8457529729e-002
-3.5321875272e+000 1.6434259570e+000 2.6788018927e+000
0 0 0
0 0 0
0 0 0
0 0 0
0 0 0
0 0 0
0 0 0
0 0 0
0 0 0
0 0 0
0 0 0
0 0 0
0 0 0
0 0 0
0 0 0
0 0 0
0 0 0
0 0 0
0 0 0
0 0 0
0 0 0
0 0 0
0 0 0
0 0 0
0 0 0
0 0 0
0 0 0
0 0 0
0 0 0
0 0 0
0 0 0
0 0 0
0 0 0
0 0 0
0 0 0
0 0 0
0 0 0
0 0 0
0 0 0
0 0 0
0 0 0
0 0 0
0 0 0
0 0 0
0 0 0
0 0 0
0 0 0
0 0 0
0 0 0
0 0 0
0 0 0
0 0 0
0 0 0
0 0 0
0 0 0
0 0 0
0 0 0
0 0 0
0 0 0
0 0 0
0 0 0
0 0 0
0 0 0
0 0 0
0 0 0
0 0 0
0 0 0
0 0 0
0 0 0
0 0 0
0 0 0
0 0 0
0 0 0
0 0 0
0 0 0
0 0 0
0 0 0
0 0 0
0 0 0
0 0 0
0 0 0
0 0 0
0 0 0
0 0 0
0 0 0
0 0 0
0 0 0
0 0 0
0 0 0
0 0 0
0 0 0
0 0 0
0 0 0
0 0 0
0 0 0
0 0 0
0 0 0
0 0 0
0 0 0
0 0 0
0 0 0
0 0 0
0 0 0
0 0 0
0 0 0
0 0 0
0 0 0
0 0 0
0 0 0
0 0 0
0 0 0
0 0 0
0 0 0
0 0 0
0 0 0
0 0 0
0 0 0
0 0 0
0 0 0
0 0 0
0 0 0
0 0 0
0 0 0
0 0 0
0 0 0
0 0 0
0 0 0
0 0 0
0 0 0
0 0 0
0 0 0
0 0 0
0 0 0
0 0 0
0 0 0
0 0 0
0 0 0
0 0 0
0 0 0
0 0 0
0 0 0
0 0 0
0 0 0
0 0 0
0 0 0
0 0 0
0 0 0
0 0 0
0 0 0
0 0 0
0 0 0
0 0 0
0 0 0
0 0 0
0 0 0
0 0 0
0 0 0
0 0 0
0 0 0
0 0 0
0 0 0
0 0 0
0 0 0
0 0 0
0 0 0
0 0 0
0 0 0
0 0 0
0 0 0
0 0 0
0 0 0
0 0 0
0 0 0
0 0 0
0 0 0
0 0 0
0 0 0
0 0 0
0 0 0
0 0 0
0 0 0
0 0 0
0 0 0
0 0 0
0 0 0
0 0 0
0 0 0
0 0 0
0 0 0
0 0 0
0 0 0
0 0 0
0 0 0
0 0 0
0 0 0
7.4378741123e+000 -2.1902775617e+000 -1.0150953785e+000
113 107 95
3 1 79 198.2000 436.9400 2 65 166.3700 472.8400 3 27 180.2600 505.1500
7.4415801541e+000 -2.2324844405e+000 -9.3008376818e-001
109 95 79
2 1 80 204.2600 428.1400 2 66 170.8300 461.6800
7.4627494663e+000 -2.2090141431e+000 -9.8943850231e-001
111 103 80
2 1 81 208.8900 431.8900 2 67 176.7700 466.7900
7.4892688209e+000 -2.2203985536e+000 -1.0037359589e+000
107 96 75
2 1 82 218.3400 426.2000 2 68 185.6100 460.8200
8.7196908654e+000 -2.1073787934e+000 -1.2770580059e+000
188 174 126
2 1 85 639.9301 443.2500 2 763 614.9800 458.4300
7.3005321179e+000 -2.3630889304e+000 -9.4544714759e-001
104 94 92
2 1 122 149.0300 376.5100 2 93 112.1400 412.1800
7.3173267947e+000 -2.4319653355e+000 -8.6386001193e-001
138 137 133
2 1 123 159.0500 355.8600 2 116 120.0100 388.0600
7.8651748457e+000 -2.5584579275e+000 -9.5142737092e-001
73 54 37
2 1 172 363.4399 300.7800 2 175 323.1899 321.2300
6.4010430779e+000 -2.7106250704e+000 -2.9665541263e-001
76 68 59
2 1 189 -224.5800 279.6100 2 829 -277.3500 314.3000
6.5543476255e+000 -2.7739816766e+000 -2.0207183919e-001
110 97 88
2 1 192 -158.2800 256.2000 2 208 -212.6300 282.9700
6.1476866491e+000 -2.8143721697e+000 -3.0470072900e-001
71 60 60
3 1 219 -337.6900 232.5300 2 861 -395.0100 273.5900 3 789 -400.6100 308.3900
6.1992879191e+000 -2.8475081583e+000 -2.3126776056e-001
124 124 114
2 1 220 -321.0200 221.3200 2 863 -377.5200 257.8300
6.2758975344e+000 -2.8159279934e+000 -2.3213355147e-001
98 95 82
2 1 224 -285.4100 235.6300 2 865 -341.4700 270.4900
7.9371340228e+000 -2.7903496246e+000 -9.1202874151e-001
97 76 52
2 1 270 393.9600 213.6800 2 911 346.8400 229.9300
6.1207654714e+000 -2.9818018207e+000 -1.5533528710e-001
149 145 133
2 1 309 -363.6200 162.2300 2 922 -423.9400 197.4100
6.2398270210e+000 -2.9333164035e+000 -9.6914131759e-002
116 113 99
2 1 311 -312.1000 187.2100 2 252 -371.8600 217.4700
6.2398270210e+000 -2.9333164035e+000 -9.6914131759e-002
116 113 99
2 1 312 -312.1000 187.2100 2 253 -371.8600 217.4700
7.6231861296e+000 -2.9148944658e+000 -6.2821086920e-001
91 73 59
2 1 326 294.7800 174.5400 2 932 242.1600 188.3400
6.3497769712e+000 -3.0253854486e+000 -2.6049710787e-002
92 86 74
2 1 362 -263.7100 145.3000 2 283 -326.1100 169.5400
6.3207901258e+000 -3.0631213473e+000 1.5261692008e-002
91 89 77
4 1 363 -281.0100 127.7700 2 310 -343.8900 151.4100 3 227 -355.2200 173.0900 4 378 -349.9200 85.4000
6.4692828852e+000 -3.1374571014e+000 -1.9749504791e-002
78 70 59
2 1 396 -206.5400 91.1000 2 336 -269.3600 111.2400
6.0921522974e+000 -3.1530389869e+000 -9.5072853830e-002
94 91 74
3 1 418 -382.2500 82.3300 2 328 -446.4900 116.8300 3 240 -457.9800 146.1500
8.8143912787e+000 -3.1337593932e+000 -8.1558390521e-001
131 114 71
2 1 445 745.5100 82.7900 2 380 681.6400 76.2700
6.5824017501e+000 -3.2351520073e+000 4.7990500283e-002
105 103 90
2 1 473 -153.9700 43.8400 2 401 -219.3900 58.1900
7.7948156085e+000 -3.3040194978e+000 -5.9363943016e-001
85 70 65
2 1 526 367.4200 14.7400 2 1075 302.6700 23.6700
8.0791823589e+000 -3.2999503851e+000 -1.9105839183e-001
157 166 165
2 1 532 541.2000 14.0900 2 434 469.9700 -0.3100
6.4529012468e+000 -3.3518808241e+000 9.0304596839e-002
63 54 46
2 1 545 -220.9900 -14.3200 2 1070 -288.0100 2.0200
7.4044368759e+000 -3.3759072334e+000 -5.8972239303e-001
76 61 56
2 1 550 207.3400 -15.2200 2 1073 140.7500 3.1900
7.8720055049e+000 -3.5483275011e+000 -4.4199957488e-001
98 86 76
3 1 592 415.0400 -90.8600 2 1149 340.7800 -87.0400 3 416 317.0200 -80.1300
6.6628010861e+000 -3.5367203718e+000 1.9448688273e-001
86 73 51
2 1 608 -116.9300 -111.2800 2 1164 -193.0800 -102.9300
6.6947455270e+000 -3.5790293621e+000 2.0478710505e-001
85 70 46
2 1 631 -100.7800 -133.5000 2 1166 -178.0600 -125.9800
7.3996041341e+000 -3.7577834214e+000 -8.6060745720e-001
62 43 29
2 1 645 188.9900 -158.9300 2 501 118.0699 -130.2400
7.8615578981e+000 -3.7013800658e+000 -5.0843622674e-001
79 70 62
7 1 648 401.5000 -153.3900 2 1196 324.9301 -144.6900 3 479 297.4000 -134.0200 4 2133 280.2000 -210.8500 5 1524 344.7900 -253.6000 6 2168 355.2500 -205.4200 8 1431 190.0800 -236.4500
7.5682086881e+000 -2.4719945147e+000 -8.5775384566e-001
78 60 45
4 1 981 256.2500 340.1800 2 1430 217.9000 366.4800 3 1404 225.7400 388.2000 4 1723 246.1899 312.7500
6.5311526196e+000 -2.6877018594e+000 -3.0413527447e-001
117 109 98
6 1 999 -166.4600 288.6200 2 817 -217.6600 321.4300 4 1086 -204.5800 268.5700 5 1086 -120.0100 264.9300 6 1756 -69.7000 297.5700 8 1045 -182.0100 214.1600
6.3317354445e+000 -2.7712931223e+000 -2.4752779609e-001
83 72 60
2 1 1022 -258.7200 255.1400 2 827 -313.6900 289.4700
6.3972824514e+000 -2.7391940214e+000 -2.4255148312e-001
67 57 48
2 1 1023 -228.7700 270.0100 2 1456 -283.2200 302.8100
6.3853602810e+000 -2.7508065802e+000 -2.4082542210e-001
161 155 141
2 1 1024 -234.1300 264.7800 2 828 -289.2600 297.7900
6.1912569083e+000 -2.7729218268e+000 -3.0856544933e-001
86 81 78
3 1 1056 -318.5600 250.9400 2 1453 -373.7300 291.5500 3 1435 -378.5800 325.2100
6.3043256260e+000 -2.8340407618e+000 -1.6094989961e-001
70 66 55
2 1 1058 -277.8900 231.1200 2 868 -333.1200 262.3400
6.2942926660e+000 -2.8559844756e+000 -1.2781565629e-001
88 83 77
3 1 1059 -284.0500 222.4700 2 867 -341.9200 252.7700 3 1510 -348.4800 279.0600
7.1170238964e+000 -2.6393916276e+000 -1.5645321331e+000
169 145 112
3 1 1067 65.4900 241.2200 2 836 22.7000 294.5600 3 778 27.7800 339.7500
8.0713035312e+000 -2.6871229319e+000 -9.8747258670e-001
183 187 174
6 1 1073 437.1100 249.3800 2 1521 393.1899 265.4900 3 1522 396.7200 282.2100 4 1808 410.6801 203.2300 5 1898 527.0000 182.9800 6 1872 554.1500 207.4900
7.2499709885e+000 -2.8098408239e+000 -6.2160628472e-001
135 155 150
3 1 1092 142.0800 218.4800 2 1542 92.2700 240.6600 3 1519 89.7900 262.3700
7.2490458739e+000 -2.8102105347e+000 -6.1424699899e-001
135 155 150
4 1 1093 142.0800 218.4800 2 1541 92.2700 240.6600 3 1518 89.7900 262.3700 4 1816 100.0000 184.0200
7.2913246447e+000 -2.8119373608e+000 -6.1147322901e-001
87 80 70
5 1 1094 159.0300 217.4800 2 1545 109.4301 239.3900 4 1819 118.2000 180.9500 5 1893 215.7600 164.2500 6 1867 249.0400 193.4100
7.7846455702e+000 -2.7944638356e+000 -8.0180990539e-001
92 73 56
2 1 1102 345.2800 216.5400 2 1554 297.0400 232.8400
6.0228465459e+000 -2.9827325775e+000 -2.3199415188e-001
150 150 132
2 1 1118 -401.7000 159.3200 2 920 -462.1200 199.6700
6.0911501344e+000 -2.9804950874e+000 -1.8022832587e-001
150 148 135
2 1 1120 -375.1500 162.0200 2 921 -435.4400 198.8500
7.6606322294e+000 -2.8892174541e+000 -6.7265420516e-001
93 76 60
3 1 1134 306.2000 184.1000 2 931 255.0400 196.9200 3 885 251.3101 212.6800
5.7794298455e+000 -3.0320402991e+000 -4.6846234098e-001
114 111 114
2 1 1150 -484.8100 130.9900 2 940 -545.0300 184.1500
6.0089617698e+000 -3.0320750119e+000 -2.3470115380e-001
140 136 124
3 1 1155 -407.8600 136.4900 2 943 -468.8100 177.3800 3 874 -477.6500 213.0900
6.1843225905e+000 -3.0314427496e+000 -6.5105744015e-002
110 102 87
3 1 1158 -341.0500 141.2200 2 1584 -403.5100 171.9800 3 879 -413.1300 198.2500
5.8597560668e+000 -3.0898530013e+000 -3.5483611291e-001
150 148 133
6 1 1166 -462.3700 106.9200 2 942 -524.2900 156.5600 3 1548 -532.2200 199.2300 4 1835 -522.1400 144.9100 5 1879 -474.6400 162.0100 6 1851 -411.7300 214.4000
6.0669471360e+000 -3.1186743838e+000 -1.0956445419e-001
108 105 98
2 1 1169 -392.9800 98.8600 2 305 -456.7400 133.4200
6.1297590192e+000 -3.0947264882e+000 -8.5983153039e-002
101 97 85
3 1 1173 -365.0500 110.3900 2 963 -428.1600 143.1500 3 898 -439.8800 171.7500
6.2035256191e+000 -3.0703731466e+000 -4.8556355999e-002
110 103 85
2 1 1174 -333.2100 123.1000 2 308 -396.2100 151.9400
6.1786953968e+000 -3.1037845956e+000 -3.6515698169e-002
129 126 111
4 1 1175 -345.2600 106.9700 2 966 -409.9200 136.4700 3 899 -421.0300 162.6400 4 1244 -415.9300 83.9700
6.2957221207e+000 -3.1026218314e+000 1.3232179018e-002
127 122 113
3 1 1178 -292.4300 108.5200 2 309 -357.1300 132.7800 3 243 -369.2600 154.6500
6.3388902313e+000 -3.1272090129e+000 -6.3825269498e-003
105 102 88
3 1 1179 -270.8100 96.1200 2 985 -334.0000 120.0600 3 924 -346.6400 141.2800
6.5735378310e+000 -3.0791065282e+000 -1.9106153855e-003
87 77 65
4 1 1186 -156.4200 119.0900 2 969 -218.0900 137.1200 4 1254 -227.2700 60.4000 7 604 -187.0400 -108.2900
8.9094202526e+000 -3.0627672116e+000 -5.7042285909e-001
178 161 105
2 1 1202 831.9000 114.9100 2 347 767.2000 96.0500
6.1115025892e+000 -3.1431678701e+000 -7.2916803947e-002
121 115 101
7 1 1212 -376.0700 87.6800 2 977 -439.9400 118.9700 3 917 -451.0900 149.4000 4 373 -444.6700 75.8400 5 380 -389.9500 63.5700 6 352 -332.1500 112.2100 9 255 -481.6800 6.1700
6.3397947659e+000 -3.2019091595e+000 1.1057154420e-002
76 67 60
4 1 1219 -271.1400 60.1100 2 1658 -336.2000 82.8500 3 939 -350.0000 103.7800 4 441 -348.0200 20.9400
6.4596209944e+000 -3.1625345167e+000 5.6216419261e-002
110 101 90
2 1 1221 -214.7900 79.7500 2 986 -279.8800 97.3000
6.5525782044e+000 -3.1631453414e+000 7.2170669973e-002
75 67 57
2 1 1223 -169.3600 79.6100 2 987 -234.3200 93.8800
8.0565751146e+000 -3.1701682028e+000 -2.7674544033e-001
96 81 65
3 1 1230 518.4600 72.7900 2 1669 453.0200 62.1100 3 1691 437.1500 56.0100
8.9203156373e+000 -3.1444448083e+000 -7.5884787256e-001
121 103 70
2 1 1233 796.8800 79.3100 2 1027 732.4600 67.9300
6.2295194186e+000 -3.2103585806e+000 -3.9282093626e-002
86 84 73
2 1 1244 -320.3800 55.5700 2 1005 -387.2400 83.3400
6.3054276563e+000 -3.2464706424e+000 2.3342155657e-003
114 110 99
6 1 1249 -287.8200 37.9800 2 1012 -353.9700 62.4200 3 962 -367.3200 85.2900 4 1305 -365.8600 3.9000 5 1272 -308.4600 -21.2800 6 431 -256.1500 28.5600
6.3076535591e+000 -3.2155154215e+000 3.3905218787e-003
140 138 126
6 1 1250 -287.2000 52.9400 2 1006 -352.0900 77.5500 3 1624 -365.5400 99.9600 4 1304 -362.5200 17.9000 5 2039 -304.5500 -7.4900 6 1313 -253.0600 41.0500
6.3076894205e+000 -3.2155668780e+000 2.9792832700e-003
140 138 126
7 1 1251 -287.2000 52.9400 2 1007 -352.0900 77.5500 3 1625 -365.5400 99.9600 4 1303 -362.5200 17.9000 5 2038 -304.5500 -7.4900 6 1312 -253.0600 41.0500 7 601 -327.2600 -125.2700
6.3321884714e+000 -3.2675720915e+000 3.1848877679e-002
97 90 80
2 1 1252 -276.6800 27.8900 2 1037 -342.9200 49.8600
6.5721244799e+000 -3.2500717716e+000 4.5412483232e-002
128 143 134
3 1 1255 -158.5900 36.3400 2 1040 -224.8600 51.4800 3 963 -240.7100 66.8600
6.6407062698e+000 -3.2118533085e+000 3.8532266839e-002
100 96 89
2 1 1257 -124.5300 55.2200 2 1018 -190.0400 68.4600
8.0975205108e+000 -3.2174976314e+000 -1.8783982889e-001
180 178 166
3 1 1269 550.9900 51.8100 2 1695 481.6000 36.3800 3 1039 462.6500 26.7100
7.2696620901e+000 -3.4106236651e+000 -6.5191114110e-001
42 27 24
2 1 1310 147.0800 -28.1300 2 1745 84.3400 -5.4600
7.4533630239e+000 -3.4224248789e+000 -6.9009021919e-001
54 35 29
2 1 1314 220.2600 -32.3900 2 1097 155.2400 -12.1100
7.9107227009e+000 -3.4187206123e+000 -9.6700521124e-001
82 69 61
2 1 1320 376.2900 -26.1700 2 1101 313.6100 -7.6000
7.8008805411e+000 -3.4673406699e+000 -5.9516032010e-001
54 41 34
3 1 1340 370.1600 -52.3100 2 1122 299.8199 -43.5100 3 1059 279.6700 -29.6300
7.4600655250e+000 -3.5556445453e+000 -7.0619586247e-001
55 35 32
2 1 1365 221.7400 -85.4700 2 1118 153.5100 -64.0600
7.4600655250e+000 -3.5556445453e+000 -7.0619586247e-001
55 35 32
2 1 1366 221.7400 -85.4700 2 1119 153.5100 -64.0600
7.4872271677e+000 -3.5764297567e+000 -7.1106884815e-001
56 35 32
2 1 1367 232.4399 -93.6600 2 1143 163.2800 -72.4500
7.5869612504e+000 -3.6295232454e+000 -7.5631966194e-001
46 28 26
2 1 1393 269.0900 -113.2000 2 1146 198.3400 -92.2600
7.8496734514e+000 -3.6710238342e+000 -5.4008935137e-001
35 26 19
2 1 1418 394.7700 -138.7200 2 1172 317.9399 -129.8400
7.3034224610e+000 -3.8206742439e+000 -8.3280118937e-001
71 45 30
2 1 1442 152.7200 -184.6200 2 1193 81.0601 -154.2500
7.3424700215e+000 -3.7682414383e+000 -7.5453922761e-001
62 39 25
2 1 1444 172.0601 -168.1600 2 1839 99.6600 -141.0300
7.5285075752e+000 -3.7914255742e+000 -8.0890640294e-001
78 64 61
4 1 1447 241.5200 -174.3100 2 522 168.1100 -149.2400 3 1148 146.1600 -122.9900 4 1498 132.6801 -177.9400
6.8031815784e+000 -3.7143872766e+000 1.6112755582e-001
70 56 44
2 1 1468 -45.1800 -199.6300 2 537 -124.7300 -191.4300
8.9733953645e+000 -2.0748720868e+000 -6.6885796473e-001
157 144 92
2 1 1658 840.7600 514.9500 2 1384 818.5400 504.3500
6.0885519412e+000 -2.3102963750e+000 -2.4769826430e-001
78 61 69
2 1 1675 -371.4300 468.1900 2 1364 -421.3300 516.2900
7.3556644429e+000 -2.2109475697e+000 -1.0036743376e+000
81 78 72
3 1 1686 167.5500 430.0200 2 1388 135.0000 467.8000 3 1963 147.9100 500.6500
7.3676097583e+000 -2.3735218085e+000 -8.8194973173e-001
66 57 48
3 1 1706 177.6500 377.1900 2 1404 140.3101 409.9400 3 1974 150.0300 437.0100
7.3674302399e+000 -2.4663187345e+000 -7.9056742342e-001
101 92 82
3 1 1707 181.5800 347.4400 2 1420 142.0500 376.3600 4 2276 170.5699 325.9700
7.4935960042e+000 -2.4585848333e+000 -8.3823150211e-001
77 60 48
4 1 1709 228.3500 347.3400 2 1426 190.6899 374.2500 3 1985 197.4399 396.7500 4 2282 218.8600 322.8300
7.4931280752e+000 -2.4591178218e+000 -8.3113864573e-001
77 60 48
5 1 1710 228.3500 347.3400 2 1427 190.6899 374.2500 3 1986 197.4399 396.7500 4 2281 218.8600 322.8300 6 2294 375.0699 340.9900
7.6044847029e+000 -2.4253873010e+000 -8.8889400041e-001
75 56 42
3 1 1711 269.1300 355.3300 2 1408 230.8101 383.9400 4 2284 262.9600 329.8700
7.6313086847e+000 -2.4360710026e+000 -8.8604809577e-001
100 84 69
2 1 1712 279.1500 352.5400 2 1431 242.0699 377.4900
7.6313086847e+000 -2.4360710026e+000 -8.8604809577e-001
100 84 69
2 1 1713 279.1500 352.5400 2 1432 242.0699 377.4900
7.0879283120e+000 -2.4569726056e+000 -8.5616995768e-001
167 144 103
2 1 1721 69.5300 346.8600 2 1402 29.3700 384.0000
7.0879283120e+000 -2.4569726056e+000 -8.5616995768e-001
167 144 103
2 1 1722 69.5300 346.8600 2 1403 29.3700 384.0000
7.4646446014e+000 -2.5390479956e+000 -8.1333520532e-001
77 59 47
3 1 1729 218.9100 317.1500 2 1446 177.9500 342.9400 3 1425 182.9301 366.0200
8.6879838078e+000 -2.4434936678e+000 -1.1535760127e+000
150 133 83
3 1 1741 645.8800 331.2300 2 1450 609.8400 340.2100 5 1822 778.6500 236.7600
6.4215220023e+000 -2.6657207031e+000 -3.4356024054e-001
55 42 39
3 1 1742 -211.9400 296.3300 2 2025 -264.9600 333.1900 3 1993 -267.7100 363.3700
7.4629054345e+000 -2.6182877940e+000 -7.4611555792e-001
77 59 47
2 1 1744 222.0400 289.7300 2 1462 178.7300 312.8500
6.5827456742e+000 -2.7225816915e+000 -2.8866302579e-001
113 103 93
5 1 1756 -142.8000 274.3500 2 2040 -194.6100 303.5500 3 2011 -198.2800 329.2500 5 2769 -99.9300 240.0200 6 2322 -50.4500 272.5000
6.6086812262e+000 -2.7638097089e+000 -2.4826288473e-001
62 41 38
6 1 1757 -131.1300 257.2800 2 1457 -186.1300 284.8400 3 2028 -190.2100 309.2600 4 2311 -177.7000 225.1100 5 2411 -91.7100 210.7000 6 2666 -45.2600 245.4400
7.5427018189e+000 -2.6982200161e+000 -7.4880873921e-001
72 58 46
3 1 1772 253.5300 257.6100 2 1514 208.6300 277.7300 3 2037 208.9500 297.3500
7.7175395981e+000 -2.6429317562e+000 -8.4675786638e-001
98 79 62
2 1 1780 315.7200 273.9900 2 1485 271.7500 294.2300
8.7962168920e+000 -2.6386808884e+000 -1.0382978131e+000
141 119 70
2 1 1784 701.6300 265.5200 2 889 658.8199 266.8600
6.2450987536e+000 -2.8282217016e+000 -2.5189686861e-001
141 143 129
2 1 1791 -298.2800 229.0200 2 1490 -354.2800 265.2000
6.3296639552e+000 -2.7910644491e+000 -2.1967903559e-001
80 70 61
3 1 1794 -260.9500 247.5300 2 2053 -316.3900 281.0100 3 2021 -323.2700 309.4300
6.4696242265e+000 -2.8634706931e+000 -4.6460232041e-002
64 48 33
3 1 1799 -205.0200 223.2300 2 1535 -262.3800 244.3600 3 2051 -270.4600 265.1400
6.5262101749e+000 -2.7984964597e+000 -1.6527568592e-001
68 56 48
2 1 1800 -173.3200 247.1000 2 2056 -227.4300 272.8600
7.2686270239e+000 -2.7997823734e+000 -6.2249841296e-001
70 61 56
15 1 1806 148.9600 223.2800 2 1544 100.4200 244.5800 3 1520 97.9700 261.6500 4 1817 108.7800 185.1400 5 2431 207.6600 174.9800 7 957 174.3800 43.4000 8 2184 130.6400 130.2600 9 1758 90.1400 53.4700 10 1589 85.5601 77.2800 12 1577 65.1700 10.0400 13 2112 38.0200 -74.3200 14 1220 29.6400 78.5700 15 1566 83.3800 -112.3500 16 1169 100.6899 -123.3300 18 634 115.1000 -205.9400
7.4516186384e+000 -2.7400018472e+000 -6.8147444004e-001
74 60 47
3 1 1808 221.0900 244.5700 2 1509 174.8900 263.2000 3 1474 173.3700 283.8200
7.4460885244e+000 -2.7765222263e+000 -7.1784656999e-001
90 76 62
2 1 1809 217.4500 227.3100 2 2082 168.2600 249.2400
6.0985631886e+000 -2.9104000608e+000 -2.1138426899e-001
95 91 82
4 1 1818 -370.3900 192.8600 2 2070 -427.5000 232.0000 3 2044 -434.9900 265.2200 4 2323 -422.7600 194.4600
6.2263673075e+000 -2.8560030025e+000 -2.0236066234e-001
86 88 77
2 1 1823 -309.9500 218.6800 2 1489 -368.2200 253.6800
5.9832730594e+000 -2.9776708304e+000 -2.8381845274e-001
154 152 139
2 1 1842 -413.8800 159.8900 2 2086 -475.3000 203.1300
6.4566311148e+000 -2.9440777575e+000 -7.4755062139e-003
90 81 72
6 1 1845 -213.3100 184.9000 2 1563 -273.6700 206.4100 3 2070 -283.0200 225.3600 4 2363 -274.9900 132.6900 5 2820 -200.8200 106.4800 6 2390 -151.2000 143.0000
6.2076927816e+000 -3.0348615977e+000 -4.2323681382e-002
144 140 123
2 1 1869 -331.5600 140.3800 2 1585 -394.4900 169.1000
6.2964023752e+000 -3.0348327320e+000 -6.7624540486e-003
94 86 75
3 1 1871 -291.7700 141.6000 2 1588 -353.6700 165.8400 3 1554 -364.0900 188.7600
6.3074727725e+000 -3.0531044026e+000 8.3242820096e-003
136 137 123
6 1 1872 -288.2800 132.1100 2 1589 -350.4100 157.1000 3 1583 -361.6900 178.7100 4 1878 -355.2200 92.1400 5 1969 -289.7300 68.2100 6 1942 -236.5000 111.2200
6.4077783659e+000 -3.0187762524e+000 2.5681971629e-002
63 54 45
4 1 1873 -238.3400 149.9000 2 1590 -300.5300 170.9500 3 1555 -312.6000 189.3000 4 1880 -305.7600 98.3800
6.4784865337e+000 -3.0171274248e+000 3.5295101427e-003
54 39 32
5 1 1876 -202.9900 150.4000 2 1592 -264.4700 169.5000 3 2110 -275.8500 187.1200 4 1882 -268.9600 95.7000 5 1972 -198.0700 66.1400
6.4966285254e+000 -3.0228236123e+000 -3.6004804806e-003
72 61 55
5 1 1877 -193.7200 146.5100 2 949 -255.4100 166.6400 3 900 -265.9700 184.3200 4 1222 -260.5200 92.6400 6 1256 -141.0700 101.8000
6.5764449192e+000 -3.0556113846e+000 7.8343887296e-004
56 46 37
2 1 1878 -155.1000 131.2400 2 1621 -216.5400 147.8400
6.5924235371e+000 -3.0618243663e+000 -9.9148626329e-003
91 77 64
6 1 1879 -146.1400 127.8600 2 1622 -208.5100 145.2900 3 1589 -220.2200 159.2800 4 1912 -216.7800 67.9300 5 1995 -143.6700 33.8300 6 1969 -99.5800 73.4500
7.2342141648e+000 -2.9597724148e+000 -8.5978511581e-001
40 28 28
2 1 1884 125.9500 149.8800 2 1598 74.3400 179.9700
6.0918209551e+000 -3.0947897773e+000 -9.2618760054e-002
93 89 78
2 1 1898 -382.5700 110.4700 2 2146 -446.6000 143.9400
6.0933303704e+000 -3.0938231335e+000 -9.5002063886e-002
93 89 78
9 1 1899 -382.5700 110.4700 2 2145 -446.6000 143.9400 3 2098 -455.2900 175.2600 4 2692 -447.2500 101.7100 5 2813 -392.7900 92.5900 6 2698 -334.2100 140.1400 7 1680 -404.6900 -22.8500 8 2522 -462.0900 87.5700 9 2056 -482.3100 31.2100
6.1105609847e+000 -3.1129310202e+000 -7.3660965779e-002
132 128 117
4 1 1900 -375.2700 101.9300 2 1615 -439.7400 134.6400 3 2101 -450.4300 163.6300 4 2404 -443.3700 88.9500
6.1654076536e+000 -3.1225002246e+000 -4.5546795108e-002
83 78 67
6 1 1902 -351.6800 97.4800 2 1616 -415.3900 128.1300 3 1601 -426.5300 155.4500 4 1245 -420.7000 76.9700 5 1208 -365.1900 62.0400 6 1253 -309.1000 109.4000
6.5099058249e+000 -3.0996388033e+000 1.3449845314e-002
71 61 52
4 1 1906 -187.6600 110.0500 2 1620 -251.2600 127.9600 3 1609 -263.5500 144.8500 4 1930 -259.9700 54.0300
7.5614083823e+000 -3.0555165639e+000 -5.7690057488e-001
93 78 71
8 1 1908 272.2800 118.8400 2 2158 217.1200 128.0100 3 2129 207.5000 144.0700 4 2412 209.2300 62.9300 5 2506 301.3700 32.8200 6 2436 326.4100 63.7500 7 1403 254.7800 -90.6900 10 2073 134.5800 -51.5700
7.7109702343e+000 -3.0979588014e+000 -5.8470235486e-001
68 54 45
8 1 1909 334.2100 100.2600 2 2190 276.0400 110.0600 3 2158 266.2800 121.6100 5 2523 358.5699 1.7800 6 1995 378.9301 31.7200 7 1028 305.8600 -123.2300 8 1881 244.0400 -39.1000 10 1719 178.3700 -81.2600
7.7717119010e+000 -3.0887123339e+000 -6.4977516504e-001
66 50 37
5 1 1912 353.4500 105.3100 2 1643 295.9000 109.9800 3 2131 285.8400 125.4500 4 2435 285.4900 43.4900 5 2525 380.5699 9.1000
7.7717119010e+000 -3.0887123339e+000 -6.4977516504e-001
66 50 37
5 1 1913 353.4500 105.3100 2 1642 295.9000 109.9800 3 2132 285.8400 125.4500 4 2434 285.4900 43.4900 5 2524 380.5699 9.1000
6.2157612068e+000 -3.1664894520e+000 -2.9154442080e-002
104 98 84
6 1 1924 -329.1700 76.6500 2 1633 -393.7800 104.5900 3 1603 -406.2900 130.5500 4 1925 -400.8000 50.9800 5 1228 -344.4000 32.6400 6 1284 -288.2000 80.5200
6.2004856027e+000 -3.1772725177e+000 -2.1695540905e-002
89 84 73
2 1 1925 -336.4800 71.7700 2 1632 -402.2700 99.5800
6.1873584258e+000 -3.2003134317e+000 -3.7749831257e-002
142 139 122
6 1 1927 -342.2700 60.0800 2 1004 -407.4700 89.5200 3 936 -419.7200 115.9500 4 1278 -415.1200 39.4200 5 2011 -360.0700 21.7600 6 1285 -304.6800 71.0600
6.2887495897e+000 -3.1527942870e+000 -1.6970618460e-002
135 132 114
3 1 1928 -294.4100 83.5500 2 1635 -358.3100 109.2100 3 921 -370.9600 132.1400
6.3717680918e+000 -3.2021641404e+000 7.0575721231e-003
136 133 122
6 1 1930 -256.5200 59.4800 2 1659 -321.4300 81.8500 3 1626 -334.8800 102.7700 4 1955 -330.8600 18.8900 5 2543 -270.5000 -9.4800 6 1986 -220.3100 37.5200
6.4860980681e+000 -3.1475103764e+000 2.0298361760e-002
103 94 85
11 1 1932 -201.2000 86.5900 2 1639 -264.8000 105.4600 3 1628 -278.2500 122.1200 4 1932 -275.5300 32.8200 5 2513 -209.1000 -0.4000 6 1989 -161.9100 43.9400 7 1409 -237.5100 -128.6000 8 1838 -299.8400 -32.9600 9 1401 -333.8500 -90.7500 10 1692 -345.3000 -56.7000 12 1696 -357.5700 -116.4600
7.4168609450e+000 -3.1520661317e+000 -6.4541779281e-001
36 27 22
2 1 1936 208.1801 77.0800 2 1641 150.6500 95.8300
7.6817750447e+000 -3.1752579022e+000 -5.7918583609e-001
45 27 23
2 1 1938 322.8300 67.8800 2 1665 261.3101 78.7200
6.2782949588e+000 -3.2578458722e+000 -2.2931033074e-002
115 111 100
3 1 1957 -298.7000 32.9000 2 1683 -365.0100 58.0400 3 1653 -378.5600 83.2400
6.5703445557e+000 -3.2096287249e+000 2.7149928163e-002
112 108 96
3 1 1958 -158.7700 56.2100 2 1661 -224.0200 72.0100 3 1656 -238.9600 87.7800
7.5352997197e+000 -3.2240433344e+000 -6.3988339942e-001
51 33 29
5 1 1962 257.4100 47.6700 2 1663 197.1000 61.6700 3 1660 183.4500 82.8200 4 1966 182.2100 5.2200 5 2047 265.4301 -22.4100
6.2557071135e+000 -3.2699740270e+000 -3.9208921983e-002
124 119 109
3 1 1983 -308.4000 26.7600 2 1681 -374.7200 54.1600 3 1650 -388.2900 79.4100
6.2704189043e+000 -3.2837510479e+000 -1.8586046308e-002
55 52 44
3 1 1984 -303.4400 19.8000 2 1682 -369.0000 46.7700 3 1651 -383.6600 70.3300
6.3664732528e+000 -3.3204492181e+000 3.1304410366e-002
65 54 48
6 1 1986 -259.6700 1.1200 2 1701 -326.3400 24.5400 3 1675 -342.5800 44.7500 4 2486 -343.9900 -38.6300 5 2571 -287.6700 -68.6500 7 1049 -312.2100 -180.5400
6.4138807195e+000 -3.3161688492e+000 5.6073690328e-002
56 48 46
5 1 1987 -237.6300 3.6600 2 1702 -304.0900 23.8400 3 986 -320.9900 41.3100 4 1361 -322.4000 -43.3300 6 1367 -218.5900 -26.0500
6.4455081486e+000 -3.2780097277e+000 4.5698104624e-002
108 98 86
12 1 1988 -222.4100 22.0400 2 1686 -289.3100 40.2300 3 1655 -304.4000 59.7000 4 1983 -304.8300 -26.2700 5 2060 -243.9200 -60.6200 6 2025 -197.6300 -11.8000 7 1052 -272.4000 -179.1800 8 1896 -338.7600 -77.3000 9 1419 -370.8900 -127.8000 10 1182 -383.8600 -90.3400 12 1228 -394.9100 -143.6100 14 819 -439.7600 -44.5600
6.6549378976e+000 -3.2780928077e+000 2.8628642985e-002
81 66 59
2 1 1992 -117.5000 22.7500 2 1041 -183.8800 36.0500
6.6460158726e+000 -3.3117613170e+000 4.4509449606e-002
61 50 41
3 1 1993 -122.0900 6.2300 2 1071 -189.9900 18.8300 3 990 -206.7400 33.8800
6.7195016425e+000 -3.2854252834e+000 2.7610478325e-002
76 58 54
3 1 1994 -85.6800 19.3500 2 1042 -152.2700 30.3400 3 1679 -169.6400 44.3000
8.0871371736e+000 -3.3125613191e+000 -1.8262163954e-001
185 194 186
2 1 2000 546.2800 8.2000 2 1757 474.0699 -6.5800
6.4271710820e+000 -3.3953909870e+000 5.9995694981e-002
76 66 54
2 1 2011 -230.9400 -35.5400 2 1734 -300.6300 -16.6700
6.6957175522e+000 -3.3388787138e+000 2.7818786301e-002
45 31 27
4 1 2013 -96.7500 -6.5900 2 1072 -164.9600 5.0700 3 1701 -183.3200 19.4500 4 2037 -188.4100 -70.0800
7.0227112396e+000 -3.3896858578e+000 -5.1617437943e-001
80 58 47
2 1 2015 50.0400 -21.8900 2 1709 -14.4200 2.3800
7.5108045450e+000 -3.3902334455e+000 -7.9741036253e-001
73 58 51
2 1 2019 235.9399 -17.7900 2 1712 173.7500 4.1200
8.4959563523e+000 -3.4402667615e+000 -1.0097937522e+000
74 55 48
2 1 2025 591.8300 -33.6900 2 1758 522.9301 -25.0700
6.7410836528e+000 -3.4462896467e+000 2.7598596012e-002
47 28 22
3 1 2042 -75.0700 -59.6600 2 1770 -146.1900 -47.1000 3 1738 -165.4800 -33.1400
6.8650363690e+000 -3.4242082086e+000 -3.6495059832e-002
44 22 16
2 1 2043 -14.1300 -47.1200 2 1743 -85.0300 -35.7500
6.8650363690e+000 -3.4242082086e+000 -3.6495059832e-002
44 22 16
2 1 2044 -14.1300 -47.1200 2 1744 -85.0300 -35.7500
7.5281117682e+000 -3.5011525740e+000 -6.9775024511e-001
74 57 53
2 1 2053 249.4399 -63.7900 2 1774 182.6300 -44.5900
7.8392417983e+000 -3.4626626206e+000 -6.2783129878e-001
87 78 73
2 1 2054 382.1500 -49.9500 2 1780 312.2400 -39.6900
7.5144783883e+000 -3.5298089274e+000 -7.2943804369e-001
74 59 52
2 1 2066 242.1600 -74.4900 2 1777 174.3800 -53.6600
7.5304803415e+000 -3.5687633827e+000 -7.2562011055e-001
74 55 48
2 1 2069 248.4500 -90.0500 2 1799 180.0900 -69.5500
7.5639907487e+000 -3.5695105626e+000 -7.2341361172e-001
55 37 30
2 1 2072 262.0699 -90.4300 2 1144 193.2700 -70.6500
7.6605084341e+000 -3.6515799617e+000 -7.7253311451e-001
74 59 54
2 1 2092 295.8101 -121.0200 2 1817 226.3700 -101.5200
7.8798103202e+000 -3.7157648249e+000 -4.1709062335e-001
115 105 93
2 1 2117 421.1801 -163.6400 2 1853 340.5900 -159.0900
8.0954136257e+000 -3.6576202525e+000 -3.8117548251e-001
115 98 82
2 1 2120 518.3800 -140.0400 2 1855 438.2200 -142.9300
7.5326700963e+000 -3.7665636375e+000 -8.0352404516e-001
44 30 27
6 1 2137 243.5000 -165.3700 2 1845 171.5300 -139.9800 3 1812 148.1899 -114.8000 4 2101 134.1600 -170.0500 5 2168 194.6700 -186.0800 6 2134 213.9700 -133.5500
7.8070024256e+000 -3.7920494688e+000 -5.8191479315e-001
66 53 49
2 1 2138 373.1899 -186.9100 2 1878 292.4500 -173.8100
7.8416671235e+000 -3.8699606802e+000 -5.6424650108e-001
63 48 45
2 1 2153 388.5200 -219.9600 2 1899 306.1300 -207.3900
7.9277109857e+000 -3.8327204749e+000 -5.1040964726e-001
108 93 78
3 1 2155 430.1801 -207.6500 2 1901 348.2900 -199.7500 4 1562 292.2800 -262.7200
6.1454275228e+000 -3.7701466357e+000 3.7804661767e-001
64 60 63
2 1 2163 -405.7400 -248.7000 2 1906 -486.1900 -229.6800
7.8793049247e+000 -3.8963856006e+000 -5.6132008997e-001
70 51 45
2 1 2170 403.5000 -230.8500 2 1902 321.6000 -219.2500
7.8916470110e+000 -3.9195246496e+000 -5.7338573998e-001
104 84 73
2 1 2171 407.8000 -239.7100 2 1249 324.1700 -227.2900
6.9972031921e+000 -3.9393072191e+000 -2.9648956483e-001
159 131 91
2 1 2189 42.7500 -269.8500 2 2360 -36.5000 -246.6200
9.0187456699e+000 -4.1120925815e+000 -4.6133225289e-001
162 142 91
3 1 2215 894.5200 -326.7300 2 2384 785.8700 -340.0600 4 1629 691.0200 -435.8200
5.9261764055e+000 -2.4766358847e+000 -2.0740994478e-001
37 21 32
3 1 2274 -449.7100 395.2600 2 1996 -505.5400 444.6700 3 1960 -507.7100 483.2200
7.2848942924e+000 -2.4391279133e+000 -8.6562621389e-001
72 64 62
3 1 2284 145.8600 353.0900 2 2006 107.1300 385.7400 3 2356 114.4800 414.3900
7.3391081694e+000 -2.4601521933e+000 -8.0170860745e-001
65 58 50
9 1 2286 169.6500 348.7200 2 2015 130.7500 378.9300 3 1981 137.3300 405.5800 4 2275 158.8500 329.9100 5 2744 272.7900 330.1000 6 2628 312.3101 356.4300 7 1601 252.2300 193.5800 8 2452 224.8500 272.3900 9 2022 187.6700 184.9500
8.8262729113e+000 -2.4250234218e+000 -9.3868894433e-001
168 151 97
4 1 2287 731.3700 352.1200 2 2019 694.3400 350.0400 3 2003 707.5100 353.8700 4 2318 728.5000 251.7400
7.0449376156e+000 -2.4996731742e+000 -9.7636625736e-001
167 145 108
4 1 2290 50.1600 321.0000 2 2013 8.8300 363.7500 3 1978 14.7100 400.3000 4 2270 37.1200 339.9600
7.0449376156e+000 -2.4996731742e+000 -9.7636625736e-001
167 145 108
4 1 2291 50.1600 321.0000 2 2014 8.8300 363.7500 3 1979 14.7100 400.3000 4 2271 37.1200 339.9600
7.4019585136e+000 -2.4966862096e+000 -8.0114382875e-001
77 65 53
4 1 2294 195.0900 334.7700 2 2016 154.9100 361.1600 3 1984 160.4200 388.0500 4 2290 180.9500 311.2700
7.4878126221e+000 -2.5194582403e+000 -8.2890294701e-001
97 83 70
2 1 2295 227.0300 323.8400 2 2017 186.8300 349.8000
8.6772425636e+000 -2.4659090647e+000 -1.1897793981e+000
152 136 85
5 1 2296 635.0200 319.5400 2 2030 599.0601 331.2900 3 2016 610.9301 342.9200 4 2650 632.9600 259.1000 5 2773 767.2400 232.2500
8.8686931352e+000 -2.5088178941e+000 -7.5466066569e-001
147 134 82
2 1 2300 781.1500 332.2600 2 2031 739.5300 322.7100
6.4199703194e+000 -2.6366645729e+000 -3.5809215841e-001
78 65 60
3 1 2304 -213.0900 308.4800 2 2024 -264.8300 345.9900 3 1992 -264.9800 376.5000
6.9228857848e+000 -2.5428824135e+000 -9.6605726445e-001
67 39 35
2 1 2308 4.1500 306.3700 2 2012 -38.4400 349.5000
8.6718766164e+000 -2.4883382428e+000 -1.2634767970e+000
152 135 84
2 1 2310 623.2100 308.3400 2 2028 586.6300 320.5600
6.3654685371e+000 -2.7764341229e+000 -2.4735627370e-001
83 73 63
3 1 2314 -243.0100 252.5900 2 2036 -297.8500 286.2900 3 2024 -303.5100 314.5600
6.5274325084e+000 -2.7700943520e+000 -2.2289467394e-001
140 145 125
3 1 2317 -169.9500 256.8000 2 2448 -224.0300 285.0300 3 2380 -228.8900 309.0900
6.5274325084e+000 -2.7700943520e+000 -2.2289467394e-001
140 145 125
3 1 2318 -169.9500 256.8000 2 2449 -224.0300 285.0300 3 2381 -228.8900 309.0900
7.2117163967e+000 -2.6130773732e+000 -1.4092446663e+000
166 138 112
3 1 2322 99.4600 257.2200 2 2453 58.9700 304.6900 3 2372 65.7600 345.2400
6.2366125540e+000 -2.7871444216e+000 -2.7230304090e-001
109 105 96
3 1 2331 -300.4900 246.4400 2 2035 -355.9800 284.5700 3 2007 -361.5000 316.1400
6.2135939608e+000 -2.8265430092e+000 -2.7730975411e-001
130 132 121
2 1 2332 -310.6700 228.5100 2 2052 -366.8600 266.4100
6.2672186260e+000 -2.7890039013e+000 -2.8791508640e-001
80 70 68
3 1 2333 -285.8200 245.0000 2 2463 -340.7300 281.8800 3 2379 -345.6500 314.0400
7.3912863098e+000 -2.7230202703e+000 -6.5767378927e-001
75 59 46
4 1 2343 198.2500 251.9300 2 2062 150.6300 273.6500 5 2786 268.6200 196.4000 6 2668 301.9800 225.0800
6.1341211486e+000 -2.9813773875e+000 -1.6195914768e-001
148 144 132
3 1 2357 -357.6400 162.1300 2 2090 -416.3400 197.5100 3 2066 -425.3300 228.0300
6.1341211486e+000 -2.9813773875e+000 -1.6195914768e-001
148 144 132
3 1 2358 -357.6400 162.1300 2 2089 -416.3400 197.5100 3 2065 -425.3300 228.0300
6.2642699819e+000 -2.9497027813e+000 -4.8549065020e-002
90 87 73
2 1 2359 -304.1500 181.3200 2 2093 -364.5100 209.0300
6.2483590028e+000 -2.9750719982e+000 -3.8281380811e-002
91 85 73
4 1 2360 -312.5900 168.4900 2 2094 -373.4100 197.6500 3 2069 -382.8700 222.6400 4 2360 -375.1400 137.5600
6.3264932420e+000 -2.9869052495e+000 1.0411096860e-002
153 146 130
6 1 2361 -276.8800 165.6600 2 2469 -338.5900 189.0100 3 2412 -348.9000 210.3000 4 2699 -342.4300 120.7900 5 2819 -276.4500 97.8600 6 2705 -223.2400 138.6700
6.4745601001e+000 -2.9745063219e+000 -7.9403578328e-004
106 97 84
6 1 2362 -204.8900 170.6900 2 2096 -264.9900 190.6200 3 1556 -275.0400 208.9600 4 1881 -268.6800 116.7600 5 2479 -195.7700 87.7400 6 2391 -146.9500 125.9900
6.5560647021e+000 -2.9828724991e+000 -1.2752627299e-002
80 66 56
6 1 2364 -164.4200 165.3700 2 2124 -224.8800 184.9700 3 2081 -235.0800 201.0500 4 2382 -228.6800 107.4900 5 2482 -153.3900 75.7600 6 1949 -107.2400 113.7600
6.6167733451e+000 -2.9399502942e+000 -8.2236702596e-002
86 74 61
2 1 2365 -132.6400 184.1400 2 2471 -191.3600 203.5300
7.3133701393e+000 -2.9019940886e+000 -5.9290882696e-001
83 68 63
14 1 2370 169.2700 181.2800 2 2101 117.3000 201.1300 3 2085 112.3600 219.3500 4 2364 120.3101 142.0900 5 2822 214.9800 117.2800 6 2383 246.0699 156.1800 7 1367 178.6700 -5.4000 8 2228 129.2100 82.3500 9 1773 86.5400 10.3600 10 2017 79.6400 34.0200 12 1617 58.5900 -26.9100 13 2133 30.0000 -110.2300 14 1647 20.2200 45.7900 15 1249 70.7000 -137.8900
7.3736781148e+000 -2.9371096712e+000 -5.8992399470e-001
83 68 61
5 1 2371 193.3900 166.8200 2 2132 141.4200 184.9000 4 2386 142.6100 121.8300 5 2823 236.3199 100.4100 7 1369 197.4399 -25.0000
8.9168942584e+000 -2.9517859393e+000 -7.2309399400e-001
152 136 84
6 1 2377 802.9000 156.2400 2 2167 745.0699 142.6700 3 2437 741.5400 136.3200 4 2441 738.3400 28.2000 6 2767 861.4301 -18.8900 8 2352 697.1600 -131.7100
6.0823177802e+000 -3.0122354993e+000 -1.9233517953e-001
71 65 53
3 1 2379 -378.3900 146.9200 2 2113 -439.2200 184.2600 3 2407 -446.8900 217.2200
6.2027073972e+000 -3.0117073796e+000 -4.4982412995e-002
98 91 80
3 1 2382 -334.6000 151.4100 2 2117 -395.8900 180.9100 3 2080 -405.3900 206.0000
6.1926599479e+000 -3.0526428418e+000 -4.9571169993e-002
161 157 136
2 1 2383 -338.5000 131.6500 2 2119 -401.0900 160.8700
6.2296319078e+000 -3.0404225816e+000 -3.1376146676e-002
70 67 52
13 1 2385 -320.0900 138.6000 2 2483 -382.0700 166.4900 3 2410 -392.5400 191.1000 4 2693 -385.6300 108.3100 5 3034 -324.0100 90.4000 6 2703 -269.0300 134.3100 7 1695 -342.6700 -36.8000 8 2524 -401.5700 64.2200 9 1769 -427.5100 4.0300 10 2272 -436.3000 40.7400 12 1980 -443.5000 -24.3800 13 2124 -476.0800 -110.3900 14 1618 -488.7800 66.4800
