# Bundle file v0.3
60 8346
0 0 0
0 0 0
0 0 0
0 0 0
0 0 0
1.6691998719e+003 5.0575112478e-002 -1.0901747242e-001
9.9994017471e-001 -4.8742683957e-003 -9.7922682059e-003
4.6648752697e-003 9.9976237963e-001 -2.1293736412e-002
9.8937327499e-003 2.1246782798e-002 9.9972530641e-001
-7.0051810611e+000 3.3903457166e+000 -4.0387458778e+000
1.7010495065e+003 1.1070329943e-002 6.5305190849e-004
9.9850881145e-001 5.4099943073e-002 7.3040817530e-003
-5.2955048400e-002 9.9238836159e-001 -1.1118049574e-001
-1.3263344214e-002 1.1062791666e-001 9.9377338853e-001
-6.9559617819e+000 3.7974718254e+000 -3.6586694883e+000
1.7073639743e+003 1.9561634868e-002 -1.7432001559e-002
9.9463648896e-001 1.0329841556e-001 -5.2623343803e-003
-1.0240481492e-001 9.7632621418e-001 -1.9052657921e-001
-1.4543338751e-002 1.9004357618e-001 9.8166793288e-001
-6.8041622360e+000 4.1224187836e+000 -3.4272836936e+000
1.6764785460e+003 5.1802650665e-002 -1.0925492298e-001
9.8640915363e-001 1.6147041926e-001 -3.0402061597e-002
-1.6359735233e-001 9.4800078270e-001 -2.7300260494e-001
-1.5260666889e-002 2.7426596526e-001 9.6153278277e-001
-6.5633195020e+000 4.2346138423e+000 -3.1329628496e+000
1.7001289901e+003 3.6599328556e-002 -9.0220671273e-002
9.7205480178e-001 2.2950671842e-001 -4.9357152904e-002
-2.3091478541e-001 8.9691575189e-001 -3.7712132782e-001
-4.2282670486e-002 3.7797989393e-001 9.2484775804e-001
-6.0530176473e+000 4.4467908719e+000 -2.3618071814e+000
1.7100036230e+003 2.0730143921e-002 -3.8428377831e-002
9.6287269934e-001 2.5803468628e-001 -7.9336407365e-002
-2.6658013551e-001 8.6251297998e-001 -4.3012369235e-001
-4.2558150878e-002 4.3530387093e-001 8.9927712289e-001
-5.8138884115e+000 4.6779541115e+000 -2.3909615141e+000
1.7036652076e+003 3.6468064557e-002 -6.1556215193e-002
9.5149394783e-001 2.9316729327e-001 -9.3339195409e-002
-3.0194914044e-001 8.3158075466e-001 -4.6615465788e-001
-5.9042220740e-002 4.7172702555e-001 8.7976566740e-001
-5.8073145812e+000 4.4135568467e+000 -2.2075249103e+000
1.7022986259e+003 5.4381491386e-002 -1.1988609107e-001
9.2083934133e-001 3.6713307883e-001 -1.3140856090e-001
-3.6774538053e-001 7.0554877600e-001 -6.0577575041e-001
-1.2968516703e-001 6.0614703423e-001 7.8470856395e-001
-5.5164371987e+000 4.6802346167e+000 -1.3310293223e+000
1.6791853481e+003 8.2512242636e-002 -1.7833895385e-001
9.0103288178e-001 3.9732177864e-001 -1.7399755797e-001
-4.1292795268e-001 6.6293800167e-001 -6.2450277168e-001
-1.3277895863e-001 6.3454598743e-001 7.6139420669e-001
-5.4064503365e+000 4.6923681202e+000 -1.3932366791e+000
1.7009199397e+003 4.7112447767e-002 -7.7733920130e-002
8.7648786302e-001 4.3337349770e-001 -2.0965790580e-001
-4.5042163927e-001 5.8444325048e-001 -6.7494180034e-001
-1.6996874080e-001 6.8601275386e-001 7.0745821692e-001
-5.1583359051e+000 4.7776253329e+000 -1.0386337103e+000
0 0 0
0 0 0
0 0 0
0 0 0
0 0 0
1.6970626346e+003 4.6797295136e-002 -1.0299841411e-001
8.5749745275e-001 4.5114440274e-001 -2.4731932073e-001
-4.7508725172e-001 5.0984281286e-001 -7.1718366506e-001
-1.9745941807e-001 7.3248142233e-001 6.5152186775e-001
-5.0390020700e+000 4.5438712843e+000 -8.6600993256e-001
1.6902674707e+003 4.4666204311e-002 -8.6417664986e-002
8.4588131871e-001 4.6704279938e-001 -2.5759623095e-001
-4.8904389170e-001 4.8636748828e-001 -7.2407371057e-001
-2.1288698091e-001 7.3845628841e-001 6.3981360056e-001
-4.9911481603e+000 4.3407734001e+000 -7.1570086352e-001
1.6821599990e+003 6.6809915232e-002 -1.3566116403e-001
8.1433177863e-001 4.8597058847e-001 -3.1732686848e-001
-5.0436508495e-001 3.2198224682e-001 -8.0121363806e-001
-2.8719264509e-001 8.1250231992e-001 5.0730697288e-001
-4.7627660218e+000 4.3757359623e+000 -1.5277638155e-002
1.6814464231e+003 6.0530272015e-002 -1.2372131404e-001
7.9143022130e-001 4.8374732855e-001 -3.7366659865e-001
-5.2276748247e-001 2.1885062776e-001 -8.2390446169e-001
-3.1678441263e-001 8.4740363750e-001 4.2609237386e-001
-4.4860288199e+000 3.6700248252e+000 2.7844737397e-001
1.6835562930e+003 5.4063756973e-002 -1.1056678471e-001
7.6181057189e-001 4.8908936418e-001 -4.2477787890e-001
-5.2323002362e-001 7.7956855837e-002 -8.4861833059e-001
-3.8193585187e-001 8.6874295535e-001 3.1529459650e-001
-4.2382593328e+000 3.2392188751e+000 8.4982905420e-001
1.6887391752e+003 3.8304857783e-002 -7.9889528623e-002
7.4304008845e-001 4.8239438058e-001 -4.6388262367e-001
-5.3285416240e-001 7.0583198730e-003 -8.4617765376e-001
-4.0491711320e-001 8.7592570559e-001 2.6229046823e-001
-4.0209397841e+000 3.0447263302e+000 1.0897698337e+000
1.6860786270e+003 6.4700771364e-002 -1.4704676338e-001
7.1406279413e-001 4.9676468172e-001 -4.9329420941e-001
-5.3887793980e-001 -5.9791519907e-002 -8.4025921010e-001
-4.4690590960e-001 8.6582320663e-001 2.2500062848e-001
-3.8784145041e+000 2.7639697105e+000 1.4148941363e+000
1.6918075202e+003 4.5258278475e-002 -1.1905373351e-001
6.6582443737e-001 4.9021752658e-001 -5.6246297233e-001
-5.3155280671e-001 -2.1734766415e-001 -8.1866452627e-001
-5.2357371237e-001 8.4406561920e-001 1.1586111596e-001
-3.5983848412e+000 2.1272392244e+000 1.9555124532e+000
1.6931509861e+003 5.1959365379e-002 -1.2881875803e-001
6.4758713268e-001 4.7183441395e-001 -5.9833367898e-001
-5.1077509649e-001 -3.1390274479e-001 -8.0035858690e-001
-5.6545530893e-001 8.2391586502e-001 3.7721889872e-002
-3.4833997340e+000 1.7811548393e+000 2.1830381599e+000
1.6922113710e+003 5.1196798281e-002 -1.2577761309e-001
6.2728091319e-001 4.1781594870e-001 -6.5722788206e-001
-4.8372603419e-001 -4.5235313828e-001 -7.4925680654e-001
-6.1035053846e-001 7.8791273077e-001 -8.1644037779e-002
-3.4709154346e+000 1.1917063232e+000 2.0656857199e+000
0 0 0
0 0 0
0 0 0
0 0 0
0 0 0
1.6826590398e+003 5.8812568737e-002 -1.4112249416e-001
6.1133532115e-001 4.1163324798e-001 -6.7588992763e-001
-4.7016961938e-001 -4.9807461995e-001 -7.2860291103e-001
-6.3656080159e-001 7.6320360463e-001 -1.1095316022e-001
-3.4996792331e+000 8.5367540137e-001 2.0763583154e+000
1.7150186736e+003 3.3129671601e-002 -1.1483922744e-001
5.9650842077e-001 3.6345582295e-001 -7.1559595354e-001
-4.3141023645e-001 -6.0664339337e-001 -6.6773422944e-001
-6.7680345141e-001 7.0702451021e-001 -2.0506933003e-001
-3.5757711851e+000 3.7293893606e-001 1.8898911011e+000
1.6976675985e+003 3.4375316342e-002 -1.0181295481e-001
5.8495183845e-001 3.2352020789e-001 -7.4375131716e-001
-4.1476958089e-001 -6.6870636341e-001 -6.1708831970e-001
-6.9699178005e-001 6.6945236920e-001 -2.5697467563e-001
-3.5573201749e+000 -9.0914972863e-002 1.8440594375e+000
1.6834925643e+003 4.0031111613e-002 -1.2294346398e-001
5.4711039070e-001 2.9813697906e-001 -7.8216658207e-001
-3.6679638997e-001 -7.5454255050e-001 -5.4417455636e-001
-7.5241652607e-001 5.8461943280e-001 -3.0346250197e-001
-3.5241321497e+000 -3.3802339216e-001 2.0757680655e+000
1.6934304087e+003 3.7296240839e-002 -1.1269406076e-001
5.3967315196e-001 2.5243557353e-001 -8.0313708062e-001
-3.2462509025e-001 -8.1781414396e-001 -4.7518267720e-001
-7.7676987572e-001 5.1716178044e-001 -3.5940541596e-001
-3.5942401838e+000 -7.0469529275e-001 1.8748095602e+000
1.7374763641e+003 -5.4282657727e-003 3.7223429887e-003
5.1691998511e-001 2.0092019582e-001 -8.3212066667e-001
-2.7065912000e-001 -8.8383737969e-001 -3.8154308671e-001
-8.1211906132e-001 4.2244829408e-001 -4.0249232176e-001
-3.6987960525e+000 -1.4123422802e+000 1.5935016773e+000
1.6856707603e+003 3.6478876225e-002 -1.0244477403e-001
5.1723210789e-001 1.5631966528e-001 -8.4144822111e-001
-2.3585155819e-001 -9.1907396320e-001 -3.1571679186e-001
-8.2270589464e-001 3.6175573583e-001 -4.3850632666e-001
-3.7350380821e+000 -1.4602687406e+000 1.5691037714e+000
1.7470612633e+003 1.2910999364e-002 -4.3345666267e-002
4.8452506888e-001 1.3122347411e-001 -8.6487909992e-001
-1.8033636088e-001 -9.5246442019e-001 -2.4554088297e-001
-8.5598729814e-001 2.7493986271e-001 -4.3782852501e-001
-3.7527003261e+000 -1.8862310374e+000 1.5580971690e+000
1.7126719101e+003 1.1277590922e-002 -4.1127439768e-002
4.6384779416e-001 7.0155782162e-002 -8.8313271374e-001
-9.9845101756e-002 -9.8636845245e-001 -1.3079843912e-001
-8.8027051496e-001 1.4884704313e-001 -4.5052011969e-001
-3.9524291369e+000 -2.6220059587e+000 1.3710678422e+000
1.7244783682e+003 1.2822951448e-004 -2.9753270217e-002
4.7299643341e-001 1.9816931093e-002 -8.8084145181e-001
-5.1680339849e-002 -9.9740164192e-001 -5.0190707925e-002
-8.7954733611e-001 6.9262211421e-002 -4.7074327357e-001
-4.0963755356e+000 -2.8055033197e+000 9.5852027845e-001
0 0 0
0 0 0
0 0 0
0 0 0
0 0 0
1.6958253755e+003 2.9464393274e-002 -5.1566165141e-002
4.7227831506e-001 -2.6656681563e-002 -8.8104631800e-001
-6.4178354764e-003 -9.9962010679e-001 2.6803982791e-002
-8.8142611971e-001 -7.0045295134e-003 -4.7226997793e-001
-4.3324135189e+000 -3.0079088559e+000 6.0503654166e-001
1.7308749773e+003 -1.5894366915e-002 4.2417517033e-002
4.5882201896e-001 -9.0493933560e-002 -8.8390791540e-001
4.3144431569e-002 -9.9135755187e-001 1.2389012218e-001
-8.8748009157e-001 -9.4979220557e-002 -4.5095236414e-001
-4.4599302439e+000 -3.3522795161e+000 4.6451889316e-001
1.7279797713e+003 2.5496209508e-002 -6.2978570709e-002
4.7086705686e-001 -1.4485226473e-001 -8.7023102460e-001
8.8682596571e-002 -9.7365968845e-001 2.1005286990e-001
-8.7773550221e-001 -1.7608132351e-001 -4.4561839692e-001
-4.6303195418e+000 -3.6000095779e+000 1.1143837080e-001
1.7263884244e+003 -7.2485417839e-003 4.1096482808e-002
4.7845789735e-001 -1.8449933846e-001 -8.5850919306e-001
1.4370168871e-001 -9.4804609580e-001 2.8382816085e-001
-8.6627239661e-001 -2.5916904587e-001 -4.2708727508e-001
-4.7764121993e+000 -3.8491523221e+000 -2.4196117812e-001
1.7400297099e+003 -1.6146956571e-002 3.8184208358e-002
4.9375964596e-001 -2.4147885417e-001 -8.3539773462e-001
2.1295332942e-001 -8.9784287712e-001 3.8539466458e-001
-8.4312056760e-001 -3.6819306211e-001 -3.9189485515e-001
-5.0064903783e+000 -3.8320631492e+000 -7.5507648272e-001
1.7434703911e+003 1.5477135204e-002 -4.5495628788e-002
5.0142990635e-001 -2.8455142985e-001 -8.1706703078e-001
2.5541979782e-001 -8.5359494401e-001 4.5402246469e-001
-8.2663702790e-001 -4.3635553776e-001 -3.5533796415e-001
-5.1409156474e+000 -4.0142292343e+000 -9.6286447246e-001
1.7436067956e+003 -1.0376615760e-002 1.0607515957e-002
5.0834976312e-001 -3.3849327597e-001 -7.9183509676e-001
2.9493723314e-001 -7.9546109800e-001 5.2938990364e-001
-8.0906893825e-001 -5.0265688466e-001 -3.0453819049e-001
-5.4053355924e+000 -4.3061394669e+000 -1.2597882569e+000
1.7484551426e+003 1.5131695381e-002 -5.8407728892e-002
5.2661779730e-001 -3.8187789311e-001 -7.5950179086e-001
3.3750559394e-001 -7.2607430973e-001 5.9908769876e-001
-7.8023308673e-001 -5.7182634734e-001 -2.5347772854e-001
-5.6437311457e+000 -4.3255413694e+000 -1.6736607515e+000
1.7513993750e+003 4.0683243259e-004 -3.8496467615e-002
5.4723798124e-001 -4.0734304763e-001 -7.3116498374e-001
3.7600550654e-001 -6.6081603538e-001 6.4957064776e-001
-7.4776363307e-001 -6.3039179002e-001 -2.0846040422e-001
-5.7753472821e+000 -4.2698508205e+000 -2.0501614389e+000
1.7436113951e+003 -9.6468429218e-003 -1.4905286898e-002
5.6212621886e-001 -4.5793803911e-001 -6.8869940207e-001
4.3269627810e-001 -5.4682072338e-001 7.1677125180e-001
-7.0483192677e-001 -7.0091358156e-001 -1.0923418050e-001
-6.1285560038e+000 -4.1693557652e+000 -2.4857502076e+000
0 0 0
0 0 0
0 0 0
0 0 0
0 0 0
1.7420268137e+003 -6.3094755713e-003 -1.2261245199e-002
5.8341790825e-001 -4.8288798298e-001 -6.5302583427e-001
4.6307859169e-001 -4.6276467611e-001 7.5591472566e-001
-6.6721942586e-001 -7.4341647173e-001 -4.6370112242e-002
-6.3567060179e+000 -4.0409399028e+000 -2.8807776549e+000
1.7410350166e+003 -1.3215159355e-003 -4.0941211458e-002
5.9873696201e-001 -5.2253579828e-001 -6.0701761905e-001
4.7650489811e-001 -3.7677719189e-001 7.9434377303e-001
-6.4378345148e-001 -7.6484984618e-001 2.3400436091e-002
-6.6219366264e+000 -3.9953484792e+000 -2.9100045100e+000
1.7422060777e+003 9.6595563371e-003 -6.9573009081e-002
6.2951743735e-001 -5.3894031131e-001 -5.5968842843e-001
5.1512345898e-001 -2.4978036631e-001 8.1991316041e-001
-5.8168343459e-001 -8.0445827079e-001 1.2037970125e-001
-6.7698705993e+000 -3.5890846159e+000 -3.3239963445e+000
1.7508063115e+003 1.6306064430e-002 -9.1375610344e-002
6.6231941545e-001 -5.4492065489e-001 -5.1419302971e-001
5.1580854875e-001 -1.6611702930e-001 8.4044433106e-001
-5.4339169386e-001 -8.2186775850e-001 1.7105219844e-001
-6.9370806739e+000 -3.4536177980e+000 -3.6712285784e+000
1.7472338998e+003 1.9579118050e-002 -1.0084400224e-001
6.8811453408e-001 -5.5798045548e-001 -4.6384932823e-001
5.2095801936e-001 -6.5061387772e-002 8.5109914692e-001
-5.0507537066e-001 -8.2729972025e-001 2.4591470640e-001
-7.1370871184e+000 -3.0936077756e+000 -3.8174293413e+000
1.7068761919e+003 4.4962954390e-002 -1.4934337327e-001
7.1093717336e-001 -5.5865603823e-001 -4.2716714115e-001
5.2370271235e-001 1.5167207832e-002 8.5176606230e-001
-4.6936532106e-001 -8.2926074714e-001 3.0335261436e-001
-7.2239776537e+000 -2.8777659107e+000 -3.8409550721e+000
1.7340415366e+003 3.9567565619e-002 -1.4214206935e-001
7.3264349966e-001 -5.7001725817e-001 -3.7190567056e-001
5.1874746478e-001 1.1392691912e-001 8.4730261707e-001
-4.4060704737e-001 -8.1369587838e-001 3.7916282429e-001
-7.3744449130e+000 -2.5346167676e+000 -3.8012572800e+000
0 0 0
0 0 0
0 0 0
0 0 0
0 0 0
0 0 0
0 0 0
0 0 0
0 0 0
0 0 0
0 0 0
0 0 0
0 0 0
0 0 0
0 0 0
0 0 0
0 0 0
0 0 0
0 0 0
0 0 0
0 0 0
0 0 0
0 0 0
0 0 0
0 0 0
0 0 0
0 0 0
0 0 0
0 0 0
0 0 0
0 0 0
0 0 0
0 0 0
0 0 0
0 0 0
0 0 0
0 0 0
0 0 0
0 0 0
0 0 0
7.5839011418e+000 -2.1272872235e+000 -1.0586663172e+000
113 107 95
3 1 79 198.2000 436.9400 2 65 166.3700 472.8400 3 27 180.2600 505.1500
7.5905976991e+000 -2.1754816489e+000 -9.6226743438e-001
109 95 79
2 1 80 204.2600 428.1400 2 66 170.8300 461.6800
7.6129451206e+000 -2.1488144215e+000 -1.0302534037e+000
111 103 80
2 1 81 208.8900 431.8900 2 67 176.7700 466.7900
7.6426403455e+000 -2.1619395300e+000 -1.0472902204e+000
107 96 75
2 1 82 218.3400 426.2000 2 68 185.6100 460.8200
9.0343229548e+000 -2.0406803560e+000 -1.3932316273e+000
188 174 126
2 1 85 639.9301 443.2500 2 763 614.9800 458.4300
7.4286376831e+000 -2.3235944380e+000 -9.7555840521e-001
104 94 92
2 1 122 149.0300 376.5100 2 93 112.1400 412.1800
7.4499931466e+000 -2.4023060200e+000 -8.8351232257e-001
138 137 133
2 1 123 159.0500 355.8600 2 116 120.0100 388.0600
8.0707633997e+000 -2.5495279142e+000 -9.9983205597e-001
73 54 37
2 1 172 363.4399 300.7800 2 175 323.1899 321.2300
6.4207271246e+000 -2.7161014700e+000 -2.1070147041e-001
76 68 59
2 1 189 -224.5800 279.6100 2 829 -277.3500 314.3000
6.5981951882e+000 -2.7894256710e+000 -1.0779328989e-001
110 97 88
2 1 192 -158.2800 256.2000 2 208 -212.6300 282.9700
6.1308278763e+000 -2.8332216470e+000 -2.1210007147e-001
71 60 60
3 1 219 -337.6900 232.5300 2 861 -395.0100 273.5900 3 789 -400.6100 308.3900
6.1916876947e+000 -2.8714678055e+000 -1.3016141546e-001
124 124 114
2 1 220 -321.0200 221.3200 2 863 -377.5200 257.8300
6.2792556713e+000 -2.8358049627e+000 -1.3347886012e-001
98 95 82
2 1 224 -285.4100 235.6300 2 865 -341.4700 270.4900
8.1527573343e+000 -2.8143573471e+000 -9.5770938375e-001
97 76 52
2 1 270 393.9600 213.6800 2 911 346.8400 229.9300
6.1035953166e+000 -3.0245748437e+000 -4.1411264776e-002
149 145 133
2 1 309 -363.6200 162.2300 2 922 -423.9400 197.4100
6.2414414860e+000 -2.9699575193e+000 2.1522043250e-002
116 113 99
2 1 311 -312.1000 187.2100 2 252 -371.8600 217.4700
6.2414414860e+000 -2.9699575193e+000 2.1522043250e-002
116 113 99
2 1 312 -312.1000 187.2100 2 253 -371.8600 217.4700
7.8035916520e+000 -2.9552225944e+000 -6.2588972870e-001
91 73 59
2 1 326 294.7800 174.5400 2 932 242.1600 188.3400
6.3685653995e+000 -3.0758656998e+000 9.8736694799e-002
92 86 74
2 1 362 -263.7100 145.3000 2 283 -326.1100 169.5400
6.3364724956e+000 -3.1189199184e+000 1.4660855523e-001
91 89 77
4 1 363 -281.0100 127.7700 2 310 -343.8900 151.4100 3 227 -355.2200 173.0900 4 378 -349.9200 85.4000
6.5046020744e+000 -3.2045374988e+000 1.0198342534e-001
78 70 59
2 1 396 -206.5400 91.1000 2 336 -269.3600 111.2400
6.0717955055e+000 -3.2201240874e+000 2.7851828766e-002
94 91 74
3 1 418 -382.2500 82.3300 2 328 -446.4900 116.8300 3 240 -457.9800 146.1500
9.1528641007e+000 -3.2109307963e+000 -8.7567226998e-001
131 114 71
2 1 445 745.5100 82.7900 2 380 681.6400 76.2700
6.6352794872e+000 -3.3169382416e+000 1.7546077523e-001
105 103 90
2 1 473 -153.9700 43.8400 2 401 -219.3900 58.1900
7.9982442996e+000 -3.4001592407e+000 -5.9281682534e-001
85 70 65
2 1 526 367.4200 14.7400 2 1075 302.6700 23.6700
8.3359206572e+000 -3.3982940402e+000 -1.4363810010e-001
157 166 165
2 1 532 541.2000 14.0900 2 434 469.9700 -0.3100
6.4880323487e+000 -3.4497332619e+000 2.2743373069e-001
63 54 46
2 1 545 -220.9900 -14.3200 2 1070 -288.0100 2.0200
7.5528526755e+000 -3.4800864758e+000 -5.7648816365e-001
76 61 56
2 1 550 207.3400 -15.2200 2 1073 140.7500 3.1900
8.0898738712e+000 -3.6798100606e+000 -4.2339493706e-001
98 86 76
3 1 592 415.0400 -90.8600 2 1149 340.7800 -87.0400 3 416 317.0200 -80.1300
6.7299069317e+000 -3.6624335523e+000 3.3914229491e-001
86 73 51
2 1 608 -116.9300 -111.2800 2 1164 -193.0800 -102.9300
6.7664809341e+000 -3.7109976072e+000 3.4974231588e-001
85 70 46
2 1 631 -100.7800 -133.5000 2 1166 -178.0600 -125.9800
7.5365818213e+000 -3.9146043978e+000 -8.8531450587e-001
62 43 29
2 1 645 188.9900 -158.9300 2 501 118.0699 -130.2400
8.0746415834e+000 -3.8539235302e+000 -4.9809678246e-001
79 70 62
7 1 648 401.5000 -153.3900 2 1196 324.9301 -144.6900 3 479 297.4000 -134.0200 4 2133 280.2000 -210.8500 5 1524 344.7900 -253.6000 6 2168 355.2500 -205.4200 8 1431 190.0800 -236.4500
7.7360296046e+000 -2.4493004875e+000 -8.8485842059e-001
78 60 45
4 1 981 256.2500 340.1800 2 1430 217.9000 366.4800 3 1404 225.7400 388.2000 4 1723 246.1899 312.7500
6.5689979529e+000 -2.6905802313e+000 -2.2390018044e-001
117 109 98
6 1 999 -166.4600 288.6200 2 817 -217.6600 321.4300 4 1086 -204.5800 268.5700 5 1086 -120.0100 264.9300 6 1756 -69.7000 297.5700 8 1045 -182.0100 214.1600
6.3427628238e+000 -2.7850991770e+000 -1.5268525560e-001
83 72 60
2 1 1022 -258.7200 255.1400 2 827 -313.6900 289.4700
6.4178897925e+000 -2.7487968900e+000 -1.4900688672e-001
67 57 48
2 1 1023 -228.7700 270.0100 2 1456 -283.2200 302.8100
6.4042727133e+000 -2.7619985605e+000 -1.4668275037e-001
161 155 141
2 1 1024 -234.1300 264.7800 2 828 -289.2600 297.7900
6.1806420988e+000 -2.7861157783e+000 -2.1780900681e-001
86 81 78
3 1 1056 -318.5600 250.9400 2 1453 -373.7300 291.5500 3 1435 -378.5800 325.2100
6.3136990981e+000 -2.8567759253e+000 -5.3315799004e-002
70 66 55
2 1 1058 -277.8900 231.1200 2 868 -333.1200 262.3400
6.3030932628e+000 -2.8818499142e+000 -1.5281609993e-002
88 83 77
3 1 1059 -284.0500 222.4700 2 867 -341.9200 252.7700 3 1510 -348.4800 279.0600
7.1986143462e+000 -2.6367371145e+000 -1.6720745157e+000
169 145 112
3 1 1067 65.4900 241.2200 2 836 22.7000 294.5600 3 778 27.7800 339.7500
8.3038715895e+000 -2.6972578883e+000 -1.0480611695e+000
183 187 174
6 1 1073 437.1100 249.3800 2 1521 393.1899 265.4900 3 1522 396.7200 282.2100 4 1808 410.6801 203.2300 5 1898 527.0000 182.9800 6 1872 554.1500 207.4900
7.3788040402e+000 -2.8333303711e+000 -6.0673125637e-001
135 155 150
3 1 1092 142.0800 218.4800 2 1542 92.2700 240.6600 3 1519 89.7900 262.3700
7.3779954372e+000 -2.8337510327e+000 -5.9853071171e-001
135 155 150
4 1 1093 142.0800 218.4800 2 1541 92.2700 240.6600 3 1518 89.7900 262.3700 4 1816 100.0000 184.0200
7.4263280457e+000 -2.8359405457e+000 -5.9689841347e-001
87 80 70
5 1 1094 159.0300 217.4800 2 1545 109.4301 239.3900 4 1819 118.2000 180.9500 5 1893 215.7600 164.2500 6 1867 249.0400 193.4100
7.9826303637e+000 -2.8184036729e+000 -8.2788336106e-001
92 73 56
2 1 1102 345.2800 216.5400 2 1554 297.0400 232.8400
5.9896457821e+000 -3.0249480498e+000 -1.2567376672e-001
150 150 132
2 1 1118 -401.7000 159.3200 2 920 -462.1200 199.6700
6.0690851321e+000 -3.0228700088e+000 -6.8843050815e-002
150 148 135
2 1 1120 -375.1500 162.0200 2 921 -435.4400 198.8500
7.8449943227e+000 -2.9260414431e+000 -6.7755567473e-001
93 76 60
3 1 1134 306.2000 184.1000 2 931 255.0400 196.9200 3 885 251.3101 212.6800
5.7050572689e+000 -3.0793964398e+000 -3.8727466299e-001
114 111 114
2 1 1150 -484.8100 130.9900 2 940 -545.0300 184.1500
5.9734633635e+000 -3.0812029314e+000 -1.2837803957e-001
140 136 124
3 1 1155 -407.8600 136.4900 2 943 -468.8100 177.3800 3 874 -477.6500 213.0900
6.1784909189e+000 -3.0818144269e+000 5.9333442581e-002
110 102 87
3 1 1158 -341.0500 141.2200 2 1584 -403.5100 171.9800 3 879 -413.1300 198.2500
5.7993309290e+000 -3.1460959228e+000 -2.6108113630e-001
150 148 133
6 1 1166 -462.3700 106.9200 2 942 -524.2900 156.5600 3 1548 -532.2200 199.2300 4 1835 -522.1400 144.9100 5 1879 -474.6400 162.0100 6 1851 -411.7300 214.4000
6.0428011920e+000 -3.1807091797e+000 1.2200220823e-002
108 105 98
2 1 1169 -392.9800 98.8600 2 305 -456.7400 133.4200
6.1152782812e+000 -3.1537522309e+000 3.7138614177e-002
101 97 85
3 1 1173 -365.0500 110.3900 2 963 -428.1600 143.1500 3 898 -439.8800 171.7500
6.2007053004e+000 -3.1264241978e+000 7.7546904541e-002
110 103 85
2 1 1174 -333.2100 123.1000 2 308 -396.2100 151.9400
6.1725038130e+000 -3.1644856999e+000 9.1890712105e-002
129 126 111
4 1 1175 -345.2600 106.9700 2 966 -409.9200 136.4700 3 899 -421.0300 162.6400 4 1244 -415.9300 83.9700
6.3075912474e+000 -3.1639063338e+000 1.4502279553e-001
127 122 113
3 1 1178 -292.4300 108.5200 2 309 -357.1300 132.7800 3 243 -369.2600 154.6500
6.3561698242e+000 -3.1921712271e+000 1.2127249254e-001
105 102 88
3 1 1179 -270.8100 96.1200 2 985 -334.0000 120.0600 3 924 -346.6400 141.2800
6.6245035868e+000 -3.1384815689e+000 1.1926339222e-001
87 77 65
4 1 1186 -156.4200 119.0900 2 969 -218.0900 137.1200 4 1254 -227.2700 60.4000 7 604 -187.0400 -108.2900
9.2698962703e+000 -3.1311983116e+000 -5.9988931623e-001
178 161 105
2 1 1202 831.9000 114.9100 2 347 767.2000 96.0500
6.0944861314e+000 -3.2090338989e+000 5.2293705808e-002
121 115 101
7 1 1212 -376.0700 87.6800 2 977 -439.9400 118.9700 3 917 -451.0900 149.4000 4 373 -444.6700 75.8400 5 380 -389.9500 63.5700 6 352 -332.1500 112.2100 9 255 -481.6800 6.1700
6.3573283480e+000 -3.2775548738e+000 1.4098885323e-001
76 67 60
4 1 1219 -271.1400 60.1100 2 1658 -336.2000 82.8500 3 939 -350.0000 103.7800 4 441 -348.0200 20.9400
6.4957048395e+000 -3.2333403755e+000 1.8883792458e-001
110 101 90
2 1 1221 -214.7900 79.7500 2 986 -279.8800 97.3000
6.6023363303e+000 -3.2345790101e+000 2.0413487258e-001
75 67 57
2 1 1223 -169.3600 79.6100 2 987 -234.3200 93.8800
8.3079973647e+000 -3.2497743382e+000 -2.4014164639e-001
96 81 65
3 1 1230 518.4600 72.7900 2 1669 453.0200 62.1100 3 1691 437.1500 56.0100
9.2752617044e+000 -3.2238521863e+000 -8.1448630368e-001
121 103 70
2 1 1233 796.8800 79.3100 2 1027 732.4600 67.9300
6.2299192032e+000 -3.2864744666e+000 8.7061497093e-002
86 84 73
2 1 1244 -320.3800 55.5700 2 1005 -387.2400 83.3400
6.3176061406e+000 -3.3282453839e+000 1.3205213463e-001
114 110 99
6 1 1249 -287.8200 37.9800 2 1012 -353.9700 62.4200 3 962 -367.3200 85.2900 4 1305 -365.8600 3.9000 5 1272 -308.4600 -21.2800 6 431 -256.1500 28.5600
6.3203353798e+000 -3.2929027550e+000 1.3323526708e-001
140 138 126
6 1 1250 -287.2000 52.9400 2 1006 -352.0900 77.5500 3 1624 -365.5400 99.9600 4 1304 -362.5200 17.9000 5 2039 -304.5500 -7.4900 6 1313 -253.0600 41.0500
6.3203634609e+000 -3.2929593939e+000 1.3277471396e-001
140 138 126
7 1 1251 -287.2000 52.9400 2 1007 -352.0900 77.5500 3 1625 -365.5400 99.9600 4 1303 -362.5200 17.9000 5 2038 -304.5500 -7.4900 6 1312 -253.0600 41.0500 7 601 -327.2600 -125.2700
6.3489131193e+000 -3.3525850004e+000 1.6478494020e-001
97 90 80
2 1 1252 -276.6800 27.8900 2 1037 -342.9200 49.8600
6.6233853671e+000 -3.3339217609e+000 1.7278059843e-001
128 143 134
3 1 1255 -158.5900 36.3400 2 1040 -224.8600 51.4800 3 963 -240.7100 66.8600
6.7017036017e+000 -3.2906056210e+000 1.6292564205e-001
100 96 89
2 1 1257 -124.5300 55.2200 2 1018 -190.0400 68.4600
8.3574117901e+000 -3.3042773165e+000 -1.4032675717e-001
180 178 166
3 1 1269 550.9900 51.8100 2 1695 481.6000 36.3800 3 1039 462.6500 26.7100
7.3969945487e+000 -3.5187666739e+000 -6.4314097531e-001
42 27 24
2 1 1310 147.0800 -28.1300 2 1745 84.3400 -5.4600
7.6051687370e+000 -3.5330831960e+000 -6.9223584979e-001
54 35 29
2 1 1314 220.2600 -32.3900 2 1097 155.2400 -12.1100
8.1173654273e+000 -3.5303727060e+000 -1.0208126372e+000
82 69 61
2 1 1320 376.2900 -26.1700 2 1101 313.6100 -7.6000
8.0041777387e+000 -3.5864889929e+000 -5.9509680261e-001
54 41 34
3 1 1340 370.1600 -52.3100 2 1122 299.8199 -43.5100 3 1059 279.6700 -29.6300
7.6115608565e+000 -3.6850150353e+000 -7.1115073961e-001
55 35 32
2 1 1365 221.7400 -85.4700 2 1118 153.5100 -64.0600
7.6115608565e+000 -3.6850150353e+000 -7.1115073961e-001
55 35 32
2 1 1366 221.7400 -85.4700 2 1119 153.5100 -64.0600
7.6422550605e+000 -3.7088483514e+000 -7.1759053105e-001
56 35 32
2 1 1367 232.4399 -93.6600 2 1143 163.2800 -72.4500
7.7541912125e+000 -3.7697580566e+000 -7.7224829071e-001
46 28 26
2 1 1393 269.0900 -113.2000 2 1146 198.3400 -92.2600
8.0605219004e+000 -3.8193240398e+000 -5.3476384101e-001
35 26 19
2 1 1418 394.7700 -138.7200 2 1172 317.9399 -129.8400
7.4274971212e+000 -3.9859222848e+000 -8.5096536236e-001
71 45 30
2 1 1442 152.7200 -184.6200 2 1193 81.0601 -154.2500
7.4747836896e+000 -3.9266715140e+000 -7.6311544607e-001
62 39 25
2 1 1444 172.0601 -168.1600 2 1839 99.6600 -141.0300
7.6848712443e+000 -3.9537504062e+000 -8.3003259991e-001
78 64 61
4 1 1447 241.5200 -174.3100 2 522 168.1100 -149.2400 3 1148 146.1600 -122.9900 4 1498 132.6801 -177.9400
6.8882792124e+000 -3.8661047759e+000 2.9604765807e-001
70 56 44
2 1 1468 -45.1800 -199.6300 2 537 -124.7300 -191.4300
9.3435387095e+000 -2.0059638051e+000 -7.0996061315e-001
157 144 92
2 1 1658 840.7600 514.9500 2 1384 818.5400 504.3500
6.0676722363e+000 -2.2574343515e+000 -1.4494644856e-001
78 61 69
2 1 1675 -371.4300 468.1900 2 1364 -421.3300 516.2900
7.4904691643e+000 -2.1503900558e+000 -1.0432222126e+000
81 78 72
3 1 1686 167.5500 430.0200 2 1388 135.0000 467.8000 3 1963 147.9100 500.6500
7.5070721185e+000 -2.3359082929e+000 -9.0560435821e-001
66 57 48
3 1 1706 177.6500 377.1900 2 1404 140.3101 409.9400 3 1974 150.0300 437.0100
7.5093201498e+000 -2.4417628515e+000 -8.0236909200e-001
101 92 82
3 1 1707 181.5800 347.4400 2 1420 142.0500 376.3600 4 2276 170.5699 325.9700
7.6516787465e+000 -2.4336078297e+000 -8.6037307001e-001
77 60 48
4 1 1709 228.3500 347.3400 2 1426 190.6899 374.2500 3 1985 197.4399 396.7500 4 2282 218.8600 322.8300
7.6514302816e+000 -2.4341781875e+000 -8.5269660651e-001
77 60 48
5 1 1710 228.3500 347.3400 2 1427 190.6899 374.2500 3 1986 197.4399 396.7500 4 2281 218.8600 322.8300 6 2294 375.0699 340.9900
7.7766357250e+000 -2.3962969060e+000 -9.2134424701e-001
75 56 42
3 1 1711 269.1300 355.3300 2 1408 230.8101 383.9400 4 2284 262.9600 329.8700
7.8071216244e+000 -2.4087334788e+000 -9.1831447116e-001
100 84 69
2 1 1712 279.1500 352.5400 2 1431 242.0699 377.4900
7.8071216244e+000 -2.4087334788e+000 -9.1831447116e-001
100 84 69
2 1 1713 279.1500 352.5400 2 1432 242.0699 377.4900
7.1885904246e+000 -2.4295633258e+000 -8.6779211870e-001
167 144 103
2 1 1721 69.5300 346.8600 2 1402 29.3700 384.0000
7.1885904246e+000 -2.4295633258e+000 -8.6779211870e-001
167 144 103
2 1 1722 69.5300 346.8600 2 1403 29.3700 384.0000
7.6189652010e+000 -2.5253020042e+000 -8.3084779929e-001
77 59 47
3 1 1729 218.9100 317.1500 2 1446 177.9500 342.9400 3 1425 182.9301 366.0200
9.0015716656e+000 -2.4229388805e+000 -1.2550629104e+000
150 133 83
3 1 1741 645.8800 331.2300 2 1450 609.8400 340.2100 5 1822 778.6500 236.7600
6.4429276930e+000 -2.6648603946e+000 -2.6468033616e-001
55 42 39
3 1 1742 -211.9400 296.3300 2 2025 -264.9600 333.1900 3 1993 -267.7100 363.3700
7.6186858966e+000 -2.6157718580e+000 -7.5446382630e-001
77 59 47
2 1 1744 222.0400 289.7300 2 1462 178.7300 312.8500
6.6282107239e+000 -2.7306991974e+000 -2.0763005088e-001
113 103 93
5 1 1756 -142.8000 274.3500 2 2040 -194.6100 303.5500 3 2011 -198.2800 329.2500 5 2769 -99.9300 240.0200 6 2322 -50.4500 272.5000
6.6588251686e+000 -2.7779986781e+000 -1.6240199785e-001
62 41 38
6 1 1757 -131.1300 257.2800 2 1457 -186.1300 284.8400 3 2028 -190.2100 309.2600 4 2311 -177.7000 225.1100 5 2411 -91.7100 210.7000 6 2666 -45.2600 245.4400
7.7091434271e+000 -2.7073795997e+000 -7.6015354402e-001
72 58 46
3 1 1772 253.5300 257.6100 2 1514 208.6300 277.7300 3 2037 208.9500 297.3500
7.9055228660e+000 -2.6451544951e+000 -8.7661394052e-001
98 79 62
2 1 1780 315.7200 273.9900 2 1485 271.7500 294.2300
9.1270532151e+000 -2.6462815510e+000 -1.1265090324e+000
141 119 70
2 1 1784 701.6300 265.5200 2 889 658.8199 266.8600
6.2434630356e+000 -2.8496436091e+000 -1.5504699086e-001
141 143 129
2 1 1791 -298.2800 229.0200 2 1490 -354.2800 265.2000
6.3411001903e+000 -2.8077149907e+000 -1.2093259798e-001
80 70 61
3 1 1794 -260.9500 247.5300 2 2053 -316.3900 281.0100 3 2021 -323.2700 309.4300
6.5056373085e+000 -2.8914872434e+000 7.1963203296e-002
64 48 33
3 1 1799 -205.0200 223.2300 2 1535 -262.3800 244.3600 3 2051 -270.4600 265.1400
6.5670470331e+000 -2.8173416902e+000 -6.5050196195e-002
68 56 48
2 1 1800 -173.3200 247.1000 2 2056 -227.4300 272.8600
7.4003039677e+000 -2.8221460896e+000 -6.0974601292e-001
70 61 56
15 1 1806 148.9600 223.2800 2 1544 100.4200 244.5800 3 1520 97.9700 261.6500 4 1817 108.7800 185.1400 5 2431 207.6600 174.9800 7 957 174.3800 43.4000 8 2184 130.6400 130.2600 9 1758 90.1400 53.4700 10 1589 85.5601 77.2800 12 1577 65.1700 10.0400 13 2112 38.0200 -74.3200 14 1220 29.6400 78.5700 15 1566 83.3800 -112.3500 16 1169 100.6899 -123.3300 18 634 115.1000 -205.9400
7.6072351495e+000 -2.7546495331e+000 -6.8090396636e-001
74 60 47
3 1 1808 221.0900 244.5700 2 1509 174.8900 263.2000 3 1474 173.3700 283.8200
7.5995429950e+000 -2.7962205693e+000 -7.2204340010e-001
90 76 62
2 1 1809 217.4500 227.3100 2 2082 168.2600 249.2400
6.0769192923e+000 -2.9427910183e+000 -1.0466327085e-001
95 91 82
4 1 1818 -370.3900 192.8600 2 2070 -427.5000 232.0000 3 2044 -434.9900 265.2200 4 2323 -422.7600 194.4600
6.2233943304e+000 -2.8813684213e+000 -9.8078029368e-002
86 88 77
2 1 1823 -309.9500 218.6800 2 1489 -368.2200 253.6800
5.9430398474e+000 -3.0188433018e+000 -1.8342897017e-001
154 152 139
2 1 1842 -413.8800 159.8900 2 2086 -475.3000 203.1300
6.4915199960e+000 -2.9835906028e+000 1.1661170975e-001
90 81 72
6 1 1845 -213.3100 184.9000 2 1563 -273.6700 206.4100 3 2070 -283.0200 225.3600 4 2363 -274.9900 132.6900 5 2820 -200.8200 106.4800 6 2390 -151.2000 143.0000
6.2058306428e+000 -3.0859001617e+000 8.4583106494e-002
144 140 123
2 1 1869 -331.5600 140.3800 2 1585 -394.4900 169.1000
6.3081321485e+000 -3.0864200805e+000 1.2232730178e-001
94 86 75
3 1 1871 -291.7700 141.6000 2 1588 -353.6700 165.8400 3 1554 -364.0900 188.7600
6.3210953567e+000 -3.1073930696e+000 1.3908334348e-001
136 137 123
6 1 1872 -288.2800 132.1100 2 1589 -350.4100 157.1000 3 1583 -361.6900 178.7100 4 1878 -355.2200 92.1400 5 1969 -289.7300 68.2100 6 1942 -236.5000 111.2200
6.4363472289e+000 -3.0687450944e+000 1.5588469306e-001
63 54 45
4 1 1873 -238.3400 149.9000 2 1590 -300.5300 170.9500 3 1555 -312.6000 189.3000 4 1880 -305.7600 98.3800
6.5164365437e+000 -3.0671846573e+000 1.2843078653e-001
54 39 32
5 1 1876 -202.9900 150.4000 2 1592 -264.4700 169.5000 3 2110 -275.8500 187.1200 4 1882 -268.9600 95.7000 5 1972 -198.0700 66.1400
6.5369082574e+000 -3.0737721322e+000 1.1971466874e-001
72 61 55
5 1 1877 -193.7200 146.5100 2 949 -255.4100 166.6400 3 900 -265.9700 184.3200 4 1222 -260.5200 92.6400 6 1256 -141.0700 101.8000
6.6280201609e+000 -3.1116650804e+000 1.2222871861e-001
56 46 37
2 1 1878 -155.1000 131.2400 2 1621 -216.5400 147.8400
6.6459151561e+000 -3.1188190130e+000 1.0953104505e-001
91 77 64
6 1 1879 -146.1400 127.8600 2 1622 -208.5100 145.2900 3 1589 -220.2200 159.2800 4 1912 -216.7800 67.9300 5 1995 -143.6700 33.8300 6 1969 -99.5800 73.4500
7.3524777342e+000 -3.0037725144e+000 -8.7711101970e-001
40 28 28
2 1 1884 125.9500 149.8800 2 1598 74.3400 179.9700
6.0718022608e+000 -3.1536086123e+000 3.0778126793e-002
93 89 78
2 1 1898 -382.5700 110.4700 2 2146 -446.6000 143.9400
6.0733134993e+000 -3.1525337870e+000 2.7686333462e-002
93 89 78
9 1 1899 -382.5700 110.4700 2 2145 -446.6000 143.9400 3 2098 -455.2900 175.2600 4 2692 -447.2500 101.7100 5 2813 -392.7900 92.5900 6 2698 -334.2100 140.1400 7 1680 -404.6900 -22.8500 8 2522 -462.0900 87.5700 9 2056 -482.3100 31.2100
6.0935928212e+000 -3.1744761916e+000 5.1625448304e-002
132 128 117
4 1 1900 -375.2700 101.9300 2 1615 -439.7400 134.6400 3 2101 -450.4300 163.6300 4 2404 -443.3700 88.9500
6.1569492675e+000 -3.1857747755e+000 8.1929193727e-002
83 78 67
6 1 1902 -351.6800 97.4800 2 1616 -415.3900 128.1300 3 1601 -426.5300 155.4500 4 1245 -420.7000 76.9700 5 1208 -365.1900 62.0400 6 1253 -309.1000 109.4000
6.5521834479e+000 -3.1616380095e+000 1.3865718749e-001
71 61 52
4 1 1906 -187.6600 110.0500 2 1620 -251.2600 127.9600 3 1609 -263.5500 144.8500 4 1930 -259.9700 54.0300
7.7340860538e+000 -3.1154355614e+000 -5.6610230575e-001
93 78 71
8 1 1908 272.2800 118.8400 2 2158 217.1200 128.0100 3 2129 207.5000 144.0700 4 2412 209.2300 62.9300 5 2506 301.3700 32.8200 6 2436 326.4100 63.7500 7 1403 254.7800 -90.6900 10 2073 134.5800 -51.5700
7.9041131578e+000 -3.1646454645e+000 -5.7957182010e-001
68 54 45
8 1 1909 334.2100 100.2600 2 2190 276.0400 110.0600 3 2158 266.2800 121.6100 5 2523 358.5699 1.7800 6 1995 378.9301 31.7200 7 1028 305.8600 -123.2300 8 1881 244.0400 -39.1000 10 1719 178.3700 -81.2600
7.9712861742e+000 -3.1542693293e+000 -6.5546790414e-001
66 50 37
5 1 1912 353.4500 105.3100 2 1643 295.9000 109.9800 3 2131 285.8400 125.4500 4 2435 285.4900 43.4900 5 2525 380.5699 9.1000
7.9712861742e+000 -3.1542693293e+000 -6.5546790414e-001
66 50 37
5 1 1913 353.4500 105.3100 2 1642 295.9000 109.9800 3 2132 285.8400 125.4500 4 2434 285.4900 43.4900 5 2524 380.5699 9.1000
6.2146998772e+000 -3.2363279651e+000 9.9015476893e-002
104 98 84
6 1 1924 -329.1700 76.6500 2 1633 -393.7800 104.5900 3 1603 -406.2900 130.5500 4 1925 -400.8000 50.9800 5 1228 -344.4000 32.6400 6 1284 -288.2000 80.5200
6.1974639706e+000 -3.2485793571e+000 1.0806757787e-001
89 84 73
2 1 1925 -336.4800 71.7700 2 1632 -402.2700 99.5800
6.1818515789e+000 -3.2747859116e+000 9.0039776215e-002
142 139 122
6 1 1927 -342.2700 60.0800 2 1004 -407.4700 89.5200 3 936 -419.7200 115.9500 4 1278 -415.1200 39.4200 5 2011 -360.0700 21.7600 6 1285 -304.6800 71.0600
6.2984787751e+000 -3.2211018503e+000 1.1071666801e-001
135 132 114
3 1 1928 -294.4100 83.5500 2 1635 -358.3100 109.2100 3 921 -370.9600 132.1400
6.3937207084e+000 -3.2780037840e+000 1.3546576341e-001
136 133 122
6 1 1930 -256.5200 59.4800 2 1659 -321.4300 81.8500 3 1626 -334.8800 102.7700 4 1955 -330.8600 18.8900 5 2543 -270.5000 -9.4800 6 1986 -220.3100 37.5200
6.5249717221e+000 -3.2161917406e+000 1.4724553713e-001
103 94 85
11 1 1932 -201.2000 86.5900 2 1639 -264.8000 105.4600 3 1628 -278.2500 122.1200 4 1932 -275.5300 32.8200 5 2513 -209.1000 -0.4000 6 1989 -161.9100 43.9400 7 1409 -237.5100 -128.6000 8 1838 -299.8400 -32.9600 9 1401 -333.8500 -90.7500 10 1692 -345.3000 -56.7000 12 1696 -357.5700 -116.4600
7.5664696812e+000 -3.2246206716e+000 -6.3960918982e-001
36 27 22
2 1 1936 208.1801 77.0800 2 1641 150.6500 95.8300
7.8705482189e+000 -3.2526962277e+000 -5.7254324296e-001
45 27 23
2 1 1938 322.8300 67.8800 2 1665 261.3101 78.7200
6.2858186109e+000 -3.3410231278e+000 1.0402936242e-001
115 111 100
3 1 1957 -298.7000 32.9000 2 1683 -365.0100 58.0400 3 1653 -378.5600 83.2400
6.6210193247e+000 -3.2876550088e+000 1.5211325353e-001
112 108 96
3 1 1958 -158.7700 56.2100 2 1661 -224.0200 72.0100 3 1656 -238.9600 87.7800
7.7012926402e+000 -3.3073841222e+000 -6.3710081224e-001
51 33 29
5 1 1962 257.4100 47.6700 2 1663 197.1000 61.6700 3 1660 183.4500 82.8200 4 1966 182.2100 5.2200 5 2047 265.4301 -22.4100
6.2594924039e+000 -3.3547058052e+000 8.6159286822e-002
124 119 109
3 1 1983 -308.4000 26.7600 2 1681 -374.7200 54.1600 3 1650 -388.2900 79.4100
6.2768193992e+000 -3.3705830750e+000 1.0916764941e-001
55 52 44
3 1 1984 -303.4400 19.8000 2 1682 -369.0000 46.7700 3 1651 -383.6600 70.3300
6.3877973920e+000 -3.4131503649e+000 1.6312592738e-001
65 54 48
6 1 1986 -259.6700 1.1200 2 1701 -326.3400 24.5400 3 1675 -342.5800 44.7500 4 2486 -343.9900 -38.6300 5 2571 -287.6700 -68.6500 7 1049 -312.2100 -180.5400
6.4426861889e+000 -3.4085965444e+000 1.8987679993e-001
56 48 46
5 1 1987 -237.6300 3.6600 2 1702 -304.0900 23.8400 3 986 -320.9900 41.3100 4 1361 -322.4000 -43.3300 6 1367 -218.5900 -26.0500
6.4787417951e+000 -3.3650758162e+000 1.7737817699e-001
108 98 86
12 1 1988 -222.4100 22.0400 2 1686 -289.3100 40.2300 3 1655 -304.4000 59.7000 4 1983 -304.8300 -26.2700 5 2060 -243.9200 -60.6200 6 2025 -197.6300 -11.8000 7 1052 -272.4000 -179.1800 8 1896 -338.7600 -77.3000 9 1419 -370.8900 -127.8000 10 1182 -383.8600 -90.3400 12 1228 -394.9100 -143.6100 14 819 -439.7600 -44.5600
6.7172976687e+000 -3.3663278936e+000 1.5101970363e-001
81 66 59
2 1 1992 -117.5000 22.7500 2 1041 -183.8800 36.0500
6.7074106472e+000 -3.4047944346e+000 1.6929165571e-001
61 50 41
3 1 1993 -122.0900 6.2300 2 1071 -189.9900 18.8300 3 990 -206.7400 33.8800
6.7909600811e+000 -3.3750503292e+000 1.4780493181e-001
76 58 54
3 1 1994 -85.6800 19.3500 2 1042 -152.2700 30.3400 3 1679 -169.6400 44.3000
8.3452056177e+000 -3.4127595628e+000 -1.3431310432e-001
185 194 186
2 1 2000 546.2800 8.2000 2 1757 474.0699 -6.5800
6.4575182747e+000 -3.4992026324e+000 1.9358710870e-001
76 66 54
2 1 2011 -230.9400 -35.5400 2 1734 -300.6300 -16.6700
6.7635344634e+000 -3.4359742309e+000 1.4881534844e-001
45 31 27
4 1 2013 -96.7500 -6.5900 2 1072 -164.9600 5.0700 3 1701 -183.3200 19.4500 4 2037 -188.4100 -70.0800
7.1197205168e+000 -3.4940009874e+000 -4.8107507662e-001
80 58 47
2 1 2015 50.0400 -21.8900 2 1709 -14.4200 2.3800
7.6673756232e+000 -3.4963194053e+000 -8.1585668222e-001
73 58 51
2 1 2019 235.9399 -17.7900 2 1712 173.7500 4.1200
8.7821352127e+000 -3.5578938159e+000 -1.0873026752e+000
74 55 48
2 1 2025 591.8300 -33.6900 2 1758 522.9301 -25.0700
6.8147369971e+000 -3.5589413796e+000 1.4667587457e-001
47 28 22
3 1 2042 -75.0700 -59.6600 2 1770 -146.1900 -47.1000 3 1738 -165.4800 -33.1400
6.9544296540e+000 -3.5341655326e+000 6.9831121135e-002
44 22 16
2 1 2043 -14.1300 -47.1200 2 1743 -85.0300 -35.7500
6.9544296540e+000 -3.5341655326e+000 6.9831121135e-002
44 22 16
2 1 2044 -14.1300 -47.1200 2 1744 -85.0300 -35.7500
7.6897089098e+000 -3.6232549154e+000 -7.0349163003e-001
74 57 53
2 1 2053 249.4399 -63.7900 2 1774 182.6300 -44.5900
8.0468838396e+000 -3.5812525805e+000 -6.3350914893e-001
87 78 73
2 1 2054 382.1500 -49.9500 2 1780 312.2400 -39.6900
7.6729859969e+000 -3.6557523979e+000 -7.3915835727e-001
74 59 52
2 1 2066 242.1600 -74.4900 2 1777 174.3800 -53.6600
7.6911371278e+000 -3.7002805401e+000 -7.3544072222e-001
74 55 48
2 1 2069 248.4500 -90.0500 2 1799 180.0900 -69.5500
7.7294044260e+000 -3.7013186771e+000 -7.3396966252e-001
55 37 30
2 1 2072 262.0699 -90.4300 2 1144 193.2700 -70.6500
7.8373730419e+000 -3.7952384904e+000 -7.9301853791e-001
74 59 54
2 1 2092 295.8101 -121.0200 2 1817 226.3700 -101.5200
8.0987048966e+000 -3.8710239822e+000 -3.9598050117e-001
115 105 93
2 1 2117 421.1801 -163.6400 2 1853 340.5900 -159.0900
8.3460513998e+000 -3.8059378907e+000 -3.6159469992e-001
115 98 82
2 1 2120 518.3800 -140.0400 2 1855 438.2200 -142.9300
7.6898871767e+000 -3.9254043115e+000 -8.2373019723e-001
44 30 27
6 1 2137 243.5000 -165.3700 2 1845 171.5300 -139.9800 3 1812 148.1899 -114.8000 4 2101 134.1600 -170.0500 5 2168 194.6700 -186.0800 6 2134 213.9700 -133.5500
8.0098242312e+000 -3.9569952010e+000 -5.8140098265e-001
66 53 49
2 1 2138 373.1899 -186.9100 2 1878 292.4500 -173.8100
8.0494927998e+000 -4.0461288662e+000 -5.6266356962e-001
63 48 45
2 1 2153 388.5200 -219.9600 2 1899 306.1300 -207.3900
8.1493881685e+000 -4.0041990661e+000 -5.0328088890e-001
108 93 78
