# Bundle file v0.3
60 6995
0 0 0
0 0 0
0 0 0
0 0 0
0 0 0
1.6676426176e+003 4.9600039583e-002 -1.0856262199e-001
9.9999378191e-001 -3.2138358729e-003 -1.4516905714e-003
3.1834958856e-003 9.9978601961e-001 -2.0439675863e-002
1.5170697016e-003 2.0434927316e-002 9.9979003408e-001
-6.9604210537e+000 3.3804002075e+000 -3.6564894043e+000
1.6993315754e+003 1.0274517895e-002 -2.8353646409e-005
9.9832124083e-001 5.5742940814e-002 1.5729737808e-002
-5.3666183353e-002 9.9239300655e-001 -1.1079738861e-001
-2.1786254071e-002 1.0976723148e-001 9.9371852857e-001
-6.8994305216e+000 3.7715600344e+000 -3.2728002598e+000
1.7055621682e+003 1.8793223097e-002 -1.8283825043e-002
9.9447264294e-001 1.0494758148e-001 3.1886650624e-003
-1.0242082594e-001 9.7631906214e-001 -1.9055462031e-001
-2.3111401024e-002 1.8917477118e-001 9.8167141605e-001
-6.7470673233e+000 4.0820573423e+000 -3.0402837412e+000
1.6747295172e+003 5.1025360937e-002 -1.0999961462e-001
9.8635941940e-001 1.6313440461e-001 -2.1960459887e-002
-1.6287703188e-001 9.4798972096e-001 -2.7347131739e-001
-2.3794290301e-002 2.7331786437e-001 9.6162943838e-001
-6.5092503118e+000 4.1947406634e+000 -2.7496826587e+000
1.6985097366e+003 3.5762853947e-002 -8.9989864991e-002
9.7205414018e-001 2.3114311355e-001 -4.1031812242e-002
-2.2923811855e-001 8.9691632056e-001 -3.7814150648e-001
-5.0602703110e-002 3.7698007239e-001 9.2483803526e-001
-6.0135959157e+000 4.3961667948e+000 -2.0005498044e+000
1.7082443653e+003 1.9852805472e-002 -3.8351672193e-002
9.6307690654e-001 2.5967259554e-001 -7.1084563899e-002
-2.6440271944e-001 8.6250128659e-001 -4.3148897157e-001
-5.0735333375e-002 4.3435201595e-001 8.9931321139e-001
-5.7837639393e+000 4.6129958504e+000 -2.0189349878e+000
1.7018540145e+003 3.5447575630e-002 -6.1283857214e-002
9.5175402647e-001 2.9482819271e-001 -8.5091773257e-002
-2.9942929040e-001 8.3161967491e-001 -4.6770804606e-001
-6.7129525121e-002 4.7062198534e-001 8.7977757062e-001
-5.7676716219e+000 4.3680622502e+000 -1.8356553784e+000
1.7003274716e+003 5.3260118264e-002 -1.1933067805e-001
9.2129313496e-001 3.6880330654e-001 -1.2330077274e-001
-3.6384617968e-001 7.0562805515e-001 -6.0803372055e-001
-1.3724036216e-001 6.0503980768e-001 7.8427795718e-001
-5.4725674809e+000 4.6001034458e+000 -9.6996616426e-001
1.6770904951e+003 8.1279901035e-002 -1.7787197178e-001
9.0178372966e-001 3.9904583359e-001 -1.6597749127e-001
-4.0881247257e-001 6.6300932925e-001 -6.2712916659e-001
-1.4020865589e-001 6.3338854743e-001 7.6102593963e-001
-5.3607675121e+000 4.6181001780e+000 -1.0237330077e+000
1.6987910520e+003 4.5871333993e-002 -7.7596153247e-002
8.7747365845e-001 4.3510976750e-001 -2.0179065627e-001
-4.4575413534e-001 5.8451881318e-001 -6.7796829414e-001
-1.7704019192e-001 6.8484833887e-001 7.0685183963e-001
-5.1156073413e+000 4.6901429337e+000 -6.7288188522e-001
0 0 0
0 0 0
0 0 0
0 0 0
0 0 0
1.6946957166e+003 4.5428052404e-002 -1.0211521996e-001
8.5876366477e-001 4.5291255651e-001 -2.3957292049e-001
-4.6996156064e-001 5.1000778189e-001 -7.2043611371e-001
-2.0411050828e-001 7.3127442084e-001 6.5082764372e-001
-4.9973593647e+000 4.4601706514e+000 -4.9746272830e-001
1.6878807048e+003 4.3396652973e-002 -8.5743507619e-002
8.4720064281e-001 4.6882125997e-001 -2.4991537974e-001
-4.8384531289e-001 4.8658874450e-001 -7.2740986172e-001
-2.1941919702e-001 7.3718248754e-001 6.3907526634e-001
-4.9459255386e+000 4.2697633580e+000 -3.5107034288e-001
1.6797288308e+003 6.5263497237e-002 -1.3408665782e-001
8.1610987107e-001 4.8779411970e-001 -3.0987348245e-001
-4.9822742839e-001 3.2221668906e-001 -8.0495082762e-001
-2.9280387282e-001 8.1131578444e-001 5.0599663041e-001
-4.7230333417e+000 4.2647292942e+000 3.3385279924e-001
1.6791235527e+003 5.8956845058e-002 -1.2222944193e-001
7.9369410662e-001 4.8556688363e-001 -3.6643480544e-001
-5.1633974851e-001 2.1926308087e-001 -8.2783873157e-001
-3.2162544865e-001 8.4625557776e-001 4.2474529766e-001
-4.4623622958e+000 3.5869008631e+000 6.1641773098e-001
1.6815106063e+003 5.2195501102e-002 -1.0898936844e-001
7.6449217829e-001 4.9092467589e-001 -4.1778543768e-001
-5.1638406482e-001 7.8426631071e-002 -8.5275832516e-001
-3.8587460001e-001 8.6766481209e-001 3.1346222568e-001
-4.2238539734e+000 3.1512207243e+000 1.1673150031e+000
1.6867409214e+003 3.6601194132e-002 -7.8572740178e-002
7.4608121962e-001 4.8420636353e-001 -4.5706346523e-001
-5.2593759319e-001 7.5680281979e-003 -8.5048949025e-001
-4.0835335410e-001 8.7492109499e-001 2.6030869315e-001
-4.0193278094e+000 2.9586668539e+000 1.3954117848e+000
1.6841088469e+003 6.2367876708e-002 -1.4414950277e-001
7.1731772968e-001 4.9861337565e-001 -4.8666207609e-001
-5.3191158930e-001 -5.9255495794e-002 -8.4472412502e-001
-4.5002815007e-001 8.6479678991e-001 2.2271321537e-001
-3.8749799049e+000 2.6848942316e+000 1.7100668086e+000
1.6902525588e+003 4.3230112259e-002 -1.1842429307e-001
6.6966564625e-001 4.9210107246e-001 -5.5622338742e-001
-5.2458069582e-001 -2.1672818278e-001 -8.2331281319e-001
-5.2570240231e-001 8.4312835872e-001 1.1301130443e-001
-3.6036345130e+000 2.0561379862e+000 2.2275557781e+000
1.6916383257e+003 5.0089890708e-002 -1.2853404308e-001
6.5175717178e-001 4.7373848488e-001 -5.9227057750e-001
-5.0383974168e-001 -3.1324462159e-001 -8.0499895760e-001
-5.6688455944e-001 8.2307329867e-001 3.4528847205e-002
-3.4969792448e+000 1.7064418875e+000 2.4431173624e+000
1.6906074178e+003 4.9129003266e-002 -1.2530830839e-001
6.3201112804e-001 4.1975280707e-001 -6.5143650112e-001
-4.7706368559e-001 -4.5171397678e-001 -7.5389967706e-001
-6.1071447824e-001 7.8724968348e-001 -8.5239438841e-002
-3.4957845130e+000 1.1218019693e+000 2.3287337574e+000
0 0 0
0 0 0
0 0 0
0 0 0
0 0 0
1.6812680689e+003 5.5923329106e-002 -1.3944484522e-001
6.1618201080e-001 4.1360712699e-001 -6.7026030321e-001
-4.6369631828e-001 -4.9738139158e-001 -7.3321038981e-001
-6.3663604514e-001 7.6258828722e-001 -1.1468936400e-001
-3.5197739133e+000 7.9360082266e-001 2.3402620138e+000
1.7130312121e+003 3.0159306642e-002 -1.1382429206e-001
6.0172735275e-001 3.6543793869e-001 -7.1019666707e-001
-4.2536341255e-001 -6.0597407297e-001 -6.7220635980e-001
-6.7601047346e-001 7.0657663127e-001 -2.0918724609e-001
-3.6000595042e+000 3.1387818740e-001 2.1596976933e+000
1.6951312802e+003 3.1165712726e-002 -1.0032994552e-001
5.9047827978e-001 3.2543259553e-001 -7.3853166951e-001
-4.0928805178e-001 -6.6793834197e-001 -6.2156388409e-001
-6.9557076691e-001 6.6929216124e-001 -2.6120741016e-001
-3.5902798304e+000 -1.3185300811e-001 2.1118592383e+000
1.6808291956e+003 3.7171111908e-002 -1.2204288704e-001
5.5292966993e-001 3.0009430472e-001 -7.7731086985e-001
-3.6170409091e-001 -7.5396098382e-001 -5.4837303498e-001
-7.5062569282e-001 5.8436824277e-001 -3.0834206024e-001
-3.5538770770e+000 -3.9150008978e-001 2.3282633080e+000
1.6901907928e+003 3.4173494810e-002 -1.1192574470e-001
5.4569195652e-001 2.5437387431e-001 -7.9844487641e-001
-3.2003829610e-001 -8.1732619046e-001 -4.7911730027e-001
-7.7446483304e-001 5.1698339477e-001 -3.6459894667e-001
-3.6284709873e+000 -7.5589613254e-001 2.1306734609e+000
1.7318051295e+003 -8.2770299587e-003 -1.1913282087e-003
5.2309022128e-001 2.0279246530e-001 -8.2779939383e-001
-2.6698764895e-001 -8.8340075015e-001 -3.8512427856e-001
-8.0937890738e-001 4.2246695806e-001 -4.0795521034e-001
-3.7308572835e+000 -1.4405223610e+000 1.8636694817e+000
1.6803810963e+003 3.3121604765e-002 -1.0269510275e-001
5.2362755829e-001 1.5817815931e-001 -8.3713430829e-001
-2.3251599094e-001 -9.1877516250e-001 -3.1904312364e-001
-8.1960386417e-001 3.6170688506e-001 -4.4431704350e-001
-3.7757595795e+000 -1.4991977117e+000 1.8268341332e+000
1.7408322462e+003 9.3946143803e-003 -4.5790598712e-002
4.9093378589e-001 1.3308144299e-001 -8.6097232674e-001
-1.7758872260e-001 -9.5222643873e-001 -2.4844930063e-001
-8.5290460397e-001 2.7487113146e-001 -4.4384636712e-001
-3.7861527347e+000 -1.9179301018e+000 1.8153152966e+000
1.7048443304e+003 1.1812841361e-003 -3.3763642610e-002
4.6996936489e-001 7.1852296290e-002 -8.7975339930e-001
-9.8207983528e-002 -9.8623673196e-001 -1.3301240736e-001
-8.7720236436e-001 1.4891056396e-001 -4.5644458142e-001
-3.9768808884e+000 -2.6303041516e+000 1.6325806287e+000
1.7169090203e+003 -1.1812198634e-002 -1.9606677199e-002
4.7918184333e-001 2.1406022170e-002 -8.7745458187e-001
-5.0535797128e-002 -9.9737128626e-001 -5.1929284124e-002
-8.7625960436e-001 6.9226436827e-002 -4.7684044104e-001
-4.1257707629e+000 -2.8142731031e+000 1.2275078453e+000
0 0 0
0 0 0
0 0 0
0 0 0
0 0 0
1.6880239795e+003 1.3841613429e-002 -3.8201717499e-002
4.7808168950e-001 -2.5178718208e-002 -8.7795440105e-001
-5.8463681795e-003 -9.9965809732e-001 2.5485455660e-002
-8.7829591719e-001 -7.0512850262e-003 -4.7806543614e-001
-4.3537408813e+000 -3.0128137127e+000 8.8691395134e-001
1.7246421816e+003 -4.2536707757e-002 8.5118600754e-002
4.6437255419e-001 -8.9469195010e-002 -8.8110918396e-001
4.2738415705e-002 -9.9146125959e-001 1.2319902007e-001
-8.8460813852e-001 -9.4867454211e-002 -4.5658362585e-001
-4.4803020750e+000 -3.3396528699e+000 7.4455579860e-001
1.7228239052e+003 -3.4844546945e-003 -1.2472442056e-002
4.7648652828e-001 -1.4404719582e-001 -8.6730098221e-001
8.6842323199e-002 -9.7395095237e-001 2.0947065018e-001
-8.7488227738e-001 -1.7512837509e-001 -4.5156511488e-001
-4.6554288981e+000 -3.5714505521e+000 3.9462388283e-001
1.7221754173e+003 -2.8582648715e-002 6.9669605221e-002
4.8446860103e-001 -1.8348577757e-001 -8.5534972031e-001
1.4003878131e-001 -9.4888100771e-001 2.8286741229e-001
-8.6352725165e-001 -2.5682251194e-001 -4.3400792968e-001
-4.8039771687e+000 -3.8071832619e+000 4.2874822702e-002
1.7337741283e+003 -3.8190221287e-002 6.8619777163e-002
4.9947914301e-001 -2.4070824831e-001 -8.3221398985e-001
2.0878869804e-001 -8.9886250912e-001 3.8529659910e-001
-8.4079002448e-001 -3.6620449055e-001 -3.9870591396e-001
-5.0338221369e+000 -3.7981040025e+000 -4.5851698566e-001
1.7415002909e+003 -4.1513430671e-003 -2.7816820914e-002
5.0717239115e-001 -2.8374336929e-001 -8.1379718975e-001
2.4948879560e-001 -8.5548441429e-001 4.5376398907e-001
-8.2494333534e-001 -4.3316984809e-001 -3.6308728452e-001
-5.1697496820e+000 -3.9640814523e+000 -6.7343969935e-001
1.7430305532e+003 -5.5309936245e-002 9.1621169206e-002
5.1419034105e-001 -3.3783270536e-001 -7.8833835145e-001
2.8645555216e-001 -7.9872999167e-001 5.2912533208e-001
-8.0842532729e-001 -4.9789503271e-001 -3.1392519267e-001
-5.4290986331e+000 -4.2253008376e+000 -9.5505539912e-001
1.7101526228e+003 1.1436420856e-004 -4.4834703453e-002
5.3538527582e-001 -3.7943786860e-001 -7.5457902853e-001
3.2889636379e-001 -7.2922661045e-001 6.0004644195e-001
-7.7793945029e-001 -5.6943432850e-001 -2.6562145471e-001
-5.6754073919e+000 -4.2380182109e+000 -1.3161906246e+000
1.7277256258e+003 -2.8791124001e-002 7.5075118982e-003
5.5461710161e-001 -4.0574291338e-001 -7.2647956533e-001
3.6633240801e-001 -6.6484243696e-001 6.5098778856e-001
-7.4712812652e-001 -6.2718196901e-001 -2.2009620692e-001
-5.8044811397e+000 -4.1807570642e+000 -1.7022719072e+000
0 0 0
0 0 0
0 0 0
0 0 0
0 0 0
0 0 0
0 0 0
0 0 0
0 0 0
0 0 0
0 0 0
0 0 0
0 0 0
0 0 0
0 0 0
0 0 0
0 0 0
0 0 0
0 0 0
0 0 0
0 0 0
0 0 0
0 0 0
0 0 0
0 0 0
0 0 0
0 0 0
0 0 0
0 0 0
0 0 0
0 0 0
0 0 0
0 0 0
0 0 0
0 0 0
0 0 0
0 0 0
0 0 0
0 0 0
0 0 0
0 0 0
0 0 0
0 0 0
0 0 0
0 0 0
0 0 0
0 0 0
0 0 0
0 0 0
0 0 0
0 0 0
0 0 0
0 0 0
0 0 0
0 0 0
0 0 0
0 0 0
0 0 0
0 0 0
0 0 0
0 0 0
0 0 0
0 0 0
0 0 0
0 0 0
0 0 0
0 0 0
0 0 0
0 0 0
0 0 0
0 0 0
0 0 0
0 0 0
0 0 0
0 0 0
0 0 0
0 0 0
0 0 0
0 0 0
0 0 0
0 0 0
0 0 0
0 0 0
0 0 0
0 0 0
7.5139752912e+000 -2.1864414655e+000 -1.0606041432e+000
113 107 95
3 1 79 198.2000 436.9400 2 65 166.3700 472.8400 3 27 180.2600 505.1500
7.5195635861e+000 -2.2317654024e+000 -9.7009134131e-001
109 95 79
2 1 80 204.2600 428.1400 2 66 170.8300 461.6800
7.5410378037e+000 -2.2066254380e+000 -1.0337364535e+000
111 103 80
2 1 81 208.8900 431.8900 2 67 176.7700 466.7900
7.5690592837e+000 -2.2188746868e+000 -1.0495162781e+000
107 96 75
2 1 82 218.3400 426.2000 2 68 185.6100 460.8200
8.8780131907e+000 -2.1022735790e+000 -1.3637814130e+000
188 174 126
2 1 85 639.9301 443.2500 2 763 614.9800 458.4300
7.3679302920e+000 -2.3709937560e+000 -9.8397710566e-001
104 94 92
2 1 122 149.0300 376.5100 2 93 112.1400 412.1800
7.3873553170e+000 -2.4449203021e+000 -8.9745155314e-001
138 137 133
2 1 123 159.0500 355.8600 2 116 120.0100 388.0600
7.9709978225e+000 -2.5819542538e+000 -1.0019224280e+000
73 54 37
2 1 172 363.4399 300.7800 2 175 323.1899 321.2300
6.4169705196e+000 -2.7416004814e+000 -2.7431249617e-001
76 68 59
2 1 189 -224.5800 279.6100 2 829 -277.3500 314.3000
6.5827722368e+000 -2.8102162422e+000 -1.7641360491e-001
110 97 88
2 1 192 -158.2800 256.2000 2 208 -212.6300 282.9700
6.1451992564e+000 -2.8519059821e+000 -2.7803061406e-001
71 60 60
3 1 219 -337.6900 232.5300 2 861 -395.0100 273.5900 3 789 -400.6100 308.3900
6.2017297499e+000 -2.8877699528e+000 -2.0069775125e-001
124 124 114
2 1 220 -321.0200 221.3200 2 863 -377.5200 257.8300
6.2838502667e+000 -2.8541805030e+000 -2.0308168969e-001
98 95 82
2 1 224 -285.4100 235.6300 2 865 -341.4700 270.4900
8.0480005548e+000 -2.8303707136e+000 -9.6195301728e-001
97 76 52
2 1 270 393.9600 213.6800 2 911 346.8400 229.9300
6.1186495084e+000 -3.0316107587e+000 -1.1826011533e-001
149 145 133
2 1 309 -363.6200 162.2300 2 922 -423.9400 197.4100
6.2474032978e+000 -2.9802241311e+000 -5.8066352739e-002
116 113 99
2 1 311 -312.1000 187.2100 2 252 -371.8600 217.4700
6.2474032978e+000 -2.9802241311e+000 -5.8066352739e-002
116 113 99
2 1 312 -312.1000 187.2100 2 253 -371.8600 217.4700
7.7179030975e+000 -2.9634032715e+000 -6.5330916942e-001
91 73 59
2 1 326 294.7800 174.5400 2 932 242.1600 188.3400
6.3662272611e+000 -3.0794448269e+000 1.5282421082e-002
92 86 74
2 1 362 -263.7100 145.3000 2 283 -326.1100 169.5400
6.3358268753e+000 -3.1199205890e+000 5.9908706106e-002
91 89 77
4 1 363 -281.0100 127.7700 2 310 -343.8900 151.4100 3 227 -355.2200 173.0900 4 378 -349.9200 85.4000
6.4940059656e+000 -3.1999352584e+000 1.9280199306e-002
78 70 59
2 1 396 -206.5400 91.1000 2 336 -269.3600 111.2400
6.0885933269e+000 -3.2151579018e+000 -5.3698080917e-002
94 91 74
3 1 418 -382.2500 82.3300 2 328 -446.4900 116.8300 3 240 -457.9800 146.1500
8.9865655496e+000 -3.2009792672e+000 -8.7746163314e-001
131 114 71
2 1 445 745.5100 82.7900 2 380 681.6400 76.2700
6.6161873687e+000 -3.3052253313e+000 8.9147728403e-002
105 103 90
2 1 473 -153.9700 43.8400 2 401 -219.3900 58.1900
7.9009571041e+000 -3.3805724561e+000 -6.2109783575e-001
85 70 65
2 1 526 367.4200 14.7400 2 1075 302.6700 23.6700
8.2140976347e+000 -3.3786447617e+000 -1.9684863056e-001
157 166 165
2 1 532 541.2000 14.0900 2 434 469.9700 -0.3100
6.4778766607e+000 -3.4300535834e+000 1.3663320205e-001
63 54 46
2 1 545 -220.9900 -14.3200 2 1070 -288.0100 2.0200
7.4830832684e+000 -3.4562642661e+000 -6.0934437487e-001
76 61 56
2 1 550 207.3400 -15.2200 2 1073 140.7500 3.1900
7.9859954590e+000 -3.6429254195e+000 -4.6159522527e-001
98 86 76
3 1 592 415.0400 -90.8600 2 1149 340.7800 -87.0400 3 416 317.0200 -80.1300
6.7042094779e+000 -3.6292635629e+000 2.4317152202e-001
86 73 51
2 1 608 -116.9300 -111.2800 2 1164 -193.0800 -102.9300
6.7385057806e+000 -3.6747641157e+000 2.5336892627e-001
85 70 46
2 1 631 -100.7800 -133.5000 2 1166 -178.0600 -125.9800
7.4709598838e+000 -3.8637500273e+000 -8.9963152497e-001
62 43 29
2 1 645 188.9900 -158.9300 2 501 118.0699 -130.2400
7.9726271260e+000 -3.8062808225e+000 -5.3210108139e-001
79 70 62
7 1 648 401.5000 -153.3900 2 1196 324.9301 -144.6900 3 479 297.4000 -134.0200 4 2133 280.2000 -210.8500 5 1524 344.7900 -253.6000 6 2168 355.2500 -205.4200 8 1431 190.0800 -236.4500
7.6558038294e+000 -2.4885731071e+000 -8.9642301455e-001
78 60 45
4 1 981 256.2500 340.1800 2 1430 217.9000 366.4800 3 1404 225.7400 388.2000 4 1723 246.1899 312.7500
6.5561481867e+000 -2.7174244731e+000 -2.8540161176e-001
117 109 98
6 1 999 -166.4600 288.6200 2 817 -217.6600 321.4300 4 1086 -204.5800 268.5700 5 1086 -120.0100 264.9300 6 1756 -69.7000 297.5700 8 1045 -182.0100 214.1600
6.3434951855e+000 -2.8065003466e+000 -2.2055230798e-001
83 72 60
2 1 1022 -258.7200 255.1400 2 827 -313.6900 289.4700
6.4138874389e+000 -2.7723363400e+000 -2.1646912811e-001
67 57 48
2 1 1023 -228.7700 270.0100 2 1456 -283.2200 302.8100
6.4011161830e+000 -2.7847434296e+000 -2.1440828254e-001
161 155 141
2 1 1024 -234.1300 264.7800 2 828 -289.2600 297.7900
6.1919036964e+000 -2.8076349300e+000 -2.8294944523e-001
86 81 78
3 1 1056 -318.5600 250.9400 2 1453 -373.7300 291.5500 3 1435 -378.5800 325.2100
6.3155823101e+000 -2.8738758510e+000 -1.2761039877e-001
70 66 55
2 1 1058 -277.8900 231.1200 2 868 -333.1200 262.3400
6.3053851476e+000 -2.8974487183e+000 -9.2024633033e-002
88 83 77
3 1 1059 -284.0500 222.4700 2 867 -341.9200 252.7700 3 1510 -348.4800 279.0600
7.1580903571e+000 -2.6644888580e+000 -1.6401925385e+000
169 145 112
3 1 1067 65.4900 241.2200 2 836 22.7000 294.5600 3 778 27.7800 339.7500
8.1903417536e+000 -2.7201639837e+000 -1.0454199658e+000
183 187 174
6 1 1073 437.1100 249.3800 2 1521 393.1899 265.4900 3 1522 396.7200 282.2100 4 1808 410.6801 203.2300 5 1898 527.0000 182.9800 6 1872 554.1500 207.4900
7.3190299242e+000 -2.8497272052e+000 -6.3856255701e-001
135 155 150
3 1 1092 142.0800 218.4800 2 1542 92.2700 240.6600 3 1519 89.7900 262.3700
7.3182061836e+000 -2.8501310022e+000 -6.3086923440e-001
135 155 150
4 1 1093 142.0800 218.4800 2 1541 92.2700 240.6600 3 1518 89.7900 262.3700 4 1816 100.0000 184.0200
7.3635348032e+000 -2.8521128898e+000 -6.2893011359e-001
87 80 70
5 1 1094 159.0300 217.4800 2 1545 109.4301 239.3900 4 1819 118.2000 180.9500 5 1893 215.7600 164.2500 6 1867 249.0400 193.4100
7.8873117591e+000 -2.8345613825e+000 -8.4140387765e-001
92 73 56
2 1 1102 345.2800 216.5400 2 1554 297.0400 232.8400
6.0123830186e+000 -3.0320584531e+000 -1.9823042913e-001
150 150 132
2 1 1118 -401.7000 159.3200 2 920 -462.1200 199.6700
6.0864788102e+000 -3.0300393759e+000 -1.4427173561e-001
150 148 135
2 1 1120 -375.1500 162.0200 2 921 -435.4400 198.8500
7.7571194659e+000 -2.9359123138e+000 -7.0145465823e-001
93 76 60
3 1 1134 306.2000 184.1000 2 931 255.0400 196.9200 3 885 251.3101 212.6800
5.7474065646e+000 -3.0833406081e+000 -4.4604826627e-001
114 111 114
2 1 1150 -484.8100 130.9900 2 940 -545.0300 184.1500
5.9973085743e+000 -3.0848544251e+000 -2.0094761943e-001
140 136 124
3 1 1155 -407.8600 136.4900 2 943 -468.8100 177.3800 3 874 -477.6500 213.0900
6.1882361889e+000 -3.0852799616e+000 -2.3191049028e-002
110 102 87
3 1 1158 -341.0500 141.2200 2 1584 -403.5100 171.9800 3 879 -413.1300 198.2500
5.8350588304e+000 -3.1458802428e+000 -3.2682985187e-001
150 148 133
6 1 1166 -462.3700 106.9200 2 942 -524.2900 156.5600 3 1548 -532.2200 199.2300 4 1835 -522.1400 144.9100 5 1879 -474.6400 162.0100 6 1851 -411.7300 214.4000
6.0614495579e+000 -3.1782151050e+000 -6.8579580337e-002
108 105 98
2 1 1169 -392.9800 98.8600 2 305 -456.7400 133.4200
6.1292144744e+000 -3.1528383416e+000 -4.4580271877e-002
101 97 85
3 1 1173 -365.0500 110.3900 2 963 -428.1600 143.1500 3 898 -439.8800 171.7500
6.2090034475e+000 -3.1271074421e+000 -5.9705214012e-003
110 103 85
2 1 1174 -333.2100 123.1000 2 308 -396.2100 151.9400
6.1825040043e+000 -3.1628654911e+000 7.2501709921e-003
129 126 111
4 1 1175 -345.2600 106.9700 2 966 -409.9200 136.4700 3 899 -421.0300 162.6400 4 1244 -415.9300 83.9700
6.3088144293e+000 -3.1621608918e+000 5.8148888146e-002
127 122 113
3 1 1178 -292.4300 108.5200 2 309 -357.1300 132.7800 3 243 -369.2600 154.6500
6.3546075022e+000 -3.1885795057e+000 3.6222239413e-002
105 102 88
3 1 1179 -270.8100 96.1200 2 985 -334.0000 120.0600 3 924 -346.6400 141.2800
6.6062382094e+000 -3.1378049071e+000 3.6482075126e-002
87 77 65
4 1 1186 -156.4200 119.0900 2 969 -218.0900 137.1200 4 1254 -227.2700 60.4000 7 604 -187.0400 -108.2900
9.0939979962e+000 -3.1262001073e+000 -6.1758154305e-001
178 161 105
2 1 1202 831.9000 114.9100 2 347 767.2000 96.0500
6.1096905435e+000 -3.2047375564e+000 -3.0539171060e-002
121 115 101
7 1 1212 -376.0700 87.6800 2 977 -439.9400 118.9700 3 917 -451.0900 149.4000 4 373 -444.6700 75.8400 5 380 -389.9500 63.5700 6 352 -332.1500 112.2100 9 255 -481.6800 6.1700
6.3556743871e+000 -3.2686847689e+000 5.4653662026e-002
76 67 60
4 1 1219 -271.1400 60.1100 2 1658 -336.2000 82.8500 3 939 -350.0000 103.7800 4 441 -348.0200 20.9400
6.4850369389e+000 -3.2270378572e+000 1.0066986123e-001
110 101 90
2 1 1221 -214.7900 79.7500 2 986 -279.8800 97.3000
6.5849389939e+000 -3.2280481599e+000 1.1585958391e-001
75 67 57
2 1 1223 -169.3600 79.6100 2 987 -234.3200 93.8800
8.1884599816e+000 -3.2392810909e+000 -2.8753116432e-001
96 81 65
3 1 1230 518.4600 72.7900 2 1669 453.0200 62.1100 3 1691 437.1500 56.0100
9.1009719595e+000 -3.2129604865e+000 -8.1906862408e-001
121 103 70
2 1 1233 796.8800 79.3100 2 1027 732.4600 67.9300
6.2365822615e+000 -3.2772038327e+000 3.0446969261e-003
86 84 73
2 1 1244 -320.3800 55.5700 2 1005 -387.2400 83.3400
6.3185577493e+000 -3.3162876291e+000 4.5911077822e-002
114 110 99
6 1 1249 -287.8200 37.9800 2 1012 -353.9700 62.4200 3 962 -367.3200 85.2900 4 1305 -365.8600 3.9000 5 1272 -308.4600 -21.2800 6 431 -256.1500 28.5600
6.3210559281e+000 -3.2831321279e+000 4.7074873488e-002
140 138 126
6 1 1250 -287.2000 52.9400 2 1006 -352.0900 77.5500 3 1624 -365.5400 99.9600 4 1304 -362.5200 17.9000 5 2039 -304.5500 -7.4900 6 1313 -253.0600 41.0500
6.3210857957e+000 -3.2831847672e+000 4.6643646649e-002
140 138 126
7 1 1251 -287.2000 52.9400 2 1007 -352.0900 77.5500 3 1625 -365.5400 99.9600 4 1303 -362.5200 17.9000 5 2038 -304.5500 -7.4900 6 1312 -253.0600 41.0500 7 601 -327.2600 -125.2700
6.3477126202e+000 -3.3390958162e+000 7.6842894071e-002
97 90 80
2 1 1252 -276.6800 27.8900 2 1037 -342.9200 49.8600
6.6050784537e+000 -3.3211717026e+000 8.6530393876e-002
128 143 134
3 1 1255 -158.5900 36.3400 2 1040 -224.8600 51.4800 3 963 -240.7100 66.8600
6.6785473671e+000 -3.2804130490e+000 7.7934179192e-002
100 96 89
2 1 1257 -124.5300 55.2200 2 1018 -190.0400 68.4600
8.2340892170e+000 -3.2904151594e+000 -1.9352007319e-001
180 178 166
3 1 1269 550.9900 51.8100 2 1695 481.6000 36.3800 3 1039 462.6500 26.7100
7.3374509314e+000 -3.4927441388e+000 -6.7314256338e-001
42 27 24
2 1 1310 147.0800 -28.1300 2 1745 84.3400 -5.4600
7.5331730398e+000 -3.5058177440e+000 -7.1760421076e-001
54 35 29
2 1 1314 220.2600 -32.3900 2 1097 155.2400 -12.1100
8.0164111935e+000 -3.5022382102e+000 -1.0220247354e+000
82 69 61
2 1 1320 376.2900 -26.1700 2 1101 313.6100 -7.6000
7.9068408945e+000 -3.5553810958e+000 -6.2335607116e-001
54 41 34
3 1 1340 370.1600 -52.3100 2 1122 299.8199 -43.5100 3 1059 279.6700 -29.6300
7.5395581716e+000 -3.6483398735e+000 -7.3541224276e-001
55 35 32
2 1 1365 221.7400 -85.4700 2 1118 153.5100 -64.0600
7.5395581716e+000 -3.6483398735e+000 -7.3541224276e-001
55 35 32
2 1 1366 221.7400 -85.4700 2 1119 153.5100 -64.0600
7.5684450592e+000 -3.6706493255e+000 -7.4123367596e-001
56 35 32
2 1 1367 232.4399 -93.6600 2 1143 163.2800 -72.4500
7.6740020841e+000 -3.7275878681e+000 -7.9170316579e-001
46 28 26
2 1 1393 269.0900 -113.2000 2 1146 198.3400 -92.2600
7.9595758857e+000 -3.7737835388e+000 -5.6642967742e-001
35 26 19
2 1 1418 394.7700 -138.7200 2 1172 317.9399 -129.8400
7.3684484689e+000 -3.9308539331e+000 -8.6828582060e-001
71 45 30
2 1 1442 152.7200 -184.6200 2 1193 81.0601 -154.2500
7.4120229192e+000 -3.8752450048e+000 -7.8541926484e-001
62 39 25
2 1 1444 172.0601 -168.1600 2 1839 99.6600 -141.0300
7.6097364311e+000 -3.9003121600e+000 -8.4674560587e-001
78 64 61
4 1 1447 241.5200 -174.3100 2 522 168.1100 -149.2400 3 1148 146.1600 -122.9900 4 1498 132.6801 -177.9400
6.8534009327e+000 -3.8200198320e+000 2.0385917262e-001
70 56 44
2 1 1468 -45.1800 -199.6300 2 537 -124.7300 -191.4300
9.1627142106e+000 -2.0698148928e+000 -7.1996093719e-001
157 144 92
2 1 1658 840.7600 514.9500 2 1384 818.5400 504.3500
6.0845280396e+000 -2.3118904596e+000 -2.1494127763e-001
78 61 69
2 1 1675 -371.4300 468.1900 2 1364 -421.3300 516.2900
7.4262171315e+000 -2.2082887516e+000 -1.0468536775e+000
81 78 72
3 1 1686 167.5500 430.0200 2 1388 135.0000 467.8000 3 1963 147.9100 500.6500
7.4409815142e+000 -2.3825061272e+000 -9.1766366311e-001
66 57 48
3 1 1706 177.6500 377.1900 2 1404 140.3101 409.9400 3 1974 150.0300 437.0100
7.4424214687e+000 -2.4819495365e+000 -8.2075414612e-001
101 92 82
3 1 1707 181.5800 347.4400 2 1420 142.0500 376.3600 4 2276 170.5699 325.9700
7.5764394709e+000 -2.4740089674e+000 -8.7408291501e-001
77 60 48
4 1 1709 228.3500 347.3400 2 1426 190.6899 374.2500 3 1985 197.4399 396.7500 4 2282 218.8600 322.8300
7.5761377908e+000 -2.4745579681e+000 -8.6683092427e-001
77 60 48
5 1 1710 228.3500 347.3400 2 1427 190.6899 374.2500 3 1986 197.4399 396.7500 4 2281 218.8600 322.8300 6 2294 375.0699 340.9900
7.6941137080e+000 -2.4387386853e+000 -9.3029618877e-001
75 56 42
3 1 1711 269.1300 355.3300 2 1408 230.8101 383.9400 4 2284 262.9600 329.8700
7.7227324259e+000 -2.4503476946e+000 -9.2732010366e-001
100 84 69
2 1 1712 279.1500 352.5400 2 1431 242.0699 377.4900
7.7227324259e+000 -2.4503476946e+000 -9.2732010366e-001
100 84 69
2 1 1713 279.1500 352.5400 2 1432 242.0699 377.4900
7.1420108424e+000 -2.4709220831e+000 -8.8477611786e-001
167 144 103
2 1 1721 69.5300 346.8600 2 1402 29.3700 384.0000
7.1420108424e+000 -2.4709220831e+000 -8.8477611786e-001
167 144 103
2 1 1722 69.5300 346.8600 2 1403 29.3700 384.0000
7.5456610121e+000 -2.5601207035e+000 -8.4677216167e-001
77 59 47
3 1 1729 218.9100 317.1500 2 1446 177.9500 342.9400 3 1425 182.9301 366.0200
8.8464693817e+000 -2.4613772884e+000 -1.2340704712e+000
150 133 83
3 1 1741 645.8800 331.2300 2 1450 609.8400 340.2100 5 1822 778.6500 236.7600
6.4381342744e+000 -2.6934450449e+000 -3.2473638124e-001
55 42 39
3 1 1742 -211.9400 296.3300 2 2025 -264.9600 333.1900 3 1993 -267.7100 363.3700
7.5449282562e+000 -2.6450846450e+000 -7.7515688567e-001
77 59 47
2 1 1744 222.0400 289.7300 2 1462 178.7300 312.8500
6.6116191509e+000 -2.7549875422e+000 -2.6975523012e-001
113 103 93
5 1 1756 -142.8000 274.3500 2 2040 -194.6100 303.5500 3 2011 -198.2800 329.2500 5 2769 -99.9300 240.0200 6 2322 -50.4500 272.5000
6.6400593874e+000 -2.7993538273e+000 -2.2713297989e-001
62 41 38
6 1 1757 -131.1300 257.2800 2 1457 -186.1300 284.8400 3 2028 -190.2100 309.2600 4 2311 -177.7000 225.1100 5 2411 -91.7100 210.7000 6 2666 -45.2600 245.4400
7.6299850343e+000 -2.7308892355e+000 -7.7986379634e-001
72 58 46
3 1 1772 253.5300 257.6100 2 1514 208.6300 277.7300 3 2037 208.9500 297.3500
7.8150900295e+000 -2.6720753223e+000 -8.8761142187e-001
98 79 62
2 1 1780 315.7200 273.9900 2 1485 271.7500 294.2300
8.9636147338e+000 -2.6708799592e+000 -1.1128065679e+000
141 119 70
2 1 1784 701.6300 265.5200 2 889 658.8199 266.8600
6.2504577891e+000 -2.8671959508e+000 -2.2361906668e-001
141 143 129
2 1 1791 -298.2800 229.0200 2 1490 -354.2800 265.2000
6.3417311885e+000 -2.8277492812e+000 -1.9078659774e-001
80 70 61
3 1 1794 -260.9500 247.5300 2 2053 -316.3900 281.0100 3 2021 -323.2700 309.4300
6.4947273059e+000 -2.9062634430e+000 -8.5744991433e-003
64 48 33
3 1 1799 -205.0200 223.2300 2 1535 -262.3800 244.3600 3 2051 -270.4600 265.1400
6.5532677033e+000 -2.8364908167e+000 -1.3658020172e-001
68 56 48
2 1 1800 -173.3200 247.1000 2 2056 -227.4300 272.8600
7.3391790676e+000 -2.8391807803e+000 -6.4105539611e-001
70 61 56
15 1 1806 148.9600 223.2800 2 1544 100.4200 244.5800 3 1520 97.9700 261.6500 4 1817 108.7800 185.1400 5 2431 207.6600 174.9800 7 957 174.3800 43.4000 8 2184 130.6400 130.2600 9 1758 90.1400 53.4700 10 1589 85.5601 77.2800 12 1577 65.1700 10.0400 13 2112 38.0200 -74.3200 14 1220 29.6400 78.5700 15 1566 83.3800 -112.3500 16 1169 100.6899 -123.3300 18 634 115.1000 -205.9400
7.5338092933e+000 -2.7754784233e+000 -7.0631321375e-001
74 60 47
3 1 1808 221.0900 244.5700 2 1509 174.8900 263.2000 3 1474 173.3700 283.8200
7.5269888283e+000 -2.8144534520e+000 -7.4504514697e-001
90 76 62
2 1 1809 217.4500 227.3100 2 2082 168.2600 249.2400
6.0939908732e+000 -2.9548756179e+000 -1.7770454352e-001
95 91 82
4 1 1818 -370.3900 192.8600 2 2070 -427.5000 232.0000 3 2044 -434.9900 265.2200 4 2323 -422.7600 194.4600
6.2312470371e+000 -2.8970400415e+000 -1.7034559181e-001
86 88 77
2 1 1823 -309.9500 218.6800 2 1489 -368.2200 253.6800
5.9690838713e+000 -3.0263508203e+000 -2.5278784690e-001
154 152 139
2 1 1842 -413.8800 159.8900 2 2086 -475.3000 203.1300
6.4812890787e+000 -2.9927181287e+000 3.3117677736e-002
90 81 72
6 1 1845 -213.3100 184.9000 2 1563 -273.6700 206.4100 3 2070 -283.0200 225.3600 4 2363 -274.9900 132.6900 5 2820 -200.8200 106.4800 6 2390 -151.2000 143.0000
6.2136959155e+000 -3.0890926423e+000 7.1085436029e-004
144 140 123
2 1 1869 -331.5600 140.3800 2 1585 -394.4900 169.1000
6.3093760808e+000 -3.0894577264e+000 3.6930268331e-002
94 86 75
3 1 1871 -291.7700 141.6000 2 1588 -353.6700 165.8400 3 1554 -364.0900 188.7600
6.3214464954e+000 -3.1091246275e+000 5.2745127581e-002
136 137 123
6 1 1872 -288.2800 132.1100 2 1589 -350.4100 157.1000 3 1583 -361.6900 178.7100 4 1878 -355.2200 92.1400 5 1969 -289.7300 68.2100 6 1942 -236.5000 111.2200
6.4293621631e+000 -3.0727122943e+000 6.9439610439e-002
63 54 45
4 1 1873 -238.3400 149.9000 2 1590 -300.5300 170.9500 3 1555 -312.6000 189.3000 4 1880 -305.7600 98.3800
6.5046947409e+000 -3.0711021881e+000 4.4312361584e-002
54 39 32
5 1 1876 -202.9900 150.4000 2 1592 -264.4700 169.5000 3 2110 -275.8500 187.1200 4 1882 -268.9600 95.7000 5 1972 -198.0700 66.1400
6.5239742618e+000 -3.0772422197e+000 3.6292101179e-002
72 61 55
5 1 1877 -193.7200 146.5100 2 949 -255.4100 166.6400 3 900 -265.9700 184.3200 4 1222 -260.5200 92.6400 6 1256 -141.0700 101.8000
6.6094722053e+000 -3.1126483608e+000 3.9331931349e-002
56 46 37
2 1 1878 -155.1000 131.2400 2 1621 -216.5400 147.8400
6.6263671478e+000 -3.1193205793e+000 2.7544306935e-002
91 77 64
6 1 1879 -146.1400 127.8600 2 1622 -208.5100 145.2900 3 1589 -220.2200 159.2800 4 1912 -216.7800 67.9300 5 1995 -143.6700 33.8300 6 1969 -99.5800 73.4500
7.2967434477e+000 -3.0094353622e+000 -8.9274037005e-001
40 28 28
2 1 1884 125.9500 149.8800 2 1598 74.3400 179.9700
6.0884749143e+000 -3.1527643186e+000 -5.0892959428e-002
93 89 78
2 1 1898 -382.5700 110.4700 2 2146 -446.6000 143.9400
6.0899355899e+000 -3.1517475527e+000 -5.3729307382e-002
93 89 78
9 1 1899 -382.5700 110.4700 2 2145 -446.6000 143.9400 3 2098 -455.2900 175.2600 4 2692 -447.2500 101.7100 5 2813 -392.7900 92.5900 6 2698 -334.2100 140.1400 7 1680 -404.6900 -22.8500 8 2522 -462.0900 87.5700 9 2056 -482.3100 31.2100
6.1087996510e+000 -3.1723233428e+000 -3.1153596303e-002
132 128 117
4 1 1900 -375.2700 101.9300 2 1615 -439.7400 134.6400 3 2101 -450.4300 163.6300 4 2404 -443.3700 88.9500
6.1680246843e+000 -3.1828498098e+000 -2.2310196407e-003
83 78 67
6 1 1902 -351.6800 97.4800 2 1616 -415.3900 128.1300 3 1601 -426.5300 155.4500 4 1245 -420.7000 76.9700 5 1208 -365.1900 62.0400 6 1253 -309.1000 109.4000
6.5382893540e+000 -3.1596534907e+000 5.4094470615e-002
71 61 52
4 1 1906 -187.6600 110.0500 2 1620 -251.2600 127.9600 3 1609 -263.5500 144.8500 4 1930 -259.9700 54.0300
7.6524601026e+000 -3.1138785312e+000 -5.9789590211e-001
93 78 71
8 1 1908 272.2800 118.8400 2 2158 217.1200 128.0100 3 2129 207.5000 144.0700 4 2412 209.2300 62.9300 5 2506 301.3700 32.8200 6 2436 326.4100 63.7500 7 1403 254.7800 -90.6900 10 2073 134.5800 -51.5700
7.8121694864e+000 -3.1597707319e+000 -6.0925506100e-001
68 54 45
8 1 1909 334.2100 100.2600 2 2190 276.0400 110.0600 3 2158 266.2800 121.6100 5 2523 358.5699 1.7800 6 1995 378.9301 31.7200 7 1028 305.8600 -123.2300 8 1881 244.0400 -39.1000 10 1719 178.3700 -81.2600
7.8757928944e+000 -3.1498647809e+000 -6.7994875014e-001
66 50 37
5 1 1912 353.4500 105.3100 2 1643 295.9000 109.9800 3 2131 285.8400 125.4500 4 2435 285.4900 43.4900 5 2525 380.5699 9.1000
7.8757928944e+000 -3.1498647809e+000 -6.7994875014e-001
66 50 37
5 1 1913 353.4500 105.3100 2 1642 295.9000 109.9800 3 2132 285.8400 125.4500 4 2434 285.4900 43.4900 5 2524 380.5699 9.1000
6.2221428777e+000 -3.2301970533e+000 1.4199813645e-002
104 98 84
6 1 1924 -329.1700 76.6500 2 1633 -393.7800 104.5900 3 1603 -406.2900 130.5500 4 1925 -400.8000 50.9800 5 1228 -344.4000 32.6400 6 1284 -288.2000 80.5200
6.2059182005e+000 -3.2417238528e+000 2.2529123643e-002
89 84 73
2 1 1925 -336.4800 71.7700 2 1632 -402.2700 99.5800
6.1914549210e+000 -3.2663150260e+000 5.4863444910e-003
142 139 122
6 1 1927 -342.2700 60.0800 2 1004 -407.4700 89.5200 3 936 -419.7200 115.9500 4 1278 -415.1200 39.4200 5 2011 -360.0700 21.7600 6 1285 -304.6800 71.0600
6.3006156891e+000 -3.2157965766e+000 2.5837840874e-002
135 132 114
3 1 1928 -294.4100 83.5500 2 1635 -358.3100 109.2100 3 921 -370.9600 132.1400
6.3898530256e+000 -3.2690459008e+000 4.9753701329e-002
136 133 122
6 1 1930 -256.5200 59.4800 2 1659 -321.4300 81.8500 3 1626 -334.8800 102.7700 4 1955 -330.8600 18.8900 5 2543 -270.5000 -9.4800 6 1986 -220.3100 37.5200
6.5127792686e+000 -3.2108775057e+000 6.1872214505e-002
103 94 85
11 1 1932 -201.2000 86.5900 2 1639 -264.8000 105.4600 3 1628 -278.2500 122.1200 4 1932 -275.5300 32.8200 5 2513 -209.1000 -0.4000 6 1989 -161.9100 43.9400 7 1409 -237.5100 -128.6000 8 1838 -299.8400 -32.9600 9 1401 -333.8500 -90.7500 10 1692 -345.3000 -56.7000 12 1696 -357.5700 -116.4600
7.4959643495e+000 -3.2165155093e+000 -6.6827960207e-001
36 27 22
2 1 1936 208.1801 77.0800 2 1641 150.6500 95.8300
7.7807559475e+000 -3.2424369647e+000 -6.0296366433e-001
45 27 23
2 1 1938 322.8300 67.8800 2 1665 261.3101 78.7200
6.2889743604e+000 -3.3282996846e+000 1.9360279794e-002
115 111 100
3 1 1957 -298.7000 32.9000 2 1683 -365.0100 58.0400 3 1653 -378.5600 83.2400
6.6029474742e+000 -3.2777612177e+000 6.7161482777e-002
112 108 96
3 1 1958 -158.7700 56.2100 2 1661 -224.0200 72.0100 3 1656 -238.9600 87.7800
7.6225715566e+000 -3.2939597435e+000 -6.6498083695e-001
51 33 29
5 1 1962 257.4100 47.6700 2 1663 197.1000 61.6700 3 1660 183.4500 82.8200 4 1966 182.2100 5.2200 5 2047 265.4301 -22.4100
6.2644357916e+000 -3.3411609770e+000 2.3747716754e-003
124 119 109
3 1 1983 -308.4000 26.7600 2 1681 -374.7200 54.1600 3 1650 -388.2900 79.4100
6.2805383742e+000 -3.3560457530e+000 2.4084521274e-002
55 52 44
3 1 1984 -303.4400 19.8000 2 1682 -369.0000 46.7700 3 1651 -383.6600 70.3300
6.3842873517e+000 -3.3958470211e+000 7.5533298329e-002
65 54 48
6 1 1986 -259.6700 1.1200 2 1701 -326.3400 24.5400 3 1675 -342.5800 44.7500 4 2486 -343.9900 -38.6300 5 2571 -287.6700 -68.6500 7 1049 -312.2100 -180.5400
6.4355629472e+000 -3.3915107086e+000 1.0106776301e-001
56 48 46
5 1 1987 -237.6300 3.6600 2 1702 -304.0900 23.8400 3 986 -320.9900 41.3100 4 1361 -322.4000 -43.3300 6 1367 -218.5900 -26.0500
6.4693993094e+000 -3.3506352984e+000 8.9623706394e-002
108 98 86
12 1 1988 -222.4100 22.0400 2 1686 -289.3100 40.2300 3 1655 -304.4000 59.7000 4 1983 -304.8300 -26.2700 5 2060 -243.9200 -60.6200 6 2025 -197.6300 -11.8000 7 1052 -272.4000 -179.1800 8 1896 -338.7600 -77.3000 9 1419 -370.8900 -127.8000 10 1182 -383.8600 -90.3400 12 1228 -394.9100 -143.6100 14 819 -439.7600 -44.5600
6.6933835788e+000 -3.3514057751e+000 6.6824707958e-002
81 66 59
2 1 1992 -117.5000 22.7500 2 1041 -183.8800 36.0500
6.6840278906e+000 -3.3875161592e+000 8.3862055147e-002
61 50 41
3 1 1993 -122.0900 6.2300 2 1071 -189.9900 18.8300 3 990 -206.7400 33.8800
6.7625149133e+000 -3.3594704685e+000 6.4387277656e-002
76 58 54
3 1 1994 -85.6800 19.3500 2 1042 -152.2700 30.3400 3 1679 -169.6400 44.3000
8.2227559939e+000 -3.3922079456e+000 -1.8803869220e-001
185 194 186
2 1 2000 546.2800 8.2000 2 1757 474.0699 -6.5800
6.4495910646e+000 -3.4764769853e+000 1.0460202015e-001
76 66 54
2 1 2011 -230.9400 -35.5400 2 1734 -300.6300 -16.6700
6.7368745416e+000 -3.4166617331e+000 6.5043534420e-002
45 31 27
4 1 2013 -96.7500 -6.5900 2 1072 -164.9600 5.0700 3 1701 -183.3200 19.4500 4 2037 -188.4100 -70.0800
7.0760071278e+000 -3.4700610543e+000 -5.2320587531e-001
80 58 47
2 1 2015 50.0400 -21.8900 2 1709 -14.4200 2.3800
7.5924703241e+000 -3.4711357110e+000 -8.3312419228e-001
73 58 51
2 1 2019 235.9399 -17.7900 2 1712 173.7500 4.1200
8.6408787325e+000 -3.5269899682e+000 -1.0792964015e+000
74 55 48
2 1 2025 591.8300 -33.6900 2 1758 522.9301 -25.0700
6.7851099262e+000 -3.5319196508e+000 6.3372790857e-002
47 28 22
3 1 2042 -75.0700 -59.6600 2 1770 -146.1900 -47.1000 3 1738 -165.4800 -33.1400
6.9166984644e+000 -3.5084065740e+000 -7.6034987848e-003
44 22 16
2 1 2043 -14.1300 -47.1200 2 1743 -85.0300 -35.7500
6.9166984644e+000 -3.5084065740e+000 -7.6034987848e-003
44 22 16
2 1 2044 -14.1300 -47.1200 2 1744 -85.0300 -35.7500
7.6127204624e+000 -3.5902797686e+000 -7.2756574449e-001
74 57 53
2 1 2053 249.4399 -63.7900 2 1774 182.6300 -44.5900
7.9472082102e+000 -3.5503725116e+000 -6.5905115826e-001
87 78 73
2 1 2054 382.1500 -49.9500 2 1780 312.2400 -39.6900
7.5973678183e+000 -3.6207705631e+000 -7.6120084591e-001
74 59 52
2 1 2066 242.1600 -74.4900 2 1777 174.3800 -53.6600
7.6144370455e+000 -3.6625227655e+000 -7.5759637668e-001
74 55 48
2 1 2069 248.4500 -90.0500 2 1799 180.0900 -69.5500
7.6503308291e+000 -3.6634390592e+000 -7.5591729036e-001
55 37 30
2 1 2072 262.0699 -90.4300 2 1144 193.2700 -70.6500
7.7522538563e+000 -3.7513520510e+000 -8.1055341344e-001
74 59 54
2 1 2092 295.8101 -121.0200 2 1817 226.3700 -101.5200
7.9943551621e+000 -3.8223219305e+000 -4.3591533727e-001
115 105 93
2 1 2117 421.1801 -163.6400 2 1853 340.5900 -159.0900
8.2260403668e+000 -3.7609045147e+000 -4.0163696239e-001
115 98 82
2 1 2120 518.3800 -140.0400 2 1855 438.2200 -142.9300
7.6143508696e+000 -3.8737214963e+000 -8.4081733058e-001
44 30 27
6 1 2137 243.5000 -165.3700 2 1845 171.5300 -139.9800 3 1812 148.1899 -114.8000 4 2101 134.1600 -170.0500 5 2168 194.6700 -186.0800 6 2134 213.9700 -133.5500
7.9126062586e+000 -3.9029976079e+000 -6.1070309598e-001
66 53 49
2 1 2138 373.1899 -186.9100 2 1878 292.4500 -173.8100
7.9498135549e+000 -3.9865762218e+000 -5.9285902029e-001
63 48 45
2 1 2153 388.5200 -219.9600 2 1899 306.1300 -207.3900
8.0430229926e+000 -3.9471417101e+000 -5.3642119438e-001
108 93 78
3 1 2155 430.1801 -207.6500 2 1901 348.2900 -199.7500 4 1562 292.2800 -262.7200
6.1525246235e+000 -3.8785569025e+000 4.4929527441e-001
64 60 63
2 1 2163 -405.7400 -248.7000 2 1906 -486.1900 -229.6800
7.9900529069e+000 -4.0149871838e+000 -5.9058938079e-001
70 51 45
2 1 2170 403.5000 -230.8500 2 1902 321.6000 -219.2500
8.0029160278e+000 -4.0397324785e+000 -6.0381255626e-001
104 84 73
2 1 2171 407.8000 -239.7100 2 1249 324.1700 -227.2900
7.0513192755e+000 -4.0594485470e+000 -2.9023350100e-001
159 131 91
2 1 2189 42.7500 -269.8500 2 2360 -36.5000 -246.6200
9.2094201301e+000 -4.2494522216e+000 -5.0699626679e-001
162 142 91
3 1 2215 894.5200 -326.7300 2 2384 785.8700 -340.0600 4 1629 691.0200 -435.8200
5.9108753572e+000 -2.4897031389e+000 -1.6885985752e-001
37 21 32
3 1 2274 -449.7100 395.2600 2 1996 -505.5400 444.6700 3 1960 -507.7100 483.2200
7.3526082413e+000 -2.4524649030e+000 -8.9875368761e-001
72 64 62
3 1 2284 145.8600 353.0900 2 2006 107.1300 385.7400 3 2356 114.4800 414.3900
7.4120599361e+000 -2.4751879408e+000 -8.3293049395e-001
65 58 50
9 1 2286 169.6500 348.7200 2 2015 130.7500 378.9300 3 1981 137.3300 405.5800 4 2275 158.8500 329.9100 5 2744 272.7900 330.1000 6 2628 312.3101 356.4300 7 1601 252.2300 193.5800 8 2452 224.8500 272.3900 9 2022 187.6700 184.9500
8.9990955151e+000 -2.4427111674e+000 -1.0074178101e+000
168 151 97
4 1 2287 731.3700 352.1200 2 2019 694.3400 350.0400 3 2003 707.5100 353.8700 4 2318 728.5000 251.7400
7.0934427514e+000 -2.5161577640e+000 -1.0126211803e+000
167 145 108
4 1 2290 50.1600 321.0000 2 2013 8.8300 363.7500 3 1978 14.7100 400.3000 4 2270 37.1200 339.9600
7.0934427514e+000 -2.5161577640e+000 -1.0126211803e+000
167 145 108
4 1 2291 50.1600 321.0000 2 2014 8.8300 363.7500 3 1979 14.7100 400.3000 4 2271 37.1200 339.9600
7.4790405640e+000 -2.5145580443e+000 -8.3276944924e-001
77 65 53
4 1 2294 195.0900 334.7700 2 2016 154.9100 361.1600 3 1984 160.4200 388.0500 4 2290 180.9500 311.2700
7.5701684880e+000 -2.5392072986e+000 -8.6373314320e-001
97 83 70
