# Bundle file v0.3
60 8732
0 0 0
0 0 0
0 0 0
0 0 0
0 0 0
1.6692329186e+003 5.0630146042e-002 -1.0903254875e-001
9.9993899307e-001 -4.8696802010e-003 -9.9144512826e-003
4.6570160708e-003 9.9976097774e-001 -2.1361169921e-002
1.0016103574e-002 2.1313694982e-002 9.9972266358e-001
-7.0050555887e+000 3.3904325952e+000 -4.0401618784e+000
1.7010989847e+003 1.1115985954e-002 7.0295308640e-004
9.9850940833e-001 5.4105881552e-002 7.1773991106e-003
-5.2974195335e-002 9.9238080056e-001 -1.1123884805e-001
-1.3141389012e-002 1.1069281941e-001 9.9376778154e-001
-6.9558680558e+000 3.7976251312e+000 -3.6601414653e+000
1.7074204830e+003 1.9605024123e-002 -1.7367654035e-002
9.9463525017e-001 1.0330365447e-001 -5.3920389656e-003
-1.0243386629e-001 9.7631334106e-001 -1.9057692174e-001
-1.4422972895e-002 1.9010685163e-001 9.8165745697e-001
-6.8040618717e+000 4.1226317937e+000 -3.4287716557e+000
1.6765370472e+003 5.1841358719e-002 -1.0917468419e-001
9.8640446881e-001 1.6147407407e-001 -3.0534362893e-002
-1.6363645724e-001 9.4798164982e-001 -2.7304560329e-001
-1.5143770259e-002 2.7432993824e-001 9.6151638114e-001
-6.5631986987e+000 4.2348461299e+000 -3.1344240191e+000
1.7001794513e+003 3.6633586592e-002 -9.0186151630e-002
9.7204733130e-001 2.2950966442e-001 -4.9490399558e-002
-2.3096630327e-001 8.9688911411e-001 -3.7715313038e-001
-4.2172887770e-002 3.7804130851e-001 9.2482766859e-001
-6.0528509430e+000 4.4470754481e+000 -2.3631572983e+000
1.7100558595e+003 2.0771325567e-002 -3.8402086681e-002
9.6286122612e-001 2.5803663750e-001 -7.9469194907e-002
-2.6663832811e-001 8.6248299862e-001 -4.3014774098e-001
-4.2453047189e-002 4.3536211456e-001 8.9925389518e-001
-5.8136827863e+000 4.6782899361e+000 -2.3923264425e+000
1.7037061695e+003 3.6524400510e-002 -6.1542647905e-002
9.5148064176e-001 2.9316704662e-001 -9.3475510909e-002
-3.0201138452e-001 8.3154623819e-001 -4.6617590819e-001
-5.8938204747e-002 4.7178802076e-001 8.7973993401e-001
-5.8071296486e+000 4.4138462572e+000 -2.2088593865e+000
1.7023216429e+003 5.4461585543e-002 -1.1986830988e-001
9.2082139428e-001 3.6712794031e-001 -1.3154860427e-001
-3.6782406580e-001 7.0550637693e-001 -6.0577735905e-001
-1.2958941492e-001 6.0619949485e-001 7.8468385735e-001
-5.5162581926e+000 4.6806511413e+000 -1.3323034196e+000
1.6792061124e+003 8.2604287365e-002 -1.7827933629e-001
9.0101001997e-001 3.9731146708e-001 -1.7413943275e-001
-4.1300840008e-001 6.6289348625e-001 -6.2449682733e-001
-1.3268385499e-001 6.3459894738e-001 7.6136664664e-001
-5.4062699509e+000 4.6927629124e+000 -1.3945344341e+000
1.7009398152e+003 4.7203242838e-002 -7.7634995955e-002
8.7646062824e-001 4.3335990519e-001 -2.0979980867e-001
-4.5050826248e-001 5.8439538308e-001 -6.7492543416e-001
-1.6987958260e-001 6.8606211731e-001 7.0743176251e-001
-5.1581402658e+000 4.7780642905e+000 -1.0399108184e+000
0 0 0
0 0 0
0 0 0
0 0 0
0 0 0
1.6970675982e+003 4.6951460464e-002 -1.0313785317e-001
8.5746590166e-001 4.5112596922e-001 -2.4746229488e-001
-4.7517868247e-001 5.0978924846e-001 -7.1716116869e-001
-1.9737640999e-001 7.3253005539e-001 6.5149234127e-001
-5.0388004122e+000 4.5443018889e+000 -8.6724757568e-001
1.6902724929e+003 4.4812635811e-002 -8.6526090018e-002
8.4584889121e-001 4.6702257601e-001 -2.5773933875e-001
-4.8913556087e-001 4.8631255390e-001 -7.2404868829e-001
-2.1280520749e-001 7.3850525619e-001 6.3978428415e-001
-4.9909582642e+000 4.3411673863e+000 -7.1692993414e-001
1.6821695179e+003 6.6970906504e-002 -1.3578417803e-001
8.1429305988e-001 4.8594289373e-001 -3.1746860738e-001
-5.0446702532e-001 3.2192423443e-001 -8.0117277017e-001
-2.8712337593e-001 8.1254187050e-001 5.0728283598e-001
-4.7625618792e+000 4.3762641953e+000 -1.6474914367e-002
1.6814193128e+003 6.0760950274e-002 -1.2399530894e-001
7.9138350832e-001 4.8372219056e-001 -3.7379805392e-001
-5.2286931544e-001 2.1879215101e-001 -8.2385537179e-001
-3.1673304489e-001 8.4743308704e-001 4.2607199070e-001
-4.4857360171e+000 3.6704743617e+000 2.7743196480e-001
1.6834949583e+003 5.4351980617e-002 -1.1079083114e-001
7.6175836339e-001 4.8906163507e-001 -4.2490341597e-001
-5.2333254641e-001 7.7897465343e-002 -8.4856056399e-001
-3.8189951777e-001 8.6876389312e-001 3.1528091655e-001
-4.2379285823e+000 3.2396693564e+000 8.4896424116e-001
1.6886773922e+003 3.8526064692e-002 -7.9945290273e-002
7.4298298629e-001 4.8236587044e-001 -4.6400371671e-001
-5.3295490386e-001 6.9989624606e-003 -8.4611469966e-001
-4.0488930900e-001 8.7594188252e-001 2.6227936614e-001
-4.0205615992e+000 3.0451549810e+000 1.0889760614e+000
1.6859912423e+003 6.4989464957e-002 -1.4714373944e-001
7.1400216838e-001 4.9673297997e-001 -4.9341387309e-001
-5.3897874421e-001 -5.9850250701e-002 -8.4019037175e-001
-4.4688121111e-001 8.6583733697e-001 2.2499530897e-001
-3.8780354651e+000 2.7643803397e+000 1.4141503462e+000
1.6916249769e+003 4.5746836756e-002 -1.1937044953e-001
6.6575631733e-001 4.9018532243e-001 -5.6257166265e-001
-5.3164505683e-001 -2.1740562921e-001 -8.1858922906e-001
-5.2356667148e-001 8.4406939410e-001 1.1586543253e-001
-3.5979483491e+000 2.1275548926e+000 1.9549916416e+000
1.6929815077e+003 5.2442787072e-002 -1.2911097762e-001
6.4751633015e-001 4.7180382276e-001 -5.9843441999e-001
-5.1085970233e-001 -3.1395836208e-001 -8.0028276966e-001
-5.6545996033e-001 8.2391219175e-001 3.7732394020e-002
-3.4829321976e+000 1.7814234051e+000 2.1825335789e+000
1.6920212154e+003 5.1728614563e-002 -1.2609211913e-001
6.2720923218e-001 4.1778461954e-001 -6.5731620301e-001
-4.8379412789e-001 -4.5240642536e-001 -7.4918066454e-001
-6.1037023263e-001 7.8789874855e-001 -8.1631741026e-002
-3.4704397994e+000 1.1918429098e+000 2.0652353885e+000
0 0 0
0 0 0
0 0 0
0 0 0
0 0 0
1.6823896196e+003 5.9583638486e-002 -1.4181826755e-001
6.1126592131e-001 4.1160165883e-001 -6.7597192833e-001
-4.7022714603e-001 -4.9812938295e-001 -7.2852834466e-001
-6.3658495472e-001 7.6318490046e-001 -1.1094324287e-001
-3.4992321178e+000 8.5370474109e-001 2.0760237935e+000
1.7148332940e+003 3.3899119358e-002 -1.1535825652e-001
5.9643361114e-001 3.6343624485e-001 -7.1566824956e-001
-4.3145319312e-001 -6.0668969956e-001 -6.6766439968e-001
-6.7684199755e-001 7.0699484042e-001 -2.0504440002e-001
-3.5752586243e+000 3.7288509868e-001 1.8893665825e+000
1.6975472157e+003 3.5202356543e-002 -1.0242882086e-001
5.8486803689e-001 3.2351741789e-001 -7.4381843197e-001
-4.1478188348e-001 -6.6876363260e-001 -6.1701798422e-001
-6.9705478160e-001 6.6939650734e-001 -2.5694930901e-001
-3.5566998212e+000 -9.1246667568e-002 1.8434075764e+000
1.6834362733e+003 4.0730133959e-002 -1.2323596187e-001
5.4702944428e-001 2.9813409374e-001 -7.8222429599e-001
-3.6682151974e-001 -7.5456878439e-001 -5.4412123859e-001
-7.5246312850e-001 5.8458704380e-001 -3.0340934144e-001
-3.5235502076e+000 -3.3816027868e-001 2.0749660634e+000
1.6933841064e+003 3.8048881929e-002 -1.1300367664e-001
5.3959115133e-001 2.5244249538e-001 -8.0318999990e-001
-3.2464722288e-001 -8.1782761145e-001 -4.7514437661e-001
-7.7681759125e-001 5.1713710414e-001 -3.5933778739e-001
-3.5936287609e+000 -7.0482444887e-001 1.8739500967e+000
1.7374599088e+003 -4.4083276922e-003 3.4574749536e-003
5.1685716383e-001 2.0093664502e-001 -8.3215571673e-001
-2.7065336002e-001 -8.8384781586e-001 -3.8152299683e-001
-8.1216096367e-001 4.2241863487e-001 -4.0243889724e-001
-3.6983097315e+000 -1.4127051688e+000 1.5922671633e+000
1.6856184570e+003 3.7322920643e-002 -1.0275271414e-001
5.1715246924e-001 1.5634444876e-001 -8.4149256497e-001
-2.3585898943e-001 -9.1907453514e-001 -3.1570957534e-001
-8.2275382750e-001 3.6174357244e-001 -4.3842642158e-001
-3.7344117530e+000 -1.4604860778e+000 1.5681587623e+000
1.7469526073e+003 1.3974128340e-002 -4.3744000188e-002
4.8447047713e-001 1.3125222619e-001 -8.6490531847e-001
-1.8034591176e-001 -9.5245816777e-001 -2.4555812094e-001
-8.5601618495e-001 2.7494779826e-001 -4.3776706058e-001
-3.7522499048e+000 -1.8864390137e+000 1.5570322624e+000
1.7126328385e+003 1.2846411990e-002 -4.1647203248e-002
4.6382740355e-001 7.0204403847e-002 -8.8313955941e-001
-9.9829873332e-002 -9.8636433584e-001 -1.3084109967e-001
-8.8028298638e-001 1.4885139789e-001 -4.5049431211e-001
-3.9522074637e+000 -2.6224342891e+000 1.3692869294e+000
1.7241584968e+003 1.8865425929e-003 -3.0730118948e-002
4.7296714287e-001 1.9881258728e-002 -8.8085573014e-001
-5.1680736566e-002 -9.9739807427e-001 -5.0261147166e-002
-8.7956306382e-001 6.9295144114e-002 -4.7070903939e-001
-4.0960425353e+000 -2.8058415293e+000 9.5744354875e-001
0 0 0
0 0 0
0 0 0
0 0 0
0 0 0
1.6953493907e+003 3.1451700927e-002 -5.1743555424e-002
4.7229203537e-001 -2.6578639931e-002 -8.8104132095e-001
-6.4502624601e-003 -9.9962272932e-001 2.6698185935e-002
-8.8141853137e-001 -6.9263928176e-003 -4.7228529264e-001
-4.3323384091e+000 -3.0080945515e+000 6.0399373132e-001
1.7300464231e+003 -1.3317431501e-002 4.0664695652e-002
4.5887173300e-001 -9.0389015703e-002 -8.8389284333e-001
4.3152586126e-002 -9.9137063326e-001 1.2378255865e-001
-8.8745399146e-001 -9.4942579249e-002 -4.5101144075e-001
-4.4600135659e+000 -3.3527750363e+000 4.6371229514e-001
1.7271518156e+003 2.8510784960e-002 -6.6221312775e-002
4.7089220814e-001 -1.4472245364e-001 -8.7023901299e-001
8.8704613822e-002 -9.7368537817e-001 2.0992445265e-001
-8.7771978432e-001 -1.7604600463e-001 -4.4566330840e-001
-4.6301950451e+000 -3.6006708515e+000 1.1064215313e-001
1.7255251219e+003 -4.5958229626e-003 3.9003423495e-002
4.7846127425e-001 -1.8435212135e-001 -8.5853893587e-001
1.4373383425e-001 -9.4808480285e-001 2.8368255409e-001
-8.6626519839e-001 -2.5913220941e-001 -4.2712422562e-001
-4.7761197905e+000 -3.8499425369e+000 -2.4252305488e-001
1.7391589392e+003 -1.3819661365e-002 3.7064784047e-002
4.9375518983e-001 -2.4133898825e-001 -8.3544078501e-001
2.1297161458e-001 -8.9790030070e-001 3.8525075131e-001
-8.4311855862e-001 -3.6814473072e-001 -3.9194457943e-001
-5.0061836766e+000 -3.8327480992e+000 -7.5550612255e-001
1.7425720916e+003 1.7442451014e-002 -4.5940330604e-002
5.0141516533e-001 -2.8439743683e-001 -8.1712968977e-001
2.5545740305e-001 -8.5366496916e-001 4.5386962408e-001
-8.2663434916e-001 -4.3631894110e-001 -3.5538913100e-001
-5.1405237576e+000 -4.0151059379e+000 -9.6325247359e-001
1.7424889769e+003 -8.0823223028e-003 1.1077976153e-002
5.0834832606e-001 -3.3832654551e-001 -7.9190727235e-001
2.9499046928e-001 -7.9554006914e-001 5.2924155301e-001
-8.0905043256e-001 -5.0264415545e-001 -3.0460835603e-001
-5.4050382352e+000 -4.3072157741e+000 -1.2600662964e+000
1.7473541298e+003 1.6526642733e-002 -5.4787151393e-002
5.2659943681e-001 -3.8170567200e-001 -7.5960108815e-001
3.3758398932e-001 -7.2616328603e-001 5.9893566614e-001
-7.8021156317e-001 -5.7182835010e-001 -2.5353945396e-001
-5.6433405614e+000 -4.3268054809e+000 -1.6738866412e+000
1.7504076716e+003 7.5992213678e-005 -3.0275640752e-002
5.4718890373e-001 -4.0721212657e-001 -7.3127463214e-001
3.7605622507e-001 -6.6092631776e-001 6.4942907086e-001
-7.4777404289e-001 -6.3036075899e-001 -2.0851689214e-001
-5.7749086123e+000 -4.2710148014e+000 -2.0499358976e+000
1.7423008070e+003 -9.4922656808e-003 -7.0811868165e-003
5.6209979254e-001 -4.5772403676e-001 -6.8886321530e-001
4.3282355444e-001 -5.4694416374e-001 7.1660020407e-001
-7.0477485338e-001 -7.0095705141e-001 -1.0932345643e-001
-6.1280275482e+000 -4.1709461675e+000 -2.4856952685e+000
0 0 0
0 0 0
0 0 0
0 0 0
0 0 0
1.7408476416e+003 -8.6181663386e-003 3.2817706739e-003
5.8338430800e-001 -4.8264151066e-001 -6.5323802811e-001
4.6313688601e-001 -4.6302826993e-001 7.5571757030e-001
-6.6720834377e-001 -7.4341239795e-001 -4.6594340534e-002
-6.3560192125e+000 -4.0426465481e+000 -2.8799708050e+000
1.7369995703e+003 -3.5160978823e-003 -2.4069225938e-002
5.9886251078e-001 -5.2205933476e-001 -6.0730366718e-001
4.7657504535e-001 -3.7712194323e-001 7.9413806487e-001
-6.4361472895e-001 -7.6500528817e-001 2.2956257352e-002
-6.6213248708e+000 -3.9974559744e+000 -2.9050805076e+000
1.7379416757e+003 5.2373620482e-003 -4.9605929181e-002
6.2963322568e-001 -5.3840515254e-001 -5.6007311383e-001
5.1513241027e-001 -2.5031707566e-001 8.1974383897e-001
-5.8155017067e-001 -8.0464977061e-001 1.1974199614e-001
-6.7689139051e+000 -3.5914451059e+000 -3.3179354189e+000
1.7429664179e+003 1.3180223924e-002 -7.3704157931e-002
6.6254492686e-001 -5.4417290841e-001 -5.1469414766e-001
5.1572587535e-001 -1.6690623051e-001 8.4033870059e-001
-5.4319521481e-001 -8.2220323276e-001 1.7006117325e-001
-6.9359007450e+000 -3.4563646848e+000 -3.6587664933e+000
1.7364853623e+003 1.5899246711e-002 -8.0781322806e-002
6.8838827126e-001 -5.5707042684e-001 -4.6453646523e-001
5.2084032386e-001 -6.6100251942e-002 8.5109113127e-001
-5.0482367716e-001 -8.2783047554e-001 2.4464210336e-001
-7.1355122886e+000 -3.0970601431e+000 -3.8000286995e+000
1.6903289179e+003 4.2649320100e-002 -1.3408094595e-001
7.1144716326e-001 -5.5730676120e-001 -4.2807955779e-001
5.2343349165e-001 1.3800028804e-002 8.5195477522e-001
-4.6889264624e-001 -8.3019198570e-001 3.0153101528e-001
-7.2218783876e+000 -2.8814603628e+000 -3.8153827251e+000
1.7090169322e+003 4.3012740430e-002 -1.3661919389e-001
7.3324917639e-001 -5.6840647091e-001 -3.7317519901e-001
5.1855975121e-001 1.1246425328e-001 8.4761286927e-001
-4.3981976962e-001 -8.1502507665e-001 3.7721703923e-001
-7.3717085875e+000 -2.5389976846e+000 -3.7649834498e+000
1.6955370937e+003 4.8606551502e-002 -1.4355813789e-001
7.7303438651e-001 -5.4903240662e-001 -3.1777547696e-001
5.1155007808e-001 2.4328054580e-001 8.2409410485e-001
-3.7514577819e-001 -7.9961115082e-001 4.6892179794e-001
-7.4746651147e+000 -1.9765064403e+000 -4.0449452705e+000
1.7094320259e+003 4.7905996585e-002 -1.4827363467e-001
7.9479132896e-001 -5.3785557579e-001 -2.8110162398e-001
4.9612806333e-001 3.0907896067e-001 8.1137361360e-001
-3.4951922434e-001 -7.8433511694e-001 5.1249852308e-001
-7.5552409617e+000 -1.6841297296e+000 -4.1493949741e+000
1.7124958482e+003 2.7003301625e-002 -9.8976565502e-002
8.2606410811e-001 -5.1759659670e-001 -2.2296154907e-001
4.6949776513e-001 4.1317946845e-001 7.8029134007e-001
-3.1175300773e-001 -7.4925061891e-001 5.8432317449e-001
-7.6578532706e+000 -1.0771852970e+000 -4.2228355000e+000
0 0 0
0 0 0
0 0 0
0 0 0
0 0 0
0 0 0
0 0 0
0 0 0
0 0 0
0 0 0
0 0 0
0 0 0
0 0 0
0 0 0
0 0 0
0 0 0
0 0 0
0 0 0
0 0 0
0 0 0
0 0 0
0 0 0
0 0 0
0 0 0
0 0 0
7.5837459062e+000 -2.1272098176e+000 -1.0588616538e+000
113 107 95
3 1 79 198.2000 436.9400 2 65 166.3700 472.8400 3 27 180.2600 505.1500
7.5904565527e+000 -2.1754022414e+000 -9.6245379982e-001
109 95 79
2 1 80 204.2600 428.1400 2 66 170.8300 461.6800
7.6127982445e+000 -2.1487364941e+000 -1.0304528687e+000
111 103 80
2 1 81 208.8900 431.8900 2 67 176.7700 466.7900
7.6424955612e+000 -2.1618644615e+000 -1.0474950228e+000
107 96 75
2 1 82 218.3400 426.2000 2 68 185.6100 460.8200
9.0343088319e+000 -2.0406184187e+000 -1.3936546302e+000
188 174 126
2 1 85 639.9301 443.2500 2 763 614.9800 458.4300
7.4284732535e+000 -2.3235366796e+000 -9.7571520498e-001
104 94 92
2 1 122 149.0300 376.5100 2 93 112.1400 412.1800
7.4498438539e+000 -2.4022520795e+000 -8.8365512762e-001
138 137 133
2 1 123 159.0500 355.8600 2 116 120.0100 388.0600
8.0706884857e+000 -2.5494997920e+000 -1.0000664633e+000
73 54 37
2 1 172 363.4399 300.7800 2 175 323.1899 321.2300
6.4205153751e+000 -2.7160509512e+000 -2.1059075802e-001
76 68 59
2 1 189 -224.5800 279.6100 2 829 -277.3500 314.3000
6.5980210951e+000 -2.7893768614e+000 -1.0768620793e-001
110 97 88
2 1 192 -158.2800 256.2000 2 208 -212.6300 282.9700
6.1305759619e+000 -2.8331901035e+000 -2.1194608255e-001
71 60 60
3 1 219 -337.6900 232.5300 2 861 -395.0100 273.5900 3 789 -400.6100 308.3900
6.1914547199e+000 -2.8714357487e+000 -1.2999685966e-001
124 124 114
2 1 220 -321.0200 221.3200 2 863 -377.5200 257.8300
6.2790340202e+000 -2.8357672739e+000 -1.3332950657e-001
98 95 82
2 1 224 -285.4100 235.6300 2 865 -341.4700 270.4900
8.1527018353e+000 -2.8143628979e+000 -9.5793280786e-001
97 76 52
2 1 270 393.9600 213.6800 2 911 346.8400 229.9300
6.1033615301e+000 -3.0245590757e+000 -4.1211625450e-002
149 145 133
2 1 309 -363.6200 162.2300 2 922 -423.9400 197.4100
6.2412336783e+000 -2.9699285557e+000 2.1708782213e-002
116 113 99
2 1 311 -312.1000 187.2100 2 252 -371.8600 217.4700
6.2412336783e+000 -2.9699285557e+000 2.1708782213e-002
116 113 99
2 1 312 -312.1000 187.2100 2 253 -371.8600 217.4700
7.8035294543e+000 -2.9552266550e+000 -6.2600799241e-001
91 73 59
2 1 326 294.7800 174.5400 2 932 242.1600 188.3400
6.3683850255e+000 -3.0758457096e+000 9.8925986221e-002
92 86 74
2 1 362 -263.7100 145.3000 2 283 -326.1100 169.5400
6.3362924414e+000 -3.1189030643e+000 1.4680741052e-001
91 89 77
4 1 363 -281.0100 127.7700 2 310 -343.8900 151.4100 3 227 -355.2200 173.0900 4 378 -349.9200 85.4000
6.5044422364e+000 -3.2045350364e+000 1.0216600325e-001
78 70 59
2 1 396 -206.5400 91.1000 2 336 -269.3600 111.2400
6.0715658042e+000 -3.2201316399e+000 2.8075897492e-002
94 91 74
3 1 418 -382.2500 82.3300 2 328 -446.4900 116.8300 3 240 -457.9800 146.1500
9.1529555923e+000 -3.2109838656e+000 -8.7599065341e-001
131 114 71
2 1 445 745.5100 82.7900 2 380 681.6400 76.2700
6.6351479713e+000 -3.3169464336e+000 1.7564618022e-001
105 103 90
2 1 473 -153.9700 43.8400 2 401 -219.3900 58.1900
7.9982171865e+000 -3.4002246668e+000 -5.9292760623e-001
85 70 65
2 1 526 367.4200 14.7400 2 1075 302.6700 23.6700
8.3359983582e+000 -3.3983276775e+000 -1.4372628137e-001
157 166 165
2 1 532 541.2000 14.0900 2 434 469.9700 -0.3100
6.4878869439e+000 -3.4497580025e+000 2.2765631493e-001
63 54 46
2 1 545 -220.9900 -14.3200 2 1070 -288.0100 2.0200
7.5527636403e+000 -3.4801645760e+000 -5.7653268339e-001
76 61 56
2 1 550 207.3400 -15.2200 2 1073 140.7500 3.1900
8.0898815058e+000 -3.6799039633e+000 -4.2346912558e-001
98 86 76
3 1 592 415.0400 -90.8600 2 1149 340.7800 -87.0400 3 416 317.0200 -80.1300
6.7298111719e+000 -3.6624807559e+000 3.3936570325e-001
86 73 51
2 1 608 -116.9300 -111.2800 2 1164 -193.0800 -102.9300
6.7663920976e+000 -3.7110510009e+000 3.4996618020e-001
85 70 46
2 1 631 -100.7800 -133.5000 2 1166 -178.0600 -125.9800
7.5364553506e+000 -3.9147679744e+000 -8.8538870993e-001
62 43 29
2 1 645 188.9900 -158.9300 2 501 118.0699 -130.2400
8.0746360744e+000 -3.8540455656e+000 -4.9816009084e-001
79 70 62
7 1 648 401.5000 -153.3900 2 1196 324.9301 -144.6900 3 479 297.4000 -134.0200 4 2133 280.2000 -210.8500 5 1524 344.7900 -253.6000 6 2168 355.2500 -205.4200 8 1431 190.0800 -236.4500
7.7359203455e+000 -2.4492525788e+000 -8.8503123133e-001
78 60 45
4 1 981 256.2500 340.1800 2 1430 217.9000 366.4800 3 1404 225.7400 388.2000 4 1723 246.1899 312.7500
6.5688040821e+000 -2.6905254225e+000 -2.2381746502e-001
117 109 98
6 1 999 -166.4600 288.6200 2 817 -217.6600 321.4300 4 1086 -204.5800 268.5700 5 1086 -120.0100 264.9300 6 1756 -69.7000 297.5700 8 1045 -182.0100 214.1600
6.3425474121e+000 -2.7850550567e+000 -1.5255097564e-001
83 72 60
2 1 1022 -258.7200 255.1400 2 827 -313.6900 289.4700
6.4176850613e+000 -2.7487466524e+000 -1.4888512144e-001
67 57 48
2 1 1023 -228.7700 270.0100 2 1456 -283.2200 302.8100
6.4040663725e+000 -2.7619501337e+000 -1.4655812255e-001
161 155 141
2 1 1024 -234.1300 264.7800 2 828 -289.2600 297.7900
6.1803962246e+000 -2.7860775609e+000 -2.1766507791e-001
86 81 78
3 1 1056 -318.5600 250.9400 2 1453 -373.7300 291.5500 3 1435 -378.5800 325.2100
6.3134920593e+000 -2.8567354499e+000 -5.3156617438e-002
70 66 55
2 1 1058 -277.8900 231.1200 2 868 -333.1200 262.3400
6.3028885989e+000 -2.8818101582e+000 -1.5117380016e-002
88 83 77
3 1 1059 -284.0500 222.4700 2 867 -341.9200 252.7700 3 1510 -348.4800 279.0600
7.1983331558e+000 -2.6367733361e+000 -1.6722697627e+000
169 145 112
3 1 1067 65.4900 241.2200 2 836 22.7000 294.5600 3 778 27.7800 339.7500
8.3038201913e+000 -2.6972544363e+000 -1.0483064630e+000
183 187 174
6 1 1073 437.1100 249.3800 2 1521 393.1899 265.4900 3 1522 396.7200 282.2100 4 1808 410.6801 203.2300 5 1898 527.0000 182.9800 6 1872 554.1500 207.4900
7.3786817548e+000 -2.8333177319e+000 -6.0679571229e-001
135 155 150
3 1 1092 142.0800 218.4800 2 1542 92.2700 240.6600 3 1519 89.7900 262.3700
7.3778738574e+000 -2.8337380649e+000 -5.9859045421e-001
135 155 150
4 1 1093 142.0800 218.4800 2 1541 92.2700 240.6600 3 1518 89.7900 262.3700 4 1816 100.0000 184.0200
7.4262137571e+000 -2.8359276261e+000 -5.9696321388e-001
87 80 70
5 1 1094 159.0300 217.4800 2 1545 109.4301 239.3900 4 1819 118.2000 180.9500 5 1893 215.7600 164.2500 6 1867 249.0400 193.4100
7.9825672702e+000 -2.8184014207e+000 -8.2806440345e-001
92 73 56
2 1 1102 345.2800 216.5400 2 1554 297.0400 232.8400
5.9893866979e+000 -3.0249390005e+000 -1.2547184378e-001
150 150 132
2 1 1118 -401.7000 159.3200 2 920 -462.1200 199.6700
6.0688434176e+000 -3.0228561470e+000 -6.8643135272e-002
150 148 135
2 1 1120 -375.1500 162.0200 2 921 -435.4400 198.8500
7.8449305882e+000 -2.9260449599e+000 -6.7768477565e-001
93 76 60
3 1 1134 306.2000 184.1000 2 931 255.0400 196.9200 3 885 251.3101 212.6800
5.7047307288e+000 -3.0794150981e+000 -3.8706948398e-001
114 111 114
2 1 1150 -484.8100 130.9900 2 940 -545.0300 184.1500
5.9732013236e+000 -3.0812019965e+000 -1.2817389336e-001
140 136 124
3 1 1155 -407.8600 136.4900 2 943 -468.8100 177.3800 3 874 -477.6500 213.0900
6.1782788522e+000 -3.0817992509e+000 5.9539248094e-002
110 102 87
3 1 1158 -341.0500 141.2200 2 1584 -403.5100 171.9800 3 879 -413.1300 198.2500
5.7990285538e+000 -3.1461146515e+000 -2.6087620371e-001
150 148 133
6 1 1166 -462.3700 106.9200 2 942 -524.2900 156.5600 3 1548 -532.2200 199.2300 4 1835 -522.1400 144.9100 5 1879 -474.6400 162.0100 6 1851 -411.7300 214.4000
6.0425662167e+000 -3.1807123715e+000 1.2426089930e-002
108 105 98
2 1 1169 -392.9800 98.8600 2 305 -456.7400 133.4200
6.1150551963e+000 -3.1537493570e+000 3.7353786979e-002
101 97 85
3 1 1173 -365.0500 110.3900 2 963 -428.1600 143.1500 3 898 -439.8800 171.7500
6.2004993672e+000 -3.1264141140e+000 7.7758653877e-002
110 103 85
2 1 1174 -333.2100 123.1000 2 308 -396.2100 151.9400
6.1722942825e+000 -3.1644803516e+000 9.2104145253e-002
129 126 111
4 1 1175 -345.2600 106.9700 2 966 -409.9200 136.4700 3 899 -421.0300 162.6400 4 1244 -415.9300 83.9700
6.3074077728e+000 -3.1638963014e+000 1.4523072186e-001
127 122 113
3 1 1178 -292.4300 108.5200 2 309 -357.1300 132.7800 3 243 -369.2600 154.6500
6.3559906181e+000 -3.1921665633e+000 1.2147308363e-001
105 102 88
3 1 1179 -270.8100 96.1200 2 985 -334.0000 120.0600 3 924 -346.6400 141.2800
6.6243619940e+000 -3.1384675632e+000 1.1942385362e-001
87 77 65
4 1 1186 -156.4200 119.0900 2 969 -218.0900 137.1200 4 1254 -227.2700 60.4000 7 604 -187.0400 -108.2900
9.2700348816e+000 -3.1312216459e+000 -6.0018647574e-001
178 161 105
2 1 1202 831.9000 114.9100 2 347 767.2000 96.0500
6.0942608009e+000 -3.2090384785e+000 5.2511711120e-002
121 115 101
7 1 1212 -376.0700 87.6800 2 977 -439.9400 118.9700 3 917 -451.0900 149.4000 4 373 -444.6700 75.8400 5 380 -389.9500 63.5700 6 352 -332.1500 112.2100 9 255 -481.6800 6.1700
6.3571516004e+000 -3.2775614408e+000 1.4119521694e-001
76 67 60
4 1 1219 -271.1400 60.1100 2 1658 -336.2000 82.8500 3 939 -350.0000 103.7800 4 441 -348.0200 20.9400
6.4955543605e+000 -3.2333362903e+000 1.8903694114e-001
110 101 90
2 1 1221 -214.7900 79.7500 2 986 -279.8800 97.3000
6.6022030302e+000 -3.2345734425e+000 2.0432282899e-001
75 67 57
2 1 1223 -169.3600 79.6100 2 987 -234.3200 93.8800
8.3080570519e+000 -3.2497930085e+000 -2.4024585973e-001
96 81 65
3 1 1230 518.4600 72.7900 2 1669 453.0200 62.1100 3 1691 437.1500 56.0100
9.2753763093e+000 -3.2239026405e+000 -8.1481219567e-001
121 103 70
2 1 1233 796.8800 79.3100 2 1027 732.4600 67.9300
6.2297190884e+000 -3.2864865540e+000 8.7281131262e-002
86 84 73
2 1 1244 -320.3800 55.5700 2 1005 -387.2400 83.3400
6.3174229136e+000 -3.3282602335e+000 1.3226455004e-001
114 110 99
6 1 1249 -287.8200 37.9800 2 1012 -353.9700 62.4200 3 962 -367.3200 85.2900 4 1305 -365.8600 3.9000 5 1272 -308.4600 -21.2800 6 431 -256.1500 28.5600
6.3201524319e+000 -3.2929123403e+000 1.3344523091e-001
140 138 126
6 1 1250 -287.2000 52.9400 2 1006 -352.0900 77.5500 3 1624 -365.5400 99.9600 4 1304 -362.5200 17.9000 5 2039 -304.5500 -7.4900 6 1313 -253.0600 41.0500
6.3201804255e+000 -3.2929690854e+000 1.3298413708e-001
140 138 126
7 1 1251 -287.2000 52.9400 2 1007 -352.0900 77.5500 3 1625 -365.5400 99.9600 4 1303 -362.5200 17.9000 5 2038 -304.5500 -7.4900 6 1312 -253.0600 41.0500 7 601 -327.2600 -125.2700
6.3487397170e+000 -3.3526006496e+000 1.6500781297e-001
97 90 80
2 1 1252 -276.6800 27.8900 2 1037 -342.9200 49.8600
6.6232515224e+000 -3.3339327640e+000 1.7296512900e-001
128 143 134
3 1 1255 -158.5900 36.3400 2 1040 -224.8600 51.4800 3 963 -240.7100 66.8600
6.7015799876e+000 -3.2906104599e+000 1.6309833085e-001
100 96 89
2 1 1257 -124.5300 55.2200 2 1018 -190.0400 68.4600
8.3574912502e+000 -3.3042969509e+000 -1.4041828867e-001
180 178 166
3 1 1269 550.9900 51.8100 2 1695 481.6000 36.3800 3 1039 462.6500 26.7100
7.3968748904e+000 -3.5188558059e+000 -6.4317533111e-001
42 27 24
2 1 1310 147.0800 -28.1300 2 1745 84.3400 -5.4600
7.6050734295e+000 -3.5331766661e+000 -6.9230387303e-001
54 35 29
2 1 1314 220.2600 -32.3900 2 1097 155.2400 -12.1100
8.1173034431e+000 -3.5304854670e+000 -1.0210023339e+000
82 69 61
2 1 1320 376.2900 -26.1700 2 1101 313.6100 -7.6000
8.0041511142e+000 -3.5865812356e+000 -5.9519197725e-001
54 41 34
3 1 1340 370.1600 -52.3100 2 1122 299.8199 -43.5100 3 1059 279.6700 -29.6300
7.6114651640e+000 -3.6851321652e+000 -7.1121504457e-001
55 35 32
2 1 1365 221.7400 -85.4700 2 1118 153.5100 -64.0600
7.6114651640e+000 -3.6851321652e+000 -7.1121504457e-001
55 35 32
2 1 1366 221.7400 -85.4700 2 1119 153.5100 -64.0600
7.6421631798e+000 -3.7089692583e+000 -7.1765848044e-001
56 35 32
2 1 1367 232.4399 -93.6600 2 1143 163.2800 -72.4500
7.7541092372e+000 -3.7698910295e+000 -7.7233650294e-001
46 28 26
2 1 1393 269.0900 -113.2000 2 1146 198.3400 -92.2600
8.0605132736e+000 -3.8194463418e+000 -5.3484825441e-001
35 26 19
2 1 1418 394.7700 -138.7200 2 1172 317.9399 -129.8400
7.4273593360e+000 -3.9860948819e+000 -8.5101713488e-001
71 45 30
2 1 1442 152.7200 -184.6200 2 1193 81.0601 -154.2500
7.4746632095e+000 -3.9268288853e+000 -7.6316002849e-001
62 39 25
2 1 1444 172.0601 -168.1600 2 1839 99.6600 -141.0300
7.6847708320e+000 -3.9539120606e+000 -8.3009541040e-001
78 64 61
4 1 1447 241.5200 -174.3100 2 522 168.1100 -149.2400 3 1148 146.1600 -122.9900 4 1498 132.6801 -177.9400
6.8882024549e+000 -3.8661838365e+000 2.9625708446e-001
70 56 44
2 1 1468 -45.1800 -199.6300 2 537 -124.7300 -191.4300
9.3436320283e+000 -2.0058594860e+000 -7.1031201091e-001
157 144 92
2 1 1658 840.7600 514.9500 2 1384 818.5400 504.3500
6.0674198328e+000 -2.2573206305e+000 -1.4481150209e-001
78 61 69
2 1 1675 -371.4300 468.1900 2 1364 -421.3300 516.2900
7.4903032025e+000 -2.1503148507e+000 -1.0434022271e+000
81 78 72
3 1 1686 167.5500 430.0200 2 1388 135.0000 467.8000 3 1963 147.9100 500.6500
7.5069273115e+000 -2.3358472157e+000 -9.0575865100e-001
66 57 48
3 1 1706 177.6500 377.1900 2 1404 140.3101 409.9400 3 1974 150.0300 437.0100
7.5091894818e+000 -2.4417087221e+000 -8.0250269382e-001
101 92 82
3 1 1707 181.5800 347.4400 2 1420 142.0500 376.3600 4 2276 170.5699 325.9700
7.6515606927e+000 -2.4335562560e+000 -8.6053306928e-001
77 60 48
4 1 1709 228.3500 347.3400 2 1426 190.6899 374.2500 3 1985 197.4399 396.7500 4 2282 218.8600 322.8300
7.6513130647e+000 -2.4341262868e+000 -8.5285367917e-001
77 60 48
5 1 1710 228.3500 347.3400 2 1427 190.6899 374.2500 3 1986 197.4399 396.7500 4 2281 218.8600 322.8300 6 2294 375.0699 340.9900
7.7765271797e+000 -2.3962442432e+000 -9.2153102225e-001
75 56 42
3 1 1711 269.1300 355.3300 2 1408 230.8101 383.9400 4 2284 262.9600 329.8700
7.8070187103e+000 -2.4086811114e+000 -9.1851088204e-001
100 84 69
2 1 1712 279.1500 352.5400 2 1431 242.0699 377.4900
7.8070187103e+000 -2.4086811114e+000 -9.1851088204e-001
100 84 69
2 1 1713 279.1500 352.5400 2 1432 242.0699 377.4900
7.1884061667e+000 -2.4295136407e+000 -8.6789515513e-001
167 144 103
2 1 1721 69.5300 346.8600 2 1402 29.3700 384.0000
7.1884061667e+000 -2.4295136407e+000 -8.6789515513e-001
167 144 103
2 1 1722 69.5300 346.8600 2 1403 29.3700 384.0000
7.6188470280e+000 -2.5252608572e+000 -8.3099488477e-001
77 59 47
3 1 1729 218.9100 317.1500 2 1446 177.9500 342.9400 3 1425 182.9301 366.0200
9.0015775861e+000 -2.4229144160e+000 -1.2554393783e+000
150 133 83
3 1 1741 645.8800 331.2300 2 1450 609.8400 340.2100 5 1822 778.6500 236.7600
6.4427119089e+000 -2.6648058911e+000 -2.6458694186e-001
55 42 39
3 1 1742 -211.9400 296.3300 2 2025 -264.9600 333.1900 3 1993 -267.7100 363.3700
7.6185784961e+000 -2.6157373579e+000 -7.5459837030e-001
77 59 47
2 1 1744 222.0400 289.7300 2 1462 178.7300 312.8500
6.6280280344e+000 -2.7306485165e+000 -2.0754802900e-001
113 103 93
5 1 1756 -142.8000 274.3500 2 2040 -194.6100 303.5500 3 2011 -198.2800 329.2500 5 2769 -99.9300 240.0200 6 2322 -50.4500 272.5000
6.6586525745e+000 -2.7779513839e+000 -1.6231350415e-001
62 41 38
6 1 1757 -131.1300 257.2800 2 1457 -186.1300 284.8400 3 2028 -190.2100 309.2600 4 2311 -177.7000 225.1100 5 2411 -91.7100 210.7000 6 2666 -45.2600 245.4400
7.7090483267e+000 -2.7073584388e+000 -7.6029086145e-001
72 58 46
3 1 1772 253.5300 257.6100 2 1514 208.6300 277.7300 3 2037 208.9500 297.3500
7.9054411631e+000 -2.6451315537e+000 -8.7680238529e-001
98 79 62
2 1 1780 315.7200 273.9900 2 1485 271.7500 294.2300
9.1271019366e+000 -2.6462749080e+000 -1.1268919531e+000
141 119 70
2 1 1784 701.6300 265.5200 2 889 658.8199 266.8600
6.2432340172e+000 -2.8496097096e+000 -1.5489473771e-001
141 143 129
2 1 1791 -298.2800 229.0200 2 1490 -354.2800 265.2000
6.3408878417e+000 -2.8076716109e+000 -1.2079478809e-001
80 70 61
3 1 1794 -260.9500 247.5300 2 2053 -316.3900 281.0100 3 2021 -323.2700 309.4300
6.5054717211e+000 -2.8914412295e+000 7.2114890220e-002
64 48 33
3 1 1799 -205.0200 223.2300 2 1535 -262.3800 244.3600 3 2051 -270.4600 265.1400
6.5668738582e+000 -2.8172942212e+000 -6.4929949855e-002
68 56 48
2 1 1800 -173.3200 247.1000 2 2056 -227.4300 272.8600
7.4001848972e+000 -2.8221322535e+000 -6.0981367446e-001
70 61 56
15 1 1806 148.9600 223.2800 2 1544 100.4200 244.5800 3 1520 97.9700 261.6500 4 1817 108.7800 185.1400 5 2431 207.6600 174.9800 7 957 174.3800 43.4000 8 2184 130.6400 130.2600 9 1758 90.1400 53.4700 10 1589 85.5601 77.2800 12 1577 65.1700 10.0400 13 2112 38.0200 -74.3200 14 1220 29.6400 78.5700 15 1566 83.3800 -112.3500 16 1169 100.6899 -123.3300 18 634 115.1000 -205.9400
7.6071358888e+000 -2.7546298628e+000 -6.8101395369e-001
74 60 47
3 1 1808 221.0900 244.5700 2 1509 174.8900 263.2000 3 1474 173.3700 283.8200
7.5994381184e+000 -2.7962094521e+000 -7.2215817899e-001
90 76 62
2 1 1809 217.4500 227.3100 2 2082 168.2600 249.2400
6.0766722574e+000 -2.9427678685e+000 -1.0448227022e-001
95 91 82
4 1 1818 -370.3900 192.8600 2 2070 -427.5000 232.0000 3 2044 -434.9900 265.2200 4 2323 -422.7600 194.4600
6.2231692579e+000 -2.8813351799e+000 -9.7913642299e-002
86 88 77
2 1 1823 -309.9500 218.6800 2 1489 -368.2200 253.6800
5.9427673759e+000 -3.0188376758e+000 -1.8323119321e-001
154 152 139
2 1 1842 -413.8800 159.8900 2 2086 -475.3000 203.1300
6.4913576472e+000 -2.9835549821e+000 1.1677714773e-001
90 81 72
6 1 1845 -213.3100 184.9000 2 1563 -273.6700 206.4100 3 2070 -283.0200 225.3600 4 2363 -274.9900 132.6900 5 2820 -200.8200 106.4800 6 2390 -151.2000 143.0000
6.2056259582e+000 -3.0858837514e+000 8.4791939675e-002
144 140 123
2 1 1869 -331.5600 140.3800 2 1585 -394.4900 169.1000
6.3079457012e+000 -3.0864003357e+000 1.2252670019e-001
94 86 75
3 1 1871 -291.7700 141.6000 2 1588 -353.6700 165.8400 3 1554 -364.0900 188.7600
6.3209118861e+000 -3.1073751666e+000 1.3928159409e-001
136 137 123
6 1 1872 -288.2800 132.1100 2 1589 -350.4100 157.1000 3 1583 -361.6900 178.7100 4 1878 -355.2200 92.1400 5 1969 -289.7300 68.2100 6 1942 -236.5000 111.2200
6.4361822951e+000 -3.0687196008e+000 1.5606908945e-001
63 54 45
4 1 1873 -238.3400 149.9000 2 1590 -300.5300 170.9500 3 1555 -312.6000 189.3000 4 1880 -305.7600 98.3800
6.5162797460e+000 -3.0671602909e+000 1.2860044496e-001
54 39 32
5 1 1876 -202.9900 150.4000 2 1592 -264.4700 169.5000 3 2110 -275.8500 187.1200 4 1882 -268.9600 95.7000 5 1972 -198.0700 66.1400
6.5367536140e+000 -3.0737491522e+000 1.1988193513e-001
72 61 55
5 1 1877 -193.7200 146.5100 2 949 -255.4100 166.6400 3 900 -265.9700 184.3200 4 1222 -260.5200 92.6400 6 1256 -141.0700 101.8000
6.6278799201e+000 -3.1116469716e+000 1.2239150182e-001
56 46 37
2 1 1878 -155.1000 131.2400 2 1621 -216.5400 147.8400
6.6457754015e+000 -3.1188026523e+000 1.0968604471e-001
91 77 64
6 1 1879 -146.1400 127.8600 2 1622 -208.5100 145.2900 3 1589 -220.2200 159.2800 4 1912 -216.7800 67.9300 5 1995 -143.6700 33.8300 6 1969 -99.5800 73.4500
7.3523193355e+000 -3.0038028593e+000 -8.7720316887e-001
40 28 28
2 1 1884 125.9500 149.8800 2 1598 74.3400 179.9700
6.0715731634e+000 -3.1536064917e+000 3.1000722767e-002
93 89 78
2 1 1898 -382.5700 110.4700 2 2146 -446.6000 143.9400
6.0730819018e+000 -3.1525320022e+000 2.7899431005e-002
93 89 78
9 1 1899 -382.5700 110.4700 2 2145 -446.6000 143.9400 3 2098 -455.2900 175.2600 4 2692 -447.2500 101.7100 5 2813 -392.7900 92.5900 6 2698 -334.2100 140.1400 7 1680 -404.6900 -22.8500 8 2522 -462.0900 87.5700 9 2056 -482.3100 31.2100
6.0933676567e+000 -3.1744755429e+000 5.1843335167e-002
132 128 117
4 1 1900 -375.2700 101.9300 2 1615 -439.7400 134.6400 3 2101 -450.4300 163.6300 4 2404 -443.3700 88.9500
6.1567362373e+000 -3.1857733405e+000 8.2143884644e-002
83 78 67
6 1 1902 -351.6800 97.4800 2 1616 -415.3900 128.1300 3 1601 -426.5300 155.4500 4 1245 -420.7000 76.9700 5 1208 -365.1900 62.0400 6 1253 -309.1000 109.4000
6.5520338430e+000 -3.1616265221e+000 1.3883154356e-001
71 61 52
4 1 1906 -187.6600 110.0500 2 1620 -251.2600 127.9600 3 1609 -263.5500 144.8500 4 1930 -259.9700 54.0300
7.7340209959e+000 -3.1154589048e+000 -5.6618149377e-001
93 78 71
8 1 1908 272.2800 118.8400 2 2158 217.1200 128.0100 3 2129 207.5000 144.0700 4 2412 209.2300 62.9300 5 2506 301.3700 32.8200 6 2436 326.4100 63.7500 7 1403 254.7800 -90.6900 10 2073 134.5800 -51.5700
7.9040706973e+000 -3.1646759704e+000 -5.7967080588e-001
68 54 45
8 1 1909 334.2100 100.2600 2 2190 276.0400 110.0600 3 2158 266.2800 121.6100 5 2523 358.5699 1.7800 6 1995 378.9301 31.7200 7 1028 305.8600 -123.2300 8 1881 244.0400 -39.1000 10 1719 178.3700 -81.2600
7.9712432586e+000 -3.1543033184e+000 -6.5558747513e-001
66 50 37
5 1 1912 353.4500 105.3100 2 1643 295.9000 109.9800 3 2131 285.8400 125.4500 4 2435 285.4900 43.4900 5 2525 380.5699 9.1000
7.9712432586e+000 -3.1543033184e+000 -6.5558747513e-001
66 50 37
5 1 1913 353.4500 105.3100 2 1642 295.9000 109.9800 3 2132 285.8400 125.4500 4 2434 285.4900 43.4900 5 2524 380.5699 9.1000
6.2144974270e+000 -3.2363322779e+000 9.9229343358e-002
104 98 84
6 1 1924 -329.1700 76.6500 2 1633 -393.7800 104.5900 3 1603 -406.2900 130.5500 4 1925 -400.8000 50.9800 5 1228 -344.4000 32.6400 6 1284 -288.2000 80.5200
6.1972618184e+000 -3.2485847609e+000 1.0829259215e-001
89 84 73
2 1 1925 -336.4800 71.7700 2 1632 -402.2700 99.5800
6.1816437074e+000 -3.2747966308e+000 9.0258839176e-002
142 139 122
6 1 1927 -342.2700 60.0800 2 1004 -407.4700 89.5200 3 936 -419.7200 115.9500 4 1278 -415.1200 39.4200 5 2011 -360.0700 21.7600 6 1285 -304.6800 71.0600
6.2982903389e+000 -3.2211024650e+000 1.1092493620e-001
135 132 114
3 1 1928 -294.4100 83.5500 2 1635 -358.3100 109.2100 3 921 -370.9600 132.1400
6.3935484783e+000 -3.2780105595e+000 1.3566625943e-001
136 133 122
6 1 1930 -256.5200 59.4800 2 1659 -321.4300 81.8500 3 1626 -334.8800 102.7700 4 1955 -330.8600 18.8900 5 2543 -270.5000 -9.4800 6 1986 -220.3100 37.5200
6.5248192877e+000 -3.2161880813e+000 1.4742668537e-001
103 94 85
11 1 1932 -201.2000 86.5900 2 1639 -264.8000 105.4600 3 1628 -278.2500 122.1200 4 1932 -275.5300 32.8200 5 2513 -209.1000 -0.4000 6 1989 -161.9100 43.9400 7 1409 -237.5100 -128.6000 8 1838 -299.8400 -32.9600 9 1401 -333.8500 -90.7500 10 1692 -345.3000 -56.7000 12 1696 -357.5700 -116.4600
7.5663732412e+000 -3.2246656741e+000 -6.3968097816e-001
36 27 22
2 1 1936 208.1801 77.0800 2 1641 150.6500 95.8300
7.8705042404e+000 -3.2527393945e+000 -5.7264244213e-001
45 27 23
2 1 1938 322.8300 67.8800 2 1665 261.3101 78.7200
6.2856282775e+000 -3.3410416606e+000 1.0424624504e-001
115 111 100
3 1 1957 -298.7000 32.9000 2 1683 -365.0100 58.0400 3 1653 -378.5600 83.2400
6.6208823543e+000 -3.2876606291e+000 1.5229161678e-001
112 108 96
3 1 1958 -158.7700 56.2100 2 1661 -224.0200 72.0100 3 1656 -238.9600 87.7800
7.7012149699e+000 -3.3074398731e+000 -6.3717373724e-001
51 33 29
5 1 1962 257.4100 47.6700 2 1663 197.1000 61.6700 3 1660 183.4500 82.8200 4 1966 182.2100 5.2200 5 2047 265.4301 -22.4100
6.2592963192e+000 -3.3547276691e+000 8.6377623833e-002
124 119 109
3 1 1983 -308.4000 26.7600 2 1681 -374.7200 54.1600 3 1650 -388.2900 79.4100
6.2766286528e+000 -3.3706055743e+000 1.0938870797e-001
55 52 44
3 1 1984 -303.4400 19.8000 2 1682 -369.0000 46.7700 3 1651 -383.6600 70.3300
6.3876283885e+000 -3.4131753339e+000 1.6333905561e-001
65 54 48
6 1 1986 -259.6700 1.1200 2 1701 -326.3400 24.5400 3 1675 -342.5800 44.7500 4 2486 -343.9900 -38.6300 5 2571 -287.6700 -68.6500 7 1049 -312.2100 -180.5400
6.4425284098e+000 -3.4086186138e+000 1.9008817998e-001
56 48 46
5 1 1987 -237.6300 3.6600 2 1702 -304.0900 23.8400 3 986 -320.9900 41.3100 4 1361 -322.4000 -43.3300 6 1367 -218.5900 -26.0500
6.4785872808e+000 -3.3650923214e+000 1.7757915867e-001
108 98 86
12 1 1988 -222.4100 22.0400 2 1686 -289.3100 40.2300 3 1655 -304.4000 59.7000 4 1983 -304.8300 -26.2700 5 2060 -243.9200 -60.6200 6 2025 -197.6300 -11.8000 7 1052 -272.4000 -179.1800 8 1896 -338.7600 -77.3000 9 1419 -370.8900 -127.8000 10 1182 -383.8600 -90.3400 12 1228 -394.9100 -143.6100 14 819 -439.7600 -44.5600
6.7171753131e+000 -3.3663445194e+000 1.5119393714e-001
81 66 59
2 1 1992 -117.5000 22.7500 2 1041 -183.8800 36.0500
6.7072890286e+000 -3.4048156430e+000 1.6946976013e-001
61 50 41
3 1 1993 -122.0900 6.2300 2 1071 -189.9900 18.8300 3 990 -206.7400 33.8800
6.7908478851e+000 -3.3750681751e+000 1.4796696149e-001
76 58 54
3 1 1994 -85.6800 19.3500 2 1042 -152.2700 30.3400 3 1679 -169.6400 44.3000
8.3452857488e+000 -3.4127946200e+000 -1.3439974363e-001
185 194 186
2 1 2000 546.2800 8.2000 2 1757 474.0699 -6.5800
6.4573645267e+000 -3.4992370673e+000 1.9381026686e-001
76 66 54
2 1 2011 -230.9400 -35.5400 2 1734 -300.6300 -16.6700
6.7634186163e+000 -3.4360012996e+000 1.4898323029e-001
45 31 27
4 1 2013 -96.7500 -6.5900 2 1072 -164.9600 5.0700 3 1701 -183.3200 19.4500 4 2037 -188.4100 -70.0800
7.1195800806e+000 -3.4940769141e+000 -4.8104823168e-001
80 58 47
2 1 2015 50.0400 -21.8900 2 1709 -14.4200 2.3800
7.6672738821e+000 -3.4964155276e+000 -8.1595536790e-001
73 58 51
2 1 2019 235.9399 -17.7900 2 1712 173.7500 4.1200
8.7821566479e+000 -3.5580115689e+000 -1.0875867468e+000
74 55 48
2 1 2025 591.8300 -33.6900 2 1758 522.9301 -25.0700
6.8146292199e+000 -3.5589862805e+000 1.4684670791e-001
47 28 22
3 1 2042 -75.0700 -59.6600 2 1770 -146.1900 -47.1000 3 1738 -165.4800 -33.1400
6.9543328880e+000 -3.5342110907e+000 6.9972353562e-002
44 22 16
2 1 2043 -14.1300 -47.1200 2 1743 -85.0300 -35.7500
6.9543328880e+000 -3.5342110907e+000 6.9972353562e-002
44 22 16
2 1 2044 -14.1300 -47.1200 2 1744 -85.0300 -35.7500
7.6896251304e+000 -3.6233620119e+000 -7.0356795559e-001
74 57 53
2 1 2053 249.4399 -63.7900 2 1774 182.6300 -44.5900
8.0468596492e+000 -3.5813468498e+000 -6.3362150794e-001
87 78 73
2 1 2054 382.1500 -49.9500 2 1780 312.2400 -39.6900
7.6728955736e+000 -3.6558667542e+000 -7.3923652106e-001
74 59 52
2 1 2066 242.1600 -74.4900 2 1777 174.3800 -53.6600
7.6910501343e+000 -3.7004011555e+000 -7.3551863402e-001
74 55 48
2 1 2069 248.4500 -90.0500 2 1799 180.0900 -69.5500
7.7293231551e+000 -3.7014391239e+000 -7.3405203366e-001
55 37 30
2 1 2072 262.0699 -90.4300 2 1144 193.2700 -70.6500
7.8373009280e+000 -3.7953763377e+000 -7.9312096410e-001
74 59 54
2 1 2092 295.8101 -121.0200 2 1817 226.3700 -101.5200
8.0987188827e+000 -3.8711441162e+000 -3.9604334507e-001
115 105 93
