# Bundle file v0.3
60 5891
0 0 0
0 0 0
0 0 0
0 0 0
0 0 0
1.6666802953e+003 4.9174309953e-002 -1.0865426694e-001
9.9993149258e-001 1.8696735128e-004 1.1703639710e-002
3.5693858879e-005 9.9981906751e-001 -1.9021854902e-002
-1.1705078607e-002 1.9020969512e-002 9.9975056582e-001
-6.8941727778e+000 3.3613896780e+000 -3.6727265912e+000
1.6983032270e+003 9.9614287438e-003 -8.6821120777e-004
9.9783065999e-001 5.9114323386e-002 2.8973621683e-002
-5.5592814899e-002 9.9236222609e-001 -1.1012107505e-001
-3.5262060553e-002 1.0827145981e-001 9.9349578664e-001
-6.8366867215e+000 3.7432000062e+000 -3.2941781618e+000
1.7045060413e+003 1.8470463370e-002 -1.9157807472e-002
9.9397903616e-001 1.0832661119e-001 1.6462715138e-002
-1.0323760195e-001 9.7623844262e-001 -1.9052690280e-001
-3.6710669109e-002 1.8768017598e-001 9.8154392582e-001
-6.6872799919e+000 4.0458966775e+000 -3.0649629416e+000
1.6737616673e+003 5.0675307843e-002 -1.1078019747e-001
9.8599805831e-001 1.6652981926e-001 -8.6976032988e-003
-1.6250370964e-001 9.4783806930e-001 -2.7421804963e-001
-3.7421562724e-002 2.7179185729e-001 9.6162820932e-001
-6.4531182840e+000 4.1445325482e+000 -2.7776137424e+000
1.6976528937e+003 3.5378530332e-002 -9.0137825866e-002
9.7171364085e-001 2.3450998414e-001 -2.7886690631e-002
-2.2730819660e-001 8.9670927798e-001 -3.7979396328e-001
-6.4059222086e-002 3.7538984819e-001 9.2465067887e-001
-5.9571108756e+000 4.3333561973e+000 -2.0304635817e+000
1.7073129272e+003 1.9442354325e-002 -3.8584706872e-002
9.6303595137e-001 2.6304893260e-001 -5.8025989226e-002
-2.6164973746e-001 8.6225261814e-001 -4.3365866462e-001
-6.4040387710e-002 4.3281136950e-001 8.9920695459e-001
-5.7288149264e+000 4.5469030519e+000 -2.0564160820e+000
1.7010417255e+003 3.4927628654e-002 -6.1418607723e-002
9.5177294561e-001 2.9821428295e-001 -7.2086763391e-002
-2.9610172705e-001 8.3134327687e-001 -4.7031066674e-001
-8.0324512149e-002 4.6897398377e-001 8.7955180365e-001
-5.7191893461e+000 4.2889602195e+000 -1.8777540310e+000
1.6996467687e+003 5.2587170557e-002 -1.1938820799e-001
9.2155545727e-001 3.7217520038e-001 -1.1054935276e-001
-3.5823508718e-001 7.0534674365e-001 -6.1168095731e-001
-1.4967685687e-001 6.0330058135e-001 7.8334235623e-001
-5.4337966862e+000 4.5143631871e+000 -1.0273908218e+000
1.6763820186e+003 8.0501231434e-002 -1.7813319545e-001
9.0249737095e-001 4.0244849945e-001 -1.5340697740e-001
-4.0280916383e-001 6.6262403660e-001 -6.3140649637e-001
-1.5245744640e-001 6.3163643926e-001 7.6012639451e-001
-5.3295382964e+000 4.5254657108e+000 -1.0871863948e+000
1.6980640821e+003 4.5121085309e-002 -7.8248759138e-002
8.7853217632e-001 4.3849782041e-001 -1.8947526663e-001
-4.3880837324e-001 5.8409587982e-001 -6.8284640642e-001
-1.8875493832e-001 6.8304587304e-001 7.0556353972e-001
-5.0900833026e+000 4.5949295876e+000 -7.4517632133e-001
0 0 0
0 0 0
0 0 0
0 0 0
0 0 0
1.6939827521e+003 4.4322754933e-002 -1.0148255590e-001
8.6024946928e-001 4.5632691777e-001 -2.2745679747e-001
-4.6221116679e-001 5.0960977186e-001 -7.2571255861e-001
-2.1524796839e-001 7.2942691515e-001 6.4931093289e-001
-4.9774861491e+000 4.3586116254e+000 -5.8013897193e-001
1.6871772796e+003 4.2377730708e-002 -8.5365011716e-002
8.4876159619e-001 4.7222676455e-001 -2.3791938902e-001
-4.7593631784e-001 4.8618894367e-001 -7.3287443155e-001
-2.3040914520e-001 7.3527015028e-001 6.3740837139e-001
-4.9296523281e+000 4.1625946094e+000 -4.3537818681e-001
1.6790209745e+003 6.4068952150e-002 -1.3339375457e-001
8.1837976267e-001 4.9123114245e-001 -2.9823904632e-001
-4.8871469069e-001 3.2186950288e-001 -8.1089948466e-001
-3.0234502668e-001 8.0937753107e-001 5.0348336322e-001
-4.7143299230e+000 4.1646477167e+000 2.3301855685e-001
1.6783773033e+003 5.7707705223e-002 -1.2142935206e-001
7.9672948364e-001 4.8899543574e-001 -3.5511349416e-001
-5.0622319585e-001 2.1905364017e-001 -8.3411844405e-001
-3.3009120844e-001 8.4433344512e-001 4.2206732586e-001
-4.4564796612e+000 3.4761615720e+000 5.0593307237e-001
1.6809578018e+003 5.0702386121e-002 -1.0856848484e-001
7.6818185802e-001 4.9434340052e-001 -4.0684301073e-001
-5.0548801009e-001 7.8322316904e-002 -8.5927148581e-001
-3.9291030105e-001 8.6573103042e-001 3.1005044475e-001
-4.2230394608e+000 3.0427404947e+000 1.0448458383e+000
1.6862074111e+003 3.5618443478e-002 -7.9465904667e-002
7.5031800040e-001 4.8761111747e-001 -4.4638357542e-001
-5.1485136177e-001 7.4676143289e-003 -8.5724693643e-001
-4.1466971624e-001 8.7302899886e-001 2.5665033330e-001
-4.0200474596e+000 2.8508604384e+000 1.2684318273e+000
1.6837758308e+003 6.1122713265e-002 -1.4507576480e-001
7.2189794668e-001 5.0198898700e-001 -4.7630915540e-001
-5.2068648224e-001 -5.9328786258e-002 -8.5168402729e-001
-4.5579484617e-001 8.6283668910e-001 2.1854955078e-001
-3.8822606942e+000 2.5765137957e+000 1.5789229070e+000
1.6906072555e+003 4.0664698391e-002 -1.1734894501e-001
6.7517088357e-001 4.9541453345e-001 -5.4654251255e-001
-5.1322347749e-001 -2.1670766967e-001 -8.3044533117e-001
-5.2985464057e-001 8.4119095689e-001 1.0794366085e-001
-3.6195713564e+000 1.9529459780e+000 2.0845930169e+000
1.6919530878e+003 4.7681934696e-002 -1.2776264644e-001
6.5778129252e-001 4.7701486992e-001 -5.8290701238e-001
-4.9250240785e-001 -3.1314541793e-001 -8.1202298335e-001
-5.6988169778e-001 8.2121663470e-001 2.8949774267e-002
-3.5151877822e+000 1.6114970955e+000 2.2924735940e+000
1.6908307477e+003 4.7344203346e-002 -1.2659132180e-001
6.3887972811e-001 4.2304965807e-001 -6.4254313459e-001
-4.6616373935e-001 -4.5153334876e-001 -7.6079498097e-001
-6.1198370985e-001 7.8558680091e-001 -9.1265092549e-002
-3.5164874759e+000 1.0385158660e+000 2.1614540922e+000
0 0 0
0 0 0
0 0 0
0 0 0
0 0 0
1.6819636398e+003 5.3057976453e-002 -1.3960802498e-001
6.2321701919e-001 4.1688725221e-001 -6.6166877358e-001
-4.5310265875e-001 -4.9711658762e-001 -7.3998180988e-001
-6.3741550626e-001 7.6097313833e-001 -1.2091879555e-001
-3.5446520652e+000 7.1338909314e-001 2.1674294361e+000
1.7131684774e+003 2.8252164526e-002 -1.1777871815e-001
6.0921993686e-001 3.6872036298e-001 -7.0206578215e-001
-4.1553193136e-001 -6.0561793219e-001 -6.7864580911e-001
-6.7541415631e-001 7.0517530737e-001 -2.1573943385e-001
-3.6267149804e+000 2.4877092024e-001 1.9756905811e+000
1.6946890719e+003 2.9305803536e-002 -1.0448841094e-001
5.9831998762e-001 3.2859506609e-001 -7.3077936133e-001
-4.0050489893e-001 -6.6728442941e-001 -6.2795486796e-001
-6.9398056050e-001 6.6839866307e-001 -2.6764567781e-001
-3.6167672227e+000 -1.8891287235e-001 1.9251876205e+000
1.6796791752e+003 3.6520203501e-002 -1.2900019978e-001
5.6123237739e-001 3.0316185018e-001 -7.7013707297e-001
-3.5360728829e-001 -7.5347387315e-001 -5.5429144694e-001
-7.4831818382e-001 5.8341238852e-001 -3.1567369337e-001
-3.5873001930e+000 -4.3074147052e-001 2.1420025600e+000
1.6879738871e+003 3.3429800865e-002 -1.1959761492e-001
5.5418631337e-001 2.5734361035e-001 -7.9161341341e-001
-3.1286908853e-001 -8.1687700222e-001 -4.8458734681e-001
-7.7135624942e-001 5.1622304235e-001 -3.7218719353e-001
-3.6609827724e+000 -7.8160989662e-001 1.9425182992e+000
1.7273800784e+003 -7.4733136553e-003 -2.1381987887e-002
5.3153819516e-001 2.0552708133e-001 -8.2172122154e-001
-2.6161474157e-001 -8.8284945053e-001 -3.9004432401e-001
-8.0562080043e-001 4.2229784103e-001 -4.1549928926e-001
-3.7645367395e+000 -1.4512781058e+000 1.6790851009e+000
1.6758470850e+003 3.3266313652e-002 -1.1453682663e-001
5.3236897805e-001 1.6083260673e-001 -8.3109334243e-001
-2.2772526994e-001 -9.1838221902e-001 -3.2359743697e-001
-8.1530636735e-001 3.6153419257e-001 -4.5229255462e-001
-3.8069774538e+000 -1.4972426448e+000 1.6437205416e+000
1.7358332842e+003 8.5188811888e-003 -6.0716208780e-002
4.9962212686e-001 1.3553339828e-001 -8.5557491098e-001
-1.7391609574e-001 -9.5187869477e-001 -2.5234924625e-001
-8.4860528044e-001 2.7487751525e-001 -4.5200821853e-001
-3.8214912153e+000 -1.9031835192e+000 1.6384913507e+000
1.6947922737e+003 1.5268720504e-003 -6.5724695852e-002
4.7793422404e-001 7.3667197049e-002 -8.7530110337e-001
-9.7080459549e-002 -9.8594263463e-001 -1.3598715230e-001
-8.7301446830e-001 1.4996754747e-001 -4.6406408269e-001
-4.0103023323e+000 -2.5949723666e+000 1.4827613740e+000
1.7065998195e+003 -1.4897439339e-002 -4.2974502580e-002
4.8705819471e-001 2.2987566415e-002 -8.7306694288e-001
-5.0531473991e-002 -9.9723723386e-001 -5.4446942506e-002
-8.7190646580e-001 7.0636189041e-002 -4.8455097121e-001
-4.1548189240e+000 -2.7659648338e+000 1.0820235573e+000
0 0 0
0 0 0
0 0 0
0 0 0
0 0 0
1.6783275985e+003 1.2799746548e-002 -8.1446774564e-002
4.8530944143e-001 -2.4087439429e-002 -8.7401060710e-001
-7.2840304324e-003 -9.9969714230e-001 2.3506734878e-002
-8.7431212330e-001 -5.0417205134e-003 -4.8533791537e-001
-4.3801591456e+000 -2.9515304775e+000 7.4812899634e-001
1.7158462776e+003 -3.3132333051e-002 5.3137595736e-004
4.7241000633e-001 -8.7345893818e-002 -8.7704018195e-001
3.8120803910e-002 -9.9212129359e-001 1.1934045045e-001
-8.8055413816e-001 -8.9811099751e-002 -4.6535833089e-001
-4.5060905700e+000 -3.2611790545e+000 6.1229447483e-001
0 0 0
0 0 0
0 0 0
0 0 0
0 0 0
0 0 0
0 0 0
0 0 0
0 0 0
0 0 0
0 0 0
0 0 0
0 0 0
0 0 0
0 0 0
0 0 0
0 0 0
0 0 0
0 0 0
0 0 0
0 0 0
0 0 0
0 0 0
0 0 0
0 0 0
0 0 0
0 0 0
0 0 0
0 0 0
0 0 0
0 0 0
0 0 0
0 0 0
0 0 0
0 0 0
0 0 0
0 0 0
0 0 0
0 0 0
0 0 0
0 0 0
0 0 0
0 0 0
0 0 0
0 0 0
0 0 0
0 0 0
0 0 0
0 0 0
0 0 0
0 0 0
0 0 0
0 0 0
0 0 0
0 0 0
0 0 0
0 0 0
0 0 0
0 0 0
0 0 0
0 0 0
0 0 0
0 0 0
0 0 0
0 0 0
0 0 0
0 0 0
0 0 0
0 0 0
0 0 0
0 0 0
0 0 0
0 0 0
0 0 0
0 0 0
0 0 0
0 0 0
0 0 0
0 0 0
0 0 0
0 0 0
0 0 0
0 0 0
0 0 0
0 0 0
0 0 0
0 0 0
0 0 0
0 0 0
0 0 0
0 0 0
0 0 0
0 0 0
0 0 0
0 0 0
0 0 0
0 0 0
0 0 0
0 0 0
0 0 0
0 0 0
0 0 0
0 0 0
0 0 0
0 0 0
0 0 0
0 0 0
0 0 0
0 0 0
0 0 0
0 0 0
0 0 0
0 0 0
0 0 0
0 0 0
0 0 0
0 0 0
0 0 0
0 0 0
0 0 0
7.4827910842e+000 -2.1129302336e+000 -1.0588971423e+000
113 107 95
3 1 79 198.2000 436.9400 2 65 166.3700 472.8400 3 27 180.2600 505.1500
7.4874410495e+000 -2.1594561055e+000 -9.6622083806e-001
109 95 79
2 1 80 204.2600 428.1400 2 66 170.8300 461.6800
7.5101969246e+000 -2.1335397257e+000 -1.0310607164e+000
111 103 80
2 1 81 208.8900 431.8900 2 67 176.7700 466.7900
7.5391341065e+000 -2.1459522291e+000 -1.0468616990e+000
107 96 75
2 1 82 218.3400 426.2000 2 68 185.6100 460.8200
8.8830075442e+000 -2.0213482083e+000 -1.3511533355e+000
188 174 126
2 1 85 639.9301 443.2500 2 763 614.9800 458.4300
7.3329255021e+000 -2.3024729090e+000 -9.8268999963e-001
104 94 92
2 1 122 149.0300 376.5100 2 93 112.1400 412.1800
7.3518913398e+000 -2.3782151357e+000 -8.9395376582e-001
138 137 133
2 1 123 159.0500 355.8600 2 116 120.0100 388.0600
7.9511373450e+000 -2.5162573668e+000 -9.9327933248e-001
73 54 37
2 1 172 363.4399 300.7800 2 175 323.1899 321.2300
6.3514829707e+000 -2.6862360059e+000 -2.6958780584e-001
76 68 59
2 1 189 -224.5800 279.6100 2 829 -277.3500 314.3000
6.5200788476e+000 -2.7560361260e+000 -1.6725971365e-001
110 97 88
2 1 192 -158.2800 256.2000 2 208 -212.6300 282.9700
6.0738043395e+000 -2.8000551356e+000 -2.7723687460e-001
71 60 60
3 1 219 -337.6900 232.5300 2 861 -395.0100 273.5900 3 789 -400.6100 308.3900
6.1307488199e+000 -2.8366831541e+000 -1.9737557319e-001
124 124 114
2 1 220 -321.0200 221.3200 2 863 -377.5200 257.8300
6.2147000593e+000 -2.8020208228e+000 -1.9865446837e-001
98 95 82
2 1 224 -285.4100 235.6300 2 865 -341.4700 270.4900
8.0302731378e+000 -2.7703207070e+000 -9.5169521243e-001
97 76 52
2 1 270 393.9600 213.6800 2 911 346.8400 229.9300
6.0451332026e+000 -2.9843010033e+000 -1.1434645466e-001
149 145 133
2 1 309 -363.6200 162.2300 2 922 -423.9400 197.4100
6.1759095617e+000 -2.9313602040e+000 -5.0922443149e-002
116 113 99
2 1 311 -312.1000 187.2100 2 252 -371.8600 217.4700
6.1759095617e+000 -2.9313602040e+000 -5.0922443149e-002
116 113 99
2 1 312 -312.1000 187.2100 2 253 -371.8600 217.4700
7.6886803290e+000 -2.9081163728e+000 -6.4035645987e-001
91 73 59
2 1 326 294.7800 174.5400 2 932 242.1600 188.3400
6.2968681797e+000 -3.0325978116e+000 2.5593396601e-002
92 86 74
2 1 362 -263.7100 145.3000 2 283 -326.1100 169.5400
6.2653075460e+000 -3.0741911210e+000 7.0796849014e-002
91 89 77
4 1 363 -281.0100 127.7700 2 310 -343.8900 151.4100 3 227 -355.2200 173.0900 4 378 -349.9200 85.4000
6.4279870605e+000 -3.1554632609e+000 3.1225188200e-002
78 70 59
2 1 396 -206.5400 91.1000 2 336 -269.3600 111.2400
6.0141562806e+000 -3.1723398675e+000 -4.8954265384e-002
94 91 74
3 1 418 -382.2500 82.3300 2 328 -446.4900 116.8300 3 240 -457.9800 146.1500
8.9911372936e+000 -3.1465041788e+000 -8.5313237083e-001
131 114 71
2 1 445 745.5100 82.7900 2 380 681.6400 76.2700
6.5524419661e+000 -3.2628889370e+000 1.0421923432e-001
105 103 90
2 1 473 -153.9700 43.8400 2 401 -219.3900 58.1900
7.8770449563e+000 -3.3344914614e+000 -6.0552511822e-001
85 70 65
2 1 526 367.4200 14.7400 2 1075 302.6700 23.6700
8.1916998163e+000 -3.3320447731e+000 -1.6702083079e-001
157 166 165
2 1 532 541.2000 14.0900 2 434 469.9700 -0.3100
6.4107157573e+000 -3.3911789222e+000 1.5076784447e-001
63 54 46
2 1 545 -220.9900 -14.3200 2 1070 -288.0100 2.0200
7.4494947121e+000 -3.4134311902e+000 -5.9923492180e-001
76 61 56
2 1 550 207.3400 -15.2200 2 1073 140.7500 3.1900
7.9628196440e+000 -3.6029359616e+000 -4.4148626467e-001
98 86 76
3 1 592 415.0400 -90.8600 2 1149 340.7800 -87.0400 3 416 317.0200 -80.1300
6.6415750458e+000 -3.5943965281e+000 2.6256574720e-001
86 73 51
2 1 608 -116.9300 -111.2800 2 1164 -193.0800 -102.9300
6.6766896056e+000 -3.6408518584e+000 2.7340210766e-001
85 70 46
2 1 631 -100.7800 -133.5000 2 1166 -178.0600 -125.9800
7.4424538334e+000 -3.8301279838e+000 -8.9712556536e-001
62 43 29
2 1 645 188.9900 -158.9300 2 501 118.0699 -130.2400
7.9507085606e+000 -3.7700964705e+000 -5.1417467108e-001
79 70 62
7 1 648 401.5000 -153.3900 2 1196 324.9301 -144.6900 3 479 297.4000 -134.0200 4 2133 280.2000 -210.8500 5 1524 344.7900 -253.6000 6 2168 355.2500 -205.4200 8 1431 190.0800 -236.4500
7.6267610903e+000 -2.4219635533e+000 -8.8930027636e-001
78 60 45
4 1 981 256.2500 340.1800 2 1430 217.9000 366.4800 3 1404 225.7400 388.2000 4 1723 246.1899 312.7500
6.4939792021e+000 -2.6609967097e+000 -2.7896341720e-001
117 109 98
6 1 999 -166.4600 288.6200 2 817 -217.6600 321.4300 4 1086 -204.5800 268.5700 5 1086 -120.0100 264.9300 6 1756 -69.7000 297.5700 8 1045 -182.0100 214.1600
6.2758028466e+000 -2.7529923507e+000 -2.1565605860e-001
83 72 60
2 1 1022 -258.7200 255.1400 2 827 -313.6900 289.4700
6.3476626604e+000 -2.7177926568e+000 -2.1047320577e-001
67 57 48
2 1 1023 -228.7700 270.0100 2 1456 -283.2200 302.8100
6.3346094294e+000 -2.7305371953e+000 -2.0855593340e-001
161 155 141
2 1 1024 -234.1300 264.7800 2 828 -289.2600 297.7900
6.1215109019e+000 -2.7545791633e+000 -2.8157126936e-001
86 81 78
3 1 1056 -318.5600 250.9400 2 1453 -373.7300 291.5500 3 1435 -378.5800 325.2100
6.2462343266e+000 -2.8221843938e+000 -1.2101176523e-001
70 66 55
2 1 1058 -277.8900 231.1200 2 868 -333.1200 262.3400
6.2354086614e+000 -2.8463986865e+000 -8.4764931591e-002
88 83 77
3 1 1059 -284.0500 222.4700 2 867 -341.9200 252.7700 3 1510 -348.4800 279.0600
7.1280629413e+000 -2.6025578065e+000 -1.6579241977e+000
169 145 112
3 1 1067 65.4900 241.2200 2 836 22.7000 294.5600 3 778 27.7800 339.7500
8.1766973135e+000 -2.6568901278e+000 -1.0350025051e+000
183 187 174
6 1 1073 437.1100 249.3800 2 1521 393.1899 265.4900 3 1522 396.7200 282.2100 4 1808 410.6801 203.2300 5 1898 527.0000 182.9800 6 1872 554.1500 207.4900
7.2798747885e+000 -2.7931876311e+000 -6.3045467850e-001
135 155 150
3 1 1092 142.0800 218.4800 2 1542 92.2700 240.6600 3 1519 89.7900 262.3700
7.2789277148e+000 -2.7936163789e+000 -6.2258036460e-001
135 155 150
4 1 1093 142.0800 218.4800 2 1541 92.2700 240.6600 3 1518 89.7900 262.3700 4 1816 100.0000 184.0200
7.3252923533e+000 -2.7954912652e+000 -6.1996795462e-001
87 80 70
5 1 1094 159.0300 217.4800 2 1545 109.4301 239.3900 4 1819 118.2000 180.9500 5 1893 215.7600 164.2500 6 1867 249.0400 193.4100
7.8641751371e+000 -2.7753618142e+000 -8.3044341187e-001
92 73 56
2 1 1102 345.2800 216.5400 2 1554 297.0400 232.8400
5.9374491870e+000 -2.9850048643e+000 -1.9763223518e-001
150 150 132
2 1 1118 -401.7000 159.3200 2 920 -462.1200 199.6700
6.0125519472e+000 -2.9827645372e+000 -1.4140104368e-001
150 148 135
2 1 1120 -375.1500 162.0200 2 921 -435.4400 198.8500
7.7293734273e+000 -2.8797685965e+000 -6.8906996989e-001
93 76 60
3 1 1134 306.2000 184.1000 2 931 255.0400 196.9200 3 885 251.3101 212.6800
5.6697296708e+000 -3.0380286517e+000 -4.5495541457e-001
114 111 114
2 1 1150 -484.8100 130.9900 2 940 -545.0300 184.1500
5.9222433520e+000 -3.0390845000e+000 -2.0069805184e-001
140 136 124
3 1 1155 -407.8600 136.4900 2 943 -468.8100 177.3800 3 874 -477.6500 213.0900
6.1152658509e+000 -3.0391278644e+000 -1.6189292967e-002
110 102 87
3 1 1158 -341.0500 141.2200 2 1584 -403.5100 171.9800 3 879 -413.1300 198.2500
5.7581037601e+000 -3.1019086084e+000 -3.3177385141e-001
150 148 133
6 1 1166 -462.3700 106.9200 2 942 -524.2900 156.5600 3 1548 -532.2200 199.2300 4 1835 -522.1400 144.9100 5 1879 -474.6400 162.0100 6 1851 -411.7300 214.4000
5.9864472089e+000 -3.1346053852e+000 -6.4497371734e-002
108 105 98
2 1 1169 -392.9800 98.8600 2 305 -456.7400 133.4200
6.0553873662e+000 -3.1084367419e+000 -3.8979954532e-002
101 97 85
3 1 1173 -365.0500 110.3900 2 963 -428.1600 143.1500 3 898 -439.8800 171.7500
6.1364318654e+000 -3.0818860689e+000 1.6491135085e-003
110 103 85
2 1 1174 -333.2100 123.1000 2 308 -396.2100 151.9400
6.1092669266e+000 -3.1185909585e+000 1.4777518034e-002
129 126 111
4 1 1175 -345.2600 106.9700 2 966 -409.9200 136.4700 3 899 -421.0300 162.6400 4 1244 -415.9300 83.9700
6.2378360766e+000 -3.1175081607e+000 6.8565176626e-002
127 122 113
3 1 1178 -292.4300 108.5200 2 309 -357.1300 132.7800 3 243 -369.2600 154.6500
6.2850795724e+000 -3.1443517180e+000 4.6703165303e-002
105 102 88
3 1 1179 -270.8100 96.1200 2 985 -334.0000 120.0600 3 924 -346.6400 141.2800
6.5423812746e+000 -3.0915192689e+000 5.0427953951e-002
87 77 65
4 1 1186 -156.4200 119.0900 2 969 -218.0900 137.1200 4 1254 -227.2700 60.4000 7 604 -187.0400 -108.2900
9.0972725303e+000 -3.0699698081e+000 -5.8552087801e-001
178 161 105
2 1 1202 831.9000 114.9100 2 347 767.2000 96.0500
6.0354108458e+000 -3.1616347512e+000 -2.4927390461e-002
121 115 101
7 1 1212 -376.0700 87.6800 2 977 -439.9400 118.9700 3 917 -451.0900 149.4000 4 373 -444.6700 75.8400 5 380 -389.9500 63.5700 6 352 -332.1500 112.2100 9 255 -481.6800 6.1700
6.2862039553e+000 -3.2263503734e+000 6.5459105581e-002
76 67 60
4 1 1219 -271.1400 60.1100 2 1658 -336.2000 82.8500 3 939 -350.0000 103.7800 4 441 -348.0200 20.9400
6.4178153788e+000 -3.1833504089e+000 1.1435669982e-001
110 101 90
2 1 1221 -214.7900 79.7500 2 986 -279.8800 97.3000
6.5198400783e+000 -3.1840597998e+000 1.3124731841e-001
75 67 57
2 1 1223 -169.3600 79.6100 2 987 -234.3200 93.8800
8.1662180333e+000 -3.1893730382e+000 -2.5999558533e-001
96 81 65
3 1 1230 518.4600 72.7900 2 1669 453.0200 62.1100 3 1691 437.1500 56.0100
9.1074974961e+000 -3.1584537413e+000 -7.9182755115e-001
121 103 70
2 1 1233 796.8800 79.3100 2 1027 732.4600 67.9300
6.1650552363e+000 -3.2354057730e+000 1.1019166803e-002
86 84 73
2 1 1244 -320.3800 55.5700 2 1005 -387.2400 83.3400
6.2485051467e+000 -3.2751806702e+000 5.5938813076e-002
114 110 99
6 1 1249 -287.8200 37.9800 2 1012 -353.9700 62.4200 3 962 -367.3200 85.2900 4 1305 -365.8600 3.9000 5 1272 -308.4600 -21.2800 6 431 -256.1500 28.5600
6.2509310006e+000 -3.2412440838e+000 5.7213986238e-002
140 138 126
6 1 1250 -287.2000 52.9400 2 1006 -352.0900 77.5500 3 1624 -365.5400 99.9600 4 1304 -362.5200 17.9000 5 2039 -304.5500 -7.4900 6 1313 -253.0600 41.0500
6.2509675533e+000 -3.2412972512e+000 5.6772547624e-002
140 138 126
7 1 1251 -287.2000 52.9400 2 1007 -352.0900 77.5500 3 1625 -365.5400 99.9600 4 1303 -362.5200 17.9000 5 2038 -304.5500 -7.4900 6 1312 -253.0600 41.0500 7 601 -327.2600 -125.2700
6.2780052465e+000 -3.2984649375e+000 8.7954103937e-002
97 90 80
2 1 1252 -276.6800 27.8900 2 1037 -342.9200 49.8600
6.5411655813e+000 -3.2792420131e+000 1.0136946813e-001
128 143 134
3 1 1255 -158.5900 36.3400 2 1040 -224.8600 51.4800 3 963 -240.7100 66.8600
6.6163151473e+000 -3.2372646216e+000 9.3620368042e-002
100 96 89
2 1 1257 -124.5300 55.2200 2 1018 -190.0400 68.4600
8.2118061291e+000 -3.2416844392e+000 -1.6323020759e-001
180 178 166
3 1 1269 550.9900 51.8100 2 1695 481.6000 36.3800 3 1039 462.6500 26.7100
7.3014474244e+000 -3.4511816565e+000 -6.6654872756e-001
42 27 24
2 1 1310 147.0800 -28.1300 2 1745 84.3400 -5.4600
7.5024001519e+000 -3.4638184906e+000 -7.0944966230e-001
54 35 29
2 1 1314 220.2600 -32.3900 2 1097 155.2400 -12.1100
8.0011168117e+000 -3.4580394515e+000 -1.0145958030e+000
82 69 61
2 1 1320 376.2900 -26.1700 2 1101 313.6100 -7.6000
7.8837146738e+000 -3.5133831416e+000 -6.0802006048e-001
54 41 34
3 1 1340 370.1600 -52.3100 2 1122 299.8199 -43.5100 3 1059 279.6700 -29.6300
7.5096755486e+000 -3.6096415414e+000 -7.2779000467e-001
55 35 32
2 1 1365 221.7400 -85.4700 2 1118 153.5100 -64.0600
7.5096755486e+000 -3.6096415414e+000 -7.2779000467e-001
55 35 32
2 1 1366 221.7400 -85.4700 2 1119 153.5100 -64.0600
7.5393963953e+000 -3.6323668243e+000 -7.3339180720e-001
56 35 32
2 1 1367 232.4399 -93.6600 2 1143 163.2800 -72.4500
7.6483132419e+000 -3.6902072169e+000 -7.8371635991e-001
46 28 26
2 1 1393 269.0900 -113.2000 2 1146 198.3400 -92.2600
7.9376689267e+000 -3.7368095239e+000 -5.4932041560e-001
35 26 19
2 1 1418 394.7700 -138.7200 2 1172 317.9399 -129.8400
7.3373484380e+000 -3.8992083997e+000 -8.6650419254e-001
71 45 30
2 1 1442 152.7200 -184.6200 2 1193 81.0601 -154.2500
7.3806259225e+000 -3.8422527867e+000 -7.8100897180e-001
62 39 25
2 1 1444 172.0601 -168.1600 2 1839 99.6600 -141.0300
7.5839110833e+000 -3.8671558163e+000 -8.4125341628e-001
78 64 61
4 1 1447 241.5200 -174.3100 2 522 168.1100 -149.2400 3 1148 146.1600 -122.9900 4 1498 132.6801 -177.9400
6.7954247328e+000 -3.7890230908e+000 2.2409505821e-001
70 56 44
2 1 1468 -45.1800 -199.6300 2 537 -124.7300 -191.4300
9.1656356772e+000 -1.9880814765e+000 -6.8825844796e-001
157 144 92
2 1 1658 840.7600 514.9500 2 1384 818.5400 504.3500
6.0089795876e+000 -2.2477028515e+000 -2.1264788146e-001
78 61 69
2 1 1675 -371.4300 468.1900 2 1364 -421.3300 516.2900
7.3928620105e+000 -2.1356247699e+000 -1.0460286535e+000
81 78 72
3 1 1686 167.5500 430.0200 2 1388 135.0000 467.8000 3 1963 147.9100 500.6500
7.4068280975e+000 -2.3141127001e+000 -9.1381887329e-001
66 57 48
3 1 1706 177.6500 377.1900 2 1404 140.3101 409.9400 3 1974 150.0300 437.0100
7.4073284962e+000 -2.4160571772e+000 -8.1469220374e-001
101 92 82
3 1 1707 181.5800 347.4400 2 1420 142.0500 376.3600 4 2276 170.5699 325.9700
7.5451817409e+000 -2.4073718782e+000 -8.6747399475e-001
77 60 48
4 1 1709 228.3500 347.3400 2 1426 190.6899 374.2500 3 1985 197.4399 396.7500 4 2282 218.8600 322.8300
7.5447696191e+000 -2.4079507040e+000 -8.6002142121e-001
77 60 48
5 1 1710 228.3500 347.3400 2 1427 190.6899 374.2500 3 1986 197.4399 396.7500 4 2281 218.8600 322.8300 6 2294 375.0699 340.9900
7.6662548244e+000 -2.3707691082e+000 -9.2337930613e-001
75 56 42
3 1 1711 269.1300 355.3300 2 1408 230.8101 383.9400 4 2284 262.9600 329.8700
7.6955593340e+000 -2.3825455192e+000 -9.2002965461e-001
100 84 69
2 1 1712 279.1500 352.5400 2 1431 242.0699 377.4900
7.6955593340e+000 -2.3825455192e+000 -9.2002965461e-001
100 84 69
2 1 1713 279.1500 352.5400 2 1432 242.0699 377.4900
7.1007174605e+000 -2.4057065725e+000 -8.8431762146e-001
167 144 103
2 1 1721 69.5300 346.8600 2 1402 29.3700 384.0000
7.1007174605e+000 -2.4057065725e+000 -8.8431762146e-001
167 144 103
2 1 1722 69.5300 346.8600 2 1403 29.3700 384.0000
7.5136202820e+000 -2.4956553660e+000 -8.4010652883e-001
77 59 47
3 1 1729 218.9100 317.1500 2 1446 177.9500 342.9400 3 1425 182.9301 366.0200
8.8500241498e+000 -2.3893685333e+000 -1.2189470703e+000
150 133 83
3 1 1741 645.8800 331.2300 2 1450 609.8400 340.2100 5 1822 778.6500 236.7600
6.3736475761e+000 -2.6368010117e+000 -3.2083716735e-001
55 42 39
3 1 1742 -211.9400 296.3300 2 2025 -264.9600 333.1900 3 1993 -267.7100 363.3700
7.5121967696e+000 -2.5827338557e+000 -7.6693775039e-001
77 59 47
2 1 1744 222.0400 289.7300 2 1462 178.7300 312.8500
6.5506603099e+000 -2.6992715116e+000 -2.6229118575e-001
113 103 93
5 1 1756 -142.8000 274.3500 2 2040 -194.6100 303.5500 3 2011 -198.2800 329.2500 5 2769 -99.9300 240.0200 6 2322 -50.4500 272.5000
6.5793458024e+000 -2.7446426265e+000 -2.1836074558e-001
62 41 38
6 1 1757 -131.1300 257.2800 2 1457 -186.1300 284.8400 3 2028 -190.2100 309.2600 4 2311 -177.7000 225.1100 5 2411 -91.7100 210.7000 6 2666 -45.2600 245.4400
7.5996090076e+000 -2.6702503709e+000 -7.7073780718e-001
72 58 46
3 1 1772 253.5300 257.6100 2 1514 208.6300 277.7300 3 2037 208.9500 297.3500
7.7903200726e+000 -2.6092323126e+000 -8.7847691557e-001
98 79 62
2 1 1780 315.7200 273.9900 2 1485 271.7500 294.2300
8.9690704881e+000 -2.6035865780e+000 -1.0936818585e+000
141 119 70
2 1 1784 701.6300 265.5200 2 889 658.8199 266.8600
6.1808476234e+000 -2.8154240322e+000 -2.2014612032e-001
141 143 129
2 1 1791 -298.2800 229.0200 2 1490 -354.2800 265.2000
6.2736763781e+000 -2.7747910562e+000 -1.8524706727e-001
80 70 61
3 1 1794 -260.9500 247.5300 2 2053 -316.3900 281.0100 3 2021 -323.2700 309.4300
6.4280751551e+000 -2.8548932621e+000 3.1825738874e-003
64 48 33
3 1 1799 -205.0200 223.2300 2 1535 -262.3800 244.3600 3 2051 -270.4600 265.1400
6.4894457817e+000 -2.7830892644e+000 -1.2692889328e-001
68 56 48
2 1 1800 -173.3200 247.1000 2 2056 -227.4300 272.8600
7.3004642762e+000 -2.7822971956e+000 -6.3256494225e-001
70 61 56
15 1 1806 148.9600 223.2800 2 1544 100.4200 244.5800 3 1520 97.9700 261.6500 4 1817 108.7800 185.1400 5 2431 207.6600 174.9800 7 957 174.3800 43.4000 8 2184 130.6400 130.2600 9 1758 90.1400 53.4700 10 1589 85.5601 77.2800 12 1577 65.1700 10.0400 13 2112 38.0200 -74.3200 14 1220 29.6400 78.5700 15 1566 83.3800 -112.3500 16 1169 100.6899 -123.3300 18 634 115.1000 -205.9400
7.5003370763e+000 -2.7163398484e+000 -6.9680372770e-001
74 60 47
3 1 1808 221.0900 244.5700 2 1509 174.8900 263.2000 3 1474 173.3700 283.8200
7.4940223922e+000 -2.7561921916e+000 -7.3661872619e-001
90 76 62
2 1 1809 217.4500 227.3100 2 2082 168.2600 249.2400
6.0204313270e+000 -2.9057668084e+000 -1.7537861547e-001
95 91 82
4 1 1818 -370.3900 192.8600 2 2070 -427.5000 232.0000 3 2044 -434.9900 265.2200 4 2323 -422.7600 194.4600
6.1605828386e+000 -2.8461150761e+000 -1.6592601357e-001
86 88 77
2 1 1823 -309.9500 218.6800 2 1489 -368.2200 253.6800
5.8938421166e+000 -2.9792302168e+000 -2.5405001608e-001
154 152 139
2 1 1842 -413.8800 159.8900 2 2086 -475.3000 203.1300
6.4140687204e+000 -2.9434756971e+000 4.5535918986e-002
90 81 72
6 1 1845 -213.3100 184.9000 2 1563 -273.6700 206.4100 3 2070 -283.0200 225.3600 4 2363 -274.9900 132.6900 5 2820 -200.8200 106.4800 6 2390 -151.2000 143.0000
6.1410124146e+000 -3.0429773345e+000 8.6086733055e-003
144 140 123
2 1 1869 -331.5600 140.3800 2 1585 -394.4900 169.1000
6.2384409865e+000 -3.0430744012e+000 4.6968737451e-002
94 86 75
3 1 1871 -291.7700 141.6000 2 1588 -353.6700 165.8400 3 1554 -364.0900 188.7600
6.2506517994e+000 -3.0631819715e+000 6.3291331127e-002
136 137 123
6 1 1872 -288.2800 132.1100 2 1589 -350.4100 157.1000 3 1583 -361.6900 178.7100 4 1878 -355.2200 92.1400 5 1969 -289.7300 68.2100 6 1942 -236.5000 111.2200
6.3607266333e+000 -3.0255715070e+000 8.1881330804e-002
63 54 45
4 1 1873 -238.3400 149.9000 2 1590 -300.5300 170.9500 3 1555 -312.6000 189.3000 4 1880 -305.7600 98.3800
6.4381410224e+000 -3.0236244731e+000 5.7182445989e-002
54 39 32
5 1 1876 -202.9900 150.4000 2 1592 -264.4700 169.5000 3 2110 -275.8500 187.1200 4 1882 -268.9600 95.7000 5 1972 -198.0700 66.1400
6.4579975925e+000 -3.0298286969e+000 4.9225777013e-002
72 61 55
5 1 1877 -193.7200 146.5100 2 949 -255.4100 166.6400 3 900 -265.9700 184.3200 4 1222 -260.5200 92.6400 6 1256 -141.0700 101.8000
6.5455659896e+000 -3.0657685997e+000 5.3434733894e-002
56 46 37
2 1 1878 -155.1000 131.2400 2 1621 -216.5400 147.8400
6.5630339466e+000 -3.0725204727e+000 4.1584067341e-002
91 77 64
6 1 1879 -146.1400 127.8600 2 1622 -208.5100 145.2900 3 1589 -220.2200 159.2800 4 1912 -216.7800 67.9300 5 1995 -143.6700 33.8300 6 1969 -99.5800 73.4500
7.2610697991e+000 -2.9563317153e+000 -8.9121891123e-001
40 28 28
2 1 1884 125.9500 149.8800 2 1598 74.3400 179.9700
6.0137796559e+000 -3.1084925294e+000 -4.5992424386e-002
93 89 78
2 1 1898 -382.5700 110.4700 2 2146 -446.6000 143.9400
6.0153233470e+000 -3.1074398247e+000 -4.8839950631e-002
93 89 78
9 1 1899 -382.5700 110.4700 2 2145 -446.6000 143.9400 3 2098 -455.2900 175.2600 4 2692 -447.2500 101.7100 5 2813 -392.7900 92.5900 6 2698 -334.2100 140.1400 7 1680 -404.6900 -22.8500 8 2522 -462.0900 87.5700 9 2056 -482.3100 31.2100
6.0343894972e+000 -3.1284676092e+000 -2.5530382729e-002
132 128 117
4 1 1900 -375.2700 101.9300 2 1615 -439.7400 134.6400 3 2101 -450.4300 163.6300 4 2404 -443.3700 88.9500
6.0946484633e+000 -3.1390774135e+000 4.8526806853e-003
83 78 67
6 1 1902 -351.6800 97.4800 2 1616 -415.3900 128.1300 3 1601 -426.5300 155.4500 4 1245 -420.7000 76.9700 5 1208 -365.1900 62.0400 6 1253 -309.1000 109.4000
6.4726942346e+000 -3.1141399153e+000 6.7509295548e-002
71 61 52
4 1 1906 -187.6600 110.0500 2 1620 -251.2600 127.9600 3 1609 -263.5500 144.8500 4 1930 -259.9700 54.0300
7.6214733942e+000 -3.0624362567e+000 -5.8472589869e-001
93 78 71
8 1 1908 272.2800 118.8400 2 2158 217.1200 128.0100 3 2129 207.5000 144.0700 4 2412 209.2300 62.9300 5 2506 301.3700 32.8200 6 2436 326.4100 63.7500 7 1403 254.7800 -90.6900 10 2073 134.5800 -51.5700
7.7852382222e+000 -3.1088326126e+000 -5.9427991335e-001
68 54 45
8 1 1909 334.2100 100.2600 2 2190 276.0400 110.0600 3 2158 266.2800 121.6100 5 2523 358.5699 1.7800 6 1995 378.9301 31.7200 7 1028 305.8600 -123.2300 8 1881 244.0400 -39.1000 10 1719 178.3700 -81.2600
7.8512840794e+000 -3.0983655881e+000 -6.6577621491e-001
66 50 37
5 1 1912 353.4500 105.3100 2 1643 295.9000 109.9800 3 2131 285.8400 125.4500 4 2435 285.4900 43.4900 5 2525 380.5699 9.1000
7.8512840794e+000 -3.0983655881e+000 -6.6577621491e-001
66 50 37
5 1 1913 353.4500 105.3100 2 1642 295.9000 109.9800 3 2132 285.8400 125.4500 4 2434 285.4900 43.4900 5 2524 380.5699 9.1000
6.1499714851e+000 -3.1873672978e+000 2.2322128695e-002
104 98 84
6 1 1924 -329.1700 76.6500 2 1633 -393.7800 104.5900 3 1603 -406.2900 130.5500 4 1925 -400.8000 50.9800 5 1228 -344.4000 32.6400 6 1284 -288.2000 80.5200
6.1332936933e+000 -3.1992323885e+000 3.0600030010e-002
89 84 73
2 1 1925 -336.4800 71.7700 2 1632 -402.2700 99.5800
6.1188101923e+000 -3.2244223402e+000 1.2936722645e-002
142 139 122
6 1 1927 -342.2700 60.0800 2 1004 -407.4700 89.5200 3 936 -419.7200 115.9500 4 1278 -415.1200 39.4200 5 2011 -360.0700 21.7600 6 1285 -304.6800 71.0600
6.2300640169e+000 -3.1723760412e+000 3.5306239920e-002
135 132 114
3 1 1928 -294.4100 83.5500 2 1635 -358.3100 109.2100 3 921 -370.9600 132.1400
6.3212439762e+000 -3.2265941086e+000 6.0902370030e-002
136 133 122
6 1 1930 -256.5200 59.4800 2 1659 -321.4300 81.8500 3 1626 -334.8800 102.7700 4 1955 -330.8600 18.8900 5 2543 -270.5000 -9.4800 6 1986 -220.3100 37.5200
6.4466636738e+000 -3.1666612710e+000 7.5036225088e-002
103 94 85
11 1 1932 -201.2000 86.5900 2 1639 -264.8000 105.4600 3 1628 -278.2500 122.1200 4 1932 -275.5300 32.8200 5 2513 -209.1000 -0.4000 6 1989 -161.9100 43.9400 7 1409 -237.5100 -128.6000 8 1838 -299.8400 -32.9600 9 1401 -333.8500 -90.7500 10 1692 -345.3000 -56.7000 12 1696 -357.5700 -116.4600
7.4626372934e+000 -3.1679230662e+000 -6.5904563772e-001
36 27 22
2 1 1936 208.1801 77.0800 2 1641 150.6500 95.8300
7.7532973735e+000 -3.1935579631e+000 -5.8838584605e-001
45 27 23
2 1 1938 322.8300 67.8800 2 1665 261.3101 78.7200
6.2186292789e+000 -3.2875367998e+000 2.8352234349e-002
115 111 100
3 1 1957 -298.7000 32.9000 2 1683 -365.0100 58.0400 3 1653 -378.5600 83.2400
6.5390931481e+000 -3.2347977857e+000 8.1582636314e-002
112 108 96
3 1 1958 -158.7700 56.2100 2 1661 -224.0200 72.0100 3 1656 -238.9600 87.7800
7.5924369702e+000 -3.2467504828e+000 -6.5409017434e-001
51 33 29
5 1 1962 257.4100 47.6700 2 1663 197.1000 61.6700 3 1660 183.4500 82.8200 4 1966 182.2100 5.2200 5 2047 265.4301 -22.4100
6.1937902528e+000 -3.3007589134e+000 1.0618574538e-002
124 119 109
3 1 1983 -308.4000 26.7600 2 1681 -374.7200 54.1600 3 1650 -388.2900 79.4100
6.2100303050e+000 -3.3159670020e+000 3.3032426489e-002
55 52 44
3 1 1984 -303.4400 19.8000 2 1682 -369.0000 46.7700 3 1651 -383.6600 70.3300
6.3156439223e+000 -3.3564130375e+000 8.7014328017e-002
65 54 48
6 1 1986 -259.6700 1.1200 2 1701 -326.3400 24.5400 3 1675 -342.5800 44.7500 4 2486 -343.9900 -38.6300 5 2571 -287.6700 -68.6500 7 1049 -312.2100 -180.5400
6.3677561441e+000 -3.3518340563e+000 1.1384557708e-001
56 48 46
5 1 1987 -237.6300 3.6600 2 1702 -304.0900 23.8400 3 986 -320.9900 41.3100 4 1361 -322.4000 -43.3300 6 1367 -218.5900 -26.0500
6.4023891439e+000 -3.3098776127e+000 1.0262292356e-001
108 98 86
12 1 1988 -222.4100 22.0400 2 1686 -289.3100 40.2300 3 1655 -304.4000 59.7000 4 1983 -304.8300 -26.2700 5 2060 -243.9200 -60.6200 6 2025 -197.6300 -11.8000 7 1052 -272.4000 -179.1800 8 1896 -338.7600 -77.3000 9 1419 -370.8900 -127.8000 10 1182 -383.8600 -90.3400 12 1228 -394.9100 -143.6100 14 819 -439.7600 -44.5600
6.6318931767e+000 -3.3098455996e+000 8.2348328297e-002
81 66 59
2 1 1992 -117.5000 22.7500 2 1041 -183.8800 36.0500
6.6222173939e+000 -3.3468556282e+000 9.9607293827e-002
61 50 41
3 1 1993 -122.0900 6.2300 2 1071 -189.9900 18.8300 3 990 -206.7400 33.8800
6.7026921487e+000 -3.3178543794e+000 8.0776256216e-002
76 58 54
3 1 1994 -85.6800 19.3500 2 1042 -152.2700 30.3400 3 1679 -169.6400 44.3000
8.2004879344e+000 -3.3459082192e+000 -1.5790703884e-001
185 194 186
2 1 2000 546.2800 8.2000 2 1757 474.0699 -6.5800
6.3823621292e+000 -3.4387378249e+000 1.1753744432e-001
76 66 54
2 1 2011 -230.9400 -35.5400 2 1734 -300.6300 -16.6700
6.6766453445e+000 -3.3764714204e+000 8.1004027430e-002
45 31 27
4 1 2013 -96.7500 -6.5900 2 1072 -164.9600 5.0700 3 1701 -183.3200 19.4500 4 2037 -188.4100 -70.0800
7.0317852942e+000 -3.4290908457e+000 -5.1656018787e-001
80 58 47
2 1 2015 50.0400 -21.8900 2 1709 -14.4200 2.3800
7.5645354406e+000 -3.4279494562e+000 -8.2686252798e-001
73 58 51
2 1 2019 235.9399 -17.7900 2 1712 173.7500 4.1200
8.6411859988e+000 -3.4811243538e+000 -1.0648814242e+000
74 55 48
2 1 2025 591.8300 -33.6900 2 1758 522.9301 -25.0700
6.7264282065e+000 -3.4942468599e+000 7.9796479360e-002
47 28 22
3 1 2042 -75.0700 -59.6600 2 1770 -146.1900 -47.1000 3 1738 -165.4800 -33.1400
6.8619489400e+000 -3.4696260585e+000 8.9672960519e-003
44 22 16
2 1 2043 -14.1300 -47.1200 2 1743 -85.0300 -35.7500
6.8619489400e+000 -3.4696260585e+000 8.9672960519e-003
44 22 16
2 1 2044 -14.1300 -47.1200 2 1744 -85.0300 -35.7500
7.5842415214e+000 -3.5499741008e+000 -7.1869141767e-001
74 57 53
2 1 2053 249.4399 -63.7900 2 1774 182.6300 -44.5900
7.9254944166e+000 -3.5080647561e+000 -6.4399597979e-001
87 78 73
2 1 2054 382.1500 -49.9500 2 1780 312.2400 -39.6900
7.5690936840e+000 -3.5811874861e+000 -7.5337492876e-001
74 59 52
2 1 2066 242.1600 -74.4900 2 1777 174.3800 -53.6600
7.5866597591e+000 -3.6238665718e+000 -7.4951075107e-001
74 55 48
2 1 2069 248.4500 -90.0500 2 1799 180.0900 -69.5500
7.6233751053e+000 -3.6246821981e+000 -7.4731034776e-001
55 37 30
2 1 2072 262.0699 -90.4300 2 1144 193.2700 -70.6500
7.7287390331e+000 -3.7142320071e+000 -8.0198766934e-001
74 59 54
2 1 2092 295.8101 -121.0200 2 1817 226.3700 -101.5200
7.9716489691e+000 -3.7865458372e+000 -4.1531798559e-001
115 105 93
2 1 2117 421.1801 -163.6400 2 1853 340.5900 -159.0900
8.2080762125e+000 -3.7229327184e+000 -3.7701885457e-001
115 98 82
2 1 2120 518.3800 -140.0400 2 1855 438.2200 -142.9300
7.5884639971e+000 -3.8399347415e+000 -8.3510563416e-001
44 30 27
6 1 2137 243.5000 -165.3700 2 1845 171.5300 -139.9800 3 1812 148.1899 -114.8000 4 2101 134.1600 -170.0500 5 2168 194.6700 -186.0800 6 2134 213.9700 -133.5500
7.8906576043e+000 -3.8691608934e+000 -5.9545374387e-001
66 53 49
2 1 2138 373.1899 -186.9100 2 1878 292.4500 -173.8100
7.9287859866e+000 -3.9545977851e+000 -5.7679607633e-001
63 48 45
2 1 2153 388.5200 -219.9600 2 1899 306.1300 -207.3900
8.0232922557e+000 -3.9140039921e+000 -5.1778874844e-001
108 93 78
3 1 2155 430.1801 -207.6500 2 1901 348.2900 -199.7500 4 1562 292.2800 -262.7200
6.0751885847e+000 -3.8517098192e+000 4.6570879207e-001
64 60 63
2 1 2163 -405.7400 -248.7000 2 1906 -486.1900 -229.6800
7.9700365937e+000 -3.9835396227e+000 -5.7396535948e-001
70 51 45
2 1 2170 403.5000 -230.8500 2 1902 321.6000 -219.2500
7.9834698657e+000 -4.0088050003e+000 -5.8736485444e-001
104 84 73
2 1 2171 407.8000 -239.7100 2 1249 324.1700 -227.2900
7.0054390558e+000 -4.0326919906e+000 -2.7922588681e-001
159 131 91
2 1 2189 42.7500 -269.8500 2 2360 -36.5000 -246.6200
9.2179032793e+000 -4.2194917273e+000 -4.7233129601e-001
162 142 91
3 1 2215 894.5200 -326.7300 2 2384 785.8700 -340.0600 4 1629 691.0200 -435.8200
5.8312794180e+000 -2.4303478517e+000 -1.6811089510e-001
37 21 32
3 1 2274 -449.7100 395.2600 2 1996 -505.5400 444.6700 3 1960 -507.7100 483.2200
7.3163721589e+000 -2.3860582576e+000 -8.9575550392e-001
72 64 62
3 1 2284 145.8600 353.0900 2 2006 107.1300 385.7400 3 2356 114.4800 414.3900
7.3763727910e+000 -2.4092283163e+000 -8.2743576289e-001
65 58 50
9 1 2286 169.6500 348.7200 2 2015 130.7500 378.9300 3 1981 137.3300 405.5800 4 2275 158.8500 329.9100 5 2744 272.7900 330.1000 6 2628 312.3101 356.4300 7 1601 252.2300 193.5800 8 2452 224.8500 272.3900 9 2022 187.6700 184.9500
9.0031027119e+000 -2.3700655155e+000 -9.8485619964e-001
168 151 97
4 1 2287 731.3700 352.1200 2 2019 694.3400 350.0400 3 2003 707.5100 353.8700 4 2318 728.5000 251.7400
7.0528949785e+000 -2.4519737387e+000 -1.0158747707e+000
167 145 108
4 1 2290 50.1600 321.0000 2 2013 8.8300 363.7500 3 1978 14.7100 400.3000 4 2270 37.1200 339.9600
7.0528949785e+000 -2.4519737387e+000 -1.0158747707e+000
167 145 108
4 1 2291 50.1600 321.0000 2 2014 8.8300 363.7500 3 1979 14.7100 400.3000 4 2271 37.1200 339.9600
7.4450828086e+000 -2.4492825221e+000 -8.2655569793e-001
77 65 53
4 1 2294 195.0900 334.7700 2 2016 154.9100 361.1600 3 1984 160.4200 388.0500 4 2290 180.9500 311.2700
7.5388619133e+000 -2.4741356225e+000 -8.5711745597e-001
97 83 70
2 1 2295 227.0300 323.8400 2 2017 186.8300 349.8000
8.8379939562e+000 -2.4137862692e+000 -1.2585208421e+000
152 136 85
5 1 2296 635.0200 319.5400 2 2030 599.0601 331.2900 3 2016 610.9301 342.9200 4 2650 632.9600 259.1000 5 2773 767.2400 232.2500
9.0507972583e+000 -2.4626438271e+000 -7.8375051684e-001
147 134 82
2 1 2300 781.1500 332.2600 2 2031 739.5300 322.7100
6.3718538766e+000 -2.6048898880e+000 -3.3661226707e-001
78 65 60
3 1 2304 -213.0900 308.4800 2 2024 -264.8300 345.9900 3 1992 -264.9800 376.5000
6.9193129310e+000 -2.4994250454e+000 -1.0036852380e+000
67 39 35
2 1 2308 4.1500 306.3700 2 2012 -38.4400 349.5000
8.8310624773e+000 -2.4381482847e+000 -1.3379673232e+000
152 135 84
2 1 2310 623.2100 308.3400 2 2028 586.6300 320.5600
6.3127727963e+000 -2.7586115352e+000 -2.1569091158e-001
83 73 63
3 1 2314 -243.0100 252.5900 2 2036 -297.8500 286.2900 3 2024 -303.5100 314.5600
6.4904473355e+000 -2.7516915574e+000 -1.8989004006e-001
140 145 125
3 1 2317 -169.9500 256.8000 2 2448 -224.0300 285.0300 3 2380 -228.8900 309.0900
6.4904473355e+000 -2.7516915574e+000 -1.8989004006e-001
140 145 125
3 1 2318 -169.9500 256.8000 2 2449 -224.0300 285.0300 3 2381 -228.8900 309.0900
7.2326760415e+000 -2.5743715574e+000 -1.4891368505e+000
166 138 112
3 1 2322 99.4600 257.2200 2 2453 58.9700 304.6900 3 2372 65.7600 345.2400
6.1714103890e+000 -2.7703069256e+000 -2.4223703338e-001
109 105 96
3 1 2331 -300.4900 246.4400 2 2035 -355.9800 284.5700 3 2007 -361.5000 316.1400
6.1461887378e+000 -2.8134850957e+000 -2.4775151966e-001
130 132 121
2 1 2332 -310.6700 228.5100 2 2052 -366.8600 266.4100
6.2048784703e+000 -2.7722603295e+000 -2.5951468268e-001
80 70 68
3 1 2333 -285.8200 245.0000 2 2463 -340.7300 281.8800 3 2379 -345.6500 314.0400
