# Bundle file v0.3
50 9681
554.562956 0.0 0.0
0.274494 0.564785 -0.778249
-0.753828 -0.376076 -0.538804
-0.596989 0.734564 0.322520
-5.621746 -3.297916 -7.664002
556.973005 0.0 0.0
0.225683 0.523775 -0.821418
-0.712629 -0.486149 -0.505786
-0.664250 0.699513 0.263542
-5.691507 -2.873520 -8.013284
557.630034 0.0 0.0
0.174921 0.495937 -0.850558
-0.676246 -0.567362 -0.469885
-0.715608 0.657379 0.236131
-5.990037 -2.531528 -7.865853
563.722229 0.0 0.0
0.112249 0.449039 -0.886434
-0.623690 -0.662631 -0.414645
-0.773570 0.599403 0.205681
-6.123986 -2.068785 -7.419546
559.741044 0.0 0.0
0.079048 0.413496 -0.907068
-0.585686 -0.717045 -0.377913
-0.806674 0.561131 0.185498
-6.465872 -1.973496 -7.557770
564.019410 0.0 0.0
0.032079 0.330246 -0.943350
-0.500575 -0.811623 -0.301154
-0.865099 0.481878 0.139277
-6.525148 -1.633156 -7.833333
560.215214 0.0 0.0
-0.000103 0.288365 -0.957520
-0.455762 -0.852304 -0.256630
-0.890102 0.436375 0.131514
-6.769939 -1.341776 -7.696837
556.026178 0.0 0.0
-0.018692 0.243401 -0.969746
-0.395467 -0.892619 -0.216420
-0.918290 0.379457 0.112942
-6.898598 -1.271809 -8.064308
566.677163 0.0 0.0
-0.036771 0.143070 -0.989029
-0.281892 -0.950992 -0.127087
-0.958741 0.274127 0.075299
-6.945131 -0.838847 -8.450284
561.921044 0.0 0.0
-0.054247 0.087968 -0.994645
-0.218047 -0.973116 -0.074172
-0.974430 0.212855 0.071970
-7.021412 -0.597686 -8.256699
555.005912 0.0 0.0
-0.073003 0.014294 -0.997229
-0.117051 -0.993110 -0.005666
-0.990439 0.116313 0.074173
-6.855098 0.037608 -7.959889
559.221636 0.0 0.0
-0.088574 -0.060570 -0.994226
-0.057450 -0.996177 0.065807
-0.994411 0.062947 0.084755
-6.751801 0.739014 -7.507978
565.314604 0.0 0.0
-0.073101 -0.139185 -0.987565
0.055269 -0.989258 0.135332
-0.995792 -0.044689 0.080009
-6.611476 0.971697 -7.564101
569.288416 0.0 0.0
-0.057365 -0.204078 -0.977273
0.130242 -0.972049 0.195342
-0.989821 -0.116076 0.082341
-6.620963 1.352856 -7.695049
567.894299 0.0 0.0
-0.069219 -0.291699 -0.954002
0.237745 -0.933566 0.268200
-0.968858 -0.208245 0.133970
-6.877031 1.625134 -7.020462
569.819905 0.0 0.0
-0.061062 -0.362915 -0.929819
0.322293 -0.888827 0.325750
-0.944669 -0.279784 0.171238
-6.846105 1.698426 -6.879446
573.500583 0.0 0.0
-0.042890 -0.415527 -0.908569
0.376971 -0.848917 0.370450
-0.925231 -0.326616 0.193051
-6.708977 2.104348 -6.739958
568.649447 0.0 0.0
-0.018513 -0.484146 -0.874791
0.460245 -0.780856 0.422419
-0.887599 -0.394798 0.237282
-6.205931 2.356765 -6.381393
571.982358 0.0 0.0
0.011429 -0.553123 -0.833021
0.506796 -0.714946 0.481675
-0.861990 -0.427677 0.272150
-6.036428 2.777171 -6.346468
568.613582 0.0 0.0
0.041322 -0.601541 -0.797772
0.576142 -0.637994 0.510906
-0.816305 -0.480741 0.320210
-5.882854 2.290969 -6.056825
560.915196 0.0 0.0
0.069453 -0.637945 -0.766944
0.619903 -0.574749 0.534214
-0.781599 -0.512533 0.355545
-5.681363 2.517544 -5.809450
573.762396 0.0 0.0
0.119892 -0.697173 -0.706806
0.642295 -0.488402 0.590695
-0.757023 -0.524798 0.389235
-5.510795 2.852147 -5.393614
556.387494 0.0 0.0
0.157557 -0.741697 -0.651967
0.692121 -0.387980 0.608638
-0.704375 -0.547135 0.452215
-5.523496 2.878883 -5.128268
556.761781 0.0 0.0
0.204438 -0.758776 -0.618437
0.723097 -0.308781 0.617887
-0.659799 -0.573510 0.485542
-5.183119 3.241369 -5.020174
559.430531 0.0 0.0
0.269347 -0.783541 -0.559924
0.747618 -0.196372 0.634433
-0.607058 -0.589492 0.532897
-4.872685 3.804538 -4.686493
560.302064 0.0 0.0
0.328606 -0.793707 -0.511905
0.760817 -0.098696 0.641418
-0.559621 -0.600240 0.571434
-4.586120 3.838316 -4.405448
557.189981 0.0 0.0
0.382225 -0.787176 -0.484002
0.752630 -0.038699 0.657306
-0.536146 -0.615513 0.577660
-4.114498 4.094151 -4.539991
558.922935 0.0 0.0
0.464516 -0.787780 -0.404508
0.752863 0.110791 0.648785
-0.466285 -0.605910 0.644555
-3.582805 4.076014 -4.075125
560.546741 0.0 0.0
0.519765 -0.782313 -0.343264
0.751025 0.226907 0.620060
-0.407192 -0.580086 0.705475
-3.269834 4.260881 -3.311380
556.824422 0.0 0.0
0.575827 -0.757256 -0.308198
0.735538 0.315252 0.599667
-0.356942 -0.571996 0.738521
-2.825396 4.377977 -3.050400
559.634176 0.0 0.0
0.640906 -0.726446 -0.248024
0.700904 0.422063 0.574975
-0.313007 -0.542345 0.779672
-2.119021 3.913236 -2.441546
555.936009 0.0 0.0
0.688535 -0.695543 -0.205277
0.672884 0.507168 0.538523
-0.270456 -0.508920 0.817223
-1.963878 3.848410 -2.262225
559.011156 0.0 0.0
0.724509 -0.666549 -0.175498
0.647672 0.571242 0.504186
-0.235813 -0.478952 0.845575
-1.860337 3.929953 -2.171965
564.523137 0.0 0.0
0.778137 -0.612206 -0.140379
0.597002 0.651460 0.468175
-0.195168 -0.448111 0.872414
-1.365503 3.690055 -1.984550
567.059316 0.0 0.0
0.831965 -0.545216 -0.102828
0.533848 0.736153 0.416035
-0.151132 -0.401021 0.903516
-1.266472 3.272814 -1.709464
567.277528 0.0 0.0
0.896982 -0.440619 -0.035758
0.425677 0.839073 0.338756
-0.119258 -0.319079 0.940195
-0.723825 2.690326 -1.229364
564.848035 0.0 0.0
0.920285 -0.390823 -0.018248
0.379572 0.880537 0.283868
-0.094874 -0.268165 0.958690
-0.767103 2.193722 -1.391053
564.680122 0.0 0.0
0.941547 -0.336878 -0.001762
0.327594 0.914356 0.237981
-0.078559 -0.224647 0.971268
-0.583388 1.690695 -1.201273
570.306144 0.0 0.0
0.974856 -0.222828 0.001991
0.220243 0.964831 0.143503
-0.033897 -0.139456 0.989648
-0.437047 0.966445 -1.198269
564.465640 0.0 0.0
0.985796 -0.167945 0.000780
0.167433 0.983132 0.073608
-0.013129 -0.072432 0.997287
-0.273105 0.313890 -1.201117
564.313761 0.0 0.0
0.994527 -0.104464 -0.001638
0.104474 0.994270 0.022628
-0.000735 -0.022675 0.999743
-0.415891 -0.094569 -1.312156
565.297820 0.0 0.0
0.999774 -0.011242 -0.018066
0.010942 0.999802 -0.016591
0.018249 0.016390 0.999699
0.002238 -0.233834 -1.221993
564.903498 0.0 0.0
0.995950 0.087030 -0.022572
-0.088706 0.992089 -0.088826
0.014663 0.090468 0.995791
0.121896 -0.487412 -0.968996
564.779039 0.0 0.0
0.987501 0.156105 -0.021731
-0.157565 0.974483 -0.159863
-0.003778 0.161289 0.986900
-0.071621 -0.870595 -1.092487
565.078826 0.0 0.0
0.977125 0.210362 -0.031211
-0.212233 0.955230 -0.206138
-0.013550 0.208047 0.978025
-0.114015 -1.185306 -0.958116
563.946260 0.0 0.0
0.942455 0.328997 -0.059493
-0.331039 0.893361 -0.303841
-0.046814 0.306051 0.950863
-0.571467 -1.926219 -1.136416
566.472907 0.0 0.0
0.919424 0.386424 -0.073053
-0.386570 0.853893 -0.348468
-0.072277 0.348629 0.934470
-0.744658 -2.038886 -1.112190
560.421864 0.0 0.0
0.880619 0.463719 -0.097344
-0.460170 0.788030 -0.408965
-0.112935 0.404936 0.907343
-0.979741 -2.558243 -1.221578
560.016134 0.0 0.0
0.842642 0.518812 -0.144186
-0.522099 0.721646 -0.454576
-0.131788 0.458324 0.878960
-1.158170 -2.480991 -1.523976
558.555399 0.0 0.0
0.798664 0.571733 -0.187768
-0.580868 0.650891 -0.488809
-0.157252 0.499462 0.851944
-1.408722 -2.532705 -1.613876
1.018978 -2.031898 -6.758598
88 70 55
34 41 1364 82.56 -150.48 44 1008 46.94 -137.61 40 1546 57.63 -150.43 42 1022 79.43 -143.07 43 1217 53.37 -134.80 39 1464 77.06 -143.83 38 1181 74.01 -128.85 37 1386 81.29 -108.30 45 994 9.41 -138.74 36 1298 81.97 -85.00 46 377 -6.32 -126.65 35 1065 106.34 -68.95 34 1341 108.40 -38.67 32 1573 109.45 2.12 33 1454 126.65 -15.17 31 1300 121.29 -10.81 28 2296 89.96 28.59 29 2008 106.82 33.04 27 2445 89.26 17.15 25 2952 60.29 35.73 26 2225 82.91 36.11 23 2537 53.64 30.82 24 2687 56.77 49.57 22 2637 39.51 18.82 20 1783 61.92 50.28 21 1906 59.88 38.00 19 1708 54.92 51.55 16 1465 16.70 119.41 17 1570 47.97 110.80 18 1161 51.49 105.55 15 1544 7.69 111.30 14 1535 6.64 132.26 12 1462 17.59 135.54 13 1255 21.91 137.53
0.900292 -1.998485 -6.850973
91 68 50
31 41 1200 73.94 -147.96 44 845 39.99 -132.70 40 1399 49.51 -149.75 42 865 71.31 -139.33 43 1073 46.46 -130.34 39 1314 68.46 -143.44 36 1179 73.05 -88.45 35 976 96.80 -73.65 34 1234 101.38 -46.83 32 1480 103.60 -8.07 33 1353 120.77 -25.08 30 1575 131.67 -20.02 31 1264 115.69 -20.67 28 2297 86.64 17.90 29 2054 100.11 23.44 27 2447 86.36 6.34 25 3009 58.00 23.78 26 2274 79.74 24.99 23 2601 52.58 19.08 24 2752 54.82 37.72 22 2699 39.07 6.64 20 1855 63.29 38.32 21 2058 60.17 25.56 19 1845 56.58 39.67 16 1532 20.74 110.09 17 1653 51.61 100.38 18 1254 54.18 94.45 15 1703 12.85 103.44 14 1636 11.87 125.48 12 1586 23.61 131.55 13 1370 27.08 131.96
1.031445 -2.695383 -6.913998
32 23 27
32 41 1430 81.48 -193.39 44 1079 34.98 -174.71 40 1601 61.12 -195.07 42 1080 73.00 -184.69 43 1278 44.51 -172.93 39 1471 84.49 -188.98 38 1249 85.27 -177.43 37 1388 99.70 -157.38 45 1070 -4.97 -169.48 36 1331 103.55 -132.89 46 459 -22.46 -156.34 35 1068 132.77 -118.51 34 1381 142.49 -82.59 32 1580 152.19 -33.03 33 1459 165.67 -53.72 30 1671 185.80 -38.58 31 1353 166.49 -43.13 28 2382 139.48 12.02 29 2097 155.25 12.36 27 2567 138.38 5.42 25 3083 110.45 34.74 26 2361 132.03 32.34 23 2641 100.72 40.62 24 2794 105.59 54.51 22 2772 85.79 31.91 20 1913 103.88 73.57 21 2052 106.17 57.09 19 1839 94.91 77.98 16 1526 47.62 159.20 17 1647 82.73 146.93 18 1308 89.09 137.49 15 1694 36.09 152.78
0.787160 -2.621560 -6.916215
122 46 46
26 41 1428 66.03 -189.28 44 1078 22.40 -166.56 40 1600 45.68 -192.17 42 1079 58.66 -178.36 43 1277 31.10 -166.15 39 1528 67.65 -188.12 38 1292 67.56 -176.91 37 1423 80.60 -160.05 36 1330 84.37 -136.11 35 1067 112.67 -123.08 34 1380 122.60 -90.85 32 1579 133.86 -44.68 33 1496 146.76 -64.51 30 1674 168.91 -51.97 31 1355 148.74 -55.73 28 2383 125.27 -2.56 29 2099 139.99 -1.23 27 2538 125.70 -8.25 25 3052 100.06 20.09 26 2326 121.19 18.45 23 2602 93.68 26.00 24 2753 97.11 39.70 22 2697 79.92 17.46 20 1784 101.05 61.62 21 1992 102.10 43.57 19 1700 92.87 66.72
1.979395 -1.415087 -6.039637
182 148 104
30 41 1359 165.23 -119.30 44 1009 134.77 -134.97 40 1537 132.62 -110.58 42 1017 168.42 -122.57 43 1214 139.33 -123.71 39 1452 151.52 -93.76 38 1237 145.34 -66.88 37 1377 144.67 -32.20 45 1001 91.46 -153.44 36 1289 138.47 -1.53 46 461 74.20 -147.94 47 906 53.22 -158.76 35 1015 160.18 24.97 48 1035 47.64 -130.81 34 1331 144.90 63.15 49 1033 36.27 -119.78 32 1515 124.49 106.70 33 1439 152.10 89.77 30 1608 134.29 97.99 31 1290 128.81 95.29 28 2327 69.28 124.63 29 2045 93.60 132.48 27 2431 62.53 103.50 25 2933 19.01 110.94 26 2201 46.16 113.10 23 2521 1.86 90.53 24 2673 9.93 116.83 22 2526 -15.07 73.50 20 1686 -0.92 84.96 21 1816 -1.91 84.51
0.062651 -0.464338 -4.396536
145 79 47
21 41 1342 15.01 -62.94 44 990 -1.96 -78.67 40 1525 -30.23 -63.55 42 995 25.51 -59.75 43 1199 0.91 -65.25 39 1442 -14.61 -45.71 38 1154 -29.67 -8.95 37 1236 -38.75 26.08 45 1058 -42.37 -105.62 36 1145 -46.85 58.59 46 444 -58.11 -97.07 47 895 -74.44 -118.00 35 861 -33.36 91.08 48 1023 -71.76 -82.93 34 1201 -51.31 116.81 32 1256 -72.09 146.92 33 1211 -41.16 137.83 30 1376 -63.56 123.35 31 1071 -67.58 127.01 28 1710 -122.68 136.13 25 627 -162.02 95.90
1.503774 -2.088217 -6.396206
197 191 179
17 41 1563 124.02 -165.38 44 1204 83.27 -163.66 40 1732 97.78 -161.09 42 1226 120.77 -162.11 43 1418 91.37 -158.32 39 1663 119.98 -148.98 38 1381 117.87 -128.17 37 1505 124.98 -99.15 36 1410 123.82 -68.57 35 1148 149.71 -48.71 33 1586 160.38 19.45 30 1778 160.38 32.63 31 1439 148.12 28.67 28 2492 102.36 72.48 29 2200 122.62 73.52 27 2634 98.23 55.21 26 2434 83.58 78.54
2.251325 -1.664860 -6.119397
41 26 31
17 41 1360 185.67 -137.55 44 1014 149.60 -155.27 40 1464 154.25 -126.26 42 1024 186.24 -142.83 43 1218 154.96 -144.01 39 1458 175.25 -109.43 38 1173 170.94 -82.20 37 1313 172.03 -44.80 36 1171 166.46 -12.02 35 960 189.87 14.92 34 1216 175.02 58.27 32 1403 153.81 106.46 33 1327 181.75 87.12 30 1387 163.59 100.73 31 1079 158.03 96.14 28 1712 95.54 131.44 29 1491 121.31 137.20
0.109673 -0.396828 -4.393535
213 191 149
19 41 1267 19.35 -55.32 44 912 4.32 -71.52 40 1448 -26.33 -56.34 43 1132 6.63 -58.19 39 1358 -11.04 -38.19 38 1084 -26.40 -1.44 37 1234 -36.59 33.72 45 988 -35.95 -101.12 36 1140 -45.21 65.82 35 857 -32.45 98.93 48 928 -65.50 -81.96 34 1200 -51.02 124.02 49 909 -74.23 -70.10 32 1255 -72.65 152.72 33 1308 -40.84 144.22 30 1371 -64.77 128.81 31 1065 -68.68 132.85 28 2029 -122.03 140.97 29 1745 -98.82 157.22
1.129934 -0.398809 -5.590092
162 163 156
20 41 1504 102.61 -43.54 44 1132 93.10 -58.10 40 1676 61.57 -40.62 42 1169 115.65 -41.25 43 1342 92.70 -47.16 39 1607 75.05 -25.03 38 1328 62.52 2.92 37 1458 52.47 30.94 45 1197 60.30 -81.84 36 1366 43.95 57.88 46 588 49.03 -75.69 47 1062 33.03 -94.95 35 1115 57.22 82.56 34 1420 39.25 104.96 32 1621 16.54 129.45 33 1532 44.62 122.06 30 1722 23.27 106.77 31 1392 19.57 111.56 28 2439 -34.02 115.87 29 2148 -11.68 131.06
1.010227 0.006266 -5.462331
165 166 160
11 41 663 93.74 -10.39 44 396 92.40 -23.57 40 846 46.46 -7.61 42 630 108.96 -6.08 43 829 89.75 -12.09 39 774 62.62 6.98 45 205 61.24 -52.33 36 605 24.01 86.68 35 606 34.76 111.62 32 142 -12.61 147.18 30 236 -7.05 120.55
1.956521 -1.776236 -6.171689
198 80 86
18 41 1426 159.10 -143.21 44 1074 121.94 -152.86 40 1595 129.33 -135.45 42 1077 159.07 -144.77 43 1273 128.54 -143.47 39 1523 151.07 -120.63 37 1318 152.86 -62.23 45 1071 75.32 -166.50 36 1238 149.95 -30.58 46 460 57.08 -159.27 47 993 35.48 -165.67 35 962 175.17 -3.66 48 1103 30.31 -135.83 34 1224 165.54 38.63 49 937 16.43 -122.94 32 1294 150.03 89.27 33 1334 175.08 69.10 30 309 164.06 83.66
1.936639 -1.920138 -6.063063
42 29 38
20 41 1491 159.32 -157.89 44 1142 119.51 -167.32 40 1666 130.92 -149.95 42 1157 158.08 -159.68 43 1351 126.67 -157.96 39 1597 153.42 -134.77 38 1288 150.96 -109.85 37 1380 155.70 -74.55 45 1205 72.69 -179.51 36 1326 154.75 -41.48 46 600 53.69 -172.65 47 1102 31.40 -177.45 35 1061 181.33 -13.19 48 1205 25.31 -146.59 34 1334 171.02 30.91 49 1226 13.73 -133.10 32 1567 157.51 87.66 33 1486 183.56 65.21 30 1611 169.73 85.51 31 1343 163.51 79.47
1.224096 -0.641651 -5.727647
92 60 44
15 41 1480 112.36 -63.86 44 1106 98.37 -76.09 40 1656 74.13 -59.33 42 1145 122.48 -62.73 43 1311 99.09 -66.04 39 1586 87.05 -43.96 38 1309 74.78 -17.15 37 1439 65.83 11.26 36 1345 57.93 37.96 35 1081 72.85 62.54 34 1403 55.08 87.81 32 1565 33.42 115.62 33 1481 61.50 106.49 30 1658 40.82 95.53 31 1339 36.38 99.13
1.801168 -2.195047 -6.061324
199 195 184
20 41 1513 152.14 -180.50 44 1177 102.70 -184.42 40 1691 126.95 -172.71 42 1193 145.49 -180.80 43 1382 112.61 -176.78 39 1616 151.24 -158.28 38 1350 149.00 -133.93 37 1465 159.27 -97.69 45 1233 57.02 -195.26 36 1385 155.96 -64.55 46 640 34.99 -184.14 47 1125 12.51 -187.55 35 1120 184.32 -37.84 48 1247 4.92 -151.94 34 1445 176.74 9.07 49 1243 -6.05 -139.62 32 1644 163.70 65.79 33 1562 188.76 42.03 30 1747 183.14 65.77 31 1414 171.98 57.77
1.725290 2.014667 -6.240668
232 233 221
17 41 1309 139.17 145.64 44 959 186.10 141.14 40 1489 81.94 144.42 42 959 175.21 155.35 43 1171 170.05 148.57 39 1407 80.72 157.72 38 1127 58.30 176.83 37 1276 26.84 187.68 45 1023 180.18 103.86 36 1188 10.47 199.25 47 942 185.26 70.33 35 910 11.51 214.21 48 1069 197.84 80.88 34 1180 -19.32 207.31 49 1084 205.64 74.72 32 1236 -53.92 195.34 33 1187 -25.08 203.97
0.629620 -2.878217 -7.312901
115 40 44
12 41 1300 52.96 -197.19 44 944 6.92 -166.21 40 1477 34.57 -202.16 42 949 43.25 -183.09 43 1159 16.06 -167.95 39 1473 56.37 -200.71 38 1186 57.66 -193.61 37 1339 73.45 -181.07 36 1254 78.76 -159.71 35 1038 107.88 -150.44 34 1351 123.10 -121.26 32 1529 141.12 -78.45
-1.105425 -1.118430 -3.700102
148 85 46
12 41 1070 -116.69 -149.45 44 939 -155.16 -146.93 40 1275 -157.90 -160.15 42 942 -117.81 -138.18 39 1195 -138.59 -147.29 38 1032 -155.61 -109.27 37 1173 -157.22 -72.64 45 770 -201.25 -164.48 36 1087 -159.54 -32.60 35 955 -147.28 5.11 34 1221 -152.46 40.47 33 1330 -128.62 71.06
1.247662 2.359716 -6.481658
197 186 132
14 41 1437 99.08 166.65 44 1086 150.17 177.28 40 1554 41.70 161.08 42 1088 135.44 182.77 43 1291 133.13 180.33 39 1481 39.39 170.28 38 1192 17.15 185.45 37 1346 -13.51 188.97 45 1137 150.48 147.27 36 1312 -27.86 196.92 46 571 157.69 154.34 35 1045 -28.09 207.36 34 1311 -56.01 193.04 33 1426 -59.16 185.60
1.050784 2.395654 -6.756615
227 227 215
9 41 1214 81.55 163.41 44 1028 128.66 181.85 39 1326 23.87 163.23 38 1054 3.00 175.79 37 1211 -25.02 176.79 36 1121 -39.05 183.01 46 474 137.04 168.07 35 846 -37.99 192.45 34 1188 -61.61 178.03
2.918200 -0.039437 -5.672864
152 140 88
10 41 1334 251.16 -13.14 44 1062 252.76 -57.11 40 1514 202.52 2.51 42 990 271.79 -23.95 43 1192 247.73 -38.19 39 1349 213.56 26.68 38 1076 198.24 61.74 37 1222 178.10 102.38 36 1133 161.97 132.70 35 742 173.27 163.33
0.059321 -0.462314 -4.376979
145 79 47
10 41 1343 15.01 -62.94 44 991 -1.96 -78.67 40 1526 -30.23 -63.55 42 996 25.51 -59.75 43 1200 0.91 -65.25 39 1443 -14.61 -45.71 38 1155 -29.67 -8.95 37 1237 -38.75 26.08 36 1146 -46.85 58.59 35 862 -33.36 91.08
2.756857 -0.069678 -5.789434
91 83 57
10 41 1401 232.97 -15.94 44 988 235.09 -52.22 40 1575 185.54 -1.75 42 1110 252.76 -26.17 43 1191 231.00 -35.48 39 1503 197.44 21.27 38 1210 182.93 54.34 37 1359 164.34 92.84 36 1268 149.40 121.81 35 997 162.07 150.55
1.402156 0.686362 -5.576455
180 183 174
13 41 1475 125.15 46.28 44 1149 142.61 28.96 40 1652 74.56 49.43 43 1358 134.68 40.62 39 1581 81.23 67.02 38 1300 63.05 94.86 37 1430 41.01 118.68 45 1221 117.89 -8.34 36 1342 27.27 139.51 46 612 112.21 -5.70 47 1114 102.23 -35.50 35 1047 34.67 162.64 48 1196 106.62 -15.37
1.959570 -0.607202 -6.275466
139 124 85
10 41 1414 158.18 -54.19 44 1063 146.87 -69.26 40 1579 119.49 -47.62 42 1064 169.29 -55.13 43 1258 146.00 -58.57 39 1511 132.93 -32.00 38 1275 122.59 -7.13 37 1371 113.68 21.48 36 1280 105.41 47.02 35 1056 121.08 70.89
-0.864186 -0.540522 -3.950085
217 184 133
11 41 1539 -85.66 -78.05 44 1182 -108.67 -81.44 40 1711 -130.90 -86.94 43 1392 -102.81 -70.45 39 1639 -115.55 -72.33 38 1361 -133.34 -35.57 37 1475 -141.03 -3.44 45 1254 -148.94 -103.64 36 1368 -145.65 30.27 46 652 -167.01 -91.19 35 1101 -136.82 64.52
0.694596 0.023142 -5.272144
154 157 150
9 41 660 69.15 -9.90 44 622 67.99 -20.79 40 843 23.82 -10.07 42 414 85.41 -5.46 43 827 65.87 -10.49 39 772 35.05 5.79 38 214 19.70 34.44 37 215 6.06 60.49 36 142 -3.28 84.66
1.088094 -0.723236 -5.808092
211 206 194
8 41 737 96.99 -68.23 44 449 81.03 -75.78 40 941 59.68 -65.95 43 628 82.44 -66.60 39 861 74.22 -51.94 38 874 64.51 -27.12 37 742 58.28 0.31 36 293 51.27 26.47
2.551233 0.018032 -5.729653
145 79 65
8 41 666 218.04 -7.56 44 419 220.40 -45.10 40 318 171.20 4.52 43 582 215.53 -28.48 38 207 167.18 58.99 37 639 147.32 95.25 45 503 184.07 -85.57 36 577 132.60 123.36
1.435015 -0.733723 -6.066208
144 109 78
8 41 1018 121.05 -66.55 44 651 105.62 -75.58 42 670 129.29 -63.82 43 878 106.70 -66.26 39 1123 97.75 -47.38 38 875 88.87 -23.38 37 743 83.54 3.61 36 707 76.19 29.60
1.803133 2.657404 -6.360120
205 199 185
9 41 1210 142.61 192.60 44 858 204.71 194.12 40 1409 81.33 189.50 42 875 184.40 206.01 43 1084 185.07 199.77 39 1208 76.82 201.18 38 934 52.05 217.68 37 1072 16.03 222.89 36 823 -2.63 230.10
1.613254 1.289862 -5.964527
235 238 230
9 41 1233 135.93 92.88 44 873 166.02 81.00 40 1324 82.43 94.80 42 891 165.45 98.87 43 1103 154.43 90.33 39 1243 85.28 110.34 37 912 38.77 150.66 45 950 149.88 43.66 36 852 24.10 166.87
2.646213 -0.809176 -5.949730
53 33 34
9 41 1022 220.14 -72.55 44 671 202.43 -105.42 40 1210 180.12 -58.75 42 690 230.72 -82.14 43 895 203.40 -89.69 39 1125 196.11 -37.68 38 865 186.11 -6.42 37 970 176.43 32.15 36 912 165.75 62.30
-1.677541 -0.731658 -3.664342
63 48 15
10 41 782 -183.85 -105.48 44 652 -217.67 -94.22 40 997 -228.41 -122.62 42 687 -183.94 -88.98 43 890 -206.91 -86.07 39 1183 -213.95 -112.77 38 1022 -235.69 -79.14 37 1046 -241.74 -50.49 45 732 -257.60 -108.06 36 961 -243.47 -15.98
-0.082905 -1.104022 -4.610907
137 91 57
9 41 1188 1.76 -122.09 44 680 -27.17 -126.53 40 1385 -36.04 -124.94 42 860 5.25 -116.66 43 929 -20.89 -116.32 39 1373 -17.03 -110.95 38 1168 -28.69 -79.50 37 1310 -30.37 -46.46 36 1228 -35.04 -12.72
1.888332 1.340075 -5.741601
205 205 193
11 41 1471 162.22 100.23 44 1145 196.60 78.96 40 1648 106.85 103.97 42 1163 194.61 103.58 43 1335 183.70 91.23 39 1575 109.67 122.07 38 1296 88.28 148.50 37 1428 58.99 169.47 45 1215 178.45 34.77 36 1337 41.86 187.18 46 578 176.90 34.89
2.777880 1.215428 -5.616643
221 221 213
9 41 1518 240.59 92.33 44 1163 276.14 49.30 40 1694 180.53 103.44 42 1181 276.85 85.95 43 1369 263.44 68.14 39 1621 184.01 127.14 38 1340 161.17 158.14 37 1470 127.94 186.90 36 1359 108.41 209.28
0.093207 2.829589 -8.001366
200 193 182
10 41 844 12.54 168.94 44 711 57.20 217.31 40 662 -36.72 154.09 42 525 41.73 197.48 43 722 42.63 209.27 39 624 -40.21 151.76 38 547 -59.58 154.19 37 143 -84.38 140.30 45 918 66.39 214.91 47 829 90.30 219.60
-1.798077 -0.628453 -3.663793
138 121 77
6 41 347 -197.92 -94.43 44 433 -229.81 -79.06 40 542 -243.54 -113.04 43 253 -219.73 -72.52 39 472 -230.29 -103.67 37 387 -260.65 -43.77
3.112738 -0.758990 -5.760334
109 107 112
7 41 1024 264.13 -70.94 44 688 245.62 -115.38 40 1214 222.05 -52.29 43 898 246.46 -96.53 39 1103 238.58 -27.37 38 852 228.12 7.95 37 673 215.40 53.00
1.650527 2.500208 -6.330224
232 228 215
9 41 1086 131.81 181.06 44 717 189.17 183.92 40 1293 71.61 177.31 42 747 171.31 194.39 43 946 170.22 188.76 38 750 44.08 206.18 37 875 9.72 211.85 45 786 190.26 146.65 46 319 198.87 150.55
1.356738 -0.908311 -5.906067
129 80 57
8 41 1168 117.36 -81.57 44 919 98.05 -91.77 40 1453 81.39 -78.36 42 931 125.10 -80.91 43 1144 100.05 -81.79 38 1012 88.30 -37.68 37 1017 83.58 -7.78 45 989 60.59 -110.20
-0.865046 2.454911 -9.023336
188 71 73
9 41 1089 -40.37 131.06 44 712 -9.86 195.55 40 1309 -82.82 111.63 42 749 -18.63 163.99 43 945 -20.20 182.95 39 1242 -84.28 104.44 38 963 -100.75 100.91 37 1106 -119.15 81.62 45 775 -3.00 208.51
0.434392 1.158156 -6.717313
247 252 246
12 41 1234 39.32 74.77 44 872 59.65 94.16 40 1327 -6.43 66.80 42 892 60.97 91.63 43 1102 51.67 94.91 39 1340 -3.21 73.00 38 968 -20.40 86.05 37 1107 -39.25 90.44 45 946 48.54 78.86 46 406 47.89 91.16 48 987 62.12 94.87 49 1068 69.54 102.12
-0.764163 2.584820 -8.934647
187 73 76
9 41 1219 -35.20 139.47 44 857 -2.21 203.52 40 1418 -78.90 120.55 42 877 -12.32 172.41 43 1086 -13.45 190.51 39 1334 -80.78 113.52 38 1064 -97.63 110.37 37 1224 -116.69 91.32 45 917 5.29 214.78
2.638655 -0.907249 -5.964174
41 38 38
7 41 1273 219.13 -80.16 44 833 199.09 -112.13 40 1454 180.04 -66.34 43 1053 200.59 -96.74 39 1277 196.49 -45.57 38 1088 187.46 -14.80 37 1241 178.97 23.94
-1.086139 -0.588721 -3.759570
210 178 133
8 41 1419 -114.40 -87.50 44 1108 -141.43 -88.06 40 1589 -159.97 -98.59 42 1116 -109.96 -75.99 43 1308 -133.84 -77.36 39 1516 -144.66 -84.15 38 1230 -162.68 -44.98 37 1300 -169.29 -11.16
-1.092707 -0.590336 -3.786596
210 178 133
13 41 1420 -114.40 -87.50 44 1107 -141.43 -88.06 40 1590 -159.97 -98.59 42 1115 -109.96 -75.99 43 1307 -133.84 -77.36 39 1517 -144.66 -84.15 38 1231 -162.68 -44.98 37 1301 -169.29 -11.16 45 1164 -182.61 -109.65 46 556 -201.64 -95.36 47 1064 -215.98 -113.35 48 1176 -205.56 -68.27 49 1193 -212.32 -46.64
0.758590 2.260018 -6.912316
212 214 203
9 41 1379 60.37 150.98 44 1088 103.54 174.68 42 1036 90.98 170.78 43 1229 88.59 173.66 39 1484 5.65 147.07 38 1195 -14.88 158.09 37 1350 -41.32 156.78 45 1085 104.34 155.12 48 1154 137.64 158.49
1.968027 1.116500 -5.747287
238 239 231
9 41 1320 168.93 81.61 44 1053 197.81 57.48 40 1502 114.79 86.77 42 1051 199.50 82.64 43 1247 186.39 70.95 39 1417 118.60 105.61 38 1131 98.29 132.64 37 1352 69.71 156.42 45 1107 177.08 14.99
1.158165 1.720596 -6.683564
231 234 225
11 41 1439 90.67 116.04 44 1124 125.18 126.14 40 1611 38.67 111.32 42 1090 120.09 130.31 43 1330 112.77 129.43 39 1536 40.59 120.39 38 1199 22.52 135.75 37 1354 -1.32 142.98 45 1180 118.35 101.53 46 573 121.17 109.25 47 1081 123.68 82.57
-0.406509 2.579462 -8.340425
221 215 214
9 41 1378 -16.91 147.56 44 1082 19.76 203.55 40 1558 -62.91 130.52 42 1033 7.73 178.30 43 1225 7.36 193.21 39 1487 -65.25 126.43 38 1201 -83.11 126.13 37 1356 -104.62 110.44 45 1132 27.12 207.80
-0.279837 -0.747042 -4.600390
161 121 88
8 41 1421 -18.29 -88.19 44 1064 -39.15 -89.67 40 1586 -58.77 -92.95 42 1071 -11.89 -79.95 43 1263 -35.88 -80.53 39 1519 -42.12 -79.28 38 1233 -56.43 -48.98 37 1375 -60.41 -18.03
0.081220 2.007419 -7.758667
237 240 231
7 41 1496 13.65 119.31 44 1143 46.63 162.16 40 1647 -32.44 106.93 42 1161 37.97 144.67 39 1576 -33.72 107.32 38 1262 -53.13 111.98 37 1402 -75.03 104.59
2.739031 0.155025 -5.804265
54 49 51
10 41 1443 230.94 3.55 44 1100 237.03 -36.44 40 1617 181.53 16.38 42 1108 253.92 -4.77 43 1301 231.68 -18.41 39 1544 191.74 39.19 38 1265 175.83 71.46 37 1403 154.83 106.97 45 1162 202.93 -78.43 46 559 194.07 -80.48
-0.423428 -0.659476 -4.427082
171 136 106
8 41 1458 -33.15 -82.23 44 1110 -54.98 -84.52 40 1633 -74.73 -88.25 42 1117 -26.55 -74.01 43 1309 -50.29 -74.94 39 1590 -59.05 -74.76 38 1312 -74.07 -41.87 37 1409 -80.96 -10.82
-0.462755 -1.127054 -4.354789
89 37 24
8 41 1425 -37.59 -129.97 44 1071 -70.40 -132.32 40 1594 -75.24 -136.00 42 1074 -35.92 -122.43 43 1271 -62.71 -122.21 39 1522 -56.01 -123.00 38 1287 -68.09 -90.95 37 1413 -68.35 -57.97
2.267982 -0.208517 -6.221120
165 155 107
8 41 1406 182.64 -23.51 44 1056 180.38 -47.13 40 1621 139.82 -15.14 42 1109 199.05 -27.15 43 1302 177.36 -34.35 39 1548 151.34 2.73 38 1305 138.34 28.27 37 1435 124.44 57.22
-0.323977 -0.475153 -4.419763
110 61 39
9 41 1481 -23.45 -64.43 44 1136 -40.84 -69.41 40 1657 -67.16 -69.32 42 1142 -14.55 -56.70 39 1587 -52.75 -54.22 38 1307 -68.27 -20.17 37 1437 -77.39 10.33 45 1195 -78.85 -93.16 47 1096 -108.96 -100.80
2.337046 -1.075604 -5.868706
208 87 90
12 41 1530 197.21 -95.42 44 1173 172.95 -120.87 40 1700 160.57 -83.29 42 1192 204.20 -102.33 43 1379 175.46 -108.14 39 1630 178.07 -63.11 38 1349 170.31 -32.76 37 1474 164.64 5.69 45 1245 129.05 -146.78 46 639 112.76 -144.43 47 1143 89.30 -160.96 48 1224 81.43 -136.52
-0.034504 -0.902691 -4.655359
231 195 145
8 41 1545 5.65 -101.47 44 1195 -18.90 -107.75 40 1720 -34.10 -104.36 42 1210 10.89 -96.12 43 1411 -14.45 -96.58 39 1653 -16.20 -90.10 38 1372 -27.46 -58.24 37 1498 -29.24 -25.78
2.544041 2.201515 -5.552212
182 86 80
8 41 841 221.89 177.13 44 721 284.92 144.44 40 641 155.44 183.18 42 748 267.80 177.78 43 431 264.53 159.98 39 560 152.07 203.97 38 2 125.15 230.83 45 622 277.86 84.90
2.193832 1.885363 -5.761929
198 185 176
9 41 851 186.87 145.54 44 528 236.72 121.39 40 1070 126.31 149.13 42 531 226.92 148.91 43 732 219.79 134.32 39 594 125.49 167.75 38 35 101.30 194.04 45 801 224.88 71.96 47 714 223.08 26.62
-1.560303 -0.427191 -3.719671
93 43 37
6 41 728 -168.76 -69.14 44 426 -195.47 -59.96 40 480 -216.40 -86.76 42 162 -165.50 -52.95 43 235 -187.96 -52.97 38 323 -224.42 -39.02
0.258909 -0.081763 -4.663735
126 129 118
7 41 975 33.39 -22.68 44 796 27.30 -36.44 40 1180 -13.03 -24.22 42 817 47.93 -17.52 43 1016 26.97 -24.21 39 789 -0.68 -7.00 38 630 -17.63 27.45
-0.372910 -0.040519 -4.321098
52 51 43
12 41 1144 -30.03 -21.12 44 789 -38.26 -27.85 40 1350 -77.98 -27.28 42 800 -16.59 -11.78 43 1014 -37.15 -17.00 39 1083 -65.84 -11.22 38 839 -83.61 23.65 45 854 -73.18 -56.97 46 277 -86.31 -45.86 47 771 -99.02 -71.26 48 910 -91.87 -37.35 49 895 -97.46 -24.73
-0.717581 -0.511427 -4.031322
155 117 89
8 41 734 -68.18 -73.42 44 446 -89.90 -78.75 40 1241 -113.59 -81.51 42 443 -61.08 -64.61 43 626 -84.70 -67.64 39 1148 -98.45 -66.01 38 873 -115.72 -29.43 45 520 -130.15 -101.14
-1.697716 -0.441880 -3.804975
160 140 89
8 41 725 -181.46 -70.88 44 637 -207.94 -54.86 40 477 -227.86 -88.54 42 659 -178.21 -51.08 43 596 -199.79 -48.88 39 1147 -214.88 -78.65 38 884 -236.28 -44.89 45 466 -245.90 -70.88
-0.228371 -0.141448 -4.417840
163 121 97
5 41 971 -14.88 -30.01 44 635 -24.58 -38.65 43 839 -23.18 -27.52 39 1094 -48.07 -19.18 38 978 -65.03 15.07
1.723088 -0.651398 -6.050613
178 149 117
7 41 1153 143.67 -59.91 44 817 131.79 -74.49 40 1356 105.52 -53.83 42 926 154.71 -60.36 43 1031 131.29 -63.79 39 1274 119.36 -38.09 38 989 108.73 -12.52
-0.971259 -0.399133 -4.060181
85 49 51
8 41 1265 -94.97 -61.42 44 986 -115.77 -59.14 40 1451 -140.52 -72.22 42 922 -87.65 -48.76 43 1129 -109.92 -50.20 39 1362 -126.73 -58.72 38 998 -144.87 -23.84 45 1053 -153.52 -80.77
2.587109 -1.002862 -5.900127
44 35 33
8 41 1281 216.62 -89.05 44 837 193.99 -120.33 40 1366 178.38 -74.98 42 937 224.92 -98.15 43 1054 196.17 -105.04 39 1365 195.79 -54.45 38 1005 187.04 -22.47 45 766 150.26 -147.91
-1.747421 -0.429743 -3.827882
49 42 34
10 41 1156 -185.91 -69.80 44 901 -212.94 -50.67 40 1369 -231.95 -88.06 42 914 -183.12 -48.31 43 1019 -204.04 -46.71 39 1291 -219.85 -78.05 38 1006 -241.35 -44.52 45 970 -249.62 -66.72 46 352 -268.78 -46.52 48 1003 -264.11 -16.66
2.574710 1.876320 -5.875619
189 90 86
12 41 1314 215.98 143.42 44 1044 265.23 113.64 40 1490 154.58 149.68 42 961 256.21 143.61 43 1236 248.26 128.15 39 1405 153.53 169.24 38 1050 129.80 195.35 45 1153 253.18 61.41 46 546 254.89 56.88 47 1056 248.59 12.64 48 1164 254.36 18.59 49 1182 256.89 6.78
2.555390 1.671552 -5.708923
46 41 48
7 41 1224 218.73 128.85 44 968 262.49 95.33 40 1494 158.71 136.14 42 884 257.21 127.94 43 1096 247.04 110.94 39 1329 158.50 157.95 38 1055 135.04 187.24
0.101621 -0.390334 -4.381342
213 191 149
12 41 1266 19.35 -55.32 44 911 4.32 -71.52 40 1447 -26.33 -56.34 42 994 31.22 -52.51 43 1131 6.63 -58.19 39 1359 -11.04 -38.19 38 1085 -26.40 -1.44 45 987 -35.95 -101.12 46 367 -50.66 -95.34 47 896 -67.88 -116.24 48 927 -65.50 -81.96 49 908 -74.23 -70.10
0.721258 -0.392579 -5.370989
166 162 159
7 41 1261 71.02 -45.24 44 906 60.44 -54.47 40 1443 29.76 -44.73 42 992 82.70 -41.38 43 1190 60.79 -44.53 39 1354 43.08 -29.89 38 1086 30.20 -2.32
-1.154031 -0.366218 -3.824051
90 33 24
8 41 1263 -120.43 -61.31 44 985 -141.66 -59.94 40 1450 -167.85 -73.24 42 917 -113.89 -48.14 43 1128 -135.73 -49.94 39 1361 -154.65 -59.60 38 1089 -175.07 -22.39 45 1051 -180.27 -82.79
-1.853931 -0.528711 -3.733675
34 28 30
8 41 1276 -200.94 -81.96 44 1059 -232.67 -63.43 40 1457 -246.51 -101.20 42 993 -200.43 -61.23 43 1193 -222.06 -58.18 39 1367 -233.41 -92.20 38 1096 -257.37 -58.40 46 506 -291.00 -56.89
2.057787 -1.514207 -6.094359
111 34 31
7 41 1190 170.19 -125.97 44 498 137.66 -141.58 40 1388 138.34 -116.54 42 734 171.88 -129.54 43 709 142.27 -130.26 39 1302 158.07 -100.08 38 1103 152.76 -73.97
1.539371 2.491161 -6.432118
254 255 213
7 41 1308 121.27 176.85 44 859 178.80 184.63 40 1488 61.79 172.66 42 952 160.65 192.47 43 1087 159.85 188.57 39 1400 58.69 184.08 38 1122 35.26 200.42
1.806156 2.119043 -6.139695
201 199 186
7 41 1380 147.45 156.24 44 1034 198.50 148.75 42 1037 185.06 165.62 43 1234 180.97 157.39 39 1404 85.58 168.76 38 1126 62.77 188.94 45 1096 193.24 108.20
1.132994 2.025344 -6.636245
227 233 223
12 41 1310 89.05 138.91 44 956 130.95 150.92 40 1415 35.71 133.23 42 958 121.55 154.41 43 1170 116.75 153.51 39 1412 34.95 141.90 38 1128 14.43 156.48 45 1016 127.51 124.99 46 398 132.07 133.00 47 937 136.67 104.58 48 1058 153.21 119.06 49 1061 164.76 118.47
2.639899 -0.680931 -5.831804
47 27 22
8 41 1268 222.98 -63.86 44 670 206.55 -98.84 40 1359 182.19 -49.67 42 831 234.92 -73.38 43 894 207.37 -82.53 39 1356 197.59 -27.54 38 1147 187.33 4.88 45 312 163.65 -131.56
1.645314 2.685395 -6.303515
222 219 204
9 41 1372 131.78 196.60 44 1083 195.07 202.68 40 1485 70.89 189.23 42 1085 173.53 212.86 43 1163 172.81 203.42 39 1478 65.76 203.21 38 1191 40.69 219.29 45 1011 196.55 161.68 46 475 207.16 166.33
-1.290692 2.023247 -9.035915
191 73 67
10 41 1388 -63.55 106.57 44 1087 -39.57 174.39 40 1563 -103.90 85.85 42 1043 -45.11 140.51 43 1227 -48.64 160.58 39 1492 -104.27 77.46 38 1206 -119.51 73.07 45 1135 -35.99 190.28 46 525 -31.14 216.02 47 1041 -19.63 219.16
-0.913324 1.869843 -8.703447
220 228 217
7 41 1317 -44.51 101.23 44 953 -21.63 161.40 40 1501 -84.85 82.86 42 962 -25.68 132.48 43 1169 -29.81 149.99 39 1419 -84.48 76.90 38 1207 -98.97 75.09
-0.313889 -0.181983 -4.350034
141 95 68
10 41 1338 -22.60 -34.84 44 980 -35.09 -42.67 40 1518 -69.75 -40.36 42 987 -11.18 -26.79 43 1189 -32.87 -31.43 39 1437 -55.76 -24.06 38 1217 -74.44 9.75 45 973 -71.20 -70.30 46 433 -86.18 -60.73 47 778 -99.30 -83.25
-0.468040 2.278202 -8.765743
212 213 201
6 41 1385 -19.06 124.58 44 1026 11.07 180.84 42 1039 3.01 154.63 43 1228 0.65 170.36 39 1490 -63.03 102.71 38 1261 -78.85 100.89
1.130621 0.974184 -5.738235
113 106 80
9 41 1498 100.89 69.63 44 1162 120.71 60.67 40 1650 51.36 70.35 42 1164 125.56 76.59 43 1368 112.69 69.84 39 1579 55.55 84.30 38 1263 36.28 107.76 45 1250 100.73 27.70 46 647 98.27 33.08
-1.552934 -0.523929 -3.699787
82 32 26
12 41 1484 -168.41 -81.41 44 1135 -197.11 -72.55 40 1637 -214.32 -96.98 42 1148 -165.53 -65.07 43 1345 -188.14 -64.47 39 1591 -200.73 -85.71 38 1278 -221.85 -49.05 45 1191 -237.04 -90.91 46 585 -257.36 -73.24 47 1091 -269.74 -89.09 48 1198 -255.75 -41.31 49 1235 -262.28 -17.65
-0.949450 -0.655408 -3.865938
47 36 34
12 41 1457 -96.49 -92.19 44 1109 -123.67 -94.38 40 1638 -141.03 -102.03 42 1122 -92.26 -81.96 43 1313 -116.53 -83.47 39 1518 -124.11 -87.34 38 1279 -141.30 -50.38 45 1170 -165.08 -115.86 46 560 -185.03 -103.28 47 1065 -199.05 -120.58 48 1133 -189.89 -76.75 49 1152 -198.01 -56.82
-1.201695 -0.557148 -3.632984
126 58 39
11 41 1485 -130.77 -85.57 44 1139 -159.96 -87.75 40 1660 -176.86 -98.00 42 1149 -126.60 -72.79 43 1346 -151.53 -76.57 39 1592 -161.60 -83.48 38 1311 -180.67 -44.37 45 1198 -201.43 -110.24 46 594 -220.94 -96.23 47 1098 -234.72 -116.09 48 1175 -223.40 -70.77
2.284520 1.578307 -5.528356
228 228 220
10 41 1517 200.23 124.06 44 1161 243.31 92.79 40 1672 140.39 130.53 42 1180 238.10 124.38 43 1366 227.63 108.14 39 1601 141.87 151.31 38 1326 119.69 179.88 45 1237 228.16 38.60 46 627 227.84 32.84 47 1131 220.21 -11.92
1.470267 -1.209587 -6.082958
63 31 31
11 41 1489 123.46 -103.59 44 1113 99.38 -109.78 40 1688 89.28 -98.27 42 1153 128.11 -102.33 43 1350 102.69 -101.25 39 1612 106.49 -84.92 38 1332 98.23 -61.65 45 1171 60.93 -125.41 46 562 46.35 -118.67 47 1034 28.35 -129.07 48 1140 26.04 -101.03
1.631642 -0.956834 -5.941776
224 190 142
10 41 1529 138.84 -84.90 44 1152 118.15 -97.66 40 1681 102.55 -78.21 42 1191 146.22 -85.04 43 1361 119.78 -86.62 39 1628 119.65 -63.67 38 1348 111.72 -38.61 45 1228 78.75 -117.43 46 619 65.11 -113.48 47 1119 46.73 -130.62
0.918253 1.932190 -6.692860
216 219 208
7 41 1532 74.88 131.08 44 1189 110.61 146.38 40 1706 22.45 124.14 43 1402 96.71 149.04 39 1636 22.79 131.81 38 1355 2.79 147.30 45 1260 104.72 125.07
-0.857214 -0.537159 -3.935268
217 184 133
12 41 1538 -85.66 -78.05 44 1181 -108.67 -81.44 40 1712 -130.90 -86.94 42 1199 -79.25 -68.33 43 1391 -102.81 -70.45 39 1640 -115.55 -72.33 38 1362 -133.34 -35.57 45 1253 -148.94 -103.64 46 651 -167.01 -91.19 47 1151 -181.11 -110.57 48 1251 -172.72 -69.64 49 1261 -180.27 -52.24
2.560024 2.022240 -5.767222
93 45 48
7 41 1549 216.98 157.23 44 1199 272.88 126.50 40 1713 154.00 162.93 42 1215 258.05 158.00 43 1415 250.85 141.48 39 1644 152.88 184.01 38 1365 128.01 209.84
0.299655 1.077010 -6.755858
236 239 233
5 41 130 27.58 67.53 44 318 47.49 90.10 42 317 51.40 86.89 39 210 -13.64 64.10 45 628 38.23 76.60
0.616758 0.765197 -6.481047
213 217 202
10 41 602 53.86 47.50 44 336 67.63 59.54 40 288 9.58 42.07 42 100 73.11 61.28 43 498 61.49 62.36 39 233 14.42 50.38 45 71 51.23 41.95 47 323 44.67 33.72 48 62 55.39 56.15 49 63 60.09 62.74
0.471746 0.056611 -5.201436
215 220 214
6 41 255 49.48 -7.10 44 372 46.69 -13.44 40 341 5.65 -9.35 43 562 47.15 -5.42 39 270 16.57 5.66 45 448 19.36 -43.07
2.312804 -0.102182 -6.034463
128 103 81
5 41 261 190.21 -16.65 44 418 189.30 -43.38 42 640 208.03 -21.25 43 218 186.22 -29.38 39 278 157.89 12.40
0.394100 -0.096349 -4.896303
140 137 132
7 41 683 44.97 -22.76 44 636 39.75 -34.79 40 863 -0.73 -23.41 42 421 59.63 -17.78 43 843 38.79 -23.18 39 298 11.38 -7.11 45 703 6.17 -63.06
0.020433 -0.492812 -4.283771
175 125 85
5 41 326 10.84 -67.38 44 196 -6.33 -83.57 40 450 -34.13 -68.70 43 264 -3.87 -70.13 39 401 -18.36 -50.11
-1.142534 -0.636997 -3.713093
129 73 44
9 41 762 -121.74 -93.57 44 653 -150.65 -94.52 40 519 -166.73 -105.00 42 688 -118.11 -82.58 43 891 -142.34 -83.68 39 448 -151.30 -90.52 45 884 -191.79 -116.13 47 793 -226.51 -119.83 48 918 -216.20 -74.32
-0.944594 -0.680681 -3.838959
96 74 59
6 41 360 -96.10 -95.88 44 203 -123.59 -98.51 40 522 -140.97 -105.59 42 461 -92.09 -86.11 43 268 -116.42 -87.22 39 451 -124.64 -90.42
1.534544 1.164698 -6.014636
231 235 220
7 41 567 128.49 82.29 44 560 155.38 72.13 40 753 76.90 83.38 42 586 156.80 88.62 43 481 144.54 81.38 39 686 80.84 98.76 45 646 138.50 37.13
2.897122 0.544951 -5.937211
99 100 102
5 41 623 240.00 35.35 44 373 255.46 -4.70 40 785 188.25 48.01 42 357 266.23 27.00 39 727 195.33 70.33
-0.911812 1.569134 -8.842773
206 210 196
8 41 561 -43.22 82.87 44 287 -24.03 142.03 40 763 -82.10 64.92 42 300 -26.26 113.52 43 436 -31.52 130.97 39 737 -80.93 58.48 45 364 -24.25 153.97 46 90 -21.07 176.99
0.652974 0.014842 -5.235527
203 206 199
8 41 659 65.83 -10.89 44 621 63.94 -20.86 40 844 20.92 -11.28 43 565 62.40 -11.22 39 769 32.01 4.39 45 705 32.94 -49.06 47 614 10.32 -65.30 48 740 13.87 -39.56
-0.493508 -0.011203 -4.346728
171 159 133
6 41 676 -41.97 -17.92 44 609 -49.92 -21.25 40 855 -89.80 -25.55 42 623 -28.79 -7.27 43 822 -48.81 -11.43 39 784 -78.16 -10.49
0.284577 -0.029813 -4.739809
178 183 174
6 41 682 35.40 -17.17 44 619 30.93 -30.03 40 860 -11.42 -18.70 43 842 30.14 -18.18 39 788 0.55 -1.89 45 702 -2.93 -60.49
1.212004 -0.223373 -5.584538
161 164 157
4 41 688 108.58 -30.05 44 416 104.52 -44.05 40 874 67.83 -25.39 39 794 80.29 -9.09
-1.007662 -0.351995 -4.135744
197 174 160
11 41 996 -97.63 -55.54 44 904 -116.30 -51.17 40 1223 -143.52 -66.92 42 820 -89.93 -41.90 43 1023 -111.53 -42.86 39 855 -130.10 -54.06 45 972 -152.94 -71.82 46 427 -169.57 -56.65 47 965 -181.78 -75.86 48 1086 -171.07 -35.51 49 1095 -176.50 -17.03
-1.779172 -0.553299 -3.728750
148 131 83
6 41 755 -193.37 -84.53 44 645 -223.36 -68.63 40 977 -239.32 -103.19 42 673 -191.79 -64.87 43 595 -213.83 -62.09 39 889 -226.31 -93.93
1.263173 1.777633 -6.368954
139 129 93
5 41 886 102.42 124.89 44 723 140.81 129.43 40 1099 48.01 120.81 42 751 133.78 137.16 39 1010 48.47 132.58
3.225274 1.399436 -5.894283
47 46 52
5 41 912 268.00 104.84 44 755 307.21 59.65 40 1107 207.54 117.21 43 979 292.69 78.42 39 1013 209.12 140.89
-0.951499 1.649414 -8.900246
220 204 189
6 41 1114 -45.08 86.93 44 720 -25.79 147.53 40 1133 -83.69 68.79 42 758 -27.93 118.01 43 948 -33.20 135.90 39 1055 -82.69 62.16
0.601600 -0.219245 -5.210443
115 111 108
5 41 979 61.68 -31.76 44 413 54.59 -42.01 40 1182 18.56 -31.88 43 578 54.38 -30.46 39 1084 30.96 -16.44
-0.851424 -0.236993 -4.668915
161 74 35
5 41 986 -72.88 -38.37 44 783 -85.97 -27.12 40 1202 -116.89 -49.88 42 636 -63.57 -23.37 39 1119 -104.80 -39.50
1.985061 -0.806771 -6.333012
197 69 77
6 41 1162 158.90 -68.87 44 659 142.58 -82.24 40 1209 122.80 -61.45 42 829 167.67 -70.00 43 1037 143.47 -72.67 39 1124 137.24 -45.95
2.936389 1.818855 -6.051749
64 63 71
7 41 1094 238.42 135.32 44 870 287.98 101.80 40 1298 177.55 143.98 42 885 278.97 133.14 43 1095 270.76 117.44 39 1214 176.55 164.20 45 948 275.79 49.11
3.119881 1.757700 -5.966937
58 59 64
4 41 1096 256.49 132.59 44 745 305.38 92.62 42 755 296.65 127.65 39 1218 194.06 164.50
0.067897 2.953977 -8.121419
217 213 193
7 41 1088 11.21 174.18 44 851 56.54 225.21 40 1296 -38.50 158.59 42 874 40.83 203.64 43 1082 41.90 216.13 39 1228 -42.16 156.25 45 913 66.81 223.96
1.210407 1.621968 -6.542386
230 233 215
10 41 1228 95.96 110.91 44 724 129.91 117.17 40 1318 44.73 106.86 42 759 125.82 123.32 43 952 118.01 121.32 39 1241 46.64 116.90 45 941 121.11 91.03 46 328 122.96 98.28 48 844 137.68 85.70 49 836 145.56 85.58
0.250850 1.384618 -6.945075
226 230 224
6 41 1232 25.68 88.33 44 960 48.43 114.34 40 1326 -19.79 78.89 42 890 46.49 107.90 43 1094 39.30 113.68 39 1245 -17.95 82.70
2.978524 -0.907942 -5.796939
46 44 49
6 41 1170 251.87 -82.58 44 687 230.19 -122.76 40 1234 211.44 -65.25 42 694 262.25 -95.38 43 1055 231.99 -105.41 39 1281 228.97 -41.11
-1.198125 -0.329101 -3.823812
165 92 60
