# Bundle file v0.3
61 8459
0 0 0
0 0 0
0 0 0
0 0 0
0 0 0
0 0 0
0 0 0
0 0 0
0 0 0
0 0 0
0 0 0
0 0 0
0 0 0
0 0 0
0 0 0
0 0 0
0 0 0
0 0 0
0 0 0
0 0 0
0 0 0
0 0 0
0 0 0
0 0 0
0 0 0
0 0 0
0 0 0
0 0 0
0 0 0
0 0 0
0 0 0
0 0 0
0 0 0
0 0 0
0 0 0
0 0 0
0 0 0
0 0 0
0 0 0
0 0 0
0 0 0
0 0 0
0 0 0
0 0 0
0 0 0
0 0 0
0 0 0
0 0 0
0 0 0
0 0 0
0 0 0
0 0 0
0 0 0
0 0 0
0 0 0
0 0 0
0 0 0
0 0 0
0 0 0
0 0 0
0 0 0
0 0 0
0 0 0
0 0 0
0 0 0
0 0 0
0 0 0
0 0 0
0 0 0
0 0 0
0 0 0
0 0 0
0 0 0
0 0 0
0 0 0
0 0 0
0 0 0
0 0 0
0 0 0
0 0 0
0 0 0
0 0 0
0 0 0
0 0 0
0 0 0
0 0 0
0 0 0
0 0 0
0 0 0
0 0 0
0 0 0
0 0 0
0 0 0
0 0 0
0 0 0
0 0 0
0 0 0
0 0 0
0 0 0
0 0 0
0 0 0
0 0 0
0 0 0
0 0 0
0 0 0
0 0 0
0 0 0
0 0 0
0 0 0
0 0 0
0 0 0
0 0 0
0 0 0
0 0 0
0 0 0
0 0 0
0 0 0
0 0 0
0 0 0
0 0 0
1.6801523932e+003 5.3988477033e-002 -1.0043497870e-001
7.3686077255e-001 -2.7594624151e-001 -6.1716276109e-001
4.0694928511e-001 -5.4792870173e-001 7.3086689429e-001
-5.3984116297e-001 -7.8970108878e-001 -2.9145104075e-001
-6.1376127147e+000 7.5473005502e+000 -2.4143237033e+001
1.6765004523e+003 5.4173725765e-002 -8.7430313210e-002
7.5583161848e-001 -3.0385187496e-001 -5.7999362288e-001
4.2351498139e-001 -4.4867864115e-001 7.8697048071e-001
-4.9935320670e-001 -8.4045316054e-001 -2.1043968235e-001
-6.0412942007e+000 8.2541910063e+000 -2.3380727976e+001
1.6702213036e+003 4.3030350856e-002 -5.6336968078e-002
7.6624228129e-001 -3.3598949679e-001 -5.4770779109e-001
4.2774137245e-001 -3.6935915995e-001 8.2499159345e-001
-4.7948939995e-001 -8.6642072286e-001 -1.3930199685e-001
-6.3478267643e+000 8.7804833559e+000 -2.2681072160e+001
1.6840448353e+003 3.7352372378e-002 -5.1509936250e-002
8.1351191542e-001 -3.3283019488e-001 -4.7688827293e-001
4.0030519852e-001 -2.7435460597e-001 8.7434849930e-001
-4.2184607562e-001 -9.0219377717e-001 -8.9957083773e-002
-4.3327318730e+000 1.0917802183e+001 -2.3794352446e+001
1.6761869085e+003 4.6887875805e-002 -8.4989884515e-002
7.9798041481e-001 -3.7725746477e-001 -4.7000432217e-001
4.6441160820e-001 -1.1213441566e-001 8.7849173644e-001
-3.8412122533e-001 -9.1929466337e-001 8.5721678398e-002
-5.4410448867e+000 9.1281518693e+000 -1.9858878150e+001
1.6845816546e+003 6.5650477327e-002 -1.2519911574e-001
8.1601245241e-001 -3.7805422151e-001 -4.3726271636e-001
4.5813523531e-001 -3.8276512922e-002 8.8805800190e-001
-3.5247096857e-001 -9.2499184545e-001 1.4196584855e-001
-5.3857832548e+000 9.0456687224e+000 -1.9335035598e+001
1.6881834433e+003 5.2043026507e-002 -1.0288810750e-001
8.3673695928e-001 -3.7529143141e-001 -3.9878265067e-001
4.6061256358e-001 8.8506267730e-002 8.8317761908e-001
-2.9615422881e-001 -9.2267165454e-001 2.4692041365e-001
-5.0016482422e+000 9.2908666968e+000 -1.7593015061e+001
1.6791049601e+003 6.4268556435e-002 -1.2811482452e-001
8.4827728517e-001 -4.0669498842e-001 -3.3915311271e-001
4.1781122094e-001 1.2050869787e-001 9.0050621175e-001
-3.2536046337e-001 -9.0558094069e-001 2.7214652073e-001
-4.4113511760e+000 9.1257298877e+000 -1.6562818740e+001
1.6838668293e+003 5.2779091099e-002 -1.2186102345e-001
8.7124203486e-001 -3.8609904029e-001 -3.0309214405e-001
4.0354190976e-001 2.1186924653e-001 8.9009288810e-001
-2.7944810567e-001 -8.9779672168e-001 3.4039653755e-001
-3.1420582952e+000 8.9207377293e+000 -1.5111806641e+001
0 0 0
0 0 0
0 0 0
0 0 0
0 0 0
1.6951072640e+003 3.8406791065e-002 -3.1730011108e-002
8.9695237680e-001 -3.5584483496e-001 -2.6239452585e-001
3.8831030459e-001 3.5026265909e-001 8.5236798215e-001
-2.1140373958e-001 -8.6642398575e-001 4.5234714082e-001
-2.5560746137e+000 9.6067708447e+000 -1.3689295469e+001
1.6929029985e+003 4.3684659293e-002 -6.5542802788e-002
9.1669352184e-001 -3.2535130538e-001 -2.3199033406e-001
3.5882056201e-001 4.1474401268e-001 8.3620285112e-001
-1.7584308713e-001 -8.4978463862e-001 4.9693588789e-001
-2.3694258559e+000 8.8823430691e+000 -1.2902928388e+001
1.6694994584e+003 5.9278916860e-002 -9.2891643388e-002
9.2777010673e-001 -3.2350952224e-001 -1.8596832548e-001
3.5011554118e-001 5.8229067579e-001 7.3372793099e-001
-1.2908035049e-001 -7.4584124176e-001 6.5349759388e-001
-1.4123114929e+000 8.6881106133e+000 -9.5563060067e+000
1.6687790043e+003 7.3872338042e-002 -1.6721062322e-001
9.5052485769e-001 -2.6630181211e-001 -1.5995574319e-001
2.9972140149e-001 6.5080436957e-001 6.9758207692e-001
-8.1667474574e-002 -7.1101126392e-001 6.9842208311e-001
-8.4311800181e-001 8.1238054250e+000 -9.4877320895e+000
1.6961423937e+003 3.0238636171e-002 -6.4916746447e-002
9.6051143022e-001 -2.4469417643e-001 -1.3244830102e-001
2.6789301180e-001 6.8468298641e-001 6.7782191049e-001
-7.5173975865e-002 -6.8653766695e-001 7.2319769442e-001
-4.5487539863e-001 8.1492538612e+000 -9.0482939779e+000
1.6855515698e+003 3.9695926436e-002 -6.1098947354e-002
9.7137799856e-001 -2.0706276713e-001 -1.1640358403e-001
2.3307880535e-001 7.3633437098e-001 6.3520545071e-001
-4.5815438499e-002 -6.4415580769e-001 7.6352094995e-001
-7.4958147811e-001 7.2217518650e+000 -9.7423672745e+000
1.6846931022e+003 3.6629206942e-002 -1.0410356374e-002
9.7885455636e-001 -1.8360201287e-001 -9.0189014659e-002
2.0107826293e-001 7.8266335173e-001 5.8907182078e-001
-3.7567135514e-002 -5.9475068619e-001 8.0303196176e-001
-4.9618878292e-001 7.0787442849e+000 -9.7953154091e+000
1.6747799676e+003 2.3309338993e-002 -1.0584053708e-001
9.8849122921e-001 -1.4262663169e-001 -5.0425526430e-002
1.5020552478e-001 8.8572723632e-001 4.3923292587e-001
-1.7983050577e-002 -4.4175208746e-001 8.9695691263e-001
-4.9964875790e-001 5.5741403483e+000 -9.0932219622e+000
1.6698719081e+003 3.3466010190e-002 -4.5393937815e-002
9.9331895135e-001 -1.0801431878e-001 -4.0624719498e-002
1.1534975662e-001 9.1879938936e-001 3.7749452415e-001
-3.4488463991e-003 -3.7965851637e-001 9.2512027132e-001
-5.4858040515e-001 4.8003895740e+000 -9.1932527658e+000
1.6694692477e+003 5.4075209117e-002 -9.9418635230e-002
9.9783846957e-001 -6.4395729279e-002 -1.3098805411e-002
6.5404295022e-002 9.5385615981e-001 2.9305409840e-001
-6.3770561577e-003 -2.9327737118e-001 9.5600612797e-001
-2.6694601884e-001 3.2178736429e+000 -8.8446262931e+000
0 0 0
0 0 0
0 0 0
0 0 0
0 0 0
1.6634184899e+003 6.0033013703e-002 -7.9843675601e-002
9.9896589075e-001 -1.8933417523e-002 4.1336120023e-002
1.0823312627e-002 9.8206092329e-001 1.8825301818e-001
-4.4158861188e-002 -1.8761095024e-001 9.8125028730e-001
1.1596395048e-001 1.8585171330e+000 -7.6982063108e+000
1.6597919412e+003 7.4248073720e-002 -1.3242711731e-001
9.9944974501e-001 2.2781671543e-002 2.4108144863e-002
-2.3117954242e-002 9.9963799963e-001 1.3763352796e-002
-2.3785865523e-002 -1.4313110433e-002 9.9961460947e-001
2.6936360279e-001 4.8809060547e-001 -7.8143600219e+000
1.6627626854e+003 4.2925604157e-002 -6.3565506305e-002
9.9813434199e-001 5.7123995083e-002 2.1556542477e-002
-5.4905927648e-002 9.9421475683e-001 -9.2316609628e-002
-2.6705326191e-002 9.0960796445e-002 9.9549633805e-001
-6.0759448338e-002 -6.7668570815e-001 -8.5818822854e+000
1.6665167352e+003 5.3247853896e-002 -1.0119842867e-001
9.9462272436e-001 1.0327855034e-001 7.6926736772e-003
-9.9969609452e-002 9.7684516626e-001 -1.8915495852e-001
-2.7050201003e-002 1.8736878659e-001 9.8191711689e-001
3.3315509729e-001 -1.8589017666e+000 -8.7266186106e+000
1.6680933436e+003 4.4411492562e-002 -8.0550377091e-002
9.8937749476e-001 1.4290857435e-001 -2.6632916393e-002
-1.4454081554e-001 9.4755986639e-001 -2.8502324862e-001
-1.5495983417e-002 2.8584513112e-001 9.5815052863e-001
3.7190651439e-001 -3.3200183366e+000 -9.6829053111e+000
1.6567890221e+003 6.5272587473e-002 -1.1313921684e-001
9.8202887237e-001 1.8175374816e-001 -5.0841605600e-002
-1.8775537881e-001 9.1348551542e-001 -3.6096001281e-001
-1.9162764970e-002 3.6401893927e-001 9.3119439447e-001
5.7534941193e-001 -4.7090623971e+000 -9.8601952037e+000
1.6499047382e+003 9.0851832962e-002 -1.8375405105e-001
9.7481126412e-001 2.1761172546e-001 -4.8868561357e-002
-2.1654001710e-001 8.7096235309e-001 -4.4106122080e-001
-5.3417416101e-002 4.4053344532e-001 8.9614555917e-001
2.4706670609e-001 -5.5294052541e+000 -9.7425630035e+000
1.6782256505e+003 -1.1377769735e-002 2.7364808254e-002
9.6394727219e-001 2.5749083998e-001 -6.7112768926e-002
-2.5273608031e-001 8.0705487755e-001 -5.3365428729e-001
-8.3247403187e-002 5.3137641268e-001 8.4303557333e-001
-5.1844685232e-001 -5.9940119986e+000 -1.0044711854e+001
1.6589240133e+003 3.9564218315e-002 -8.3798224664e-002
9.4909802076e-001 3.0567981546e-001 -7.5978927347e-002
-2.9388020896e-001 7.7256683363e-001 -5.6282760269e-001
-1.1334623840e-001 5.5650726679e-001 8.2307490075e-001
-1.4212862042e+000 -7.6782865128e+000 -1.0088123666e+001
1.6706348617e+003 4.8872595662e-002 1.1132885725e-001
9.4344537966e-001 3.0962293763e-001 -1.1850929114e-001
-2.9278019504e-001 6.1042743207e-001 -7.3597425741e-001
-1.5553318934e-001 7.2904868608e-001 6.6655640448e-001
6.7139837758e-002 -8.2902202031e+000 -1.3714219065e+001
0 0 0
0 0 0
0 0 0
0 0 0
0 0 0
1.6973261287e+003 3.8127184206e-002 -3.5332340972e-002
8.9250478709e-001 4.4939276354e-001 -3.8488298202e-002
-2.9101411865e-001 5.0855781551e-001 -8.1035777965e-001
-3.4459539719e-001 7.3444883577e-001 5.8466992386e-001
-9.9097139334e-001 -1.1645391493e+001 -1.2475889901e+001
8.7322398743e+003 4.7128533840e-003 4.3721442914e-005
3.4101498804e-001 -7.1467764630e-001 6.1069193528e-001
9.2774648102e-001 1.5106789220e-001 -3.4126962787e-001
1.5164183095e-001 6.8294535201e-001 7.1455608687e-001
8.0345212566e+000 -2.1488378266e+000 -5.8880364578e+001
0 0 0
0 0 0
0 0 0
0 0 0
0 0 0
0 0 0
0 0 0
0 0 0
0 0 0
0 0 0
0 0 0
0 0 0
0 0 0
0 0 0
0 0 0
9.1711281649e-001 -2.1509151063e+000 -7.8171812175e+000
82 70 46
19 46 2555 101.0699 -191.0800 47 1828 56.8400 -215.2200 48 1388 94.9600 -254.9100 45 2080 82.6600 -190.0000 43 2660 94.6500 -113.6600 39 2629 175.6700 104.0700 40 2868 170.7700 110.7000 41 2937 122.2900 41.3300 42 2772 97.6300 -1.6800 36 3765 201.3101 255.9700 37 3736 229.6700 192.1300 38 3506 253.9500 207.0400 34 3072 118.2800 278.1100 35 3207 110.6000 200.2800 32 2891 89.5200 196.5300 30 2363 -29.4700 248.7800 31 2565 -10.5000 217.5400 29 1913 -36.5800 233.8600 28 1073 -19.3700 259.8600
9.1711281649e-001 -2.1509151063e+000 -7.8171812175e+000
82 70 46
19 46 2556 101.0699 -191.0800 47 1829 56.8400 -215.2200 48 1389 94.9600 -254.9100 45 2079 82.6600 -190.0000 43 2659 94.6500 -113.6600 39 2628 175.6700 104.0700 40 2867 170.7700 110.7000 41 2936 122.2900 41.3300 42 2773 97.6300 -1.6800 36 3766 201.3101 255.9700 37 3737 229.6700 192.1300 38 3507 253.9500 207.0400 34 3071 118.2800 278.1100 35 3208 110.6000 200.2800 32 2892 89.5200 196.5300 30 2364 -29.4700 248.7800 31 2564 -10.5000 217.5400 29 1914 -36.5800 233.8600 28 1074 -19.3700 259.8600
9.9377259690e-001 -2.3849218467e+000 -8.0971934207e+000
134 116 66
18 46 2560 106.1300 -212.0300 47 1936 61.9900 -230.4600 48 1398 98.5300 -266.5100 45 2083 88.3700 -218.4600 43 2663 102.5601 -144.2200 39 2634 192.5900 63.4000 40 2873 185.7400 72.3400 41 2940 133.8900 4.9800 42 2774 108.5100 -34.4700 36 3856 226.7800 216.1800 37 3834 251.6801 151.2800 38 3598 274.6801 164.0600 34 3194 143.8800 246.9800 35 3218 134.8600 166.3900 30 2535 -4.9100 228.7500 31 2657 14.7700 195.9600 29 2058 -12.3100 218.1700 28 1181 5.4900 246.3200
-2.7241962544e+000 -1.8745580665e+000 -5.5400337084e+000
70 62 53
15 46 2214 -329.5700 -175.2300 47 1292 -351.8600 -220.8300 45 1925 -370.5100 -139.0600 43 2512 -344.5000 -45.4900 39 2489 -316.9100 225.6000 40 2552 -300.7100 232.9400 41 2701 -336.3500 136.1600 42 2519 -348.4800 82.4600 36 3301 -337.7400 378.7500 37 3281 -289.9000 315.1500 38 3320 -277.3800 350.0100 34 2335 -349.7400 384.8100 32 1228 -360.5300 290.3900 30 1095 -449.3700 307.7300 29 991 -433.9700 286.4500
-2.3848601542e+000 -1.6959590817e+000 -5.5246350428e+000
134 114 106
18 46 2432 -286.6900 -153.2300 47 1825 -312.0400 -202.2300 48 1224 -260.3300 -258.7300 45 2063 -323.9200 -115.8300 43 2650 -303.6000 -21.1300 39 2490 -274.3200 251.4300 40 2741 -260.7100 259.4700 41 2850 -296.1500 163.0600 42 2685 -307.7700 107.5400 36 3601 -297.3100 407.2100 37 3568 -249.4200 343.8300 38 3484 -232.8200 378.2700 34 2826 -315.8100 404.1000 35 3085 -334.8500 332.9800 32 2693 -329.5600 307.0000 30 2009 -420.9100 321.9700 31 2004 -413.9000 315.5400 29 993 -406.9400 297.3900
5.3232106987e-002 -1.6666984379e+000 -6.9108870722e+000
82 65 35
17 46 2436 12.8300 -145.4000 47 1821 -26.9200 -181.0200 45 1922 -9.6800 -126.4400 43 2515 -1.9000 -43.8200 39 2249 54.9800 196.2100 40 2573 56.8800 201.1600 41 2711 15.9600 123.1800 42 2524 -3.8500 75.0200 36 3307 59.6800 348.2300 37 3287 96.5000 284.9600 38 3339 121.1000 307.4300 34 2841 -10.8700 347.1100 35 2817 -19.6900 275.5100 32 2360 -37.9000 257.4300 30 2024 -149.8800 291.7100 31 2027 -133.2200 269.1900 29 1026 -152.0600 269.1400
-2.3045046029e+000 -2.1879680994e+000 -6.0305263110e+000
136 118 110
19 46 2557 -267.6500 -208.4900 47 1831 -294.3600 -245.2600 48 1232 -247.1500 -292.1300 49 723 -214.4900 -348.0600 45 2174 -303.0000 -185.0300 43 2731 -279.9300 -94.2200 39 2690 -240.1200 162.4900 40 2920 -230.5400 171.4400 41 2930 -268.0200 79.2600 42 2764 -281.6200 29.1400 36 3835 -250.4700 315.6500 37 3822 -208.0200 251.4100 38 3589 -192.8300 281.2300 34 3183 -275.3900 339.3100 35 3193 -295.3100 261.5800 32 2884 -289.3200 251.2100 30 2356 -384.3000 280.8500 31 2372 -376.7000 268.9300 29 1604 -372.3500 265.3900
-2.6445626519e+000 -1.9995543041e+000 -5.7037962103e+000
135 114 103
19 46 2708 -316.7800 -188.6200 47 2012 -340.8600 -230.7900 48 1574 -291.1600 -281.4800 49 1209 -255.1500 -342.1300 45 2292 -354.2500 -157.8600 43 2791 -330.0500 -64.6400 39 2740 -297.2500 199.6600 40 2965 -284.4700 208.6800 41 3021 -320.6500 112.8000 42 2816 -332.9200 62.4900 36 3900 -316.0700 353.5200 37 3869 -270.4100 290.5800 38 3636 -256.2300 322.0300 34 3264 -330.9500 367.1200 35 3298 -352.3300 291.8200 32 2988 -342.6000 274.6200 30 2515 -433.9200 297.1000 31 2648 -427.7500 288.7600 29 2037 -418.5100 277.6700
1.5769716370e+000 -1.4886806442e+000 -7.5244976803e+000
74 67 43
17 46 2430 176.5601 -124.1200 47 1651 129.7600 -159.2300 48 1223 170.2300 -208.1900 49 712 183.0800 -271.7500 45 1924 157.7500 -111.0700 43 2510 161.0699 -31.9900 39 2502 227.4900 198.8400 40 2760 224.9301 202.0600 41 2859 181.9500 131.3900 42 2692 159.0601 83.0400 36 3612 237.9500 352.5800 37 3581 273.5400 289.2200 38 3340 302.8400 306.4300 34 2843 143.9700 345.0900 35 2821 141.8400 275.0600 32 2703 109.2300 255.3700 31 2381 9.2000 266.0100
1.0282445936e-001 -1.2284312609e+000 -6.4924245790e+000
124 109 71
12 46 341 22.2600 -97.1400 47 365 -17.7300 -142.9800 43 1077 0.1100 17.6900 39 607 43.6100 268.3500 40 775 49.2700 273.1500 41 925 12.1700 192.3100 42 916 -5.6000 139.6000 36 1162 36.2300 421.6200 37 1061 78.5400 359.9200 38 904 106.2500 385.4200 35 112 -40.4400 334.3100 32 92 -64.7400 304.1200
-2.5164098332e+000 -2.1177118290e+000 -5.8664213275e+000
125 115 106
13 46 642 -298.3600 -201.8600 47 576 -323.3500 -240.6600 43 1284 -310.5500 -82.6700 39 808 -273.8000 177.9600 40 966 -262.5300 187.3900 41 1134 -299.3500 92.9300 42 1118 -312.3200 42.0600 36 1331 -287.5800 331.3500 37 1271 -243.5100 267.1800 38 1927 -230.2500 298.8000 34 116 -306.4900 350.9800 35 225 -328.5300 274.5800 32 166 -319.1300 261.2600
8.0781072597e-001 -1.3676034453e+000 -7.0083056874e+000
128 113 74
12 46 1532 97.9900 -112.0300 47 370 54.9800 -151.5500 45 845 76.5601 -91.8900 43 1154 79.4200 -8.8500 39 1501 134.4100 230.8400 40 1838 135.5400 234.7700 41 2147 95.7400 159.8900 42 998 75.8199 108.6400 37 2272 174.8900 321.2700 38 1870 203.3199 342.8700 35 952 48.9400 303.2900 32 182 21.4200 278.5200
-2.2073251364e+000 -1.6516041643e+000 -5.5745756427e+000
139 116 108
12 46 2204 -264.0000 -147.6500 47 1298 -292.3800 -197.0100 48 419 -242.7200 -254.2500 45 1921 -297.5700 -109.6200 39 2219 -247.9800 255.7600 40 2539 -236.3600 263.2100 41 2695 -271.8400 167.9800 42 2514 -284.1800 112.6500 36 3286 -271.2100 411.2900 34 2337 -295.6400 406.1300 35 2098 -312.5800 335.3300 32 1231 -310.6100 308.4200
-2.4614827530e+000 -2.1653589097e+000 -5.9299890750e+000
72 65 61
12 46 2230 -290.8700 -206.7200 47 1351 -316.5700 -244.5300 43 2516 -302.7900 -89.6500 39 2255 -264.7000 168.9500 40 2761 -252.6300 178.9500 41 2715 -290.5100 85.3400 42 2526 -304.5100 34.0300 36 3619 -275.7000 323.3100 37 3589 -232.8500 258.8600 38 3335 -218.6800 289.3100 35 2813 -317.5200 267.7000 32 2354 -308.7000 255.9800
4.9537727115e-001 -1.5925068334e+000 -7.0619387985e+000
142 122 71
13 46 2632 62.5400 -135.9200 47 1922 20.2200 -172.3600 48 1478 64.0200 -221.1900 49 915 80.0300 -284.9900 45 2158 40.4600 -119.6900 43 2729 46.6700 -36.4200 40 2851 106.4100 204.7800 41 2925 64.7200 127.7500 42 2758 44.5200 80.5200 37 3812 148.5699 289.6000 38 3585 174.8300 312.6000 35 3199 27.4300 279.4100 32 2882 3.9500 260.1700
-1.0241019564e-001 -1.0466609012e+000 -6.2347566582e+000
118 102 51
13 46 2704 0.9800 -75.0800 47 2070 -39.8800 -126.8900 45 2286 -26.5700 -42.0000 43 2836 -25.8800 44.5300 39 2731 11.4800 300.2700 40 2954 18.4200 304.3600 41 3015 -16.2400 222.0600 42 2842 -32.6200 168.5500 36 3894 -2.8900 453.0000 37 3864 42.6600 392.1900 38 3626 69.8500 421.3200 35 3293 -75.8900 359.8500 32 2984 -96.8600 322.9300
-2.7129346202e+000 -1.7448070857e+000 -5.4285152720e+000
71 65 54
9 46 463 -330.3400 -160.1700 47 490 -353.0300 -208.7300 43 1137 -345.6300 -26.7200 40 760 -304.4700 255.7900 41 966 -339.0500 157.3700 37 1122 -296.3400 337.9000 38 937 -280.9700 374.5900 34 44 -356.0900 401.4000 35 92 -377.8900 329.5500
-2.2389429796e+000 -1.8519075059e+000 -5.7549402131e+000
73 62 56
13 46 1640 -264.8300 -171.1000 47 496 -291.7400 -215.4200 48 488 -242.1600 -267.3400 43 1208 -279.5900 -46.5900 39 1487 -245.6500 219.5300 40 1823 -233.4300 228.5000 41 1049 -270.1600 133.2800 42 1037 -282.9200 80.0600 36 2317 -262.5100 375.3700 37 2303 -217.4900 311.2400 38 1857 -200.8200 344.1900 34 49 -285.9000 381.0500 35 933 -305.8700 307.5900
-1.0085223423e-001 -1.2670766109e+000 -6.4233673584e+000
82 67 35
10 46 1516 -2.0500 -101.4600 47 1231 -41.5000 -147.9900 43 2142 -23.0200 14.1800 40 1777 25.8200 271.1400 41 2106 -10.9800 190.2200 42 2009 -28.3600 136.8500 36 2220 12.2800 419.6100 37 2210 55.0500 357.7300 38 1760 80.9100 383.6700 34 1071 -55.7300 399.5600
1.6570940249e+000 -1.5641990639e+000 -7.6444318351e+000
117 108 63
12 46 1534 183.4000 -131.5300 47 375 136.6200 -163.9200 43 1239 169.0400 -42.6600 39 1626 238.7800 184.7800 40 1897 235.4100 187.8100 41 1169 191.4900 117.7300 42 1068 167.9900 71.4000 36 2391 252.1899 338.5700 37 2388 286.7200 274.8100 38 1964 315.5200 291.4100 34 1245 157.1300 335.2300 35 1052 154.9900 263.9500
1.3204041683e+000 -2.6152508564e+000 -8.5100875984e+000
129 115 77
9 46 1836 135.4301 -231.7100 47 632 88.8300 -246.2400 43 1572 137.0699 -173.7400 39 1890 238.1801 23.9400 41 2396 172.3900 -31.0600 42 2273 144.2100 -69.2700 37 2706 301.9301 108.8500 34 1626 195.7100 212.2300 35 2350 186.6500 128.5900
-1.7350909407e+000 -3.4473686497e+000 -7.7340308419e+000
126 116 81
11 46 1965 -185.7700 -325.9200 47 1448 -216.8200 -331.7800 48 611 -179.3200 -355.3900 43 2391 -183.7900 -269.6400 39 2545 -104.1500 -80.7200 40 2653 -104.2800 -62.3200 42 2611 -176.3400 -164.6700 36 3668 -66.1100 57.3100 37 3460 -45.9800 -5.0300 34 2926 -105.2000 138.9600 35 2946 -130.9600 43.8400
6.5640701360e-001 -2.4747515279e+000 -8.0327570906e+000
143 122 77
13 46 2642 71.2600 -221.6100 47 1935 27.3800 -240.6600 48 1397 63.8400 -276.2300 45 2187 52.7000 -228.0700 43 2738 68.8700 -153.8200 39 2707 157.4500 53.3600 40 2929 150.9600 63.5000 41 3002 99.6500 -4.5200 42 2780 74.0400 -45.0800 37 3745 215.7600 136.1000 38 3602 237.7000 152.0300 34 3193 113.4500 238.6900 35 3223 103.2700 155.8000
-2.1778006757e-001 -1.8915416252e+000 -6.9730257989e+000
130 114 81
12 46 1667 -18.1300 -168.5300 47 1320 -57.0300 -201.5800 48 436 -13.9500 -247.6100 43 1300 -30.5000 -72.1400 39 1604 30.4000 164.1700 40 1930 30.8700 172.0700 41 2217 -10.6900 92.2800 42 2115 -30.9700 45.7700 36 2443 38.8100 315.4600 37 2372 73.3900 252.1600 38 2014 95.8600 275.0500 35 1035 -38.5100 252.4400
-1.7053541437e-001 -1.5288202916e+000 -6.6545501571e+000
94 80 53
10 46 2193 -11.1600 -130.2500 47 1659 -49.9100 -170.6300 43 2185 -28.6400 -23.5100 39 1493 22.2100 222.5800 40 1829 25.4100 229.6500 41 2186 -13.5900 148.6700 42 2049 -31.8700 98.2200 36 3305 20.7400 374.7800 38 3011 84.3199 338.1500 35 2133 -54.4800 298.0500
-8.5209823894e-001 -2.1816081756e+000 -6.9069742308e+000
89 75 58
12 46 2234 -90.4600 -200.2200 47 1363 -125.9100 -229.9200 48 997 -83.3900 -272.2400 45 1615 -116.5500 -189.1300 43 2276 -100.1600 -107.1000 39 1676 -39.7200 126.7600 40 1984 -36.8600 136.0600 41 2312 -79.7900 55.9400 42 2158 -99.5900 10.3500 36 2499 -28.7100 277.3900 38 3073 23.7300 238.8700 35 2213 -99.0500 224.9600
1.1463529448e-001 -9.7649669493e-001 -6.2863045561e+000
84 76 47
14 46 2409 24.7200 -68.0400 47 1634 -15.6600 -119.9100 48 954 32.9500 -180.5800 49 318 52.7900 -258.2700 45 2047 -1.1500 -34.4000 43 2638 -0.6800 52.5200 39 2472 36.5900 307.5700 40 2735 42.7100 311.5500 41 2838 8.1100 230.5500 42 2669 -8.4500 176.1600 36 3590 22.3200 458.8100 37 3555 67.6500 398.5700 38 3298 95.7600 426.3500 35 2777 -53.7600 363.7800
-2.4202140175e+000 -1.7676146184e+000 -5.5790929583e+000
72 64 55
10 46 2203 -290.3300 -161.7200 47 1297 -315.1800 -209.3400 45 1554 -328.6000 -124.7700 43 2179 -304.8400 -32.6000 39 1481 -275.8600 239.1400 40 1819 -261.8000 246.8400 41 2176 -297.8800 151.3000 42 2045 -309.5000 96.0900 36 2255 -297.7800 394.6300 37 2254 -250.0500 330.9000
8.0661342245e-001 -1.5991744006e+000 -7.2124893301e+000
90 74 48
10 46 1601 95.6500 -136.0700 47 1276 51.9500 -172.1600 45 1565 75.2400 -121.0600 43 2216 80.5601 -40.1600 39 1554 142.9500 195.0700 40 1892 142.3000 199.9300 41 2192 100.1300 125.2000 42 2083 78.8500 76.6000 36 2333 150.7400 349.3500 37 2316 187.0300 284.8800
6.4089807125e-001 -1.6983596267e+000 -7.2401892826e+000
77 61 36
10 46 1600 77.0699 -146.7000 47 454 33.8300 -180.6800 43 1227 63.1500 -52.2400 39 1613 127.0300 180.8500 40 1944 126.2500 185.6400 41 1164 83.5601 111.0600 42 1059 62.2600 64.2600 36 2388 137.1899 333.5800 37 2382 171.9500 269.8400 38 1960 198.0500 289.8900
-9.7248994104e-001 -2.3522729572e+000 -7.0364326470e+000
140 124 99
11 46 654 -103.8200 -217.7600 47 586 -138.6700 -243.7900 45 1084 -129.9800 -210.8500 43 1372 -111.7500 -129.7500 39 931 -47.8300 98.3000 40 1073 -46.2900 108.5900 41 1299 -90.0300 29.2500 42 1285 -109.8200 -14.3400 36 2554 -33.6100 247.2200 37 2546 -1.9800 183.9100 38 2138 15.9000 205.6500
1.1466618135e-001 -9.7544438923e-001 -6.2872557244e+000
84 76 47
10 46 2410 24.7200 -68.0400 47 1635 -15.6600 -119.9100 43 2639 -0.6800 52.5200 39 2471 36.5900 307.5700 40 2734 42.7100 311.5500 41 2839 8.1100 230.5500 42 2670 -8.4500 176.1600 36 3589 22.3200 458.8100 37 3554 67.6500 398.5700 38 3297 95.7600 426.3500
-1.7756400334e+000 -3.9545665591e+000 -8.3359668212e+000
60 54 51
11 46 2718 -185.7400 -367.6200 47 2081 -214.6800 -360.4900 45 2305 -214.1000 -400.1200 43 2853 -179.0300 -334.1500 39 2803 -86.5900 -175.0100 40 3005 -90.4700 -155.5100 41 3050 -144.2500 -212.1500 42 2877 -168.7200 -238.0500 36 3975 -33.0000 -47.6900 37 3930 -20.5800 -107.7700 38 3706 -11.5500 -94.4200
-2.0105812770e+000 -2.3060205852e+000 -6.2623500369e+000
70 65 59
10 46 2232 -231.9900 -220.2800 47 1355 -262.3700 -253.9600 48 1008 -216.8000 -298.4900 45 1936 -264.2700 -200.9500 43 2520 -241.8200 -111.8800 39 2512 -193.2900 140.4100 40 2772 -184.8700 149.0500 41 2869 -224.9800 59.0800 42 2536 -241.5900 10.1100 37 3596 -155.7900 229.2300
-6.7003088092e-001 -1.0903918924e+000 -5.9992195276e+000
122 106 64
10 46 2624 -68.6800 -80.2000 47 1915 -104.4000 -132.5900 48 1476 -55.1700 -193.9200 45 2145 -96.9600 -44.3400 43 2712 -92.4200 44.1300 39 2595 -58.9000 304.1700 40 2829 -50.0700 309.8900 41 2915 -84.7500 223.7700 42 2733 -99.5000 169.7300 37 3701 -30.0400 395.2900
1.8906359755e+000 -7.6873202191e-001 -7.0582771476e+000
93 94 63
9 46 1403 219.8300 -47.1700 47 1158 172.0400 -95.3400 45 747 198.3300 -22.2900 43 2101 190.7800 58.0100 39 1390 237.4301 300.0400 40 1746 238.6300 302.8100 41 2076 203.2800 230.8100 42 1977 184.0300 178.5900 38 1737 306.6700 411.6700
-7.6553475061e-001 -1.8960297252e+000 -6.6848658973e+000
80 64 38
9 46 1652 -80.4300 -170.3200 47 1305 -116.6800 -205.9500 45 1581 -106.8300 -152.7900 43 2207 -93.5000 -67.7200 39 1597 -39.6000 173.4400 40 1921 -35.5700 181.0700 41 2215 -76.3800 98.6000 42 2108 -94.9500 51.7200 38 1937 21.6500 286.6900
-2.3420029914e-001 -2.3012350721e+000 -7.3516026996e+000
134 119 87
7 46 1733 -21.3300 -209.6200 47 597 -60.2600 -235.3100 43 1382 -27.8600 -126.1400 40 2041 42.5900 105.5600 41 2319 -3.9800 31.5300 42 1305 -26.2700 -12.3600 38 2148 113.9700 202.7900
-8.9250988605e-001 -2.1070071286e+000 -6.8203153726e+000
136 121 91
6 46 1654 -95.2300 -192.7200 47 1304 -130.6400 -224.5200 45 1613 -121.5500 -179.5900 43 2240 -105.7200 -96.0900 39 1670 -47.7900 140.1300 42 2156 -105.6700 22.0000
-8.9292543036e-001 -2.1073428782e+000 -6.8195660544e+000
136 121 91
7 46 1655 -95.2300 -192.7200 47 1303 -130.6400 -224.5200 48 498 -87.5300 -268.3200 45 1614 -121.5500 -179.5900 43 2239 -105.7200 -96.0900 39 1671 -47.7900 140.1300 42 2155 -105.6700 22.0000
5.9682189102e-001 -9.8462795800e-001 -6.5442667373e+000
68 56 29
7 46 2421 79.2500 -69.0600 47 1640 35.7000 -119.1300 45 1900 54.9300 -39.4500 43 2492 53.9300 45.4200 39 2205 95.9100 295.9500 41 2674 64.6100 221.2200 42 2493 46.9300 167.3200
-3.9741668174e-001 -1.9955273742e+000 -6.9558100707e+000
145 125 93
7 46 1664 -37.8200 -179.2300 47 1317 -76.3600 -212.1400 48 429 -34.2600 -257.6500 43 2242 -49.3100 -83.5500 39 2271 9.9400 151.6100 41 2265 -29.5700 80.7000 42 2113 -50.1600 32.8300
-2.2957050434e+000 -2.1871968236e+000 -6.0424676294e+000
136 118 110
8 46 2558 -267.6500 -208.4900 47 1832 -294.3600 -245.2600 48 1233 -247.1500 -292.1300 45 2175 -303.0000 -185.0300 43 2732 -279.9300 -94.2200 39 2691 -240.1200 162.4900 41 2931 -268.0200 79.2600 42 2765 -281.6200 29.1400
3.7156447668e+000 -1.8362910908e+000 -9.2105227340e+000
58 49 42
9 46 2634 361.7400 -153.3300 47 1923 308.6200 -171.2400 48 1479 344.8300 -209.2800 45 2235 350.5500 -163.4100 43 2793 358.5900 -96.4400 39 2754 463.7300 95.5300 40 2973 449.5300 99.8300 41 2998 394.2800 46.2000 42 2822 364.6100 6.4300
-2.3876160046e+000 -1.9724643169e+000 -5.8322425527e+000
67 64 57
7 46 2793 -284.0500 -184.8500 47 2125 -310.5600 -226.9900 45 2328 -318.8100 -155.2800 43 2869 -296.6200 -62.7000 39 2797 -259.3100 198.3500 40 3014 -246.1600 206.0400 41 3058 -284.7800 114.3800
-9.0862692483e-001 -2.3636096716e+000 -7.0351199035e+000
101 84 70
6 46 1722 -96.7400 -219.1500 47 1360 -132.7700 -246.0400 48 502 -90.9200 -285.2000 43 2278 -104.1400 -130.2600 40 2032 -37.8300 108.0300 41 2314 -82.2700 30.5800
-2.1439727994e+000 -2.1203022795e+000 -6.0627844765e+000
135 119 109
8 46 2440 -248.7400 -200.3400 47 1833 -276.2400 -238.1500 48 1234 -227.9400 -285.1600 45 2075 -283.5600 -176.9600 43 2654 -261.9000 -86.4700 40 2762 -211.1600 179.8800 41 2862 -249.4000 87.6400 42 2694 -263.4400 37.7000
-2.5005547921e+000 -1.5961945996e+000 -5.3834481388e+000
73 65 55
4 46 465 -304.4000 -142.3300 47 430 -328.1900 -193.8800 43 1136 -320.3500 -5.8400 41 967 -314.8200 180.7700
7.5826050443e-001 -1.3231205425e+000 -6.9334896684e+000
82 68 39
4 46 397 93.1600 -107.0900 47 368 50.1200 -148.0400 43 1081 73.9200 -2.9100 41 989 89.6500 167.2300
-4.8859951725e-001 -9.3227758988e-001 -5.9195556730e+000
72 63 34
5 46 1388 -46.1700 -62.2600 47 305 -82.3000 -117.8300 45 1476 -75.5100 -22.3100 43 2079 -72.3800 66.1600 41 2060 -66.6800 248.5600
1.3206755327e+000 -2.6164078976e+000 -8.5204816961e+000
129 115 77
5 46 1837 135.4301 -231.7100 47 633 88.8300 -246.2400 43 1573 137.0699 -173.7400 41 2397 172.3900 -31.0600 42 2274 144.2100 -69.2700
1.4059130361e+000 -2.5627362943e+000 -8.5024115255e+000
83 66 44
5 46 1762 144.2400 -226.7600 47 1375 97.3199 -241.8600 43 2332 145.4100 -167.2500 41 2399 180.5100 -23.3500 42 2232 152.5100 -62.8400
-1.4210452388e+000 -1.7648357300e+000 -6.0361606363e+000
91 81 56
7 46 2630 -161.6400 -160.4000 47 1926 -193.7000 -203.5800 48 1481 -146.3200 -256.2400 45 2155 -190.9100 -129.2400 43 2724 -177.1100 -38.2700 41 2984 -164.5200 139.4700 42 2752 -180.2900 87.9100
3.0175125652e+000 -9.1801172124e-001 -7.7527177175e+000
79 85 59
4 46 1435 327.3199 -65.7600 47 337 276.2100 -104.8300 45 814 308.6100 -49.9800 42 957 299.3000 143.4700
1.2070800097e+000 -1.6569405666e+000 -7.4919172141e+000
137 116 65
4 46 2548 136.5601 -141.3800 47 1822 90.3300 -175.2900 45 2069 118.1600 -128.6400 42 2691 122.0699 62.1100
-7.9612643742e-001 -9.5909551521e-001 -5.7324981155e+000
56 49 43
6 46 2766 -84.6400 -64.7400 47 2069 -119.9800 -122.2100 48 1630 -70.2900 -188.2500 45 2284 -113.4200 -21.6300 43 2832 -109.7600 68.2600 42 2840 -117.8700 196.2500
-2.7173140094e+000 2.1772652632e+000 -7.8711383778e+000
167 78 82
4 46 2358 -275.8400 279.6500 47 1879 -292.3500 243.7300 45 1413 -313.9700 262.7600 43 48 -296.1600 277.6900
3.3162333711e+000 2.8153207981e-001 -8.3279014697e+000
164 178 153
10 46 2136 348.0800 58.1000 47 1611 303.3400 18.4900 48 1182 354.2700 -33.7500 49 887 370.7000 -109.6800 50 861 407.6801 -195.8500 51 752 379.3199 -223.3900 53 767 236.4399 -363.6600 54 812 365.5100 -252.8000 45 710 319.9700 64.1300 43 132 310.8700 125.0900
2.3372118877e+000 -2.2386024348e-002 -7.5733182415e+000
184 179 160
9 46 2135 259.1300 32.0400 47 1908 217.1000 -13.5000 48 1470 267.5900 -70.3300 49 1203 283.6700 -150.3000 50 1150 318.7100 -238.8600 51 1106 289.9800 -269.5400 54 1049 277.7700 -298.7600 45 1466 233.4500 48.3700 43 139 222.9700 117.4200
-8.3240962904e-001 -2.2709360930e+000 -6.9897724239e+000
136 120 97
3 46 657 -88.0100 -209.3800 47 589 -124.0400 -237.5600 43 448 -96.8900 -118.2300
-2.6097943598e+000 2.0463644108e+000 -7.7118559487e+000
204 185 186
11 46 2498 -267.7700 269.0500 47 1880 -283.0900 231.1000 48 1443 -222.7800 196.2300 49 1255 -173.8000 121.3900 50 1212 -125.3600 44.7600 51 1080 -156.7100 23.7700 53 1110 -297.2700 -109.6000 52 767 -218.7700 46.4400 54 1097 -83.5900 -59.8300 45 1414 -303.9800 254.4300 43 934 -288.2700 272.7500
1.6454741186e+000 -1.3589690376e+000 -7.4297745019e+000
66 60 28
4 46 401 185.1700 -110.9000 47 371 138.5699 -147.2300 45 855 166.5601 -95.5200 43 1158 167.3900 -16.2500
-5.1314142327e-001 3.4755459567e+000 -1.0613218558e+001
132 90 74
5 46 2494 -38.4300 346.1800 47 1871 -54.1300 334.9500 48 1427 8.7000 324.5500 45 1856 -79.1600 290.1100 43 2062 -71.5000 283.3100
5.3350209419e-001 3.2000035453e+000 -1.0695434338e+001
112 125 95
12 46 2495 52.9800 316.0000 47 1960 35.4000 303.8200 48 1524 98.3500 289.4800 49 1309 144.0200 235.0300 50 1267 198.0100 173.8300 51 1130 183.2600 169.5200 53 1101 85.6700 63.1400 52 817 150.2900 208.5600 54 1145 256.8000 123.7000 45 1861 10.8800 264.7500 56 680 141.2400 -153.3800 43 2064 13.1300 265.0700
5.0772695595e-001 3.1929475266e+000 -1.0674037155e+001
112 125 95
5 46 2496 52.9800 316.0000 47 1961 35.4000 303.8200 48 1525 98.3500 289.4800 45 1862 10.8800 264.7500 43 2065 13.1300 265.0700
3.0698535239e+000 1.8727475661e+000 -1.0150312984e+001
163 168 159
9 46 2507 289.3800 197.0400 47 1889 258.9399 174.6900 48 1454 317.2000 144.5300 49 1261 348.6100 79.2000 50 1129 394.7700 8.2600 51 1087 377.9200 -8.9100 52 775 338.4900 15.8700 45 1871 251.1700 167.9800 43 2075 245.3300 195.1800
1.6790240296e+000 -1.2492129993e+000 -7.3410262504e+000
71 65 41
4 46 1458 190.6500 -99.4700 47 1236 143.6600 -137.8100 45 1535 170.9200 -81.9800 43 2149 170.8400 -1.8700
-2.5904009045e+000 -1.9302724923e+000 -5.6503856333e+000
131 113 99
3 46 1638 -311.0000 -181.2400 47 1296 -334.8900 -225.3000 43 2202 -325.3300 -55.0900
-2.3503131821e+000 -2.1301657726e+000 -5.9646724266e+000
75 69 62
3 46 1713 -276.0700 -202.7200 47 1350 -302.2800 -240.7000 43 2232 -288.3000 -86.1300
1.0555505524e+000 -1.8173536242e+000 -7.5861267280e+000
93 78 55
4 46 1608 119.0900 -157.9000 47 456 74.8900 -187.1200 45 983 99.2100 -150.8000 43 2253 106.9800 -71.5300
-1.7534870378e+000 -3.2819688146e+000 -7.5244717341e+000
96 81 57
4 46 2272 -189.7600 -311.4300 47 1412 -220.4800 -321.5400 45 1764 -219.2800 -325.4000 43 2549 -188.9800 -247.4200
-2.6082743749e+000 -3.6431617345e+000 -7.4885239037e+000
79 66 47
3 46 2292 -285.2600 -350.5100 47 1435 -310.8700 -354.9000 43 2568 -284.6800 -294.4400
3.5827907022e+000 -1.0125164190e-001 -7.9905651334e+000
140 147 129
11 46 2696 382.9301 18.7900 47 2063 334.5200 -23.8600 48 1681 382.9100 -80.8600 49 1398 395.4100 -159.5300 50 1346 429.5601 -247.8400 51 1201 398.8800 -277.8500 53 1171 248.7600 -419.5300 52 889 336.7000 -266.1000 54 1174 372.6300 -298.9500 45 2140 357.1700 32.6900 43 2631 345.7300 103.0000
-3.7745436296e+001 -2.8782388359e+000 -9.7480534470e+001
254 188 117
6 46 2532 -639.6800 -46.0200 47 1891 -636.9000 120.0600 48 1433 -616.8900 282.7700 49 1128 -565.1200 441.5100 45 2088 -689.5900 -327.2600 43 2686 -607.4300 -508.9800
1.5998401103e+000 5.3199317270e-002 -7.3264792477e+000
166 163 103
4 46 2756 186.3000 43.5900 47 2119 145.8600 -3.1600 45 2218 156.7500 60.6500 43 2704 147.2400 129.1900
3.0137646845e+000 2.1952825487e-001 -8.0312876635e+000
76 82 69
10 46 2786 322.3199 53.3900 47 2144 278.5800 12.3300 48 1709 329.9500 -41.1500 49 1425 347.1400 -120.5800 50 1376 384.0699 -207.6000 53 1220 209.7000 -384.1200 52 930 296.3500 -228.6600 54 1240 342.0400 -269.4000 45 2281 293.4200 62.6700 43 2705 281.8300 126.3200
-7.9697219200e-001 -9.5841183201e-001 -5.7238337953e+000
56 49 43
5 46 2767 -84.6400 -64.7400 47 2068 -119.9800 -122.2100 48 1629 -70.2900 -188.2500 45 2285 -113.4200 -21.6300 43 2833 -109.7600 68.2600
-4.2156184108e+001 -7.2431948033e-001 -9.7036315821e+001
254 204 99
6 46 2759 -713.8400 -9.5700 47 2097 -710.8700 158.7400 48 1654 -691.1600 325.9200 49 1359 -637.7400 488.1200 45 2297 -765.5600 -292.5200 43 2857 -681.7700 -476.7900
-4.2156184108e+001 -7.2431948033e-001 -9.7036315821e+001
254 204 99
6 46 2760 -713.8400 -9.5700 47 2098 -710.8700 158.7400 48 1655 -691.1600 325.9200 49 1360 -637.7400 488.1200 45 2298 -765.5600 -292.5200 43 2858 -681.7700 -476.7900
-3.8289296405e+001 -1.5013040477e+000 -9.7711581910e+001
246 55 91
6 46 2761 -646.2200 -23.8600 47 2102 -643.5200 142.9900 48 1657 -623.3900 306.5900 49 1361 -570.5900 465.4900 45 2299 -697.1700 -304.0000 43 2859 -614.9200 -486.2000
-3.8289296405e+001 -1.5013040477e+000 -9.7711581910e+001
246 55 91
6 46 2762 -646.2200 -23.8600 47 2103 -643.5200 142.9900 48 1658 -623.3900 306.5900 49 1362 -570.5900 465.4900 45 2300 -697.1700 -304.0000 43 2860 -614.9200 -486.2000
-3.9796718513e+001 3.4900389279e-001 -9.4725943838e+001
71 38 83
6 46 2758 -689.2500 7.4200 47 2099 -685.8200 174.8300 48 1656 -665.1800 339.8500 49 1358 -611.4900 500.3600 45 2331 -740.2400 -271.8200 43 2877 -658.1900 -455.0700
-2.4231532161e+000 1.6200659357e+000 -7.2976039742e+000
159 72 72
4 46 1253 -253.3000 229.0600 47 1557 -270.9600 185.4900 48 1130 -211.3500 144.1200 45 55 -291.8800 226.2900
1.2916449078e+000 2.3636995700e+000 -9.9680317309e+000
102 96 84
5 46 1258 127.8300 250.1800 47 1541 104.0500 229.0500 48 1113 164.2800 203.3600 49 818 202.2700 141.5600 45 70 88.9000 214.6900
2.0470563401e+000 2.0251514357e+000 -9.8695069211e+000
154 153 148
10 46 1267 200.1400 217.8500 47 1003 171.8199 194.6500 48 1124 230.5800 164.5200 49 827 264.2500 100.6700 50 969 312.3199 28.3400 51 864 293.8800 12.4900 53 846 180.9800 -111.0000 52 576 253.2300 38.1600 54 886 332.0500 -33.9000 45 75 160.7100 188.1800
1.7175558119e-001 8.1514823653e-002 -6.8667122725e+000
72 86 70
10 46 1349 31.3300 53.2200 47 1100 -3.5700 3.2900 48 1185 49.6900 -53.8500 49 888 75.4600 -134.9800 50 863 113.5100 -223.0300 51 755 80.5200 -256.0200 53 771 -75.4800 -402.2600 52 479 12.4700 -245.5200 54 621 98.0300 -297.0100 45 133 0.9100 74.3400
6.1627818423e-001 -1.4935898852e-001 -6.7706271208e+000
179 163 113
10 46 1364 82.0200 25.7000 47 1125 43.1400 -25.3600 48 914 94.9500 -85.0500 49 679 117.0200 -166.8100 50 643 153.3199 -256.6300 51 766 119.8700 -291.5500 53 782 -38.9900 -438.1600 54 645 127.6600 -325.0800 45 149 53.0400 51.6600 57 790 577.9900 97.0100
8.2822747744e-001 -2.2826381459e-001 -6.7550621677e+000
144 95 75
4 46 251 105.3400 16.6100 47 1129 65.3500 -35.2000 48 919 116.7800 -95.7500 45 153 78.6000 43.3000
1.4330379274e+000 -7.7581661656e-002 -7.1552313431e+000
141 86 66
4 46 1358 169.1600 30.4400 47 1130 127.9500 -18.1700 48 920 178.9600 -76.2500 45 158 141.0699 51.0700
-1.9707454166e+000 1.7498158341e+000 -7.5640249528e+000
198 199 192
11 46 2084 -198.6300 237.1300 47 1550 -218.3100 196.3500 48 1315 -159.1200 156.7600 49 1026 -115.0300 79.5200 50 978 -67.7700 -0.3500 51 872 -98.4100 -24.5400 53 979 -240.1600 -163.2900 52 700 -160.6800 -5.8800 54 895 -34.9700 -105.0000 45 652 -235.4100 229.2600 56 575 -191.7400 -462.9700
1.4264766363e+000 2.6764748202e+000 -1.0335670159e+001
128 122 110
11 46 2065 137.1500 272.2500 47 1753 114.5200 255.7900 48 1437 174.0200 232.8200 49 1251 215.7900 173.9000 50 1203 267.5699 107.2400 51 1133 252.0100 96.2500 53 1107 148.2600 -20.2700 52 822 215.8400 127.6200 54 1146 308.6200 47.0000 45 658 96.8500 230.2300 56 686 188.7700 -232.4100
1.9078672894e+000 1.6436322660e+000 -9.3146710121e+000
87 83 82
4 46 2094 191.4700 189.1900 47 1779 163.3199 160.3500 48 1321 221.1300 124.9300 45 681 154.9800 168.3400
2.2907381717e+000 1.8910084864e+000 -9.8262857658e+000
92 92 89
9 46 2095 223.3400 205.1700 47 1780 192.9800 181.2200 48 1322 253.3199 150.2800 49 1028 284.1801 85.2300 50 980 330.6700 12.1900 51 1012 312.4800 -5.0700 53 974 196.9100 -129.6900 52 695 269.9800 19.7700 45 682 186.9700 177.2500
3.7123439351e+000 -1.5279894778e-001 -7.9709591404e+000
175 182 169
9 46 1370 397.3400 13.3800 47 1618 346.9301 -29.9900 48 1199 395.5500 -87.7300 49 903 406.5000 -166.0600 50 882 440.1400 -255.1500 51 774 409.1500 -284.8800 53 789 258.1801 -427.7700 54 637 380.0200 -306.0600 45 718 372.4900 27.8900
3.7123439351e+000 -1.5279894778e-001 -7.9709591404e+000
175 182 169
9 46 1371 397.3400 13.3800 47 1619 346.9301 -29.9900 48 1198 395.5500 -87.7300 49 904 406.5000 -166.0600 50 883 440.1400 -255.1500 51 773 409.1500 -284.8800 53 788 258.1801 -427.7700 54 638 380.0200 -306.0600 45 719 372.4900 27.8900
1.9400289185e+000 -8.2167961413e-001 -7.0794552273e+000
65 65 39
4 46 1410 224.9100 -53.2500 47 1162 177.0400 -100.0900 48 277 222.6801 -159.0400 45 748 203.2100 -29.4900
2.3565246754e+000 -1.6612047005e+000 -8.0760473506e+000
94 93 65
3 46 1626 250.3500 -140.3800 47 473 199.9000 -168.9200 45 1007 233.8900 -136.7900
-2.2824029180e+000 1.3076923923e+000 -6.9656376799e+000
202 189 191
10 46 2372 -244.7100 198.7600 47 1783 -263.2800 151.3800 48 1455 -202.9500 105.4800 49 1186 -158.0100 24.4000 50 1130 -112.2900 -59.3900 51 1018 -145.7700 -88.1400 53 1057 -296.4900 -232.7900 52 780 -212.1100 -73.1100 54 1029 -83.4000 -167.0700 45 1429 -282.4000 203.4600
1.9025399003e+000 2.1598575612e+000 -9.9189286083e+000
107 106 103
5 46 2370 185.5900 229.2600 47 1884 158.3500 209.0600 48 1450 218.4200 178.2400 49 1178 253.2500 114.6200 45 1432 146.2400 198.4200
3.0148361790e-001 -1.3414920573e-001 -6.6947011049e+000
69 83 61
10 46 2398 46.2300 28.4900 47 1804 9.2700 -23.0800 48 1361 61.5600 -82.0900 49 1074 85.7400 -163.6100 50 1040 122.5200 -253.4900 51 929 88.8300 -287.4000 53 902 -71.1200 -435.6800 54 821 101.0601 -323.2000 45 1457 17.1100 54.8200 57 921 567.3101 53.5800
1.4897452133e+000 -8.5455380667e-001 -6.8836859456e+000
105 101 63
4 46 1399 177.5000 -55.9000 47 1194 131.4301 -104.1500 48 270 177.3900 -163.6900 45 1484 155.4600 -30.1300
1.4464158507e+000 -9.9311358057e-001 -7.0292203040e+000
107 101 65
4 46 2180 170.4399 -71.3200 47 1193 124.4900 -115.8400 48 961 170.2800 -172.9400 45 1502 147.6700 -48.6400
1.8279677411e+000 -1.2076958643e+000 -7.3530603249e+000
76 71 46
3 46 2183 207.0800 -94.8400 47 1237 159.1200 -134.2800 45 1537 187.1700 -77.8300
1.1187261718e+000 -2.5415198876e+000 -8.2965444582e+000
86 74 48
