# Bundle file v0.3
60 3904
0 0 0
0 0 0
0 0 0
0 0 0
0 0 0
0 0 0
0 0 0
0 0 0
0 0 0
0 0 0
0 0 0
0 0 0
0 0 0
0 0 0
0 0 0
0 0 0
0 0 0
0 0 0
0 0 0
0 0 0
0 0 0
0 0 0
0 0 0
0 0 0
0 0 0
0 0 0
0 0 0
0 0 0
0 0 0
0 0 0
0 0 0
0 0 0
0 0 0
0 0 0
0 0 0
0 0 0
0 0 0
0 0 0
0 0 0
0 0 0
0 0 0
0 0 0
0 0 0
0 0 0
0 0 0
0 0 0
0 0 0
0 0 0
0 0 0
0 0 0
0 0 0
0 0 0
0 0 0
0 0 0
0 0 0
0 0 0
0 0 0
0 0 0
0 0 0
0 0 0
0 0 0
0 0 0
0 0 0
0 0 0
0 0 0
0 0 0
0 0 0
0 0 0
0 0 0
0 0 0
0 0 0
0 0 0
0 0 0
0 0 0
0 0 0
0 0 0
0 0 0
0 0 0
0 0 0
0 0 0
0 0 0
0 0 0
0 0 0
0 0 0
0 0 0
0 0 0
0 0 0
0 0 0
0 0 0
0 0 0
0 0 0
0 0 0
0 0 0
0 0 0
0 0 0
0 0 0
0 0 0
0 0 0
0 0 0
0 0 0
0 0 0
0 0 0
0 0 0
0 0 0
0 0 0
0 0 0
0 0 0
0 0 0
0 0 0
0 0 0
0 0 0
0 0 0
0 0 0
0 0 0
0 0 0
0 0 0
0 0 0
0 0 0
0 0 0
0 0 0
0 0 0
0 0 0
0 0 0
0 0 0
0 0 0
0 0 0
0 0 0
0 0 0
0 0 0
0 0 0
0 0 0
0 0 0
0 0 0
0 0 0
0 0 0
0 0 0
0 0 0
0 0 0
0 0 0
0 0 0
0 0 0
0 0 0
0 0 0
0 0 0
0 0 0
0 0 0
0 0 0
0 0 0
0 0 0
0 0 0
0 0 0
0 0 0
0 0 0
0 0 0
0 0 0
0 0 0
0 0 0
0 0 0
0 0 0
0 0 0
0 0 0
0 0 0
0 0 0
0 0 0
0 0 0
0 0 0
0 0 0
0 0 0
0 0 0
0 0 0
0 0 0
0 0 0
0 0 0
0 0 0
0 0 0
0 0 0
0 0 0
0 0 0
0 0 0
0 0 0
0 0 0
0 0 0
0 0 0
0 0 0
0 0 0
0 0 0
0 0 0
0 0 0
0 0 0
0 0 0
0 0 0
0 0 0
0 0 0
0 0 0
0 0 0
1.6373878613e+003 3.2467017960e-002 3.1000513390e-002
9.6365313754e-001 -2.2215439338e-001 -1.4839156316e-001
2.6601352857e-001 7.4657216480e-001 6.0980882690e-001
-2.4686699474e-002 -6.2711835266e-001 7.7853268308e-001
-9.7012447244e-001 5.1532634730e+000 -8.3636057755e-001
1.6020197652e+003 6.3188154764e-002 -3.0770000874e-002
9.7165627019e-001 -1.9961100772e-001 -1.2664729843e-001
2.3596794531e-001 7.8665192004e-001 5.7052421989e-001
-1.4255573987e-002 -5.8423813834e-001 8.1145706992e-001
-7.9918693000e-001 4.9549566189e+000 -6.4466253732e-001
1.6510243952e+003 5.5099228078e-002 -5.2188183253e-003
9.8334714856e-001 -1.6221619784e-001 -8.1940774843e-002
1.8168038196e-001 8.8871560060e-001 4.2092376990e-001
4.5413913942e-003 -4.2880122016e-001 9.0338745251e-001
-6.2650085886e-001 3.7418887587e+000 -2.2586563075e-001
1.6477300950e+003 5.5732151222e-002 -3.4285586460e-002
9.8930692749e-001 -1.2697418856e-001 -7.1759031888e-002
1.4434648030e-001 9.2284075401e-001 3.5711207816e-001
2.0878142743e-002 -3.6365161650e-001 9.3130102812e-001
-6.1207649570e-001 3.1654490819e+000 -1.6829762570e-001
1.6314739591e+003 6.4199184540e-002 -1.1128370694e-001
9.9539832984e-001 -8.3891942482e-002 -4.6306661845e-002
9.3532589997e-002 9.5565847362e-001 2.7922846632e-001
2.0828335341e-002 -2.8227473104e-001 9.5910747920e-001
-4.1084530165e-001 2.2205229413e+000 1.1708982041e-001
0 0 0
0 0 0
0 0 0
0 0 0
0 0 0
1.6347418771e+003 8.3306791846e-002 -1.4825215901e-001
9.9928585107e-001 -3.7313165493e-002 5.9594917145e-003
3.5687155063e-002 9.8379928285e-001 1.7568550886e-001
-1.2418326142e-002 -1.7534736594e-001 9.8442830436e-001
-6.5221967087e-002 1.2581668606e+000 6.3394489845e-001
1.6319717074e+003 8.7153728509e-002 -1.7069035232e-001
9.9992164028e-001 4.0993905125e-003 -1.1828283900e-002
-4.0765851634e-003 9.9998978649e-001 1.9515020310e-003
1.1836163060e-002 -1.9031301052e-003 9.9992813909e-001
-7.6403853974e-002 2.4518563218e-002 6.1177910122e-001
1.6339572758e+003 4.7937337141e-002 -8.6334177843e-002
9.9915628236e-001 3.8511994572e-002 -1.4267084134e-002
-3.9773252314e-002 9.9394953720e-001 -1.0238362120e-001
1.0237764208e-002 1.0286468667e-001 9.9464267173e-001
-2.2918358582e-001 -8.5310250557e-001 2.6160262943e-001
1.6382306523e+003 5.7310721968e-002 -1.1877579099e-001
9.9599863000e-001 8.4503520455e-002 -2.9084086267e-002
-8.8592480608e-002 9.7639557756e-001 -1.9698489412e-001
1.1751656179e-002 1.9877331602e-001 9.7997503408e-001
-1.2974980574e-001 -1.6974877697e+000 1.2518554203e-001
1.6396701223e+003 4.7349878008e-002 -9.9164808978e-002
9.9024656598e-001 1.2374597503e-001 -6.4020873322e-002
-1.3711387514e-001 9.4710596953e-001 -2.9015524763e-001
2.4729007270e-002 2.9610338760e-001 9.5483572412e-001
-2.5366303544e-001 -2.6503363905e+000 -3.8609352556e-001
1.6297304281e+003 6.3513700261e-002 -1.2010666729e-001
9.8274376957e-001 1.6229331427e-001 -8.8744371681e-002
-1.8364872931e-001 9.1337161409e-001 -3.6335304980e-001
2.2086819300e-002 3.7338073694e-001 9.2741522399e-001
-2.6907711590e-001 -3.4965292741e+000 -5.8257827935e-001
1.6238382999e+003 8.9475910226e-002 -1.8921786469e-001
9.7630055017e-001 1.9830758121e-001 -8.6667981266e-002
-2.1607892421e-001 8.7074507024e-001 -4.4171588286e-001
-1.2129890875e-002 4.4997458361e-001 8.9295897994e-001
-4.0393876466e-001 -4.1256788449e+000 -6.8075721636e-001
1.6537370175e+003 -1.3802912036e-002 1.6909744394e-002
9.6554450527e-001 2.3831028563e-001 -1.0455628197e-001
-2.5673572041e-001 8.0659547996e-001 -5.3243826081e-001
-4.2550889576e-002 5.4093616949e-001 8.3998659652e-001
-7.9808761755e-001 -4.6482414981e+000 -1.0314098462e+000
1.6368461781e+003 3.7941641094e-002 -9.2012108338e-002
9.5133898745e-001 2.8662874572e-001 -1.1312865724e-001
-2.9948537924e-001 7.7360712616e-001 -5.5842682777e-001
-7.2544045805e-002 5.6513359171e-001 8.2180373870e-001
-1.2161515008e+000 -5.4390302492e+000 -1.1255142936e+000
1.6497413205e+003 4.2000277243e-002 1.3127522619e-001
9.4439739020e-001 2.8906223099e-001 -1.5670544341e-001
-3.0785101678e-001 6.0991350363e-001 -7.3022823115e-001
-1.1550463560e-001 7.3786756584e-001 6.6498882280e-001
-7.5796880346e-001 -6.3189636171e+000 -3.2692152344e+000
0 0 0
0 0 0
0 0 0
0 0 0
0 0 0
1.6831201348e+003 3.5128877925e-002 -3.5479814291e-002
8.9924943108e-001 4.3072259612e-001 -7.6344652074e-002
-3.1118502332e-001 5.0723473047e-001 -8.0366461255e-001
-3.0743184931e-001 7.4645225795e-001 5.9016496392e-001
-9.1802215801e-001 -7.9917911166e+000 -3.0492495173e+000
0 0 0
0 0 0
0 0 0
0 0 0
0 0 0
0 0 0
0 0 0
0 0 0
0 0 0
0 0 0
0 0 0
0 0 0
0 0 0
0 0 0
0 0 0
3.9472352665e-001 -7.6224381397e-001 -7.0773847681e+000
82 70 46
9 46 2555 101.0699 -191.0800 47 1828 56.8400 -215.2200 48 1388 94.9600 -254.9100 45 2080 82.6600 -190.0000 43 2660 94.6500 -113.6600 39 2629 175.6700 104.0700 40 2868 170.7700 110.7000 41 2937 122.2900 41.3300 42 2772 97.6300 -1.6800
3.9472352665e-001 -7.6224381397e-001 -7.0773847681e+000
82 70 46
9 46 2556 101.0699 -191.0800 47 1829 56.8400 -215.2200 48 1389 94.9600 -254.9100 45 2079 82.6600 -190.0000 43 2659 94.6500 -113.6600 39 2628 175.6700 104.0700 40 2867 170.7700 110.7000 41 2936 122.2900 41.3300 42 2773 97.6300 -1.6800
4.2059160832e-001 -8.6059410835e-001 -7.2040648285e+000
134 116 66
9 46 2560 106.1300 -212.0300 47 1936 61.9900 -230.4600 48 1398 98.5300 -266.5100 45 2083 88.3700 -218.4600 43 2663 102.5601 -144.2200 39 2634 192.5900 63.4000 40 2873 185.7400 72.3400 41 2940 133.8900 4.9800 42 2774 108.5100 -34.4700
-1.0971499374e+000 -6.0385298200e-001 -6.0729324427e+000
70 62 53
8 46 2214 -329.5700 -175.2300 47 1292 -351.8600 -220.8300 45 1925 -370.5100 -139.0600 43 2512 -344.5000 -45.4900 39 2489 -316.9100 225.6000 40 2552 -300.7100 232.9400 41 2701 -336.3500 136.1600 42 2519 -348.4800 82.4600
-9.5337064773e-001 -5.3164336588e-001 -6.0732867994e+000
134 114 106
9 46 2432 -286.6900 -153.2300 47 1825 -312.0400 -202.2300 48 1224 -260.3300 -258.7300 45 2063 -323.9200 -115.8300 43 2650 -303.6000 -21.1300 39 2490 -274.3200 251.4300 40 2741 -260.7100 259.4700 41 2850 -296.1500 163.0600 42 2685 -307.7700 107.5400
4.8878962875e-002 -5.4804442091e-001 -6.6834178549e+000
82 65 35
8 46 2436 12.8300 -145.4000 47 1821 -26.9200 -181.0200 45 1922 -9.6800 -126.4400 43 2515 -1.9000 -43.8200 39 2249 54.9800 196.2100 40 2573 56.8800 201.1600 41 2711 15.9600 123.1800 42 2524 -3.8500 75.0200
-9.2767755673e-001 -7.4183501953e-001 -6.2854495894e+000
136 118 110
10 46 2557 -267.6500 -208.4900 47 1831 -294.3600 -245.2600 48 1232 -247.1500 -292.1300 49 723 -214.4900 -348.0600 45 2174 -303.0000 -185.0300 43 2731 -279.9300 -94.2200 39 2690 -240.1200 162.4900 40 2920 -230.5400 171.4400 41 2930 -268.0200 79.2600 42 2764 -281.6200 29.1400
-1.0668937162e+000 -6.5764935762e-001 -6.1443997849e+000
135 114 103
10 46 2708 -316.7800 -188.6200 47 2012 -340.8600 -230.7900 48 1574 -291.1600 -281.4800 49 1209 -255.1500 -342.1300 45 2292 -354.2500 -157.8600 43 2791 -330.0500 -64.6400 39 2740 -297.2500 199.6600 40 2965 -284.4700 208.6800 41 3021 -320.6500 112.8000 42 2816 -332.9200 62.4900
6.8051934336e-001 -4.8800431870e-001 -6.9637444768e+000
74 67 43
10 46 2430 176.5601 -124.1200 47 1651 129.7600 -159.2300 48 1223 170.2300 -208.1900 49 712 183.0800 -271.7500 45 1924 157.7500 -111.0700 43 2510 161.0699 -31.9900 39 2502 227.4900 198.8400 40 2760 224.9301 202.0600 41 2859 181.9500 131.3900 42 2692 159.0601 83.0400
7.9753518558e-002 -3.6077527047e-001 -6.5151671630e+000
124 109 71
7 46 341 22.2600 -97.1400 47 365 -17.7300 -142.9800 43 1077 0.1100 17.6900 39 607 43.6100 268.3500 40 775 49.2700 273.1500 41 925 12.1700 192.3100 42 916 -5.6000 139.6000
-1.0165781938e+000 -7.0874941286e-001 -6.2130978766e+000
125 115 106
7 46 642 -298.3600 -201.8600 47 576 -323.3500 -240.6600 43 1284 -310.5500 -82.6700 39 808 -273.8000 177.9600 40 966 -262.5300 187.3900 41 1134 -299.3500 92.9300 42 1118 -312.3200 42.0600
3.6670267512e-001 -4.2737957278e-001 -6.7410949856e+000
128 113 74
8 46 1532 97.9900 -112.0300 47 370 54.9800 -151.5500 45 845 76.5601 -91.8900 43 1154 79.4200 -8.8500 39 1501 134.4100 230.8400 40 1838 135.5400 234.7700 41 2147 95.7400 159.8900 42 998 75.8199 108.6400
-8.7875837200e-001 -5.1481873706e-001 -6.0963622403e+000
139 116 108
8 46 2204 -264.0000 -147.6500 47 1298 -292.3800 -197.0100 48 419 -242.7200 -254.2500 45 1921 -297.5700 -109.6200 39 2219 -247.9800 255.7600 40 2539 -236.3600 263.2100 41 2695 -271.8400 167.9800 42 2514 -284.1800 112.6500
-9.9601122233e-001 -7.2922578714e-001 -6.2408152982e+000
72 65 61
7 46 2230 -290.8700 -206.7200 47 1351 -316.5700 -244.5300 43 2516 -302.7900 -89.6500 39 2255 -264.7000 168.9500 40 2761 -252.6300 178.9500 41 2715 -290.5100 85.3400 42 2526 -304.5100 34.0300
2.3272435999e-001 -5.1961108427e-001 -6.7616457724e+000
142 122 71
9 46 2632 62.5400 -135.9200 47 1922 20.2200 -172.3600 48 1478 64.0200 -221.1900 49 915 80.0300 -284.9900 45 2158 40.4600 -119.6900 43 2729 46.6700 -36.4200 40 2851 106.4100 204.7800 41 2925 64.7200 127.7500 42 2758 44.5200 80.5200
-1.3483871296e-003 -2.8055626336e-001 -6.4097903356e+000
118 102 51
8 46 2704 0.9800 -75.0800 47 2070 -39.8800 -126.8900 45 2286 -26.5700 -42.0000 43 2836 -25.8800 44.5300 39 2731 11.4800 300.2700 40 2954 18.4200 304.3600 41 3015 -16.2400 222.0600 42 2842 -32.6200 168.5500
-1.0883044184e+000 -5.4929954319e-001 -6.0288740711e+000
71 65 54
5 46 463 -330.3400 -160.1700 47 490 -353.0300 -208.7300 43 1137 -345.6300 -26.7200 40 760 -304.4700 255.7900 41 966 -339.0500 157.3700
-8.9658241791e-001 -5.9935972897e-001 -6.1730270803e+000
73 62 56
8 46 1640 -264.8300 -171.1000 47 496 -291.7400 -215.4200 48 488 -242.1600 -267.3400 43 1208 -279.5900 -46.5900 39 1487 -245.6500 219.5300 40 1823 -233.4300 228.5000 41 1049 -270.1600 133.2800 42 1037 -282.9200 80.0600
-5.4956399151e-003 -3.7596128646e-001 -6.4792577863e+000
82 67 35
6 46 1516 -2.0500 -101.4600 47 1231 -41.5000 -147.9900 43 2142 -23.0200 14.1800 40 1777 25.8200 271.1400 41 2106 -10.9800 190.2200 42 2009 -28.3600 136.8500
7.1318377140e-001 -5.2042501687e-001 -7.0199920201e+000
117 108 63
7 46 1534 183.4000 -131.5300 47 375 136.6200 -163.9200 43 1239 169.0400 -42.6600 39 1626 238.7800 184.7800 40 1897 235.4100 187.8100 41 1169 191.4900 117.7300 42 1068 167.9900 71.4000
5.5088433097e-001 -9.6534227207e-001 -7.3711410143e+000
129 115 77
6 46 1836 135.4301 -231.7100 47 632 88.8300 -246.2400 43 1572 137.0699 -173.7400 39 1890 238.1801 23.9400 41 2396 172.3900 -31.0600 42 2273 144.2100 -69.2700
-7.2688648806e-001 -1.2854786607e+000 -6.9953747884e+000
126 116 81
7 46 1965 -185.7700 -325.9200 47 1448 -216.8200 -331.7800 48 611 -179.3200 -355.3900 43 2391 -183.7900 -269.6400 39 2545 -104.1500 -80.7200 40 2653 -104.2800 -62.3200 42 2611 -176.3400 -164.6700
2.7884904750e-001 -8.9726736739e-001 -7.1573862575e+000
143 122 77
9 46 2642 71.2600 -221.6100 47 1935 27.3800 -240.6600 48 1397 63.8400 -276.2300 45 2187 52.7000 -228.0700 43 2738 68.8700 -153.8200 39 2707 157.4500 53.3600 40 2929 150.9600 63.5000 41 3002 99.6500 -4.5200 42 2780 74.0400 -45.0800
-6.7500016052e-002 -6.3925910477e-001 -6.7072815933e+000
130 114 81
8 46 1667 -18.1300 -168.5300 47 1320 -57.0300 -201.5800 48 436 -13.9500 -247.6100 43 1300 -30.5000 -72.1400 39 1604 30.4000 164.1700 40 1930 30.8700 172.0700 41 2217 -10.6900 92.2800 42 2115 -30.9700 45.7700
-4.0116430594e-002 -4.8654560870e-001 -6.5741749832e+000
94 80 53
7 46 2193 -11.1600 -130.2500 47 1659 -49.9100 -170.6300 43 2185 -28.6400 -23.5100 39 1493 22.2100 222.5800 40 1829 25.4100 229.6500 41 2186 -13.5900 148.6700 42 2049 -31.8700 98.2200
-3.3531799500e-001 -7.5550200769e-001 -6.6728930235e+000
89 75 58
9 46 2234 -90.4600 -200.2200 47 1363 -125.9100 -229.9200 48 997 -83.3900 -272.2400 45 1615 -116.5500 -189.1300 43 2276 -100.1600 -107.1000 39 1676 -39.7200 126.7600 40 1984 -36.8600 136.0600 41 2312 -79.7900 55.9400 42 2158 -99.5900 10.3500
8.9059284661e-002 -2.5404206266e-001 -6.4289101426e+000
84 76 47
10 46 2409 24.7200 -68.0400 47 1634 -15.6600 -119.9100 48 954 32.9500 -180.5800 49 318 52.7900 -258.2700 45 2047 -1.1500 -34.4000 43 2638 -0.6800 52.5200 39 2472 36.5900 307.5700 40 2735 42.7100 311.5500 41 2838 8.1100 230.5500 42 2669 -8.4500 176.1600
-9.6867072022e-001 -5.6170027820e-001 -6.0959843616e+000
72 64 55
8 46 2203 -290.3300 -161.7200 47 1297 -315.1800 -209.3400 45 1554 -328.6000 -124.7700 43 2179 -304.8400 -32.6000 39 1481 -275.8600 239.1400 40 1819 -261.8000 246.8400 41 2176 -297.8800 151.3000 42 2045 -309.5000 96.0900
3.6179643995e-001 -5.2626933134e-001 -6.8251615191e+000
90 74 48
8 46 1601 95.6500 -136.0700 47 1276 51.9500 -172.1600 45 1565 75.2400 -121.0600 43 2216 80.5601 -40.1600 39 1554 142.9500 195.0700 40 1892 142.3000 199.9300 41 2192 100.1300 125.2000 42 2083 78.8500 76.6000
2.9089928635e-001 -5.6683367000e-001 -6.8326734201e+000
77 61 36
7 46 1600 77.0699 -146.7000 47 454 33.8300 -180.6800 43 1227 63.1500 -52.2400 39 1613 127.0300 180.8500 40 1944 126.2500 185.6400 41 1164 83.5601 111.0600 42 1059 62.2600 64.2600
-3.8850875107e-001 -8.2729451950e-001 -6.7215255767e+000
140 124 99
8 46 654 -103.8200 -217.7600 47 586 -138.6700 -243.7900 45 1084 -129.9800 -210.8500 43 1372 -111.7500 -129.7500 39 931 -47.8300 98.3000 40 1073 -46.2900 108.5900 41 1299 -90.0300 29.2500 42 1285 -109.8200 -14.3400
8.9104351326e-002 -2.5411694761e-001 -6.4286265322e+000
84 76 47
7 46 2410 24.7200 -68.0400 47 1635 -15.6600 -119.9100 43 2639 -0.6800 52.5200 39 2471 36.5900 307.5700 40 2734 42.7100 311.5500 41 2839 8.1100 230.5500 42 2670 -8.4500 176.1600
-7.5882267241e-001 -1.5009934763e+000 -7.2581030436e+000
60 54 51
8 46 2718 -185.7400 -367.6200 47 2081 -214.6800 -360.4900 45 2305 -214.1000 -400.1200 43 2853 -179.0300 -334.1500 39 2803 -86.5900 -175.0100 40 3005 -90.4700 -155.5100 41 3050 -144.2500 -212.1500 42 2877 -168.7200 -238.0500
-8.1262343375e-001 -7.9475001534e-001 -6.3821155531e+000
70 65 59
9 46 2232 -231.9900 -220.2800 47 1355 -262.3700 -253.9600 48 1008 -216.8000 -298.4900 45 1936 -264.2700 -200.9500 43 2520 -241.8200 -111.8800 39 2512 -193.2900 140.4100 40 2772 -184.8700 149.0500 41 2869 -224.9800 59.0800 42 2536 -241.5900 10.1100
-2.3678820236e-001 -2.9406378488e-001 -6.2986267980e+000
122 106 64
9 46 2624 -68.6800 -80.2000 47 1915 -104.4000 -132.5900 48 1476 -55.1700 -193.9200 45 2145 -96.9600 -44.3400 43 2712 -92.4200 44.1300 39 2595 -58.9000 304.1700 40 2829 -50.0700 309.8900 41 2915 -84.7500 223.7700 42 2733 -99.5000 169.7300
8.2453851606e-001 -1.8600310685e-001 -6.7763046220e+000
93 94 63
8 46 1403 219.8300 -47.1700 47 1158 172.0400 -95.3400 45 747 198.3300 -22.2900 43 2101 190.7800 58.0100 39 1390 237.4301 300.0400 40 1746 238.6300 302.8100 41 2076 203.2800 230.8100 42 1977 184.0300 178.5900
-2.9319131185e-001 -6.3536496646e-001 -6.5791141424e+000
80 64 38
8 46 1652 -80.4300 -170.3200 47 1305 -116.6800 -205.9500 45 1581 -106.8300 -152.7900 43 2207 -93.5000 -67.7200 39 1597 -39.6000 173.4400 40 1921 -35.5700 181.0700 41 2215 -76.3800 98.6000 42 2108 -94.9500 51.7200
-8.3072052015e-002 -8.1357332877e-001 -6.8635489572e+000
134 119 87
6 46 1733 -21.3300 -209.6200 47 597 -60.2600 -235.3100 43 1382 -27.8600 -126.1400 40 2041 42.5900 105.5600 41 2319 -3.9800 31.5300 42 1305 -26.2700 -12.3600
-3.5001550271e-001 -7.2367116838e-001 -6.6328912488e+000
136 121 91
6 46 1654 -95.2300 -192.7200 47 1304 -130.6400 -224.5200 45 1613 -121.5500 -179.5900 43 2240 -105.7200 -96.0900 39 1670 -47.7900 140.1300 42 2156 -105.6700 22.0000
-3.5017213581e-001 -7.2371801718e-001 -6.6327781284e+000
136 121 91
7 46 1655 -95.2300 -192.7200 47 1303 -130.6400 -224.5200 48 498 -87.5300 -268.3200 45 1614 -121.5500 -179.5900 43 2239 -105.7200 -96.0900 39 1671 -47.7900 140.1300 42 2155 -105.6700 22.0000
2.8744380732e-001 -2.6283369732e-001 -6.5449400502e+000
68 56 29
7 46 2421 79.2500 -69.0600 47 1640 35.7000 -119.1300 45 1900 54.9300 -39.4500 43 2492 53.9300 45.4200 39 2205 95.9100 295.9500 41 2674 64.6100 221.2200 42 2493 46.9300 167.3200
-1.4342041566e-001 -6.8142864484e-001 -6.6978752481e+000
145 125 93
7 46 1664 -37.8200 -179.2300 47 1317 -76.3600 -212.1400 48 429 -34.2600 -257.6500 43 2242 -49.3100 -83.5500 39 2271 9.9400 151.6100 41 2265 -29.5700 80.7000 42 2113 -50.1600 32.8300
-9.2690976063e-001 -7.4153808936e-001 -6.2863028062e+000
136 118 110
8 46 2558 -267.6500 -208.4900 47 1832 -294.3600 -245.2600 48 1233 -247.1500 -292.1300 45 2175 -303.0000 -185.0300 43 2732 -279.9300 -94.2200 39 2691 -240.1200 162.4900 41 2931 -268.0200 79.2600 42 2765 -281.6200 29.1400
1.5542757965e+000 -6.5991737146e-001 -7.7076728181e+000
58 49 42
9 46 2634 361.7400 -153.3300 47 1923 308.6200 -171.2400 48 1479 344.8300 -209.2800 45 2235 350.5500 -163.4100 43 2793 358.5900 -96.4400 39 2754 463.7300 95.5300 40 2973 449.5300 99.8300 41 2998 394.2800 46.2000 42 2822 364.6100 6.4300
-9.6046836196e-001 -6.4965262498e-001 -6.1990295146e+000
67 64 57
7 46 2793 -284.0500 -184.8500 47 2125 -310.5600 -226.9900 45 2328 -318.8100 -155.2800 43 2869 -296.6200 -62.7000 39 2797 -259.3100 198.3500 40 3014 -246.1600 206.0400 41 3058 -284.7800 114.3800
-3.6203250798e-001 -8.3240171674e-001 -6.7221374746e+000
101 84 70
6 46 1722 -96.7400 -219.1500 47 1360 -132.7700 -246.0400 48 502 -90.9200 -285.2000 43 2278 -104.1400 -130.2600 40 2032 -37.8300 108.0300 41 2314 -82.2700 30.5800
-8.6320325560e-001 -7.1488564877e-001 -6.2986205922e+000
135 119 109
8 46 2440 -248.7400 -200.3400 47 1833 -276.2400 -238.1500 48 1234 -227.9400 -285.1600 45 2075 -283.5600 -176.9600 43 2654 -261.9000 -86.4700 40 2762 -211.1600 179.8800 41 2862 -249.4000 87.6400 42 2694 -263.4400 37.7000
-9.9808762267e-001 -4.8855465218e-001 -6.0133662769e+000
73 65 55
4 46 465 -304.4000 -142.3300 47 430 -328.1900 -193.8800 43 1136 -320.3500 -5.8400 41 967 -314.8200 180.7700
3.4740085132e-001 -4.0820880544e-001 -6.7098873467e+000
82 68 39
4 46 397 93.1600 -107.0900 47 368 50.1200 -148.0400 43 1081 73.9200 -2.9100 41 989 89.6500 167.2300
-1.5793361461e-001 -2.2893182986e-001 -6.2693195823e+000
72 63 34
5 46 1388 -46.1700 -62.2600 47 305 -82.3000 -117.8300 45 1476 -75.5100 -22.3100 43 2079 -72.3800 66.1600 41 2060 -66.6800 248.5600
5.5090772466e-001 -9.6520654170e-001 -7.3777367276e+000
129 115 77
5 46 1837 135.4301 -231.7100 47 633 88.8300 -246.2400 43 1573 137.0699 -173.7400 41 2397 172.3900 -31.0600 42 2274 144.2100 -69.2700
5.8741226368e-001 -9.4320787120e-001 -7.3716679570e+000
83 66 44
5 46 1762 144.2400 -226.7600 47 1375 97.3199 -241.8600 43 2332 145.4100 -167.2500 41 2399 180.5100 -23.3500 42 2232 152.5100 -62.8400
-5.5717577261e-001 -5.7137437836e-001 -6.2993920856e+000
91 81 56
7 46 2630 -161.6400 -160.4000 47 1926 -193.7000 -203.5800 48 1481 -146.3200 -256.2400 45 2155 -190.9100 -129.2400 43 2724 -177.1100 -38.2700 41 2984 -164.5200 139.4700 42 2752 -180.2900 87.9100
1.2874748781e+000 -2.6026530704e-001 -7.0900462124e+000
79 85 59
4 46 1435 327.3199 -65.7600 47 337 276.2100 -104.8300 45 814 308.6100 -49.9800 42 957 299.3000 143.4700
5.2510227527e-001 -5.5512173532e-001 -6.9490399834e+000
137 116 65
4 46 2548 136.5601 -141.3800 47 1822 90.3300 -175.2900 45 2069 118.1600 -128.6400 42 2691 122.0699 62.1100
-2.8430327264e-001 -2.3670694970e-001 -6.1859744954e+000
56 49 43
6 46 2766 -84.6400 -64.7400 47 2069 -119.9800 -122.2100 48 1630 -70.2900 -188.2500 45 2284 -113.4200 -21.6300 43 2832 -109.7600 68.2600 42 2840 -117.8700 196.2500
-1.0986616420e+000 1.0851864493e+000 -7.0659483754e+000
167 78 82
4 46 2358 -275.8400 279.6500 47 1879 -292.3500 243.7300 45 1413 -313.9700 262.7600 43 48 -296.1600 277.6900
1.4149527461e+000 2.3905887781e-001 -7.3424896864e+000
164 178 153
10 46 2136 348.0800 58.1000 47 1611 303.3400 18.4900 48 1182 354.2700 -33.7500 49 887 370.7000 -109.6800 50 861 407.6801 -195.8500 51 752 379.3199 -223.3900 53 767 236.4399 -363.6600 54 812 365.5100 -252.8000 45 710 319.9700 64.1300 43 132 310.8700 125.0900
1.0116382135e+000 1.2264369756e-001 -7.0090426960e+000
184 179 160
9 46 2135 259.1300 32.0400 47 1908 217.1000 -13.5000 48 1470 267.5900 -70.3300 49 1203 283.6700 -150.3000 50 1150 318.7100 -238.8600 51 1106 289.9800 -269.5400 54 1049 277.7700 -298.7600 45 1466 233.4500 48.3700 43 139 222.9700 117.4200
-3.2870514431e-001 -7.9395551797e-001 -6.7056975434e+000
136 120 97
3 46 657 -88.0100 -209.3800 47 589 -124.0400 -237.5600 43 448 -96.8900 -118.2300
-1.0521827259e+000 1.0306138670e+000 -7.0025504263e+000
204 185 186
11 46 2498 -267.7700 269.0500 47 1880 -283.0900 231.1000 48 1443 -222.7800 196.2300 49 1255 -173.8000 121.3900 50 1212 -125.3600 44.7600 51 1080 -156.7100 23.7700 53 1110 -297.2700 -109.6000 52 767 -218.7700 46.4400 54 1097 -83.5900 -59.8300 45 1414 -303.9800 254.4300 43 934 -288.2700 272.7500
7.1265711056e-001 -4.3307802716e-001 -6.9322057328e+000
66 60 28
4 46 401 185.1700 -110.9000 47 371 138.5699 -147.2300 45 855 166.5601 -95.5200 43 1158 167.3900 -16.2500
-2.0439344493e-001 1.6034884191e+000 -8.2535986175e+000
132 90 74
5 46 2494 -38.4300 346.1800 47 1871 -54.1300 334.9500 48 1427 8.7000 324.5500 45 1856 -79.1600 290.1100 43 2062 -71.5000 283.3100
2.3239393651e-001 1.4800559113e+000 -8.3093234209e+000
112 125 95
12 46 2495 52.9800 316.0000 47 1960 35.4000 303.8200 48 1524 98.3500 289.4800 49 1309 144.0200 235.0300 50 1267 198.0100 173.8300 51 1130 183.2600 169.5200 53 1101 85.6700 63.1400 52 817 150.2900 208.5600 54 1145 256.8000 123.7000 45 1861 10.8800 264.7500 56 680 141.2400 -153.3800 43 2064 13.1300 265.0700
2.2222596755e-001 1.4764479679e+000 -8.2940147458e+000
112 125 95
5 46 2496 52.9800 316.0000 47 1961 35.4000 303.8200 48 1525 98.3500 289.4800 45 1862 10.8800 264.7500 43 2065 13.1300 265.0700
1.2981671408e+000 9.0293201363e-001 -8.1122428086e+000
163 168 159
9 46 2507 289.3800 197.0400 47 1889 258.9399 174.6900 48 1454 317.2000 144.5300 49 1261 348.6100 79.2000 50 1129 394.7700 8.2600 51 1087 377.9200 -8.9100 52 775 338.4900 15.8700 45 1871 251.1700 167.9800 43 2075 245.3300 195.1800
7.2888271845e-001 -3.8673652732e-001 -6.8960404892e+000
71 65 41
4 46 1458 190.6500 -99.4700 47 1236 143.6600 -137.8100 45 1535 170.9200 -81.9800 43 2149 170.8400 -1.8700
-1.0424347612e+000 -6.2940703637e-001 -6.1222119039e+000
131 113 99
3 46 1638 -311.0000 -181.2400 47 1296 -334.8900 -225.3000 43 2202 -325.3300 -55.0900
-9.4830832729e-001 -7.1688665093e-001 -6.2556129978e+000
75 69 62
3 46 1713 -276.0700 -202.7200 47 1350 -302.2800 -240.7000 43 2232 -288.3000 -86.1300
4.5891222928e-001 -6.2193188000e-001 -6.9865430127e+000
93 78 55
4 46 1608 119.0900 -157.9000 47 456 74.8900 -187.1200 45 983 99.2100 -150.8000 43 2253 106.9800 -71.5300
-7.3097939730e-001 -1.2138688719e+000 -6.9089783427e+000
96 81 57
4 46 2272 -189.7600 -311.4300 47 1412 -220.4800 -321.5400 45 1764 -219.2800 -325.4000 43 2549 -188.9800 -247.4200
-1.0914572267e+000 -1.3580096529e+000 -6.8781728570e+000
79 66 47
3 46 2292 -285.2600 -350.5100 47 1435 -310.8700 -354.9000 43 2568 -284.6800 -294.4400
1.5286769219e+000 7.7557420016e-002 -7.2026704491e+000
140 147 129
11 46 2696 382.9301 18.7900 47 2063 334.5200 -23.8600 48 1681 382.9100 -80.8600 49 1398 395.4100 -159.5300 50 1346 429.5601 -247.8400 51 1201 398.8800 -277.8500 53 1171 248.7600 -419.5300 52 889 336.7000 -266.1000 54 1174 372.6300 -298.9500 45 2140 357.1700 32.6900 43 2631 345.7300 103.0000
-2.1520599105e+001 1.4030106828e+000 -5.1245467173e+001
222 43 76
5 46 2522 -679.5000 46.5100 47 1881 -677.8100 215.7300 48 1418 -658.0300 383.9600 45 2183 -727.0600 -237.9500 43 2685 -646.4100 -420.6000
-1.8835745891e+001 -1.3154644479e+000 -4.7668932842e+001
254 188 117
6 46 2532 -639.6800 -46.0200 47 1891 -636.9000 120.0600 48 1433 -616.8900 282.7700 49 1128 -565.1200 441.5100 45 2088 -689.5900 -327.2600 43 2686 -607.4300 -508.9800
7.0606221453e-001 1.6143883647e-001 -6.8945809739e+000
166 163 103
4 46 2756 186.3000 43.5900 47 2119 145.8600 -3.1600 45 2218 156.7500 60.6500 43 2704 147.2400 129.1900
1.2914619607e+000 2.1679360807e-001 -7.2128417268e+000
76 82 69
10 46 2786 322.3199 53.3900 47 2144 278.5800 12.3300 48 1709 329.9500 -41.1500 49 1425 347.1400 -120.5800 50 1376 384.0699 -207.6000 53 1220 209.7000 -384.1200 52 930 296.3500 -228.6600 54 1240 342.0400 -269.4000 45 2281 293.4200 62.6700 43 2705 281.8300 126.3200
-2.2597017965e+001 3.0649759436e+000 -5.1895464023e+001
65 39 82
5 46 2603 -705.5200 98.6000 47 1965 -703.5600 270.0800 48 1505 -683.1000 442.2700 45 2171 -751.8400 -184.6500 43 2756 -669.9600 -369.4700
-2.5182461787e+001 1.9480031613e+000 -4.9864590187e+001
221 42 80
5 46 2609 -820.9400 66.1600 47 1968 -818.9700 239.3000 48 1501 -799.6800 415.5700 45 2179 -873.3000 -221.6300 43 2761 -788.1400 -411.4700
-2.3884120784e+001 1.6502770873e+000 -5.0296768906e+001
129 162 218
5 46 2616 -771.4100 55.1400 47 1971 -769.3600 227.7000 48 1513 -749.3400 400.6600 45 2182 -821.8400 -230.5700 43 2762 -737.7300 -418.5200
-2.4131085481e+001 2.0765967710e+000 -5.1718599387e+001
60 44 89
5 46 2610 -757.9400 68.1700 47 1972 -755.6400 239.9300 48 1504 -736.0200 413.6900 45 2180 -805.7600 -219.8700 43 2763 -722.4400 -405.9300
-2.4679028912e+001 1.5945630789e+000 -4.9754758153e+001
133 164 219
4 46 2614 -806.6800 54.3700 47 1969 -804.2800 226.8500 48 1511 -785.0800 401.9400 43 2764 -772.5900 -422.3600
-2.4679028912e+001 1.5945630789e+000 -4.9754758153e+001
133 164 219
4 46 2615 -806.6800 54.3700 47 1970 -804.2800 226.8500 48 1512 -785.0800 401.9400 43 2765 -772.5900 -422.3600
-2.8441037113e-001 -2.3650434040e-001 -6.1838487449e+000
56 49 43
5 46 2767 -84.6400 -64.7400 47 2068 -119.9800 -122.2100 48 1629 -70.2900 -188.2500 45 2285 -113.4200 -21.6300 43 2833 -109.7600 68.2600
-2.4431046095e+001 5.4389518515e-001 -4.7275492278e+001
245 49 95
5 46 2757 -841.6800 20.4300 47 2095 -836.7900 191.6600 48 1653 -819.5500 367.4400 45 2296 -896.4300 -267.7700 43 2856 -812.0400 -456.7400
-2.0835631581e+001 -2.8271591491e-001 -4.7393083579e+001
254 204 99
6 46 2759 -713.8400 -9.5700 47 2097 -710.8700 158.7400 48 1654 -691.1600 325.9200 49 1359 -637.7400 488.1200 45 2297 -765.5600 -292.5200 43 2857 -681.7700 -476.7900
-2.0835631581e+001 -2.8271591491e-001 -4.7393083579e+001
254 204 99
6 46 2760 -713.8400 -9.5700 47 2098 -710.8700 158.7400 48 1655 -691.1600 325.9200 49 1360 -637.7400 488.1200 45 2298 -765.5600 -292.5200 43 2858 -681.7700 -476.7900
-1.9081239715e+001 -6.7836097511e-001 -4.7779669312e+001
246 55 91
6 46 2761 -646.2200 -23.8600 47 2102 -643.5200 142.9900 48 1657 -623.3900 306.5900 49 1361 -570.5900 465.4900 45 2299 -697.1700 -304.0000 43 2859 -614.9200 -486.2000
-1.9081239715e+001 -6.7836097511e-001 -4.7779669312e+001
246 55 91
6 46 2762 -646.2200 -23.8600 47 2103 -643.5200 142.9900 48 1658 -623.3900 306.5900 49 1362 -570.5900 465.4900 45 2300 -697.1700 -304.0000 43 2860 -614.9200 -486.2000
-1.9648564753e+001 2.0237529021e-001 -4.6266946507e+001
71 38 83
6 46 2758 -689.2500 7.4200 47 2099 -685.8200 174.8300 48 1656 -665.1800 339.8500 49 1358 -611.4900 500.3600 45 2331 -740.2400 -271.8200 43 2877 -658.1900 -455.0700
-2.4550212803e+001 2.3845164278e+000 -5.0733849012e+001
142 204 252
5 46 2809 -786.2900 79.2500 47 2161 -784.2400 251.7600 48 1742 -764.7800 427.2400 45 2368 -835.9400 -207.5400 43 2893 -751.4400 -395.8400
-2.4550212803e+001 2.3845164278e+000 -5.0733849012e+001
142 204 252
5 46 2808 -786.2900 79.2500 47 2160 -784.2400 251.7600 48 1741 -764.7800 427.2400 45 2369 -835.9400 -207.5400 43 2894 -751.4400 -395.8400
-9.7070702514e-001 8.5161430352e-001 -6.8295468645e+000
159 72 72
4 46 1253 -253.3000 229.0600 47 1557 -270.9600 185.4900 48 1130 -211.3500 144.1200 45 55 -291.8800 226.2900
5.5568394860e-001 1.1243176169e+000 -8.0098417949e+000
102 96 84
5 46 1258 127.8300 250.1800 47 1541 104.0500 229.0500 48 1113 164.2800 203.3600 49 818 202.2700 141.5600 45 70 88.9000 214.6900
8.7238937710e-001 9.7616988853e-001 -7.9802536668e+000
154 153 148
10 46 1267 200.1400 217.8500 47 1003 171.8199 194.6500 48 1124 230.5800 164.5200 49 827 264.2500 100.6700 50 969 312.3199 28.3400 51 864 293.8800 12.4900 53 846 180.9800 -111.0000 52 576 253.2300 38.1600 54 886 332.0500 -33.9000 45 75 160.7100 188.1800
1.1314908538e-001 1.8697729722e-001 -6.6799718117e+000
72 86 70
10 46 1349 31.3300 53.2200 47 1100 -3.5700 3.2900 48 1185 49.6900 -53.8500 49 888 75.4600 -134.9800 50 863 113.5100 -223.0300 51 755 80.5200 -256.0200 53 771 -75.4800 -402.2600 52 479 12.4700 -245.5200 54 621 98.0300 -297.0100 45 133 0.9100 74.3400
2.9965431079e-001 8.6774690499e-002 -6.6460782867e+000
179 163 113
9 46 1364 82.0200 25.7000 47 1125 43.1400 -25.3600 48 914 94.9500 -85.0500 49 679 117.0200 -166.8100 50 643 153.3199 -256.6300 51 766 119.8700 -291.5500 53 782 -38.9900 -438.1600 54 645 127.6600 -325.0800 45 149 53.0400 51.6600
3.8798851130e-001 5.2093011081e-002 -6.6423156156e+000
144 95 75
4 46 251 105.3400 16.6100 47 1129 65.3500 -35.2000 48 919 116.7800 -95.7500 45 153 78.6000 43.3000
6.3729206449e-001 1.0863638049e-001 -6.8198140576e+000
141 86 66
4 46 1358 169.1600 30.4400 47 1130 127.9500 -18.1700 48 920 178.9600 -76.2500 45 158 141.0699 51.0700
-7.8391717316e-001 9.0161869811e-001 -6.9484554812e+000
198 199 192
11 46 2084 -198.6300 237.1300 47 1550 -218.3100 196.3500 48 1315 -159.1200 156.7600 49 1026 -115.0300 79.5200 50 978 -67.7700 -0.3500 51 872 -98.4100 -24.5400 53 979 -240.1600 -163.2900 52 700 -160.6800 -5.8800 54 895 -34.9700 -105.0000 45 652 -235.4100 229.2600 56 575 -191.7400 -462.9700
6.0937543984e-001 1.2534846633e+000 -8.1700178604e+000
128 122 110
11 46 2065 137.1500 272.2500 47 1753 114.5200 255.7900 48 1437 174.0200 232.8200 49 1251 215.7900 173.9000 50 1203 267.5699 107.2400 51 1133 252.0100 96.2500 53 1107 148.2600 -20.2700 52 822 215.8400 127.6200 54 1146 308.6200 47.0000 45 658 96.8500 230.2300 56 686 188.7700 -232.4100
8.1895752675e-001 8.1893120081e-001 -7.7410049619e+000
87 83 82
4 46 2094 191.4700 189.1900 47 1779 163.3199 160.3500 48 1321 221.1300 124.9300 45 681 154.9800 168.3400
9.7453896826e-001 9.1795762157e-001 -7.9648249990e+000
92 92 89
9 46 2095 223.3400 205.1700 47 1780 192.9800 181.2200 48 1322 253.3199 150.2800 49 1028 284.1801 85.2300 50 980 330.6700 12.1900 51 1012 312.4800 -5.0700 53 974 196.9100 -129.6900 52 695 269.9800 19.7700 45 682 186.9700 177.2500
1.5827537439e+000 5.4936178882e-002 -7.1962124592e+000
175 182 169
9 46 1370 397.3400 13.3800 47 1618 346.9301 -29.9900 48 1199 395.5500 -87.7300 49 903 406.5000 -166.0600 50 882 440.1400 -255.1500 51 774 409.1500 -284.8800 53 789 258.1801 -427.7700 54 637 380.0200 -306.0600 45 718 372.4900 27.8900
1.5827537439e+000 5.4936178882e-002 -7.1962124592e+000
175 182 169
9 46 1371 397.3400 13.3800 47 1619 346.9301 -29.9900 48 1198 395.5500 -87.7300 49 904 406.5000 -166.0600 50 883 440.1400 -255.1500 51 773 409.1500 -284.8800 53 788 258.1801 -427.7700 54 638 380.0200 -306.0600 45 719 372.4900 27.8900
8.4555775876e-001 -2.0775438145e-001 -6.7924888695e+000
65 65 39
4 46 1410 224.9100 -53.2500 47 1162 177.0400 -100.0900 48 277 222.6801 -159.0400 45 748 203.2100 -29.4900
9.9984848311e-001 -5.6933547242e-001 -7.2129475565e+000
94 93 65
3 46 1626 250.3500 -140.3800 47 473 199.9000 -168.9200 45 1007 233.8900 -136.7900
-9.0882432447e-001 7.2078211041e-001 -6.6909712992e+000
202 189 191
10 46 2372 -244.7100 198.7600 47 1783 -263.2800 151.3800 48 1455 -202.9500 105.4800 49 1186 -158.0100 24.4000 50 1130 -112.2900 -59.3900 51 1018 -145.7700 -88.1400 53 1057 -296.4900 -232.7900 52 780 -212.1100 -73.1100 54 1029 -83.4000 -167.0700 45 1429 -282.4000 203.4600
8.1194448759e-001 1.0338270260e+000 -7.9977646569e+000
107 106 103
5 46 2370 185.5900 229.2600 47 1884 158.3500 209.0600 48 1450 218.4200 178.2400 49 1178 253.2500 114.6200 45 1432 146.2400 198.4200
1.6895374768e-001 9.5980521020e-002 -6.6082140091e+000
69 83 61
9 46 2398 46.2300 28.4900 47 1804 9.2700 -23.0800 48 1361 61.5600 -82.0900 49 1074 85.7400 -163.6100 50 1040 122.5200 -253.4900 51 929 88.8300 -287.4000 53 902 -71.1200 -435.6800 54 821 101.0601 -323.2000 45 1457 17.1100 54.8200
6.5904503836e-001 -2.1698629011e-001 -6.7035239427e+000
105 101 63
4 46 1399 177.5000 -55.9000 47 1194 131.4301 -104.1500 48 270 177.3900 -163.6900 45 1484 155.4600 -30.1300
6.3768426557e-001 -2.7563300560e-001 -6.7632764412e+000
107 101 65
4 46 2180 170.4399 -71.3200 47 1193 124.4900 -115.8400 48 961 170.2800 -172.9400 45 1502 147.6700 -48.6400
7.9163679201e-001 -3.7056015883e-001 -6.9039052081e+000
76 71 46
3 46 2183 207.0800 -94.8400 47 1237 159.1200 -134.2800 45 1537 187.1700 -77.8300
4.6938736555e-001 -9.3101846554e-001 -7.2823929248e+000
86 74 48
3 46 1756 116.7500 -226.7200 47 628 71.3000 -243.0400 45 1682 101.3000 -236.2800
-9.3946891271e-001 -1.2013322145e+000 -6.7960698343e+000
125 109 83
3 46 1896 -248.3300 -313.5500 47 848 -276.2600 -325.0100 45 1715 -281.9300 -324.3900
-1.2894057217e+000 -1.4729535462e+000 -6.8856454586e+000
109 98 70
4 46 2003 -336.2800 -381.1500 47 1464 -358.7400 -379.7900 48 671 -318.0200 -394.7000 45 1824 -376.4400 -405.5200
-2.0123122808e+000 1.8890703260e+000 -7.7862775923e+000
181 173 137
3 46 2481 -455.3600 438.5200 47 1949 -461.5000 425.8700 45 1840 -492.8100 375.7600
-2.0573372483e-001 1.6037655505e+000 -8.2569151402e+000
132 90 74
4 46 2493 -38.4300 346.1800 47 1870 -54.1300 334.9500 48 1426 8.7000 324.5500 45 1857 -79.1600 290.1100
-2.0708903749e+000 -6.3182231180e-002 -7.4226277433e+000
195 93 113
3 46 2149 -495.3500 -10.7200 47 1613 -504.5900 -16.8900 45 1891 -538.7400 -45.1800
-9.0209879308e-001 6.5685640552e-001 -6.6198852728e+000
166 63 67
10 46 2599 -247.7200 183.7900 47 2047 -265.6100 134.0100 48 1612 -205.0500 85.7700 49 1389 -159.4800 3.6200 50 1335 -114.3900 -81.3800 51 1191 -148.7100 -111.3800 53 1188 -301.9100 -258.2300 52 876 -216.8400 -97.7300 54 1207 -87.8400 -188.5100 45 2027 -286.6700 192.6100
6.6957754644e-001 1.0584695986e+000 -7.9723188315e+000
101 98 93
3 46 2592 153.6500 236.3800 47 1977 128.7500 214.3900 45 2029 114.4600 204.1700
1.1024858507e-001 -3.4352029567e-001 -6.5039782025e+000
101 87 58
5 46 2420 30.5200 -92.6400 47 1647 -10.5600 -140.6000 48 1221 36.2600 -196.9700 49 709 55.3700 -270.2600 45 2051 6.3500 -61.8300
-9.8062011163e-001 7.5480987595e-001 -6.7349113021e+000
171 66 70
10 46 2676 -260.9300 206.1400 47 2045 -279.1000 161.8000 48 1668 -219.4100 117.5800 49 1384 -173.4100 38.4200 50 1331 -127.0300 -43.6500 51 1189 -161.1900 -70.8100 53 1156 -312.1200 -213.4900 52 873 -227.3600 -54.1200 54 1204 -96.2600 -150.5200 45 2122 -296.8700 207.3800
5.7439454099e-001 2.5468227605e-001 -6.9449535752e+000
171 151 102
10 46 2683 149.3400 68.1300 47 2059 111.5601 21.7700 48 1621 165.0000 -33.1300 49 1335 187.2400 -112.6800 50 1301 225.4100 -200.5300 51 1160 194.9700 -231.0600 53 1167 46.7100 -375.3000 52 884 132.7900 -217.8300 54 1171 202.3800 -268.4800 45 2133 119.0300 81.5700
5.7355874901e-001 2.5517685477e-001 -6.9407465183e+000
171 151 102
8 46 2684 149.3400 68.1300 47 2060 111.5601 21.7700 48 1622 165.0000 -33.1300 49 1336 187.2400 -112.6800 50 1302 225.4100 -200.5300 53 1168 46.7100 -375.3000 52 885 132.7900 -217.8300 45 2134 119.0300 81.5700
-3.3653233206e-001 -6.0925232128e-001 -6.5514111513e+000
127 109 73
4 46 2638 -93.0500 -164.0500 47 2010 -127.9300 -199.7500 48 1483 -83.1700 -248.8200 45 2167 -120.0700 -144.7500
-8.9244996876e-001 -6.8257619748e-001 -6.2511375393e+000
70 65 59
5 46 2550 -259.8400 -192.6700 47 1931 -287.1500 -232.4200 48 1392 -238.1600 -281.3000 49 721 -205.2400 -340.2300 45 2173 -295.8700 -165.7700
2.7823254950e-001 -8.9661720555e-001 -7.1600050704e+000
143 122 77
3 46 2643 71.2600 -221.6100 47 1934 27.3800 -240.6600 45 2188 52.7000 -228.0700
-1.9264966903e+001 -3.7344849432e+000 -4.3351733928e+001
87 65 137
6 46 2628 -723.7700 -142.2100 47 1905 -720.7600 21.8200 48 1534 -698.8700 187.2700 49 1304 -645.9300 344.0300 50 1256 -614.7300 477.6100 45 2195 -781.3200 -430.3700
-1.6554919497e+001 -4.9427746856e+000 -4.2595145798e+001
230 42 80
6 46 2635 -630.4500 -193.0000 47 1997 -627.4300 -28.3800 48 1538 -607.9400 128.2100 49 1239 -557.4400 279.0400 50 1174 -526.3500 408.5600 45 2196 -686.7500 -479.8800
-2.6328951548e+001 2.1678129161e+000 -4.9548115342e+001
246 42 93
4 46 2682 -865.4500 75.5500 47 2042 -862.8100 246.6900 48 1590 -843.8300 427.5700 45 2236 -916.9700 -214.9600
-2.0251497968e+001 -1.9945415759e+000 -4.6149102433e+001
229 159 79
5 46 2623 -713.0000 -72.2300 47 1985 -709.4900 95.8100 48 1528 -689.7200 261.1600 49 1223 -637.4100 421.3700 45 2247 -767.0600 -355.9600
-5.1931404358e-001 5.3321170048e-001 -6.6958937186e+000
147 120 78
6 46 2750 -138.3300 147.9000 47 2111 -162.4400 98.9700 48 1673 -105.1600 48.7900 49 1391 -68.1900 -33.2200 50 1339 -26.0300 -118.5700 45 2277 -172.4500 158.4200
-1.8907640550e+001 -1.9245919504e+000 -4.7905200029e+001
243 50 85
5 46 2702 -639.2700 -66.1200 47 2108 -635.9300 98.8700 48 1605 -616.6800 262.6700 49 1366 -564.1600 419.6800 45 2301 -689.4800 -350.0300
-1.8907640550e+001 -1.9245919504e+000 -4.7905200029e+001
243 50 85
5 46 2701 -639.2700 -66.1200 47 2109 -635.9300 98.8700 48 1604 -616.6800 262.6700 49 1367 -564.1600 419.6800 45 2302 -689.4800 -350.0300
-1.9989659164e+001 -2.2511043004e+000 -4.7010060525e+001
67 37 65
5 46 2768 -690.0800 -79.1400 47 2114 -686.8500 88.0200 48 1660 -667.5900 252.4600 49 1368 -615.6300 411.7700 45 2303 -742.5100 -364.7400
-2.0681777720e+001 -1.0586785559e+000 -4.6092716832e+001
70 40 66
5 46 2789 -729.1800 -38.5400 47 2141 -725.8500 130.1200 48 1697 -705.7900 296.2500 49 1404 -653.0300 458.4700 45 2332 -783.5500 -320.9500
-8.5081527731e-002 -1.9776670030e-001 -6.2817620899e+000
112 99 54
4 46 2812 -24.8900 -52.9200 47 2170 -63.5600 -110.0000 48 1710 -15.2800 -174.1000 45 2350 -51.5300 -12.8000
-2.2625667368e+001 -2.0018953392e+000 -4.5296781353e+001
246 49 95
5 46 2815 -814.7600 -72.0300 47 2167 -809.8000 97.9000 48 1721 -789.5300 266.6500 49 1431 -736.0500 430.9700 45 2354 -872.7600 -361.8200
-1.9645095508e+001 -1.0919782033e+000 -4.6507548859e+001
253 204 91
5 46 2828 -685.4700 -39.0300 47 2183 -682.4600 128.1700 48 1745 -661.9100 292.5000 49 1451 -609.2100 452.0800 45 2371 -737.9700 -321.0900
-2.2369632570e+000 1.9815684599e+000 -7.7068161625e+000
147 144 99
2 46 4 -512.5600 462.7600 47 937 -517.9200 453.7700
-2.0234744726e+000 1.7789395129e+000 -7.5693870271e+000
175 172 137
9 46 12 -473.0300 425.0600 47 943 -479.9600 408.5400 48 707 -420.4600 404.0800 50 417 -304.1600 292.0900 51 357 -338.8400 296.9500 53 617 -470.4200 203.3300 52 520 -399.5600 348.7000 54 679 -236.5200 224.4900 56 401 -421.1200 -113.6400
-1.8790965471e+000 1.6553975243e+000 -7.4449138403e+000
185 177 139
3 46 37 -446.6900 401.7300 47 42 -454.5800 382.1500 48 33 -394.5000 372.3800
-1.4752530640e+000 1.6160967706e+000 -7.5600546842e+000
172 137 111
9 46 39 -343.8600 386.1300 47 59 -354.4500 366.3100 48 35 -292.9000 353.3400 49 73 -235.8100 291.6900 50 76 -182.8600 231.9800 51 383 -212.3000 228.6300 53 406 -337.2800 122.0500 54 450 -118.6200 152.4900 56 418 -279.0600 -182.2600
-1.1567134708e+000 1.2849165957e+000 -7.2493198674e+000
131 68 69
