# Bundle file v0.3
60 5428
0 0 0
0 0 0
0 0 0
0 0 0
0 0 0
0 0 0
0 0 0
0 0 0
0 0 0
0 0 0
0 0 0
0 0 0
0 0 0
0 0 0
0 0 0
0 0 0
0 0 0
0 0 0
0 0 0
0 0 0
0 0 0
0 0 0
0 0 0
0 0 0
0 0 0
0 0 0
0 0 0
0 0 0
0 0 0
0 0 0
0 0 0
0 0 0
0 0 0
0 0 0
0 0 0
0 0 0
0 0 0
0 0 0
0 0 0
0 0 0
0 0 0
0 0 0
0 0 0
0 0 0
0 0 0
0 0 0
0 0 0
0 0 0
0 0 0
0 0 0
0 0 0
0 0 0
0 0 0
0 0 0
0 0 0
0 0 0
0 0 0
0 0 0
0 0 0
0 0 0
0 0 0
0 0 0
0 0 0
0 0 0
0 0 0
0 0 0
0 0 0
0 0 0
0 0 0
0 0 0
0 0 0
0 0 0
0 0 0
0 0 0
0 0 0
0 0 0
0 0 0
0 0 0
0 0 0
0 0 0
0 0 0
0 0 0
0 0 0
0 0 0
0 0 0
0 0 0
0 0 0
0 0 0
0 0 0
0 0 0
0 0 0
0 0 0
0 0 0
0 0 0
0 0 0
0 0 0
0 0 0
0 0 0
0 0 0
0 0 0
0 0 0
0 0 0
0 0 0
0 0 0
0 0 0
0 0 0
0 0 0
0 0 0
0 0 0
0 0 0
0 0 0
0 0 0
0 0 0
0 0 0
0 0 0
0 0 0
0 0 0
0 0 0
0 0 0
0 0 0
0 0 0
0 0 0
0 0 0
0 0 0
0 0 0
0 0 0
0 0 0
0 0 0
0 0 0
0 0 0
0 0 0
0 0 0
0 0 0
0 0 0
0 0 0
0 0 0
0 0 0
0 0 0
0 0 0
0 0 0
0 0 0
0 0 0
0 0 0
0 0 0
0 0 0
0 0 0
0 0 0
0 0 0
0 0 0
0 0 0
0 0 0
0 0 0
0 0 0
0 0 0
0 0 0
0 0 0
0 0 0
0 0 0
0 0 0
0 0 0
1.6969400198e+003 5.5484435769e-002 -1.3044038890e-001
9.7715032333e-001 -2.0713964420e-001 -4.7648855296e-002
2.0325604097e-001 8.4507955525e-001 4.9449724682e-001
-6.2162910321e-002 -4.9288306230e-001 8.6787214466e-001
-7.9207823639e-001 4.4621202677e+000 -6.5973924668e-001
0 0 0
0 0 0
0 0 0
0 0 0
0 0 0
1.7007871404e+003 3.4959661955e-002 -6.5221390769e-002
9.8554222790e-001 -1.6614649570e-001 -3.3194261530e-002
1.6558968809e-001 9.0306124720e-001 3.9630851492e-001
-3.5868819754e-002 -3.9607540414e-001 9.1751713990e-001
-5.9994488431e-001 3.4782567081e+000 -3.9234782951e-001
1.6998613633e+003 4.5602345433e-002 -1.0092716418e-001
9.9079861998e-001 -1.3341169426e-001 -2.2790666706e-002
1.3398263864e-001 9.4299772385e-001 3.0463739980e-001
-1.9150644813e-002 -3.0488786898e-001 9.5219569425e-001
-4.4099443465e-001 2.5437912254e+000 -2.1033573866e-001
1.6952344298e+003 6.9207255303e-002 -1.6262407140e-001
9.9662961448e-001 -8.0939758386e-002 -1.3347922844e-002
8.1991818081e-002 9.7769965450e-001 1.9334096139e-001
-2.5987111479e-003 -1.9378374827e-001 9.8104082770e-001
-1.0291392017e-001 1.8463980757e+000 8.9708236261e-002
1.7009264892e+003 2.6845723935e-002 -3.6220072851e-002
9.9898008681e-001 -4.4960454977e-002 4.1645692829e-003
4.4095612164e-002 9.9127201837e-001 1.2423913465e-001
-9.7140690186e-003 -1.2392878229e-001 9.9224356576e-001
-6.3244253163e-002 1.4259930384e+000 6.4120080709e-002
1.6901525041e+003 5.8020162831e-002 -1.2855614511e-001
9.9998166714e-001 -2.8863738143e-004 6.0483121476e-003
3.3812974344e-004 9.9996645814e-001 -8.1834143717e-003
-6.0457472367e-003 8.1853094606e-003 9.9994822348e-001
-2.3155350249e-002 -3.3763986212e-002 -2.5131390157e-002
1.6877808016e+003 5.0668005196e-002 -9.6706159008e-002
9.9927872363e-001 3.5904776133e-002 1.2364447015e-002
-3.4793532882e-002 9.9613303492e-001 -8.0674573484e-002
-1.5213236631e-002 8.0186182027e-002 9.9666380171e-001
-1.5977268582e-001 -9.4160295126e-001 -3.6453150160e-001
1.6834537431e+003 6.2377334053e-002 -1.1431928079e-001
9.9692627532e-001 7.7240789257e-002 1.3109616918e-002
-7.3687967383e-002 9.8127494395e-001 -1.7795945558e-001
-2.6609867411e-002 1.7644643619e-001 9.8395049170e-001
-9.2465273264e-002 -1.7593584819e+000 -3.2568051168e-001
1.6869926477e+003 5.4149552119e-002 -1.1422969749e-001
9.9317701377e-001 1.1657418366e-001 -3.1430909859e-003
-1.1274469295e-001 9.5296571758e-001 -2.8132716778e-001
-2.9800226968e-002 2.7976204322e-001 9.5960676615e-001
-1.7484243651e-001 -2.7893367892e+000 -5.2179451296e-001
1.6792360149e+003 7.2363720221e-002 -1.6368388062e-001
9.8673574909e-001 1.6215921666e-001 -7.5465171230e-003
-1.5271487532e-001 9.1149377547e-001 -3.8191263939e-001
-5.5052051054e-002 3.7799931974e-001 9.2416761789e-001
-2.6860154237e-001 -3.4395941314e+000 -1.2454812923e+000
1.6813822300e+003 6.3749945897e-002 -1.3599643336e-001
9.7876199136e-001 2.0462660963e-001 -1.2365876551e-002
-1.8791776828e-001 8.7146353298e-001 -4.5303225388e-001
-8.1926043697e-002 4.4573451888e-001 8.9140835875e-001
-5.2603163087e-001 -4.2663487196e+000 -1.4869198429e+000
0 0 0
0 0 0
0 0 0
0 0 0
0 0 0
1.6803624696e+003 7.0124690030e-002 -1.6195683260e-001
9.7174977895e-001 2.3415099988e-001 -2.9591829452e-002
-2.1287453071e-001 8.1541933733e-001 -5.3830821885e-001
-1.0191565772e-001 5.2940023948e-001 8.4222834502e-001
-6.1798301963e-001 -4.9059874932e+000 -1.8048928431e+000
1.6775621123e+003 7.2931787515e-002 -1.4682025638e-001
9.6048885080e-001 2.7547771876e-001 -3.9663509071e-002
-2.4482701324e-001 7.6850714115e-001 -5.9114846493e-001
-1.3236654060e-001 5.7750220820e-001 8.0558692793e-001
-6.0778119633e-001 -5.0524935974e+000 -1.4929943430e+000
1.6777531983e+003 7.0838761867e-002 -1.4172307268e-001
9.4827641914e-001 3.1094205378e-001 -6.3928648454e-002
-2.7109571827e-001 6.8844976796e-001 -6.7271392771e-001
-1.6516338709e-001 6.5524953734e-001 7.3713574013e-001
-8.7439687797e-001 -5.9369843055e+000 -2.4254915080e+000
1.6733177983e+003 7.0307942953e-002 -1.4877238432e-001
9.3785156486e-001 3.3094852174e-001 -1.0443906476e-001
-2.9435417109e-001 5.9919532580e-001 -7.4452708715e-001
-1.8382073945e-001 7.2899796810e-001 6.5937235175e-001
-1.3945560294e+000 -6.7196836796e+000 -3.3187285080e+000
1.6750408195e+003 5.8932077789e-002 -1.0358780431e-001
9.2010397949e-001 3.6491963658e-001 -1.4227552760e-001
-3.2661435818e-001 5.1437056293e-001 -7.9293504464e-001
-2.1617522510e-001 7.7605192019e-001 5.9246239478e-001
-1.7361365009e+000 -6.9444210607e+000 -3.9661581684e+000
1.6718279088e+003 6.9385092466e-002 -1.3853765628e-001
9.0890009890e-001 3.7907035822e-001 -1.7379952170e-001
-3.3492898327e-001 4.1527421532e-001 -8.4579542577e-001
-2.4844151504e-001 8.2695404323e-001 5.0440442504e-001
-1.8220375529e+000 -7.5945673286e+000 -4.9561895906e+000
1.6736725863e+003 5.9730172227e-002 -1.1825164354e-001
8.9358116726e-001 3.9609405676e-001 -2.1123966416e-001
-3.5703220798e-001 3.4186212974e-001 -8.6928607875e-001
-2.7210420795e-001 8.5219703264e-001 4.4689989659e-001
-2.2230694508e+000 -7.6079331233e+000 -5.7167482871e+000
1.6784936070e+003 5.5535862207e-002 -1.0636945064e-001
8.7752810763e-001 4.1158988750e-001 -2.4604508699e-001
-3.6757586969e-001 2.4785298781e-001 -8.9635756060e-001
-3.0794869758e-001 8.7701919075e-001 3.6878847422e-001
-2.2998443196e+000 -8.2748089240e+000 -6.3019893042e+000
1.6729337494e+003 5.5623278521e-002 -1.0161846990e-001
8.6001852343e-001 4.2582704707e-001 -2.8113958338e-001
-3.5550567134e-001 1.0479468881e-001 -9.2878080883e-001
-3.6603805404e-001 8.9871541612e-001 2.4150930378e-001
-2.8084399977e+000 -8.1109489025e+000 -7.2837563043e+000
1.6808288117e+003 4.3092958164e-002 -7.6604317594e-002
8.3796437847e-001 4.3727867965e-001 -3.2650123543e-001
-3.6122598178e-001 -4.0202823981e-003 -9.3246963887e-001
-4.0906171967e-001 8.9931707070e-001 1.5458756693e-001
-3.3529733496e+000 -8.4630775710e+000 -8.0621541301e+000
0 0 0
0 0 0
0 0 0
0 0 0
0 0 0
1.6737242317e+003 6.0299578273e-002 -1.1926482340e-001
8.2245336312e-001 4.4297057579e-001 -3.5685786312e-001
-3.5726667044e-001 -8.5915008883e-002 -9.3004254604e-001
-4.4264092861e-001 8.9241004041e-001 8.7597534719e-002
-3.5294192093e+000 -8.2616460369e+000 -8.5903801602e+000
0 0 0
0 0 0
0 0 0
0 0 0
0 0 0
0 0 0
0 0 0
0 0 0
0 0 0
0 0 0
0 0 0
0 0 0
0 0 0
0 0 0
0 0 0
4.5469642502e-001 -1.0592426584e+000 -8.9606270853e+000
160 41 54
5 38 613 70.7800 -191.9800 39 693 27.3100 -232.0200 37 1585 78.8101 -140.2000 35 1638 71.1100 -226.7700 32 1946 63.3500 -165.1100
-1.8096034604e-001 -9.2636215225e-001 -8.4614866302e+000
155 152 136
8 38 1931 -53.0700 -177.4100 39 1694 -93.6700 -223.7300 40 1457 -90.6300 -220.0700 37 2108 -48.6300 -113.7100 35 2396 -63.1400 -197.9400 36 2147 -20.3700 -149.8600 32 2369 -80.9800 -121.7700 34 2192 -73.0500 -162.1400
-6.4410402933e-001 -1.0560541083e+000 -8.4896781764e+000
27 56 41
8 38 2120 -143.1600 -202.3700 39 1902 -179.1500 -244.1400 40 1919 -175.9900 -237.4100 37 2199 -142.8200 -144.5600 35 2398 -159.2400 -240.6700 36 2261 -115.3800 -184.7900 32 2317 -182.5700 -173.6300 34 2205 -171.4900 -208.7800
-1.4122873346e-001 -8.4901828323e-001 -8.3739296106e+000
31 60 43
7 38 1511 -43.2600 -164.1300 39 618 -80.8100 -212.8800 37 1776 -41.3100 -96.7000 35 2104 -60.2600 -177.6300 36 1779 -14.2400 -130.9500 32 2197 -81.5700 -96.2800 34 1957 -70.7900 -138.6800
-1.5661078074e-001 -6.8191112695e-001 -8.1684109833e+000
159 170 103
8 38 1918 -47.9100 -134.0000 39 1885 -87.3800 -188.7200 40 1905 -81.5300 -190.9800 37 2079 -47.1900 -58.3400 35 2241 -69.7200 -133.1100 36 2126 -20.6600 -89.9600 32 2190 -94.7400 -41.9700 34 2082 -82.3500 -89.6600
5.4145219312e-001 -8.8160847655e-001 -8.7164561033e+000
166 45 48
9 38 1514 89.5200 -163.1100 39 1461 45.2900 -209.5400 40 1139 50.1300 -206.9800 41 639 54.9300 -229.4300 37 1548 96.4500 -101.7200 35 1890 84.4100 -178.6200 36 1797 127.0400 -134.1000 32 1895 72.1300 -105.3900 34 1760 77.3000 -144.7600
-1.4122873346e-001 -8.4901828323e-001 -8.3739296106e+000
31 60 43
7 38 1512 -43.2600 -164.1300 39 619 -80.8100 -212.8800 37 1777 -41.3100 -96.7000 35 2105 -60.2600 -177.6300 36 1780 -14.2400 -130.9500 32 2198 -81.5700 -96.2800 34 1958 -70.7900 -138.6800
6.4298969364e-001 -6.5244937115e-001 -8.4535468365e+000
165 34 44
7 38 1723 113.1600 -122.7100 39 1681 68.0000 -177.5900 37 1942 118.5000 -49.8700 35 2089 100.1100 -118.5600 36 1970 147.6600 -78.9900 32 2068 82.1700 -30.3000 34 1938 90.8300 -75.9500
1.0586701330e+000 -1.0212024277e+000 -9.1317054902e+000
144 86 82
7 38 1175 180.3900 -181.1400 39 1151 132.9500 -222.5600 37 1552 192.5699 -129.2000 35 1915 188.2000 -209.0600 36 1538 226.0900 -162.2800 32 2094 185.0601 -146.6600 34 1785 185.5699 -179.5700
-5.0347601078e-001 -4.2762887361e-001 -7.7934726481e+000
137 145 66
8 38 1888 -124.5800 -86.6100 39 1872 -160.3500 -148.7600 40 1892 -151.9500 -156.9300 37 2064 -129.6300 2.0000 35 2229 -160.6000 -69.1400 36 2111 -105.8300 -28.3600 32 2291 -195.1600 34.9500 34 2182 -176.4700 -17.4800
-3.1144029265e-001 -3.0793581803e-001 -7.7904399108e+000
159 162 24
11 38 1441 -82.9100 -60.2900 39 1051 -119.5400 -126.1800 40 527 -110.4500 -136.5900 41 538 -103.6400 -179.5000 42 509 -112.1900 -136.7800 43 514 -157.6000 -186.2000 37 988 -87.0600 31.1200 35 1490 -119.7700 -36.6500 36 1399 -64.2000 2.8100 32 1448 -155.2300 67.5700 34 1410 -137.0200 13.9100
4.1260497957e-002 -1.8861986171e-001 -7.8490453679e+000
29 57 34
9 38 1877 -7.4800 -34.1900 39 1664 -44.3800 -102.5400 40 1680 -34.2800 -114.7500 42 1012 -37.3000 -121.3300 37 1911 -10.0900 58.5700 35 2223 -44.6300 -4.6000 36 1927 13.0200 32.7900 32 2166 -78.5700 99.1700 34 2066 -61.3900 45.9600
1.3254542006e-002 -3.3973771843e-001 -7.9451073948e+000
22 56 37
8 38 1705 -12.8500 -65.5700 39 1402 -51.1500 -129.8900 40 1429 -41.6600 -139.4700 37 1729 -14.4700 22.4300 35 2068 -45.0700 -43.4000 36 1942 8.9500 -4.8400 32 2053 -76.0600 57.3100 34 1906 -60.6900 5.5800
1.3254542006e-002 -3.3973771843e-001 -7.9451073948e+000
22 56 37
8 38 1704 -12.8500 -65.5700 39 1401 -51.1500 -129.8900 40 1428 -41.6600 -139.4700 37 1728 -14.4700 22.4300 35 2069 -45.0700 -43.4000 36 1943 8.9500 -4.8400 32 2054 -76.0600 57.3100 34 1907 -60.6900 5.5800
-5.7785871281e-001 -3.8779419724e-001 -7.7375177255e+000
29 60 41
9 38 1715 -141.1600 -78.3900 39 1668 -176.5200 -142.3000 40 1688 -168.6200 -151.3900 41 1354 -161.6100 -193.2500 42 1039 -165.9300 -148.0000 37 1921 -147.0600 12.4800 35 2067 -179.8300 -58.6600 36 1940 -124.4300 -17.6800 34 1911 -197.7700 -7.8900
-3.7340315458e-001 -4.9126600334e-001 -7.8867829566e+000
147 144 43
10 38 1716 -95.5700 -98.1400 39 1429 -132.2800 -158.9900 40 1437 -124.8000 -166.7500 41 1370 -118.6500 -205.9500 42 1041 -127.6800 -158.1400 37 1473 -98.4100 -12.8000 35 1836 -127.0400 -84.0500 36 1751 -74.3100 -42.5000 32 1816 -159.2600 16.7400 34 1693 -143.0200 -35.1100
2.4841307257e+000 -1.2170531609e-001 -8.8103879016e+000
193 141 109
7 38 1427 460.9000 -16.3300 39 1032 407.8199 -80.4200 37 1410 468.4200 62.7500 35 1473 442.9500 15.6000 36 1380 498.9100 45.5400 32 1788 421.1899 103.0400 34 1677 431.9301 57.1700
-9.0015677950e-001 -5.0306595448e-001 -7.6896115450e+000
23 50 23
8 38 1481 -213.2800 -104.1900 39 526 -247.6200 -165.8200 40 571 -240.9000 -173.1800 37 1466 -221.0100 -15.2300 35 1833 -250.5900 -90.8400 36 1429 -198.3700 -48.1900 32 1813 -288.5400 13.0100 34 1703 -269.9500 -40.5300
3.7016442593e+000 -1.5181924315e-001 -9.3388251750e+000
134 48 51
11 38 1703 656.2900 -18.7800 39 1398 594.5200 -82.5300 40 1399 608.7100 -91.2600 41 1332 617.8000 -127.5800 42 1005 571.4000 -95.9500 43 1023 528.3600 -143.0800 37 1914 667.3700 51.5000 35 1803 646.9600 9.4200 36 1717 702.5800 37.4800 32 2045 631.2300 89.3000 34 1683 639.3900 47.9500
3.2286624271e+000 -5.5903349772e-001 -9.5067395003e+000
195 134 114
8 38 1018 559.4000 -90.8100 39 1090 500.1801 -144.0800 40 547 508.5699 -147.2000 37 1479 575.7600 -30.3600 35 1530 567.7400 -84.0900 36 1446 613.7100 -50.7400 32 1843 564.8000 -11.1000 34 1715 565.8400 -48.8800
-6.3317244600e-001 -7.0732624664e-001 -7.9979725781e+000
30 67 35
7 38 1914 -148.8600 -142.9400 39 1894 -184.7400 -196.6800 37 2077 -151.9600 -64.9200 35 2238 -177.3900 -144.6800 36 2124 -126.8300 -98.7900 32 2300 -208.5300 -51.3400 34 2088 -192.2800 -99.6700
-3.1120583320e-001 -3.0809949022e-001 -7.7896374849e+000
159 162 24
10 38 1440 -82.9100 -60.2900 39 1050 -119.5400 -126.1800 40 526 -110.4500 -136.5900 41 537 -103.6400 -179.5000 42 508 -112.1900 -136.7800 37 987 -87.0600 31.1200 35 1489 -119.7700 -36.6500 36 1398 -64.2000 2.8100 32 1447 -155.2300 67.5700 34 1409 -137.0200 13.9100
1.4825838886e+000 -1.2747109101e-001 -8.4139365173e+000
186 128 109
10 38 1690 282.3300 -17.4500 39 1382 233.0601 -84.9500 40 1391 246.3000 -96.7200 42 1016 227.5601 -105.0500 43 1011 184.8199 -155.8100 37 1700 285.0900 66.1500 35 1795 255.8800 11.8200 36 1704 312.3600 46.0400 32 1769 230.6400 103.8000 34 1659 243.4500 57.8100
-2.9717695944e-001 -6.9875566758e-001 -8.1015301653e+000
125 139 68
7 38 1917 -77.1400 -138.8000 39 1680 -114.6700 -193.5400 37 1940 -77.9000 -61.6200 35 2239 -100.9000 -137.9500 36 1967 -51.9600 -93.9000 32 2189 -128.1600 -45.1200 34 2081 -114.7600 -92.9300
-4.4355170812e-001 -3.5724927961e-001 -7.7632229314e+000
26 56 27
7 38 1461 -112.1600 -71.2300 39 1425 -148.6800 -136.1400 37 1448 -118.3100 19.7900 35 1820 -148.9100 -49.5100 36 1736 -93.4100 -9.2900 32 2049 -183.1700 54.8600 34 1687 -165.9500 1.4000
-4.4355170812e-001 -3.5724927961e-001 -7.7632229314e+000
26 56 27
7 38 1462 -112.1600 -71.2300 39 1426 -148.6800 -136.1400 37 1449 -118.3100 19.7900 35 1821 -148.9100 -49.5100 36 1737 -93.4100 -9.2900 32 2050 -183.1700 54.8600 34 1688 -165.9500 1.4000
3.3822798695e+000 -5.5240041023e-003 -9.0715739201e+000
196 137 107
8 38 2331 616.2700 7.0700 39 2305 558.2400 -61.8900 40 2332 574.3900 -73.2000 41 2137 584.5500 -111.6500 37 2315 623.5800 82.8800 35 2587 595.9800 44.0600 36 2399 655.8400 70.8000 34 2349 583.5800 84.6600
3.8934897921e+000 -1.6376628490e-001 -9.4235335664e+000
194 139 93
8 38 377 684.7800 -20.4500 39 428 622.6801 -83.2900 40 469 636.3101 -92.2800 37 1007 696.2100 48.2000 35 1480 677.3000 6.7200 36 921 732.5000 34.5000 32 962 662.3199 86.6900 34 909 670.0699 44.8600
1.6973291216e+000 -1.7070827899e-001 -8.5332792179e+000
190 125 105
10 38 1693 320.5601 -25.8500 39 1384 270.4100 -91.3300 40 1412 284.4100 -101.8500 41 1343 291.6600 -143.5100 42 1020 260.9000 -108.9600 37 1713 324.9900 56.0000 35 2056 297.5800 2.5200 36 1708 353.7900 35.8300 32 1803 275.0200 91.9000 34 1663 286.0601 45.0300
2.4841307257e+000 -1.2170531609e-001 -8.8103879016e+000
193 141 109
7 38 1426 460.9000 -16.3300 39 1033 407.8199 -80.4200 37 1409 468.4200 62.7500 35 1474 442.9500 15.6000 36 1381 498.9100 45.5400 32 1789 421.1899 103.0400 34 1678 431.9301 57.1700
3.2394080467e+000 -2.2706991950e-001 -9.1909442923e+000
139 96 84
9 38 1436 581.2500 -33.6900 39 1396 522.2900 -95.1400 40 1417 534.7800 -104.1800 41 1052 542.4900 -140.3900 37 1720 592.2800 37.7000 35 1812 573.1400 -6.9700 36 1728 627.0400 22.1400 32 1805 558.2100 74.7200 34 1681 565.7300 32.2200
-6.3327497159e-001 -3.6471458207e-001 -7.7101653942e+000
135 136 74
8 38 1713 -153.8500 -73.1400 39 1422 -188.2900 -138.8500 40 1427 -178.9900 -147.3500 37 1726 -160.6000 17.6400 35 1818 -193.5200 -53.8100 36 1735 -137.9900 -12.2800 32 2047 -231.4200 51.3600 34 1686 -212.0000 -3.4300
7.8600379162e-001 -3.4151979287e-001 -8.2679412601e+000
174 114 81
11 38 1884 145.0699 -62.5600 39 1868 99.7900 -125.6400 40 1897 110.0000 -134.1700 41 1760 116.3800 -172.3400 42 1530 94.9500 -131.6800 43 1316 50.6500 -179.5100 37 1731 147.8800 19.4600 35 2071 121.6200 -40.7900 36 1741 174.6500 -5.0800 32 2056 97.1100 54.4100 34 1909 109.4900 5.2100
3.2053851382e+000 -6.1138443966e-001 -9.5557690063e+000
188 126 107
6 38 1020 553.1801 -99.7500 39 503 493.0800 -151.6000 37 1513 568.9800 -41.5600 35 1532 563.1700 -95.4600 36 1443 607.5601 -62.0700 34 1444 561.8700 -62.7000
-8.7302706028e-002 -4.7977837575e-001 -8.0114886021e+000
150 152 62
7 38 1718 -32.5500 -93.9100 39 1670 -72.3900 -155.4000 37 1930 -34.8900 -10.6900 35 2079 -62.4700 -79.7100 36 1958 -9.5700 -39.3200 32 2177 -92.2600 17.7500 34 2074 -77.2500 -33.0000
-8.3881159767e-002 -4.7969962743e-001 -8.0110374401e+000
150 152 62
10 38 1717 -32.5500 -93.9100 39 1669 -72.3900 -155.4000 40 1430 -62.8500 -161.8000 41 1088 -56.1500 -199.5500 42 515 -68.6400 -153.4800 37 1929 -34.8900 -10.6900 35 2078 -62.4700 -79.7100 36 1957 -9.5700 -39.3200 32 2178 -92.2600 17.7500 34 2073 -77.2500 -33.0000
1.1082015838e+000 -5.7670556829e-001 -8.5606840607e+000
17 56 92
8 38 1900 202.8600 -106.4800 39 1874 154.5400 -162.6000 40 1701 162.8199 -167.9000 37 1932 210.3600 -32.3400 35 2083 192.7700 -95.2800 36 1963 240.3800 -58.5300 32 2070 176.6100 -7.4100 34 1931 184.2800 -52.7400
-7.0821910875e-001 -1.0330197936e+000 -8.3862701416e+000
143 154 67
7 38 1539 -156.5800 -201.1200 39 1174 -190.9800 -243.8500 37 1977 -158.2200 -140.5700 35 2120 -176.2800 -233.9000 36 2011 -131.4000 -180.1800 32 2214 -201.9700 -161.8200 34 2103 -190.1600 -199.1100
-5.6796692301e-001 -9.5165316778e-001 -8.2969301755e+000
114 137 124
7 38 2114 -130.4100 -187.0400 39 2071 -166.0200 -232.6300 37 2190 -130.9700 -121.2000 35 2391 -149.7200 -208.5300 36 2251 -104.7000 -158.9400 32 2366 -175.1800 -129.5100 34 2266 -162.7800 -170.5000
-2.7596125287e-001 -9.7170747319e-001 -8.4969056145e+000
35 58 41
8 38 2118 -70.1600 -185.9800 39 1904 -108.6400 -230.3900 40 1713 -103.9700 -225.2000 37 2194 -67.6900 -124.7000 35 2395 -83.4100 -211.7500 36 2255 -39.4400 -161.6200 32 2371 -103.1600 -139.7200 34 2199 -94.1400 -177.2500
1.1739206620e+000 -1.1076981107e-002 -8.1589468400e+000
17 85 134
9 38 2288 227.6100 6.1800 39 2260 180.8000 -65.8900 40 2277 193.7300 -81.9000 41 2087 201.3000 -129.8900 37 2261 227.9600 97.6300 35 2518 194.2500 43.9100 36 2350 253.0601 77.0500 32 2390 163.5500 141.5600 34 2298 179.3800 91.5000
4.8670418266e+000 2.0996964737e-001 -9.5915853047e+000
161 98 58
7 38 328 844.0500 45.6900 39 357 781.6300 -22.1500 37 954 850.9301 117.5700 35 893 822.6200 84.9200 36 887 884.2900 108.9800 32 881 796.7300 161.1500 34 859 809.8700 121.5600
4.2977493448e+000 1.3955946099e-001 -9.3918642562e+000
90 65 61
6 38 937 760.3400 33.3500 39 993 698.7300 -33.4900 37 1395 766.9700 106.3400 35 1425 738.9200 72.7300 32 904 713.5601 151.2300 34 1347 726.9700 109.6000
3.9639664420e+000 1.1716925218e-003 -9.3296290915e+000
190 82 42
7 38 947 703.4000 8.9500 39 1009 641.4600 -56.8600 37 1413 712.9900 82.0700 35 1434 688.9600 43.5100 36 1347 748.0699 69.3200 32 1405 670.3300 124.7300 34 1368 679.0601 82.1600
1.3962894946e+000 -6.8765378792e-002 -8.3364041482e+000
187 130 105
7 38 1409 267.5500 -6.8600 39 1378 219.4000 -75.2500 40 1388 233.2300 -87.5900 37 1400 269.1300 79.6000 36 1356 295.6100 59.4000 32 1766 210.1200 120.8000 34 1651 224.5699 72.4400
3.2399474356e+000 -2.2672950151e-001 -9.1924441789e+000
139 96 84
10 38 1435 581.2500 -33.6900 39 1395 522.2900 -95.1400 40 1418 534.7800 -104.1800 41 1051 542.4900 -140.3900 42 492 499.6500 -105.9800 37 1721 592.2800 37.7000 35 1813 573.1400 -6.9700 36 1729 627.0400 22.1400 32 1806 558.2100 74.7200 34 1682 565.7300 32.2200
4.3336523743e+000 -1.0132011741e-001 -9.5707944484e+000
185 162 144
7 38 984 751.8101 -9.5000 39 1044 689.0000 -71.8500 37 1437 763.6500 58.9600 35 1482 744.1300 20.3600 36 1394 800.0500 46.6000 32 1440 728.0699 97.6300 34 1402 736.4000 57.0500
2.6619079981e+000 8.7746306792e-002 -8.7586732018e+000
169 33 48
7 38 1872 499.1100 24.7100 39 1649 443.5000 -44.6700 37 1900 503.0500 106.7600 35 2048 470.9200 62.5300 36 2099 532.6801 91.0000 32 2030 443.5100 149.9800 34 1892 457.6500 104.7000
1.0469723068e+000 -2.3408515465e-001 -8.2949083743e+000
14 59 83
9 38 1443 197.6600 -40.3500 39 1406 150.4700 -105.6200 40 1409 162.7800 -115.7000 41 1340 169.6600 -157.2200 37 1709 200.2400 43.5700 35 1808 172.3000 -13.3300 36 1725 227.4800 21.2000 32 1798 146.6801 81.9300 34 1655 159.8300 32.2200
3.9472009150e-001 -6.3648249081e-001 -8.3116748111e+000
131 88 79
8 38 1492 64.7300 -122.1700 39 1446 21.5600 -178.2400 40 1098 28.5900 -182.1700 37 1494 68.4200 -46.1100 35 1857 47.8300 -114.7400 36 1473 96.4500 -75.2800 32 1832 27.0200 -23.5500 34 1727 37.1900 -70.9600
-2.3870110634e-001 -6.4471016208e-001 -8.0405060166e+000
33 60 32
7 38 1896 -65.3200 -128.2300 39 1884 -103.3300 -185.9400 37 2078 -65.8900 -48.2500 35 2234 -90.5400 -121.2900 36 2125 -40.2900 -79.3300 32 2186 -118.7200 -25.1600 34 2079 -105.0400 -74.4100
2.4890498896e-001 -6.6581887958e-001 -8.3467457910e+000
161 107 104
5 38 2099 35.3800 -128.1300 39 1886 -5.6200 -180.4100 37 2081 37.6700 -55.4600 35 2235 17.9000 -127.1500 34 2084 5.9200 -84.2200
3.2773035223e+000 -1.1204254431e-001 -9.1209600179e+000
195 144 124
7 38 980 592.6500 -12.9800 39 423 533.7800 -76.8300 40 463 548.3700 -87.6700 41 482 558.4700 -126.0100 37 974 602.0500 61.2400 35 947 579.1000 18.9000 32 1436 560.3600 102.4800
1.2552115092e-002 -1.3168346140e-001 -7.8027250183e+000
147 156 129
9 38 1876 -12.9600 -21.9000 39 1858 -51.6700 -91.1200 40 1679 -38.6000 -105.0000 41 1554 -31.0800 -151.1600 37 1904 -17.0000 71.9000 35 2051 -52.2100 9.4700 36 1926 6.0400 45.9500 32 2165 -88.9700 114.8400 34 2065 -70.8600 61.1500
4.4668767501e+000 2.9069315050e-001 -9.3953193670e+000
34 18 32
13 38 1679 790.5601 60.8700 39 1365 729.6700 -8.8200 40 1375 750.1100 -23.1600 41 1314 765.6700 -65.8200 42 972 715.3800 -44.6100 43 989 673.8500 -99.7800 45 448 686.8000 -94.8000 46 557 736.2900 -65.8100 37 1684 794.7300 136.0000 35 1780 762.2600 101.9400 36 1681 826.8500 126.6600 32 1385 732.6400 179.2600 34 1635 748.1300 139.1500
4.3709621881e+000 1.9329419406e-001 -9.4027880378e+000
184 159 142
8 38 1391 772.7000 43.0200 39 996 711.6000 -24.9500 40 1018 730.6000 -38.6900 37 1397 779.1500 117.7300 35 1424 748.1300 81.6400 36 1339 811.5900 107.2100 32 1388 721.2500 160.6400 34 1346 735.3300 119.4500
1.4183723494e+000 -1.6244147662e-001 -8.3922213292e+000
114 59 63
7 38 371 269.6300 -25.2100 39 395 221.3800 -91.8800 37 992 273.1400 58.6700 35 930 244.9000 5.2400 36 909 300.3500 37.8100 32 917 220.1600 99.1700 34 893 232.5100 50.4600
-2.6906372541e-001 -4.2565306378e-001 -7.9049975210e+000
24 53 30
8 38 1465 -72.3600 -84.3700 39 1078 -108.2900 -146.6400 40 530 -99.6100 -155.0700 37 1454 -74.6900 3.0900 35 1824 -105.9800 -67.4400 36 1740 -52.3100 -27.3000 32 2051 -139.8000 32.1900 34 1917 -123.4400 -20.0600
3.9962793127e+000 -6.6648180295e-001 -1.0008559604e+001
172 146 128
7 38 1506 661.5100 -104.4200 39 1437 598.2500 -151.9600 37 1773 681.1400 -52.6800 35 1874 681.1500 -106.8400 36 1773 722.8400 -72.8500 32 2077 686.2400 -43.9000 34 1942 682.1801 -77.2700
-3.9770437747e-001 -8.3704441726e-001 -8.2596012652e+000
28 55 40
7 38 1929 -96.9800 -164.1800 39 1691 -134.8500 -213.9500 37 2092 -96.9100 -94.5000 35 2387 -116.2300 -177.4400 36 2136 -69.6300 -129.6500 32 2305 -140.6100 -94.5200 34 2190 -128.5000 -137.5100
3.7035506663e-001 -5.6180729398e-001 -8.2402563651e+000
173 156 133
10 38 1042 60.2300 -107.0600 39 1110 17.3200 -165.8800 40 596 24.3300 -171.9000 41 583 29.5600 -206.0900 42 521 11.2600 -159.7000 37 1046 63.3400 -28.9900 35 1519 41.2700 -95.8800 36 1007 90.6600 -56.9300 32 1491 18.3700 -3.1300 34 1434 29.7000 -51.5100
1.5095630993e+000 -9.2796039520e-001 -9.1538962643e+000
140 80 70
7 38 1119 262.2800 -163.5000 39 631 211.1000 -208.1900 37 1169 276.4399 -107.4300 35 1612 272.7900 -179.9800 36 1151 311.6899 -137.3600 32 1604 271.3900 -112.0200 34 1507 270.9100 -147.9100
-1.6820232301e-001 2.5181577903e-001 -7.5558002339e+000
160 158 137
12 38 2083 -52.0200 62.0800 39 1857 -87.9500 -15.7300 40 1883 -73.6500 -33.8800 41 1750 -62.9500 -88.8800 42 1514 -70.8400 -61.7200 43 1753 -113.3300 -123.3600 45 1229 -105.5700 -124.4700 37 1894 -62.9200 166.9800 35 2042 -106.3400 103.7700 36 1915 -42.8800 140.9100 32 2021 -150.9900 210.6700 34 1885 -127.9400 156.3900
4.9105727616e+000 8.7567540924e-002 -9.7070726027e+000
159 92 46
7 38 1404 840.8000 24.3000 39 1012 777.3700 -40.7800 37 1691 850.0300 92.2500 35 1789 827.8700 58.6500 36 1699 886.0400 83.0400 32 2032 806.9700 133.3200 34 1647 817.6899 93.9500
4.6996367940e+000 1.9674996069e-001 -9.5268270635e+000
183 100 52
8 38 2192 820.1801 44.3600 39 2046 757.5100 -24.6400 40 2165 776.6600 -38.3500 37 2156 827.4100 116.2600 35 2363 798.7000 83.1300 36 2214 860.8800 107.9700 32 2270 772.6100 159.5700 34 2168 786.0500 119.2500
2.9377691877e+000 7.9215947190e-002 -8.8625238616e+000
170 34 47
10 38 2193 545.1000 23.6300 39 2047 488.0200 -45.1900 40 2054 505.7200 -59.1700 41 1883 516.6000 -102.5500 43 1754 432.8000 -129.8600 37 2153 551.8600 104.1400 35 2362 519.9301 61.5600 36 2216 580.9200 89.7700 32 2274 496.5200 146.9700 34 2165 508.7600 103.4200
3.4573810601e+000 5.0001211268e-001 -9.0148760164e+000
22 20 44
18 38 1867 635.1600 102.0300 39 1854 580.4900 29.2900 40 1882 603.3101 14.9100 41 1743 621.3800 -30.7100 42 1736 580.7400 -11.7600 43 1747 541.7800 -69.5900 45 1387 556.9100 -67.5400 46 1551 607.2800 -35.0500 47 1334 568.3300 -84.1400 48 1312 520.8900 -127.2300 49 1384 505.5300 -115.9400 50 1177 517.8101 -154.5800 51 1018 483.5100 -135.9400 37 1895 633.7700 181.5100 35 1774 592.1300 139.5500 36 1914 660.3600 168.9900 32 1378 555.9800 216.0100 34 1628 574.9500 176.8300
4.3823180305e+000 2.7109630827e-001 -9.3637995489e+000
37 17 19
9 38 938 777.8600 57.3500 39 994 716.7900 -12.2700 40 1010 736.6600 -26.6100 41 996 752.2100 -68.9700 37 1389 782.5000 132.6600 35 1414 750.0100 98.3600 36 1335 814.5300 123.2900 32 1383 720.5400 176.9500 34 1336 735.9000 136.0000
4.4299806443e+000 2.3997509807e-001 -9.3936356140e+000
186 159 138
11 38 1390 784.1600 51.4400 39 1366 723.0100 -17.4400 40 1012 742.2000 -31.5600 41 997 757.4000 -73.8000 42 435 707.1899 -51.4100 43 477 663.8500 -105.9800 37 1390 789.4900 126.3500 35 1415 757.8300 92.1800 36 1338 822.0900 116.7800 32 1387 728.9200 170.8300 34 1339 744.1899 129.9600
4.4042502645e+000 8.5981759075e-002 -9.4873762416e+000
190 173 145
7 38 1688 770.9500 23.8900 39 1653 707.8600 -41.8300 40 1670 725.0100 -54.0400 37 1689 779.7400 95.4900 35 1787 754.6801 59.3300 36 1694 813.7600 85.2800 32 1759 733.0800 136.9800
3.2553777455e+000 -1.7859129692e-001 -9.1608875253e+000
199 145 114
7 38 1433 587.8500 -25.1200 39 1042 527.5500 -87.5100 37 1434 596.1600 47.6900 35 1479 575.0900 3.8600 36 1388 630.6300 32.1100 32 1456 558.5200 86.6100 34 1397 567.0500 43.2700
3.8000349130e+000 -2.2459192031e-001 -9.4373976064e+000
193 129 58
7 38 375 666.3700 -32.1000 39 426 605.1100 -92.4600 37 1010 679.2800 36.3500 35 977 661.8600 -6.7700 36 942 716.0800 21.4900 32 1460 649.3800 71.6300 34 1399 656.0100 31.2700
-2.9055968853e-001 -3.9443508568e-001 -7.8532987300e+000
174 163 47
7 38 1008 -77.9200 -77.8700 39 1076 -115.7800 -141.6200 41 539 -101.2200 -191.4300 37 1452 -80.9800 10.5500 36 1416 -57.5800 -18.2900 32 1471 -144.4400 43.5400 34 1416 -127.6900 -8.9500
1.3717507834e+000 -1.7023411264e-001 -8.3917304370e+000
187 128 110
6 38 1410 260.7200 -27.3100 39 1379 212.2600 -93.0000 35 1793 235.4900 2.6900 36 1705 291.2900 35.6200 32 1768 210.1700 95.1100 34 1658 223.0601 47.8900
4.7560105446e+000 -6.3050692031e-002 -9.7860280733e+000
174 106 40
7 38 1402 806.4200 -2.2700 39 1374 742.3900 -63.2700 37 1706 820.1100 63.3400 35 1804 802.1600 24.9700 36 1719 856.5800 51.3200 32 1793 787.5200 97.4300 34 1685 795.0500 59.4400
1.4689505564e+000 -1.8493596720e-001 -8.4399554307e+000
197 132 112
7 38 1411 278.7500 -28.9400 39 1383 229.2900 -95.3700 40 1410 241.6600 -106.3500 37 1710 282.0800 53.2600 35 1794 254.8400 -0.9900 36 1706 310.4399 31.8600 34 1660 242.9700 43.7700
-3.7092025155e-002 -9.8889571113e-001 -8.6116971735e+000
33 63 19
7 38 1168 -22.1200 -186.7400 39 688 -61.5900 -230.2600 37 1546 -16.2200 -127.1900 35 1912 -32.0000 -213.5000 36 1795 10.4800 -163.6900 32 2092 -48.5200 -142.3700 34 1965 -41.0600 -179.5800
-3.7092025155e-002 -9.8889571113e-001 -8.6116971735e+000
33 63 19
7 38 1169 -22.1200 -186.7400 39 689 -61.5900 -230.2600 37 1547 -16.2200 -127.1900 35 1913 -32.0000 -213.5000 36 1796 10.4800 -163.6900 32 2093 -48.5200 -142.3700 34 1966 -41.0600 -179.5800
1.0523067355e+000 -7.3069995371e-001 -8.7110731811e+000
18 65 112
7 38 1730 188.2700 -134.6800 39 1682 140.7500 -185.2700 40 1442 147.5200 -186.4700 37 1944 197.0400 -67.0900 35 2098 183.5000 -135.9800 32 2193 171.7300 -52.7800 34 2086 177.2600 -95.8300
1.6367739659e+000 5.6428198253e-001 -8.3315480841e+000
167 165 135
12 38 917 316.1300 121.1900 39 966 272.3500 45.8900 40 350 293.9700 31.6000 41 958 310.0300 -18.3700 42 384 286.3700 1.6800 43 411 248.4600 -58.2800 45 798 261.4900 -60.0500 47 928 274.3600 -77.7700 37 903 309.7800 209.9600 35 144 264.6200 154.5700 32 46 223.8199 236.7500 34 81 244.9700 195.6400
2.1002100493e+000 6.6024961097e-001 -8.5491672425e+000
164 91 90
16 38 1669 399.2200 137.1500 39 1635 353.9800 62.6900 40 1653 377.4301 48.8100 41 1528 397.0800 0.3000 43 1540 333.7200 -40.6900 45 1218 349.0300 -41.0200 47 1322 365.4700 -59.2600 48 1304 321.5601 -109.0300 49 1163 311.1600 -96.3000 50 916 331.9800 -143.9000 51 994 302.9600 -122.7200 37 1363 391.9200 221.5600 35 840 344.0800 167.4500 36 1309 412.9900 203.5300 32 50 303.1899 243.2400 34 811 324.4301 204.9700
2.5537276702e+000 -1.7668146526e-001 -8.8590371601e+000
186 129 102
8 38 970 471.9100 -25.8400 39 405 416.6300 -90.2700 40 443 429.5300 -100.5900 37 1000 480.3199 51.3300 35 936 456.3300 4.1700 36 910 511.5800 33.5900 32 949 437.2900 91.0300 34 895 447.0300 46.2500
4.0428059164e+000 -5.1843255941e-001 -9.8477509111e+000
188 153 126
8 38 1025 680.3600 -80.3200 39 509 617.0601 -132.8000 40 559 625.9100 -135.3200 37 1065 697.7800 -23.7100 35 1057 692.8700 -72.9700 36 1031 738.0800 -41.5400 32 1034 692.4600 -4.4700 34 1445 691.9301 -40.7300
3.9421348375e+000 -1.1882154657e-001 -9.4051656614e+000
104 37 11
8 38 378 694.8900 -12.8500 39 430 633.0800 -76.0800 40 472 646.7200 -86.2900 37 1011 706.0000 57.1800 35 953 685.1100 17.8800 36 922 741.4399 44.5200 32 1438 668.8700 96.9100 34 1400 677.5100 54.9900
-5.6466613938e-001 -5.6156785870e-001 -7.8485619049e+000
47 105 123
8 38 1038 -137.6300 -113.3300 39 1101 -172.5500 -174.3600 40 1082 -166.1900 -179.9800 41 1084 -160.3800 -218.4600 37 1470 -140.7500 -28.7800 35 1538 -169.2900 -102.1000 32 1484 -202.3400 -2.4700 34 1432 -185.1600 -54.2200
4.0704917015e+000 -4.3176899719e-001 -9.7687084394e+000
189 162 126
8 38 996 690.9100 -66.0000 39 1062 627.9800 -120.3400 40 517 637.0400 -125.1500 41 532 644.5000 -153.1000 37 1484 706.9500 -6.6400 35 1511 698.4200 -53.7800 36 1426 747.0100 -22.9300 32 1499 694.4900 16.9600
3.9205522871e+000 -8.1817421041e-001 -1.0166520270e+001
166 139 117
7 38 1078 638.2100 -127.6600 39 590 575.4000 -171.7900 37 1149 659.9100 -80.8100 35 1596 664.6899 -141.0700 36 1517 702.9600 -104.4300 32 1582 675.2500 -84.4700 34 1497 668.7400 -114.7000
3.9514498999e+000 7.9151021648e-002 -9.2833754114e+000
209 121 71
8 38 1401 706.6700 22.5000 39 1372 644.7700 -44.1200 40 1380 661.5100 -56.9000 37 1688 713.3199 97.5800 35 1786 685.8500 59.7300 36 1693 746.5500 85.4800 32 1758 662.3101 140.5900 34 1645 674.8700 98.5300
7.0165490295e-001 -8.0921519190e-001 -8.6353325549e+000
130 32 68
5 38 1515 121.3600 -150.5700 39 1148 74.3400 -201.0100 37 1782 129.9301 -84.0700 32 1883 103.4600 -76.2300 34 1748 109.3300 -118.2600
-5.0170967780e-001 -8.7728097929e-001 -8.2739257805e+000
150 153 39
7 38 1928 -117.3700 -172.2000 39 1690 -153.6700 -220.4500 37 1968 -117.5400 -104.3900 35 2253 -137.8100 -189.4400 36 1999 -91.4500 -140.4400 32 2207 -163.4100 -109.1600 34 2095 -150.9100 -151.2700
3.8859077901e+000 1.4224372798e-001 -9.2121559827e+000
186 92 29
9 38 2249 699.6300 33.7900 39 2216 639.3300 -33.5300 40 2163 656.9500 -47.6800 41 1979 670.1500 -89.1000 37 2222 705.9600 109.5300 35 2517 677.1100 74.0900 36 2302 738.1700 98.9800 32 2344 648.9301 157.0300 34 2251 661.6899 111.9600
9.1017348215e-001 -2.8473950572e-002 -8.0953248258e+000
102 22 57
8 38 2287 173.8700 1.0000 39 2261 130.2600 -69.7100 40 2276 144.4700 -84.0300 41 2047 153.9000 -130.5700 42 2061 133.1000 -97.7400 37 2304 172.8199 91.5100 35 2555 137.7700 36.4800 32 2428 105.1600 136.2800
3.6355019964e+000 2.0486382831e-001 -9.1152220824e+000
101 23 37
8 38 2330 658.4000 47.5400 39 2304 598.7400 -23.3000 40 2331 617.3101 -37.6300 37 2313 664.3000 125.0900 35 2586 633.9600 85.4400 36 2398 695.1400 113.0200 32 2446 608.2700 165.8500 34 2348 621.8800 124.1000
2.0571226033e+000 7.0651288127e-001 -8.5706241418e+000
93 29 30
5 38 899 390.5900 146.5400 39 941 345.2700 72.7500 37 894 383.2300 229.7100 35 122 335.9000 172.9100 34 82 315.6500 209.7100
3.0913958190e+000 6.0461522663e-001 -8.9125696620e+000
65 32 41
7 38 922 572.8500 122.3200 39 303 521.6700 49.3500 40 1364 543.4000 36.1200 42 1281 525.7600 8.5700 37 914 568.5900 202.3300 35 849 524.7100 155.8100 34 95 505.5200 192.1200
3.3870664746e+000 7.0289253208e-001 -9.1034768570e+000
31 27 55
16 38 908 614.7800 139.2600 39 950 563.7300 66.3000 40 1365 588.9600 55.0100 41 1298 610.2300 10.8800 42 1261 573.6000 28.5200 45 1042 555.4600 -27.4900 47 915 573.3000 -45.5300 48 863 528.4800 -92.8100 49 898 516.8500 -82.8200 51 1001 498.9700 -111.2500 52 616 537.1600 -196.6600 53 539 494.1899 -131.1900 37 915 610.6801 214.0500 35 135 565.1300 165.7200 36 851 633.8600 200.5700 34 97 546.2800 199.1200
3.3920507317e+000 6.5985495721e-001 -9.0750504859e+000
35 30 51
17 38 909 617.9600 131.2100 39 975 565.8400 59.1400 40 975 590.8500 46.1000 41 944 611.3400 1.5100 42 949 574.2700 19.4200 43 1286 537.3300 -38.0300 45 1043 554.7600 -36.4000 46 920 607.4100 -2.5800 47 916 571.1000 -54.6100 48 884 526.0100 -100.4300 49 900 513.3400 -91.0300 50 522 528.4700 -133.4700 51 571 495.8000 -116.7000 37 916 613.7500 207.9600 35 136 569.3300 160.5600 36 852 638.6899 193.4800 34 98 550.2500 195.1500
1.7096304878e+000 5.6239807715e-001 -8.3604955170e+000
187 149 99
9 38 1369 330.7200 120.6900 39 967 285.6899 45.7800 40 956 307.0000 30.7300 41 1306 323.9600 -19.3400 42 1275 299.7100 0.7300 37 904 323.2300 209.2200 35 1400 278.6300 153.1800 36 837 344.3400 190.2100 34 808 257.7800 194.8000
2.0988390643e+000 6.5892761051e-001 -8.5488842559e+000
164 91 90
11 38 1668 399.2200 137.1500 39 1634 353.9800 62.6900 40 1654 377.4301 48.8100 41 1529 397.0800 0.3000 43 1541 333.7200 -40.6900 45 1219 349.0300 -41.0200 48 1305 321.5601 -109.0300 37 1364 391.9200 221.5600 35 841 344.0800 167.4500 36 1308 412.9900 203.5300 34 812 324.4301 204.9700
2.8370632167e+000 5.9523558442e-001 -8.8056083238e+000
68 21 32
9 38 1374 530.5601 121.8600 39 1355 480.2300 48.3500 40 1363 503.6899 34.1200 41 1308 522.5300 -12.3500 42 1279 488.2500 6.3100 45 1052 466.0000 -52.0500 37 912 525.8900 202.9700 36 849 549.9200 188.1800 34 815 460.2100 193.0800
2.9307275566e+000 5.9527740775e-001 -8.8447004039e+000
82 35 41
6 38 1375 546.0500 121.1700 39 1356 495.1500 48.6000 37 913 541.2500 202.6300 35 861 497.3300 154.7700 36 860 565.3900 187.4300 34 816 478.3000 191.8200
2.7632994571e+000 4.1138867701e-001 -8.7345628956e+000
46 14 25
9 38 1384 519.4100 86.7800 39 985 467.2000 13.7000 41 978 505.9600 -48.4200 42 421 471.5000 -26.9700 43 980 429.8101 -85.0700 45 820 441.9200 -83.5900 46 954 489.5000 -48.9700 35 1401 477.1400 125.3400 34 834 459.7000 166.0100
2.7969009280e+000 -2.3128579010e-001 -9.0035863492e+000
186 70 74
4 38 974 510.2200 -35.4500 39 1038 452.8800 -97.9000 37 1003 519.9100 38.5300 34 901 490.8700 32.3900
2.2172485861e-001 5.6858421181e-001 -7.7893745507e+000
36 59 48
17 38 2067 32.8300 129.8200 39 2040 -3.7600 51.3700 40 2048 14.1300 36.2400 41 1972 26.9700 -17.6200 42 1878 19.2700 4.5600 43 1895 -20.9400 -57.9200 45 1528 -8.9500 -61.0700 46 1815 13.3600 -14.5800 47 1606 1.5000 -78.3100 48 1613 -39.7000 -133.4100 49 1727 -44.8200 -112.9000 50 1573 -9.5700 -166.8100 51 1514 -28.3200 -137.4000 37 1879 22.7700 227.5400 35 1758 -22.7300 161.2000 36 1901 41.0900 202.7000 34 1315 -43.2000 206.5500
2.0611651712e+000 5.8689735557e-001 -8.5024216967e+000
121 53 64
7 38 1864 394.2300 123.5800 39 1849 348.6300 49.3000 40 1875 369.7800 35.0000 37 1887 389.1100 209.7200 35 1762 343.5699 156.8000 36 1673 410.8101 192.0100 34 1320 323.1801 196.4200
4.4404105758e+000 3.4254800766e-002 -9.5153044034e+000
33 17 31
8 38 950 775.6300 14.8800 39 1011 712.2200 -50.6600 40 423 730.7900 -61.8700 41 494 739.2000 -101.1100 37 1414 785.1300 85.7900 35 1436 760.9700 49.6400 36 1348 820.1400 74.7400 34 1370 750.5699 86.6000
1.8184019601e+000 -1.7937356623e-001 -8.5886138298e+000
195 134 99
7 38 958 342.3101 -28.5000 39 1023 291.3900 -92.6400 40 1048 304.4399 -102.8100 41 1035 312.3300 -142.6400 35 1453 320.8199 0.1000 36 1364 376.6600 32.6800 34 1380 309.6600 44.2100
-2.4959947340e-001 -3.9163498904e-001 -7.8752943039e+000
178 173 28
4 38 1009 -69.4900 -77.2800 39 476 -106.3300 -140.8800 36 1417 -48.3800 -17.9200 34 1417 -117.7700 -8.4500
4.0106445861e+000 -5.9849069480e-001 -9.9309955980e+000
191 158 138
6 38 464 669.4900 -93.6100 39 507 606.2300 -143.4700 37 1121 687.5400 -39.7100 35 1533 685.6300 -90.8500 36 1452 728.4200 -58.4500 34 1447 685.5100 -60.8500
-6.7990876119e-001 -6.8665081553e-001 -7.9335685912e+000
152 158 40
7 38 1093 -160.4100 -139.8100 39 1099 -195.1100 -195.2500 40 636 -189.1600 -198.7400 37 1081 -163.6500 -59.6200 35 1580 -190.0300 -138.0800 36 1465 -139.4500 -92.9900 34 1454 -206.1000 -91.8300
-6.7099211561e-002 6.4727943646e-001 -7.7268814990e+000
167 151 91
18 38 2066 -29.2600 147.2300 39 2030 -62.8100 68.7400 40 2046 -44.8200 54.5200 41 1868 -29.9900 1.0900 42 1876 -34.7300 22.6300 43 1894 -74.6500 -39.8900 46 1809 -41.6700 6.1200 47 1728 -51.6400 -60.5100 48 1737 -91.6100 -117.7900 49 1723 -95.8400 -97.1000 50 1715 -59.2600 -154.5600 51 1873 -77.1100 -125.3500 52 1770 -37.6900 -227.1700 53 1811 -82.4300 -163.9300 37 1877 -43.6800 245.2200 35 2031 -93.1600 174.0900 36 1900 -27.6900 218.3200 34 1614 -116.5200 218.3900
3.2837090706e+000 7.7229972307e-001 -9.1014250872e+000
155 121 97
21 38 1854 596.3199 150.5800 39 1847 545.9399 80.0800 40 1873 571.7400 69.4700 41 1873 594.2700 25.4000 42 1721 559.8300 43.2700 43 1737 524.2200 -14.4200 45 1378 543.3300 -12.1600 46 1676 597.6700 22.8800 47 1486 563.4900 -31.8000 48 1464 519.4301 -79.8100 49 1559 508.7500 -71.7600 50 1563 525.2200 -117.1200 51 1719 493.0500 -101.4900 52 1563 530.2000 -191.4100 53 1595 487.9399 -126.2400 37 1885 590.3900 225.0900 54 1440 451.7300 -195.0700 56 1048 456.6899 -172.7200 35 1765 543.2700 174.6000 36 1675 610.8199 212.2700 34 1620 525.7200 205.1800
2.5347723964e+000 -2.2582170367e-001 -8.8927366209e+000
192 135 105
9 38 1428 467.6700 -34.2000 39 1392 411.8600 -97.8500 40 1056 424.3300 -107.2700 41 1049 430.6100 -145.9700 42 485 393.9700 -110.3000 37 1719 474.2100 39.0200 35 1809 452.7500 -8.0400 36 1727 506.7100 22.1300 34 1679 444.8199 35.0400
2.7519138589e-001 -7.2172341060e-001 -8.3708115818e+000
163 164 146
