# Bundle file v0.3
60 4808
0 0 0
0 0 0
0 0 0
0 0 0
0 0 0
0 0 0
0 0 0
0 0 0
0 0 0
0 0 0
0 0 0
0 0 0
0 0 0
0 0 0
0 0 0
0 0 0
0 0 0
0 0 0
0 0 0
0 0 0
0 0 0
0 0 0
0 0 0
0 0 0
0 0 0
0 0 0
0 0 0
0 0 0
0 0 0
0 0 0
0 0 0
0 0 0
0 0 0
0 0 0
0 0 0
0 0 0
0 0 0
0 0 0
0 0 0
0 0 0
0 0 0
0 0 0
0 0 0
0 0 0
0 0 0
0 0 0
0 0 0
0 0 0
0 0 0
0 0 0
0 0 0
0 0 0
0 0 0
0 0 0
0 0 0
0 0 0
0 0 0
0 0 0
0 0 0
0 0 0
0 0 0
0 0 0
0 0 0
0 0 0
0 0 0
0 0 0
0 0 0
0 0 0
0 0 0
0 0 0
0 0 0
0 0 0
0 0 0
0 0 0
0 0 0
0 0 0
0 0 0
0 0 0
0 0 0
0 0 0
0 0 0
0 0 0
0 0 0
0 0 0
0 0 0
0 0 0
0 0 0
0 0 0
0 0 0
0 0 0
0 0 0
0 0 0
0 0 0
0 0 0
0 0 0
0 0 0
0 0 0
0 0 0
0 0 0
0 0 0
0 0 0
0 0 0
0 0 0
0 0 0
0 0 0
0 0 0
0 0 0
0 0 0
0 0 0
0 0 0
0 0 0
0 0 0
0 0 0
0 0 0
0 0 0
0 0 0
0 0 0
0 0 0
0 0 0
0 0 0
0 0 0
0 0 0
0 0 0
0 0 0
0 0 0
0 0 0
0 0 0
0 0 0
0 0 0
0 0 0
0 0 0
0 0 0
0 0 0
0 0 0
0 0 0
0 0 0
0 0 0
0 0 0
0 0 0
0 0 0
0 0 0
0 0 0
0 0 0
0 0 0
0 0 0
0 0 0
0 0 0
0 0 0
0 0 0
0 0 0
0 0 0
0 0 0
0 0 0
0 0 0
0 0 0
0 0 0
0 0 0
0 0 0
0 0 0
0 0 0
0 0 0
0 0 0
0 0 0
0 0 0
0 0 0
0 0 0
0 0 0
0 0 0
0 0 0
0 0 0
0 0 0
0 0 0
0 0 0
0 0 0
0 0 0
1.7038695931e+003 4.2678229016e-002 -9.1026960465e-002
9.9087129809e-001 -1.3289967345e-001 -2.2621835049e-002
1.3343218926e-001 9.4288841965e-001 3.0521677373e-001
-1.9233343262e-002 -3.0544902176e-001 9.5201416671e-001
-4.1973832555e-001 2.5576095610e+000 -3.7172228039e-001
1.7004984270e+003 6.4200726732e-002 -1.4822896524e-001
9.9666337406e-001 -8.0516633643e-002 -1.3386206273e-002
8.1582514076e-002 9.7760714216e-001 1.9398084700e-001
-2.5322339330e-003 -1.9442568583e-001 9.8091398220e-001
-7.8664246601e-002 1.8641012042e+000 -7.5660541599e-002
1.6987173742e+003 3.3489541483e-002 -4.9567340901e-002
9.9897933142e-001 -4.4907497116e-002 4.8592284218e-003
4.3942407551e-002 9.9110403584e-001 1.2562585304e-001
-1.0457543533e-002 -1.2528410449e-001 9.9206579063e-001
-3.4322358453e-002 1.4520546362e+000 -6.8205995815e-002
1.6952214254e+003 5.6472823254e-002 -1.2108170848e-001
9.9997924876e-001 1.5323319603e-004 6.4403855666e-003
-1.0071456190e-004 9.9996674960e-001 -8.1541125874e-003
-6.4414209019e-003 8.1532947388e-003 9.9994601448e-001
3.8387564693e-003 -2.4492479002e-002 -1.9260147010e-001
1.6895492653e+003 5.2598817424e-002 -9.7911289015e-002
9.9926366595e-001 3.6186070069e-002 1.2755165627e-002
-3.5050055107e-002 9.9616241329e-001 -8.0199376415e-002
-1.5608316827e-002 7.9693253625e-002 9.9669722874e-001
-1.3553520420e-001 -9.3383013017e-001 -5.2055757589e-001
1.6852146032e+003 6.4180152459e-002 -1.1512814087e-001
9.9689788443e-001 7.7534830935e-002 1.3526197024e-002
-7.3914456241e-002 9.8132764373e-001 -1.7757451623e-001
-2.7041841148e-002 1.7602387806e-001 9.8401439684e-001
-6.6761494636e-002 -1.7527097403e+000 -4.7842576137e-001
1.6889793238e+003 5.5681482532e-002 -1.1475011545e-001
9.9314213753e-001 1.1688182004e-001 -2.7082831950e-003
-1.1292678069e-001 9.5302385051e-001 -2.8105708061e-001
-3.0269404638e-002 2.7943546750e-001 9.5968723168e-001
-1.4777532778e-001 -2.7866615232e+000 -6.7435004023e-001
1.6812947224e+003 7.4137478271e-002 -1.6483517158e-001
9.8668933195e-001 1.6246124016e-001 -7.1068739660e-003
-1.5284263684e-001 9.1157589899e-001 -3.8166544086e-001
-5.5527385825e-002 3.7767145223e-001 9.2427321913e-001
-2.4215123914e-001 -3.4346174515e+000 -1.4050565730e+000
1.6834224313e+003 6.5644776856e-002 -1.3748427301e-001
9.7870946441e-001 2.0490275151e-001 -1.1943479087e-002
-1.8798940026e-001 8.7152566489e-001 -4.5288298801e-001
-8.2387921800e-002 4.4548611410e-001 8.9148996208e-001
-5.0297355829e-001 -4.2665257687e+000 -1.6458843570e+000
0 0 0
0 0 0
0 0 0
0 0 0
0 0 0
1.6823563280e+003 7.2055314838e-002 -1.6395263607e-001
9.7169368574e-001 2.3443830772e-001 -2.9155804999e-002
-2.1289899872e-001 8.1548532829e-001 -5.3819856529e-001
-1.0239822965e-001 5.2917138926e-001 8.4231362529e-001
-5.9378101549e-001 -4.9057194393e+000 -1.9613683255e+000
1.6793871271e+003 7.4553710469e-002 -1.4834874971e-001
9.6042011968e-001 2.7578380996e-001 -3.9198008713e-002
-2.4482429484e-001 7.6859816779e-001 -5.9103123532e-001
-1.3286932820e-001 5.7723491460e-001 8.0569572110e-001
-5.8170035767e-001 -5.0482210824e+000 -1.6377851914e+000
1.6796496747e+003 7.2757502497e-002 -1.4402148463e-001
9.4820786505e-001 3.1124624533e-001 -6.3463528277e-002
-2.7102007142e-001 6.8849533981e-001 -6.7269776865e-001
-1.6568031127e-001 6.5505720500e-001 7.3719067590e-001
-8.4914759005e-001 -5.9374166514e+000 -2.5768956604e+000
1.6752944284e+003 7.2191878289e-002 -1.5082363762e-001
9.3780252097e-001 3.3122362328e-001 -1.0400645679e-001
-2.9420469555e-001 5.9918114314e-001 -7.4459757911e-001
-1.8430960036e-001 7.2888467475e-001 6.5936113180e-001
-1.3722125618e+000 -6.7244450747e+000 -3.4744680839e+000
1.6770375492e+003 6.0807066656e-002 -1.0560842037e-001
9.2006158331e-001 3.6519428595e-001 -1.4184433874e-001
-3.2641764727e-001 5.1434973802e-001 -7.9302954961e-001
-2.1665226164e-001 7.7593651835e-001 5.9243929395e-001
-1.7140591502e+000 -6.9476215385e+000 -4.1233897320e+000
1.6738299804e+003 7.1452814984e-002 -1.4131172518e-001
9.0885838121e-001 3.7937903059e-001 -1.7334357230e-001
-3.3465189162e-001 4.1518123116e-001 -8.4595074131e-001
-2.4896697441e-001 8.2685917570e-001 5.0430085189e-001
-1.7968468091e+000 -7.6021464042e+000 -5.1181240452e+000
1.6757460077e+003 6.1951073315e-002 -1.2143911664e-001
8.9355551995e-001 3.9638666701e-001 -2.1079882110e-001
-3.5672243245e-001 3.4176778348e-001 -8.6945033692e-001
-2.7259427533e-001 8.5209881610e-001 4.4678850552e-001
-2.1993303107e+000 -7.6136351497e+000 -5.8838398240e+000
1.6805544427e+003 5.7438414115e-002 -1.0855029999e-001
8.7749987195e-001 4.1192218901e-001 -2.4558926060e-001
-3.6717639411e-001 2.4763528382e-001 -8.9658143067e-001
-3.0850521930e-001 8.7692466975e-001 3.6854803385e-001
-2.2725805959e+000 -8.2887674045e+000 -6.4688306002e+000
1.6749500061e+003 5.7633244149e-002 -1.0422999351e-001
8.6001316640e-001 4.2611844313e-001 -2.8071413580e-001
-3.5505155654e-001 1.0460051906e-001 -9.2897638485e-001
-3.6649112651e-001 8.9859991311e-001 2.4125184011e-001
-2.7848651508e+000 -8.1183538387e+000 -7.4492824709e+000
1.6828173648e+003 4.5177978816e-002 -7.9330773891e-002
8.3799094470e-001 4.3753509197e-001 -3.2608928208e-001
-3.6067741879e-001 -4.3259013719e-003 -9.3268059171e-001
-4.0949111855e-001 8.9919093071e-001 1.5418396142e-001
-3.3322009864e+000 -8.4766516114e+000 -8.2299592556e+000
0 0 0
0 0 0
0 0 0
0 0 0
0 0 0
1.6756772131e+003 6.2296345262e-002 -1.2179570243e-001
8.2248550784e-001 4.4323644361e-001 -3.5645342535e-001
-3.5668797953e-001 -8.6218778223e-002 -9.3023653311e-001
-4.4304771148e-001 8.9224871944e-001 8.7183415931e-002
-3.5075795083e+000 -8.2727802025e+000 -8.7578186729e+000
0 0 0
0 0 0
0 0 0
0 0 0
0 0 0
0 0 0
0 0 0
0 0 0
0 0 0
0 0 0
0 0 0
0 0 0
0 0 0
0 0 0
0 0 0
4.3816760152e-001 -1.0838899814e+000 -8.9599544997e+000
160 41 54
4 38 613 70.7800 -191.9800 39 693 27.3100 -232.0200 37 1585 78.8101 -140.2000 35 1638 71.1100 -226.7700
-2.1321954196e-001 -9.4877737834e-001 -8.4496764828e+000
155 152 136
6 38 1931 -53.0700 -177.4100 39 1694 -93.6700 -223.7300 40 1457 -90.6300 -220.0700 37 2108 -48.6300 -113.7100 35 2396 -63.1400 -197.9400 36 2147 -20.3700 -149.8600
-6.7628759317e-001 -1.0798452604e+000 -8.4702989549e+000
27 56 41
6 38 2120 -143.1600 -202.3700 39 1902 -179.1500 -244.1400 40 1919 -175.9900 -237.4100 37 2199 -142.8200 -144.5600 35 2398 -159.2400 -240.6700 36 2261 -115.3800 -184.7900
-1.6661781034e-001 -8.7119324455e-001 -8.3694946338e+000
31 60 43
5 38 1511 -43.2600 -164.1300 39 618 -80.8100 -212.8800 37 1776 -41.3100 -96.7000 35 2104 -60.2600 -177.6300 36 1779 -14.2400 -130.9500
-1.8470778608e-001 -7.0163580878e-001 -8.1622856782e+000
159 170 103
6 38 1918 -47.9100 -134.0000 39 1885 -87.3800 -188.7200 40 1905 -81.5300 -190.9800 37 2079 -47.1900 -58.3400 35 2241 -69.7200 -133.1100 36 2126 -20.6600 -89.9600
5.2616143686e-001 -9.0235792119e-001 -8.7060073753e+000
166 45 48
7 38 1514 89.5200 -163.1100 39 1461 45.2900 -209.5400 40 1139 50.1300 -206.9800 41 639 54.9300 -229.4300 37 1548 96.4500 -101.7200 35 1890 84.4100 -178.6200 36 1797 127.0400 -134.1000
-1.6661781034e-001 -8.7119324455e-001 -8.3694946338e+000
31 60 43
5 38 1512 -43.2600 -164.1300 39 619 -80.8100 -212.8800 37 1777 -41.3100 -96.7000 35 2105 -60.2600 -177.6300 36 1780 -14.2400 -130.9500
6.2928539731e-001 -6.7107610482e-001 -8.4568636329e+000
165 34 44
5 38 1723 113.1600 -122.7100 39 1681 68.0000 -177.5900 37 1942 118.5000 -49.8700 35 2089 100.1100 -118.5600 36 1970 147.6600 -78.9900
1.0506717373e+000 -1.0448652041e+000 -9.1290938439e+000
144 86 82
5 38 1175 180.3900 -181.1400 39 1151 132.9500 -222.5600 37 1552 192.5699 -129.2000 35 1915 188.2000 -209.0600 36 1538 226.0900 -162.2800
-5.3845219960e-001 -4.4423808216e-001 -7.7932477468e+000
137 145 66
6 38 1888 -124.5800 -86.6100 39 1872 -160.3500 -148.7600 40 1892 -151.9500 -156.9300 37 2064 -129.6300 2.0000 35 2229 -160.6000 -69.1400 36 2111 -105.8300 -28.3600
-3.4158323052e-001 -3.2217821993e-001 -7.7759421263e+000
159 162 24
9 38 1441 -82.9100 -60.2900 39 1051 -119.5400 -126.1800 40 527 -110.4500 -136.5900 41 538 -103.6400 -179.5000 42 509 -112.1900 -136.7800 43 514 -157.6000 -186.2000 37 988 -87.0600 31.1200 35 1490 -119.7700 -36.6500 36 1399 -64.2000 2.8100
1.7909281839e-002 -2.0062453689e-001 -7.8361271246e+000
29 57 34
7 38 1877 -7.4800 -34.1900 39 1664 -44.3800 -102.5400 40 1680 -34.2800 -114.7500 42 1012 -37.3000 -121.3300 37 1911 -10.0900 58.5700 35 2223 -44.6300 -4.6000 36 1927 13.0200 32.7900
-1.0958260738e-002 -3.5392283564e-001 -7.9335599216e+000
22 56 37
6 38 1705 -12.8500 -65.5700 39 1402 -51.1500 -129.8900 40 1429 -41.6600 -139.4700 37 1729 -14.4700 22.4300 35 2068 -45.0700 -43.4000 36 1942 8.9500 -4.8400
-1.0958260738e-002 -3.5392283564e-001 -7.9335599216e+000
22 56 37
6 38 1704 -12.8500 -65.5700 39 1401 -51.1500 -129.8900 40 1428 -41.6600 -139.4700 37 1728 -14.4700 22.4300 35 2069 -45.0700 -43.4000 36 1943 8.9500 -4.8400
-6.1202942216e-001 -4.0311757663e-001 -7.7209969068e+000
29 60 41
8 38 1715 -141.1600 -78.3900 39 1668 -176.5200 -142.3000 40 1688 -168.6200 -151.3900 41 1354 -161.6100 -193.2500 42 1039 -165.9300 -148.0000 37 1921 -147.0600 12.4800 35 2067 -179.8300 -58.6600 36 1940 -124.4300 -17.6800
-4.0460283597e-001 -5.0795531569e-001 -7.8719103604e+000
147 144 43
8 38 1716 -95.5700 -98.1400 39 1429 -132.2800 -158.9900 40 1437 -124.8000 -166.7500 41 1370 -118.6500 -205.9500 42 1041 -127.6800 -158.1400 37 1473 -98.4100 -12.8000 35 1836 -127.0400 -84.0500 36 1751 -74.3100 -42.5000
2.4995059140e+000 -1.3095295633e-001 -8.8081264748e+000
193 141 109
5 38 1427 460.9000 -16.3300 39 1032 407.8199 -80.4200 37 1410 468.4200 62.7500 35 1473 442.9500 15.6000 36 1380 498.9100 45.5400
-9.4261435518e-001 -5.2043478634e-001 -7.6755175948e+000
23 50 23
6 38 1481 -213.2800 -104.1900 39 526 -247.6200 -165.8200 40 571 -240.9000 -173.1800 37 1466 -221.0100 -15.2300 35 1833 -250.5900 -90.8400 36 1429 -198.3700 -48.1900
3.7347651955e+000 -1.6075148449e-001 -9.3436524250e+000
134 48 51
9 38 1703 656.2900 -18.7800 39 1398 594.5200 -82.5300 40 1399 608.7100 -91.2600 41 1332 617.8000 -127.5800 42 1005 571.4000 -95.9500 43 1023 528.3600 -143.0800 37 1914 667.3700 51.5000 35 1803 646.9600 9.4200 36 1717 702.5800 37.4800
3.2556609480e+000 -5.7475164689e-001 -9.5139233853e+000
195 134 114
6 38 1018 559.4000 -90.8100 39 1090 500.1801 -144.0800 40 547 508.5699 -147.2000 37 1479 575.7600 -30.3600 35 1530 567.7400 -84.0900 36 1446 613.7100 -50.7400
-6.6871118330e-001 -7.2752108466e-001 -7.9918184811e+000
30 67 35
5 38 1914 -148.8600 -142.9400 39 1894 -184.7400 -196.6800 37 2077 -151.9600 -64.9200 35 2238 -177.3900 -144.6800 36 2124 -126.8300 -98.7900
-3.4128780739e-001 -3.2220326628e-001 -7.7751932787e+000
159 162 24
8 38 1440 -82.9100 -60.2900 39 1050 -119.5400 -126.1800 40 526 -110.4500 -136.5900 41 537 -103.6400 -179.5000 42 508 -112.1900 -136.7800 37 987 -87.0600 31.1200 35 1489 -119.7700 -36.6500 36 1398 -64.2000 2.8100
1.4803626562e+000 -1.3640561128e-001 -8.3999867285e+000
186 128 109
8 38 1690 282.3300 -17.4500 39 1382 233.0601 -84.9500 40 1391 246.3000 -96.7200 42 1016 227.5601 -105.0500 43 1011 184.8199 -155.8100 37 1700 285.0900 66.1500 35 1795 255.8800 11.8200 36 1704 312.3600 46.0400
-3.2657129498e-001 -7.1871257911e-001 -8.0953441961e+000
125 139 68
5 38 1917 -77.1400 -138.8000 39 1680 -114.6700 -193.5400 37 1940 -77.9000 -61.6200 35 2239 -100.9000 -137.9500 36 1967 -51.9600 -93.9000
-4.7788690966e-001 -3.7172367091e-001 -7.7489372801e+000
26 56 27
5 38 1461 -112.1600 -71.2300 39 1425 -148.6800 -136.1400 37 1448 -118.3100 19.7900 35 1820 -148.9100 -49.5100 36 1736 -93.4100 -9.2900
-4.7788690966e-001 -3.7172367091e-001 -7.7489372801e+000
26 56 27
5 38 1462 -112.1600 -71.2300 39 1426 -148.6800 -136.1400 37 1449 -118.3100 19.7900 35 1821 -148.9100 -49.5100 36 1737 -93.4100 -9.2900
3.4142711418e+000 -1.3122133631e-002 -9.0768970036e+000
196 137 107
7 38 2331 616.2700 7.0700 39 2305 558.2400 -61.8900 40 2332 574.3900 -73.2000 41 2137 584.5500 -111.6500 37 2315 623.5800 82.8800 35 2587 595.9800 44.0600 36 2399 655.8400 70.8000
3.9321534042e+000 -1.7294336031e-001 -9.4351430360e+000
194 139 93
6 38 377 684.7800 -20.4500 39 428 622.6801 -83.2900 40 469 636.3101 -92.2800 37 1007 696.2100 48.2000 35 1480 677.3000 6.7200 36 921 732.5000 34.5000
1.6976929154e+000 -1.7919383178e-001 -8.5139580322e+000
190 125 105
8 38 1693 320.5601 -25.8500 39 1384 270.4100 -91.3300 40 1412 284.4100 -101.8500 41 1343 291.6600 -143.5100 42 1020 260.9000 -108.9600 37 1713 324.9900 56.0000 35 2056 297.5800 2.5200 36 1708 353.7900 35.8300
2.4995059140e+000 -1.3095295633e-001 -8.8081264748e+000
193 141 109
5 38 1426 460.9000 -16.3300 39 1033 407.8199 -80.4200 37 1409 468.4200 62.7500 35 1474 442.9500 15.6000 36 1381 498.9100 45.5400
3.2652155128e+000 -2.3738671722e-001 -9.1923975140e+000
139 96 84
7 38 1436 581.2500 -33.6900 39 1396 522.2900 -95.1400 40 1417 534.7800 -104.1800 41 1052 542.4900 -140.3900 37 1720 592.2800 37.7000 35 1812 573.1400 -6.9700 36 1728 627.0400 22.1400
-6.6800873545e-001 -3.7954756077e-001 -7.6970932462e+000
135 136 74
6 38 1713 -153.8500 -73.1400 39 1422 -188.2900 -138.8500 40 1427 -178.9900 -147.3500 37 1726 -160.6000 17.6400 35 1818 -193.5200 -53.8100 36 1735 -137.9900 -12.2800
7.7366068102e-001 -3.5586048845e-001 -8.2614174773e+000
174 114 81
9 38 1884 145.0699 -62.5600 39 1868 99.7900 -125.6400 40 1897 110.0000 -134.1700 41 1760 116.3800 -172.3400 42 1530 94.9500 -131.6800 43 1316 50.6500 -179.5100 37 1731 147.8800 19.4600 35 2071 121.6200 -40.7900 36 1741 174.6500 -5.0800
3.2302647770e+000 -6.2766560604e-001 -9.5600171833e+000
188 126 107
5 38 1020 553.1801 -99.7500 39 503 493.0800 -151.6000 37 1513 568.9800 -41.5600 35 1532 563.1700 -95.4600 36 1443 607.5601 -62.0700
-1.1201486785e-001 -4.9611022344e-001 -7.9963782127e+000
150 152 62
5 38 1718 -32.5500 -93.9100 39 1670 -72.3900 -155.4000 37 1930 -34.8900 -10.6900 35 2079 -62.4700 -79.7100 36 1958 -9.5700 -39.3200
-1.0807682952e-001 -4.9575530325e-001 -7.9965269155e+000
150 152 62
8 38 1717 -32.5500 -93.9100 39 1669 -72.3900 -155.4000 40 1430 -62.8500 -161.8000 41 1088 -56.1500 -199.5500 42 515 -68.6400 -153.4800 37 1929 -34.8900 -10.6900 35 2078 -62.4700 -79.7100 36 1957 -9.5700 -39.3200
1.1008581815e+000 -5.9391424660e-001 -8.5558403835e+000
17 56 92
6 38 1900 202.8600 -106.4800 39 1874 154.5400 -162.6000 40 1701 162.8199 -167.9000 37 1932 210.3600 -32.3400 35 2083 192.7700 -95.2800 36 1963 240.3800 -58.5300
-7.4095641745e-001 -1.0584334649e+000 -8.3821904775e+000
143 154 67
5 38 1539 -156.5800 -201.1200 39 1174 -190.9800 -243.8500 37 1977 -158.2200 -140.5700 35 2120 -176.2800 -233.9000 36 2011 -131.4000 -180.1800
-6.0082316883e-001 -9.7581905965e-001 -8.2937415490e+000
114 137 124
5 38 2114 -130.4100 -187.0400 39 2071 -166.0200 -232.6300 37 2190 -130.9700 -121.2000 35 2391 -149.7200 -208.5300 36 2251 -104.7000 -158.9400
-3.0359524431e-001 -9.9504732517e-001 -8.4846304057e+000
35 58 41
6 38 2118 -70.1600 -185.9800 39 1904 -108.6400 -230.3900 40 1713 -103.9700 -225.2000 37 2194 -67.6900 -124.7000 35 2395 -83.4100 -211.7500 36 2255 -39.4400 -161.6200
1.1638688949e+000 -1.7961686337e-002 -8.1303222273e+000
17 85 134
7 38 2288 227.6100 6.1800 39 2260 180.8000 -65.8900 40 2277 193.7300 -81.9000 41 2087 201.3000 -129.8900 37 2261 227.9600 97.6300 35 2518 194.2500 43.9100 36 2350 253.0601 77.0500
4.9154843187e+000 2.0717536248e-001 -9.5979281922e+000
161 98 58
5 38 328 844.0500 45.6900 39 357 781.6300 -22.1500 37 954 850.9301 117.5700 35 893 822.6200 84.9200 36 887 884.2900 108.9800
4.3401744754e+000 1.3525576266e-001 -9.3965122187e+000
90 65 61
4 38 937 760.3400 33.3500 39 993 698.7300 -33.4900 37 1395 766.9700 106.3400 35 1425 738.9200 72.7300
3.9990231614e+000 -4.6942058310e-003 -9.3356512055e+000
190 82 42
5 38 947 703.4000 8.9500 39 1009 641.4600 -56.8600 37 1413 712.9900 82.0700 35 1434 688.9600 43.5100 36 1347 748.0699 69.3200
1.3935982694e+000 -7.7760083557e-002 -8.3259426725e+000
187 130 105
5 38 1409 267.5500 -6.8600 39 1378 219.4000 -75.2500 40 1388 233.2300 -87.5900 37 1400 269.1300 79.6000 36 1356 295.6100 59.4000
3.2662025066e+000 -2.3711762991e-001 -9.1953108727e+000
139 96 84
8 38 1435 581.2500 -33.6900 39 1395 522.2900 -95.1400 40 1418 534.7800 -104.1800 41 1051 542.4900 -140.3900 42 492 499.6500 -105.9800 37 1721 592.2800 37.7000 35 1813 573.1400 -6.9700 36 1729 627.0400 22.1400
4.3773750124e+000 -1.0918010899e-001 -9.5804492410e+000
185 162 144
5 38 984 751.8101 -9.5000 39 1044 689.0000 -71.8500 37 1437 763.6500 58.9600 35 1482 744.1300 20.3600 36 1394 800.0500 46.6000
2.6793200535e+000 8.1581303669e-002 -8.7530815424e+000
169 33 48
5 38 1872 499.1100 24.7100 39 1649 443.5000 -44.6700 37 1900 503.0500 106.7600 35 2048 470.9200 62.5300 36 2099 532.6801 91.0000
1.0386483765e+000 -2.4576727027e-001 -8.2851575498e+000
14 59 83
7 38 1443 197.6600 -40.3500 39 1406 150.4700 -105.6200 40 1409 162.7800 -115.7000 41 1340 169.6600 -157.2200 37 1709 200.2400 43.5700 35 1808 172.3000 -13.3300 36 1725 227.4800 21.2000
3.7656431808e-001 -6.5518857626e-001 -8.3060143425e+000
131 88 79
6 38 1492 64.7300 -122.1700 39 1446 21.5600 -178.2400 40 1098 28.5900 -182.1700 37 1494 68.4200 -46.1100 35 1857 47.8300 -114.7400 36 1473 96.4500 -75.2800
-2.6654429948e-001 -6.6388842674e-001 -8.0313618086e+000
33 60 32
5 38 1896 -65.3200 -128.2300 39 1884 -103.3300 -185.9400 37 2078 -65.8900 -48.2500 35 2234 -90.5400 -121.2900 36 2125 -40.2900 -79.3300
2.2997629988e-001 -6.8569009695e-001 -8.3556400671e+000
161 107 104
4 38 2099 35.3800 -128.1300 39 1886 -5.6200 -180.4100 37 2081 37.6700 -55.4600 35 2235 17.9000 -127.1500
3.3052232274e+000 -1.2101008778e-001 -9.1262935914e+000
195 144 124
6 38 980 592.6500 -12.9800 39 423 533.7800 -76.8300 40 463 548.3700 -87.6700 41 482 558.4700 -126.0100 37 974 602.0500 61.2400 35 947 579.1000 18.9000
-1.0769242102e-002 -1.4333879735e-001 -7.7952087599e+000
147 156 129
7 38 1876 -12.9600 -21.9000 39 1858 -51.6700 -91.1200 40 1679 -38.6000 -105.0000 41 1554 -31.0800 -151.1600 37 1904 -17.0000 71.9000 35 2051 -52.2100 9.4700 36 1926 6.0400 45.9500
4.5104277340e+000 2.8931145300e-001 -9.3998668047e+000
34 18 32
11 38 1679 790.5601 60.8700 39 1365 729.6700 -8.8200 40 1375 750.1100 -23.1600 41 1314 765.6700 -65.8200 42 972 715.3800 -44.6100 43 989 673.8500 -99.7800 45 448 686.8000 -94.8000 46 557 736.2900 -65.8100 37 1684 794.7300 136.0000 35 1780 762.2600 101.9400 36 1681 826.8500 126.6600
4.4153569711e+000 1.8965944566e-001 -9.4074006467e+000
184 159 142
6 38 1391 772.7000 43.0200 39 996 711.6000 -24.9500 40 1018 730.6000 -38.6900 37 1397 779.1500 117.7300 35 1424 748.1300 81.6400 36 1339 811.5900 107.2100
1.4152260501e+000 -1.7281742794e-001 -8.3835818505e+000
114 59 63
5 38 371 269.6300 -25.2100 39 395 221.3800 -91.8800 37 992 273.1400 58.6700 35 930 244.9000 5.2400 36 909 300.3500 37.8100
-2.9434071094e-001 -4.4107968462e-001 -7.8882955275e+000
24 53 30
6 38 1465 -72.3600 -84.3700 39 1078 -108.2900 -146.6400 40 530 -99.6100 -155.0700 37 1454 -74.6900 3.0900 35 1824 -105.9800 -67.4400 36 1740 -52.3100 -27.3000
4.0364619295e+000 -6.8328445747e-001 -1.0027180652e+001
172 146 128
5 38 1506 661.5100 -104.4200 39 1437 598.2500 -151.9600 37 1773 681.1400 -52.6800 35 1874 681.1500 -106.8400 36 1773 722.8400 -72.8500
-4.2963797065e-001 -8.5897023294e-001 -8.2460887807e+000
28 55 40
5 38 1929 -96.9800 -164.1800 39 1691 -134.8500 -213.9500 37 2092 -96.9100 -94.5000 35 2387 -116.2300 -177.4400 36 2136 -69.6300 -129.6500
3.5032562590e-001 -5.7816292635e-001 -8.2256533544e+000
173 156 133
8 38 1042 60.2300 -107.0600 39 1110 17.3200 -165.8800 40 596 24.3300 -171.9000 41 583 29.5600 -206.0900 42 521 11.2600 -159.7000 37 1046 63.3400 -28.9900 35 1519 41.2700 -95.8800 36 1007 90.6600 -56.9300
1.5059009018e+000 -9.4974732427e-001 -9.1495316383e+000
140 80 70
5 38 1119 262.2800 -163.5000 39 631 211.1000 -208.1900 37 1169 276.4399 -107.4300 35 1612 272.7900 -179.9800 36 1151 311.6899 -137.3600
-1.9598102701e-001 2.4632917461e-001 -7.5380377249e+000
160 158 137
10 38 2083 -52.0200 62.0800 39 1857 -87.9500 -15.7300 40 1883 -73.6500 -33.8800 41 1750 -62.9500 -88.8800 42 1514 -70.8400 -61.7200 43 1753 -113.3300 -123.3600 45 1229 -105.5700 -124.4700 37 1894 -62.9200 166.9800 35 2042 -106.3400 103.7700 36 1915 -42.8800 140.9100
4.9594435019e+000 8.3596121285e-002 -9.7179976216e+000
159 92 46
5 38 1404 840.8000 24.3000 39 1012 777.3700 -40.7800 37 1691 850.0300 92.2500 35 1789 827.8700 58.6500 36 1699 886.0400 83.0400
4.7400185608e+000 1.9353327714e-001 -9.5195115106e+000
183 100 52
6 38 2192 820.1801 44.3600 39 2046 757.5100 -24.6400 40 2165 776.6600 -38.3500 37 2156 827.4100 116.2600 35 2363 798.7000 83.1300 36 2214 860.8800 107.9700
2.9536890392e+000 7.4942135535e-002 -8.8522645740e+000
170 34 47
8 38 2193 545.1000 23.6300 39 2047 488.0200 -45.1900 40 2054 505.7200 -59.1700 41 1883 516.6000 -102.5500 43 1754 432.8000 -129.8600 37 2153 551.8600 104.1400 35 2362 519.9301 61.5600 36 2216 580.9200 89.7700
3.4863764787e+000 5.0084286345e-001 -9.0158459655e+000
22 20 44
16 38 1867 635.1600 102.0300 39 1854 580.4900 29.2900 40 1882 603.3101 14.9100 41 1743 621.3800 -30.7100 42 1736 580.7400 -11.7600 43 1747 541.7800 -69.5900 45 1387 556.9100 -67.5400 46 1551 607.2800 -35.0500 47 1334 568.3300 -84.1400 48 1312 520.8900 -127.2300 49 1384 505.5300 -115.9400 50 1177 517.8101 -154.5800 51 1018 483.5100 -135.9400 37 1895 633.7700 181.5100 35 1774 592.1300 139.5500 36 1914 660.3600 168.9900
4.4259392214e+000 2.6896667854e-001 -9.3694750910e+000
37 17 19
7 38 938 777.8600 57.3500 39 994 716.7900 -12.2700 40 1010 736.6600 -26.6100 41 996 752.2100 -68.9700 37 1389 782.5000 132.6600 35 1414 750.0100 98.3600 36 1335 814.5300 123.2900
4.4754265942e+000 2.3700021624e-001 -9.4009769354e+000
186 159 138
9 38 1390 784.1600 51.4400 39 1366 723.0100 -17.4400 40 1012 742.2000 -31.5600 41 997 757.4000 -73.8000 42 435 707.1899 -51.4100 43 477 663.8500 -105.9800 37 1390 789.4900 126.3500 35 1415 757.8300 92.1800 36 1338 822.0900 116.7800
4.4446103171e+000 8.1328606823e-002 -9.4907443296e+000
190 173 145
6 38 1688 770.9500 23.8900 39 1653 707.8600 -41.8300 40 1670 725.0100 -54.0400 37 1689 779.7400 95.4900 35 1787 754.6801 59.3300 36 1694 813.7600 85.2800
3.2841655645e+000 -1.8835286934e-001 -9.1662155954e+000
199 145 114
5 38 1433 587.8500 -25.1200 39 1042 527.5500 -87.5100 37 1434 596.1600 47.6900 35 1479 575.0900 3.8600 36 1388 630.6300 32.1100
3.8355627577e+000 -2.3475614525e-001 -9.4459939190e+000
193 129 58
5 38 375 666.3700 -32.1000 39 426 605.1100 -92.4600 37 1010 679.2800 36.3500 35 977 661.8600 -6.7700 36 942 716.0800 21.4900
-3.2122441375e-001 -4.0907633032e-001 -7.8341763921e+000
174 163 47
5 38 1008 -77.9200 -77.8700 39 1076 -115.7800 -141.6200 41 539 -101.2200 -191.4300 37 1452 -80.9800 10.5500 36 1416 -57.5800 -18.2900
1.3680674393e+000 -1.8122830336e-001 -8.3771444608e+000
187 128 110
4 38 1410 260.7200 -27.3100 39 1379 212.2600 -93.0000 35 1793 235.4900 2.6900 36 1705 291.2900 35.6200
4.7990914191e+000 -6.9622924903e-002 -9.7925585225e+000
174 106 40
5 38 1402 806.4200 -2.2700 39 1374 742.3900 -63.2700 37 1706 820.1100 63.3400 35 1804 802.1600 24.9700 36 1719 856.5800 51.3200
1.4672326697e+000 -1.9568393727e-001 -8.4310678222e+000
197 132 112
6 38 1411 278.7500 -28.9400 39 1383 229.2900 -95.3700 40 1410 241.6600 -106.3500 37 1710 282.0800 53.2600 35 1794 254.8400 -0.9900 36 1706 310.4399 31.8600
-5.9903949294e-002 -1.0130498662e+000 -8.6070377503e+000
33 63 19
5 38 1168 -22.1200 -186.7400 39 688 -61.5900 -230.2600 37 1546 -16.2200 -127.1900 35 1912 -32.0000 -213.5000 36 1795 10.4800 -163.6900
-5.9903949294e-002 -1.0130498662e+000 -8.6070377503e+000
33 63 19
5 38 1169 -22.1200 -186.7400 39 689 -61.5900 -230.2600 37 1547 -16.2200 -127.1900 35 1913 -32.0000 -213.5000 36 1796 10.4800 -163.6900
1.0463044599e+000 -7.5179487412e-001 -8.7233852357e+000
18 65 112
5 38 1730 188.2700 -134.6800 39 1682 140.7500 -185.2700 40 1442 147.5200 -186.4700 37 1944 197.0400 -67.0900 35 2098 183.5000 -135.9800
1.6372729261e+000 5.6580292634e-001 -8.3211801207e+000
167 165 135
10 38 917 316.1300 121.1900 39 966 272.3500 45.8900 40 350 293.9700 31.6000 41 958 310.0300 -18.3700 42 384 286.3700 1.6800 43 411 248.4600 -58.2800 45 798 261.4900 -60.0500 47 928 274.3600 -77.7700 37 903 309.7800 209.9600 35 144 264.6200 154.5700
2.1105541270e+000 6.6226535500e-001 -8.5440155126e+000
164 91 90
14 38 1669 399.2200 137.1500 39 1635 353.9800 62.6900 40 1653 377.4301 48.8100 41 1528 397.0800 0.3000 43 1540 333.7200 -40.6900 45 1218 349.0300 -41.0200 47 1322 365.4700 -59.2600 48 1304 321.5601 -109.0300 49 1163 311.1600 -96.3000 50 916 331.9800 -143.9000 51 994 302.9600 -122.7200 37 1363 391.9200 221.5600 35 840 344.0800 167.4500 36 1309 412.9900 203.5300
2.5690494549e+000 -1.8678562057e-001 -8.8571725769e+000
186 129 102
6 38 970 471.9100 -25.8400 39 405 416.6300 -90.2700 40 443 429.5300 -100.5900 37 1000 480.3199 51.3300 35 936 456.3300 4.1700 36 910 511.5800 33.5900
4.0816957183e+000 -5.3281786342e-001 -9.8607554724e+000
188 153 126
6 38 1025 680.3600 -80.3200 39 509 617.0601 -132.8000 40 559 625.9100 -135.3200 37 1065 697.7800 -23.7100 35 1057 692.8700 -72.9700 36 1031 738.0800 -41.5400
3.9766696345e+000 -1.2709801972e-001 -9.4047982543e+000
104 37 11
6 38 378 694.8900 -12.8500 39 430 633.0800 -76.0800 40 472 646.7200 -86.2900 37 1011 706.0000 57.1800 35 953 685.1100 17.8800 36 922 741.4399 44.5200
-5.9878854648e-001 -5.7816626722e-001 -7.8257044039e+000
47 105 123
6 38 1038 -137.6300 -113.3300 39 1101 -172.5500 -174.3600 40 1082 -166.1900 -179.9800 41 1084 -160.3800 -218.4600 37 1470 -140.7500 -28.7800 35 1538 -169.2900 -102.1000
4.1088170636e+000 -4.4461933917e-001 -9.7769946008e+000
189 162 126
7 38 996 690.9100 -66.0000 39 1062 627.9800 -120.3400 40 517 637.0400 -125.1500 41 532 644.5000 -153.1000 37 1484 706.9500 -6.6400 35 1511 698.4200 -53.7800 36 1426 747.0100 -22.9300
3.9557476002e+000 -8.3710223971e-001 -1.0177651528e+001
166 139 117
5 38 1078 638.2100 -127.6600 39 590 575.4000 -171.7900 37 1149 659.9100 -80.8100 35 1596 664.6899 -141.0700 36 1517 702.9600 -104.4300
3.9881377958e+000 7.3790466894e-002 -9.2865348745e+000
209 121 71
6 38 1401 706.6700 22.5000 39 1372 644.7700 -44.1200 40 1380 661.5100 -56.9000 37 1688 713.3199 97.5800 35 1786 685.8500 59.7300 36 1693 746.5500 85.4800
6.8478018872e-001 -8.2861153209e-001 -8.6155703262e+000
130 32 68
3 38 1515 121.3600 -150.5700 39 1148 74.3400 -201.0100 37 1782 129.9301 -84.0700
-5.3272719457e-001 -8.9978210257e-001 -8.2583975030e+000
150 153 39
5 38 1928 -117.3700 -172.2000 39 1690 -153.6700 -220.4500 37 1968 -117.5400 -104.3900 35 2253 -137.8100 -189.4400 36 1999 -91.4500 -140.4400
3.9279727705e+000 1.3726312381e-001 -9.2255933077e+000
186 92 29
7 38 2249 699.6300 33.7900 39 2216 639.3300 -33.5300 40 2163 656.9500 -47.6800 41 1979 670.1500 -89.1000 37 2222 705.9600 109.5300 35 2517 677.1100 74.0900 36 2302 738.1700 98.9800
9.0177511351e-001 -3.7969299445e-002 -8.0868119027e+000
102 22 57
7 38 2287 173.8700 1.0000 39 2261 130.2600 -69.7100 40 2276 144.4700 -84.0300 41 2047 153.9000 -130.5700 42 2061 133.1000 -97.7400 37 2304 172.8199 91.5100 35 2555 137.7700 36.4800
3.6531084163e+000 2.0197191411e-001 -9.0953867978e+000
101 23 37
6 38 2330 658.4000 47.5400 39 2304 598.7400 -23.3000 40 2331 617.3101 -37.6300 37 2313 664.3000 125.0900 35 2586 633.9600 85.4400 36 2398 695.1400 113.0200
2.0641326893e+000 7.1004216768e-001 -8.5632755008e+000
93 29 30
4 38 899 390.5900 146.5400 39 941 345.2700 72.7500 37 894 383.2300 229.7100 35 122 335.9000 172.9100
3.1150664790e+000 6.0708221844e-001 -8.9121233250e+000
65 32 41
6 38 922 572.8500 122.3200 39 303 521.6700 49.3500 40 1364 543.4000 36.1200 42 1281 525.7600 8.5700 37 914 568.5900 202.3300 35 849 524.7100 155.8100
3.4149203292e+000 7.0721250472e-001 -9.1050931670e+000
31 27 55
15 38 908 614.7800 139.2600 39 950 563.7300 66.3000 40 1365 588.9600 55.0100 41 1298 610.2300 10.8800 42 1261 573.6000 28.5200 45 1042 555.4600 -27.4900 47 915 573.3000 -45.5300 48 863 528.4800 -92.8100 49 898 516.8500 -82.8200 51 1001 498.9700 -111.2500 52 616 537.1600 -196.6600 53 539 494.1899 -131.1900 37 915 610.6801 214.0500 35 135 565.1300 165.7200 36 851 633.8600 200.5700
3.4204952237e+000 6.6318598845e-001 -9.0766642040e+000
35 30 51
16 38 909 617.9600 131.2100 39 975 565.8400 59.1400 40 975 590.8500 46.1000 41 944 611.3400 1.5100 42 949 574.2700 19.4200 43 1286 537.3300 -38.0300 45 1043 554.7600 -36.4000 46 920 607.4100 -2.5800 47 916 571.1000 -54.6100 48 884 526.0100 -100.4300 49 900 513.3400 -91.0300 50 522 528.4700 -133.4700 51 571 495.8000 -116.7000 37 916 613.7500 207.9600 35 136 569.3300 160.5600 36 852 638.6899 193.4800
1.7124804866e+000 5.6351328478e-001 -8.3516699493e+000
187 149 99
8 38 1369 330.7200 120.6900 39 967 285.6899 45.7800 40 956 307.0000 30.7300 41 1306 323.9600 -19.3400 42 1275 299.7100 0.7300 37 904 323.2300 209.2200 35 1400 278.6300 153.1800 36 837 344.3400 190.2100
2.1083081491e+000 6.6159895289e-001 -8.5430403966e+000
164 91 90
10 38 1668 399.2200 137.1500 39 1634 353.9800 62.6900 40 1654 377.4301 48.8100 41 1529 397.0800 0.3000 43 1541 333.7200 -40.6900 45 1219 349.0300 -41.0200 48 1305 321.5601 -109.0300 37 1364 391.9200 221.5600 35 841 344.0800 167.4500 36 1308 412.9900 203.5300
2.8599863047e+000 5.9639042156e-001 -8.8076099415e+000
68 21 32
8 38 1374 530.5601 121.8600 39 1355 480.2300 48.3500 40 1363 503.6899 34.1200 41 1308 522.5300 -12.3500 42 1279 488.2500 6.3100 45 1052 466.0000 -52.0500 37 912 525.8900 202.9700 36 849 549.9200 188.1800
2.9519142644e+000 5.9736613017e-001 -8.8414081403e+000
82 35 41
5 38 1375 546.0500 121.1700 39 1356 495.1500 48.6000 37 913 541.2500 202.6300 35 861 497.3300 154.7700 36 860 565.3900 187.4300
2.7832626130e+000 4.1040221435e-001 -8.7312919438e+000
46 14 25
8 38 1384 519.4100 86.7800 39 985 467.2000 13.7000 41 978 505.9600 -48.4200 42 421 471.5000 -26.9700 43 980 429.8101 -85.0700 45 820 441.9200 -83.5900 46 954 489.5000 -48.9700 35 1401 477.1400 125.3400
2.8172534591e+000 -2.4217497716e-001 -9.0074161392e+000
186 70 74
3 38 974 510.2200 -35.4500 39 1038 452.8800 -97.9000 37 1003 519.9100 38.5300
1.9841422569e-001 5.6956589200e-001 -7.7713769489e+000
36 59 48
16 38 2067 32.8300 129.8200 39 2040 -3.7600 51.3700 40 2048 14.1300 36.2400 41 1972 26.9700 -17.6200 42 1878 19.2700 4.5600 43 1895 -20.9400 -57.9200 45 1528 -8.9500 -61.0700 46 1815 13.3600 -14.5800 47 1606 1.5000 -78.3100 48 1613 -39.7000 -133.4100 49 1727 -44.8200 -112.9000 50 1573 -9.5700 -166.8100 51 1514 -28.3200 -137.4000 37 1879 22.7700 227.5400 35 1758 -22.7300 161.2000 36 1901 41.0900 202.7000
2.0697330842e+000 5.8864076671e-001 -8.4968032416e+000
121 53 64
6 38 1864 394.2300 123.5800 39 1849 348.6300 49.3000 40 1875 369.7800 35.0000 37 1887 389.1100 209.7200 35 1762 343.5699 156.8000 36 1673 410.8101 192.0100
4.4838607838e+000 2.8653456738e-002 -9.5202107478e+000
33 17 31
7 38 950 775.6300 14.8800 39 1011 712.2200 -50.6600 40 423 730.7900 -61.8700 41 494 739.2000 -101.1100 37 1414 785.1300 85.7900 35 1436 760.9700 49.6400 36 1348 820.1400 74.7400
1.8236506313e+000 -1.9028884474e-001 -8.5860522014e+000
195 134 99
6 38 958 342.3101 -28.5000 39 1023 291.3900 -92.6400 40 1048 304.4399 -102.8100 41 1035 312.3300 -142.6400 35 1453 320.8199 0.1000 36 1364 376.6600 32.6800
-2.8000923506e-001 -4.0669191386e-001 -7.8617731071e+000
178 173 28
3 38 1009 -69.4900 -77.2800 39 476 -106.3300 -140.8800 36 1417 -48.3800 -17.9200
4.0479106727e+000 -6.1407721575e-001 -9.9415087277e+000
191 158 138
5 38 464 669.4900 -93.6100 39 507 606.2300 -143.4700 37 1121 687.5400 -39.7100 35 1533 685.6300 -90.8500 36 1452 728.4200 -58.4500
-7.1587160511e-001 -7.0671399386e-001 -7.9213853091e+000
152 158 40
6 38 1093 -160.4100 -139.8100 39 1099 -195.1100 -195.2500 40 636 -189.1600 -198.7400 37 1081 -163.6500 -59.6200 35 1580 -190.0300 -138.0800 36 1465 -139.4500 -92.9900
-9.2746131382e-002 6.4817693889e-001 -7.7095763162e+000
167 151 91
17 38 2066 -29.2600 147.2300 39 2030 -62.8100 68.7400 40 2046 -44.8200 54.5200 41 1868 -29.9900 1.0900 42 1876 -34.7300 22.6300 43 1894 -74.6500 -39.8900 46 1809 -41.6700 6.1200 47 1728 -51.6400 -60.5100 48 1737 -91.6100 -117.7900 49 1723 -95.8400 -97.1000 50 1715 -59.2600 -154.5600 51 1873 -77.1100 -125.3500 52 1770 -37.6900 -227.1700 53 1811 -82.4300 -163.9300 37 1877 -43.6800 245.2200 35 2031 -93.1600 174.0900 36 1900 -27.6900 218.3200
3.3084288650e+000 7.7938582899e-001 -9.1011034378e+000
155 121 97
20 38 1854 596.3199 150.5800 39 1847 545.9399 80.0800 40 1873 571.7400 69.4700 41 1873 594.2700 25.4000 42 1721 559.8300 43.2700 43 1737 524.2200 -14.4200 45 1378 543.3300 -12.1600 46 1676 597.6700 22.8800 47 1486 563.4900 -31.8000 48 1464 519.4301 -79.8100 49 1559 508.7500 -71.7600 50 1563 525.2200 -117.1200 51 1719 493.0500 -101.4900 52 1563 530.2000 -191.4100 53 1595 487.9399 -126.2400 37 1885 590.3900 225.0900 54 1440 451.7300 -195.0700 56 1048 456.6899 -172.7200 35 1765 543.2700 174.6000 36 1675 610.8199 212.2700
2.5515891297e+000 -2.3770636043e-001 -8.8983361420e+000
192 135 105
8 38 1428 467.6700 -34.2000 39 1392 411.8600 -97.8500 40 1056 424.3300 -107.2700 41 1049 430.6100 -145.9700 42 485 393.9700 -110.3000 37 1719 474.2100 39.0200 35 1809 452.7500 -8.0400 36 1727 506.7100 22.1300
2.5265147220e-001 -7.4141117452e-001 -8.3594949939e+000
163 164 146
5 38 1105 38.9600 -138.3400 39 548 -3.9100 -191.7900 37 1492 43.7200 -65.9600 35 1877 26.8500 -138.7600 36 1471 71.4800 -96.0600
-2.5107568357e-001 -9.8221587785e-001 -8.4843975373e+000
160 160 43
3 38 1166 -59.6400 -183.4600 39 617 -98.8600 -228.3300 36 1533 -27.8500 -157.9500
7.4339821839e-001 -4.5143582194e-001 -8.3064407897e+000
200 140 104
8 38 1889 138.2000 -81.0500 39 1671 93.0100 -142.1500 40 1689 101.8101 -149.1700 41 1566 107.4301 -186.0400 42 1323 85.3700 -142.8500 37 1923 141.9399 -0.8000 35 2072 118.0200 -63.6200 36 1944 169.6000 -27.2200
4.4832418628e+000 -8.7625769443e-001 -1.0527907408e+001
132 112 103
4 38 1727 701.1300 -128.8400 39 1459 636.7400 -170.9000 37 1961 724.2200 -88.9600 36 1988 768.1500 -111.6200
4.7767777669e+000 -2.7336677307e+000 -1.0319722807e+001
136 120 122
5 38 1947 761.0200 -431.8900 39 1726 675.3101 -459.2900 37 1993 821.6200 -400.3000 35 2174 888.5500 -458.3700 36 2048 889.2100 -426.7900
2.6446736875e+000 6.4863442761e-001 -8.7511044028e+000
73 26 37
13 38 2182 491.0601 131.9000 39 2162 443.0200 58.1400 40 2158 466.5300 44.9300 41 1966 487.2000 -2.2200 42 1997 456.0100 16.1700 43 2028 417.1100 -42.4500 45 1647 435.8400 -42.4800 46 1901 484.9700 -5.7200 47 1733 454.6500 -60.5800 48 1740 410.6200 -108.9600 37 2145 485.2500 213.1900 35 2209 438.9000 162.3800 36 2091 508.4800 196.8100
2.8607792656e+000 4.9973949062e-001 -8.7807071466e+000
152 107 55
7 38 2245 531.8700 104.3800 39 2210 479.6600 30.6400 40 2227 500.9900 16.2800 41 2042 517.4399 -30.8200 37 2215 531.2700 186.2600 35 2453 489.3199 139.9900 36 2297 555.9600 171.8100
3.7137670680e+000 5.5560495459e-001 -9.1368502479e+000
14 61 103
12 38 2247 667.8700 111.0500 39 2212 612.7000 39.3100 40 2229 636.3800 25.4400 41 2043 655.6801 -19.3800 42 2056 614.0699 -0.7700 43 2103 575.7300 -58.4600 45 1712 591.9399 -56.4300 46 1903 644.1200 -23.9000 47 1820 603.9200 -73.2500 37 2216 666.9800 188.3100 35 2356 626.2900 145.0600 36 2298 693.4399 175.8800
4.6654605592e+000 -3.3222620514e-001 -9.9623088115e+000
178 146 125
5 38 1887 771.2700 -46.1500 39 1871 707.6500 -101.5700 37 2067 787.2200 12.9900 35 2371 778.1600 -30.0400 36 2224 826.3600 -2.3300
3.4550666998e+000 2.8250717274e-001 -8.9825540588e+000
68 18 27
8 38 2248 630.9100 61.7000 39 2215 574.1801 -9.8400 40 2230 593.5000 -24.4600 41 2046 607.9600 -69.7400 42 2059 565.4800 -47.5200 37 2218 633.9500 141.8300 35 2456 596.8600 102.6600 36 2299 662.3700 130.1200
-2.0280102605e-001 -4.3733611445e-002 -7.6483556250e+000
62 111 141
11 38 2250 -55.2100 -1.1200 39 2166 -91.4500 -74.1600 40 2166 -77.5200 -88.5400 41 1891 -69.4700 -138.6500 42 1747 -77.4900 -103.9100 43 1556 -122.3600 -159.7600 45 1061 -113.0000 -156.7900 46 1237 -102.5900 -111.0600 37 2220 -63.4600 97.7500 35 2459 -101.1600 34.2800 36 2303 -40.4900 70.7300
3.3132778544e-001 -5.7896944308e-001 -8.2092728893e+000
160 141 125
6 38 2289 56.5200 -108.5900 39 2222 14.6900 -166.4800 40 2235 21.8800 -172.7400 37 2270 58.6600 -29.1700 35 2522 36.1500 -95.1600 36 2354 85.5500 -57.0000
-1.1651014644e+000 1.2169678802e+000 -8.0373294340e+000
167 39 46
5 38 1270 -250.7000 259.5800 39 1283 -274.3500 194.2400 37 805 -269.2500 333.5500 35 30 -316.3100 223.8100 36 762 -255.2500 290.3100
-1.1113293737e+000 1.2225358633e+000 -8.0790332137e+000
176 27 44
9 38 777 -238.0400 259.6100 39 1285 -261.3100 194.7100 40 1282 -246.1300 199.1800 41 1218 -228.5200 163.2400 42 1193 -218.8200 188.1400 43 1473 -256.7500 136.6700 37 806 -256.0300 331.8100 35 31 -304.0500 223.3300 36 763 -242.0200 288.6600
1.2632458578e+000 1.2705951097e+000 -8.8547017802e+000
196 93 85
5 38 1298 227.8700 246.7100 39 1299 193.2300 182.8000 37 850 211.7000 312.2900 35 44 159.9000 226.4100 36 783 226.8700 281.8300
2.2442942529e+000 9.2745470627e-001 -8.8010220130e+000
120 88 89
7 38 866 414.4200 183.9700 39 911 371.6300 112.9200 40 903 397.6899 103.9400 41 1260 419.8500 60.2200 37 108 403.8900 259.5800 35 82 353.2300 197.0100 36 125 422.7300 239.1900
-7.8578994131e-001 5.8857622543e-001 -7.3935526004e+000
158 157 138
6 38 891 -185.4000 139.5300 39 960 -214.8900 58.7800 41 955 -187.0000 -12.9000 37 884 -201.1100 244.4900 35 108 -249.7400 169.3900 36 830 -185.4500 215.1200
2.6029554966e+000 7.4930369988e-001 -8.7911241277e+000
164 126 113
6 38 904 483.0699 150.7400 39 946 435.0500 78.0700 40 939 460.1400 65.7400 37 149 476.6000 229.8000 35 128 427.4301 176.1900 36 846 496.7800 212.9800
3.3857533365e+000 7.7821790199e-001 -9.1217849949e+000
28 28 56
8 38 907 608.6600 151.3400 39 949 558.4200 80.0600 40 945 584.8400 67.9300 41 943 607.2200 24.3200 43 939 536.4700 -15.2900 45 781 555.2200 -14.4900 35 132 554.9800 175.8600 36 179 625.5400 210.7700
2.2977557144e+000 5.8108827886e-001 -8.5793668069e+000
84 32 36
12 38 278 435.8600 120.9900 39 971 387.2600 46.8900 40 967 411.1200 32.3900 41 962 427.9800 -15.9300 42 945 397.4900 3.5400 43 418 360.1801 -56.1300 45 802 375.3500 -56.0400 46 945 420.3000 -18.7400 47 511 389.8300 -73.8000 48 457 343.8900 -122.0500 37 178 428.9900 206.0200 35 146 382.8300 154.7200
2.9600835424e+000 3.4037242857e-001 -8.8024377345e+000
137 83 51
7 38 310 549.6500 73.6700 39 328 495.2500 1.2700 40 405 515.6500 -13.8300 41 433 531.4900 -60.1100 37 209 549.7200 156.7100 35 181 512.0601 112.4400 36 220 577.0900 141.9100
-1.2225061652e+000 9.9861785761e-001 -7.7545935468e+000
176 38 46
