# Bundle file v0.3
29 3434
1081.030756 0.0 0.0
0.835860 -0.519330 -0.177861
0.454389 0.472763 0.755001
-0.308008 -0.711893 0.631141
-1.160513 9.236390 -5.581345
1079.701812 0.0 0.0
0.867017 -0.480628 -0.131444
0.417033 0.555575 0.719319
-0.272698 -0.678478 0.682131
-0.520462 8.742179 -4.727401
1077.779326 0.0 0.0
0.892420 -0.441819 -0.091563
0.380361 0.627483 0.679405
-0.242720 -0.641141 0.728028
-0.012738 7.855702 -3.979048
1072.542174 0.0 0.0
0.915125 -0.396830 -0.071220
0.349653 0.693224 0.630225
-0.200721 -0.601637 0.773139
0.045675 6.870338 -3.649825
1073.765218 0.0 0.0
0.937009 -0.347418 -0.036258
0.305220 0.763850 0.568659
-0.169867 -0.543906 0.821774
0.232525 5.905815 -3.271628
1075.898186 0.0 0.0
0.955326 -0.295139 -0.015630
0.263505 0.826594 0.497300
-0.133853 -0.479203 0.867438
0.502884 5.142860 -2.555683
1075.916626 0.0 0.0
0.967970 -0.250968 0.006959
0.223140 0.872681 0.434322
-0.115074 -0.418858 0.900731
0.831974 4.672117 -2.280526
1075.108154 0.0 0.0
0.980084 -0.194749 0.038826
0.173286 0.934224 0.311764
-0.096988 -0.298827 0.949366
0.872191 4.061772 -1.759728
1064.033621 0.0 0.0
0.989733 -0.132538 0.053491
0.114831 0.960227 0.254517
-0.085097 -0.245761 0.965588
0.877473 2.926641 -1.204142
1071.223248 0.0 0.0
0.994837 -0.071490 0.072033
0.058167 0.983282 0.172547
-0.083164 -0.167467 0.982364
0.920893 2.063865 -0.564634
1077.082086 0.0 0.0
0.999129 -0.006212 0.041274
0.005782 0.999928 0.010522
-0.041337 -0.010274 0.999092
0.862805 0.219594 -0.588319
1076.942302 0.0 0.0
0.998163 0.051486 0.031948
-0.048793 0.995599 -0.080006
-0.035926 0.078300 0.996282
0.329014 -0.745043 -0.282102
1078.872636 0.0 0.0
0.992424 0.119359 0.029124
-0.115851 0.988052 -0.101641
-0.040908 0.097497 0.994395
-0.238276 -1.315748 -0.431832
1076.577481 0.0 0.0
0.984383 0.175370 0.015381
-0.168768 0.964953 -0.200954
-0.050083 0.195220 0.979480
0.036497 -2.904055 -0.586904
1066.117675 0.0 0.0
0.973994 0.224711 0.028991
-0.207764 0.936838 -0.281369
-0.090387 0.268029 0.959161
0.092760 -3.443210 -1.034068
1071.600500 0.0 0.0
0.953189 0.302376 0.000300
-0.282574 0.891119 -0.355049
-0.107625 0.338344 0.934848
-0.062761 -4.660974 -1.571168
1076.734845 0.0 0.0
0.928681 0.370692 0.011777
-0.328766 0.837512 -0.436448
-0.171651 0.401449 0.899652
-0.738268 -6.174652 -2.022947
1074.735491 0.0 0.0
0.879230 0.474133 0.046406
-0.366239 0.735005 -0.570645
-0.304670 0.484732 0.819885
-0.813150 -7.350597 -2.613721
1107.670239 0.0 0.0
0.845642 0.533166 0.024978
-0.401846 0.666762 -0.627653
-0.351298 0.520733 0.778092
-1.110300 -8.990395 -2.739673
1160.956075 0.0 0.0
0.823280 0.564468 -0.059889
-0.433905 0.557784 -0.707533
-0.365974 0.608484 0.704138
-2.095086 -8.707216 -2.786199
1150.257357 0.0 0.0
0.795654 0.596596 -0.104916
-0.477708 0.511490 -0.714264
-0.372463 0.618426 0.691968
-2.664390 -8.991738 -2.947529
1152.951940 0.0 0.0
0.776756 0.614270 -0.139005
-0.498118 0.464137 -0.732431
-0.385393 0.638161 0.666500
-2.904185 -9.141162 -3.245047
1152.450653 0.0 0.0
0.753231 0.622480 -0.212515
-0.530819 0.384473 -0.755256
-0.388425 0.681689 0.620021
-3.351289 -8.873633 -4.320809
1128.685094 0.0 0.0
0.725563 0.613101 -0.312513
-0.558966 0.260185 -0.787313
-0.401391 0.745929 0.531483
-3.860517 -9.152571 -5.925483
1152.564998 0.0 0.0
0.694205 0.624370 -0.358108
-0.558455 0.153336 -0.815240
-0.454101 0.765931 0.455129
-4.441631 -9.456614 -7.091229
1155.552235 0.0 0.0
0.665953 0.624017 -0.408791
-0.562499 0.060102 -0.824610
-0.490001 0.779096 0.391034
-4.950721 -9.716318 -7.877285
1153.844982 0.0 0.0
0.626507 0.623560 -0.467613
-0.550903 -0.070131 -0.831617
-0.551357 0.778624 0.299583
-5.649031 -9.792235 -8.876727
1170.289892 0.0 0.0
0.513555 0.699119 -0.497487
-0.539649 -0.187606 -0.820721
-0.667113 0.689954 0.280933
-6.432455 -9.457731 -8.468678
1110.087668 0.0 0.0
0.490953 0.643816 -0.586912
-0.530753 -0.313194 -0.787535
-0.690845 0.698148 0.187943
-7.419556 -9.271829 -8.775894
-0.828401 -0.846717 -9.352680
153 113 47
11 10 1491 -38.73 -78.51 11 931 -94.84 -88.93 8 1711 -35.99 -38.57 9 2096 -58.14 -48.28 6 1032 18.52 -33.04 7 1530 -14.57 21.77 5 622 11.84 -45.07 4 938 10.16 -32.97 3 847 31.06 10.37 2 742 52.23 70.71 0 745 26.16 142.95
-0.804054 0.805354 -9.273111
141 80 34
18 10 2206 -36.12 100.98 11 2404 -83.44 95.11 12 2757 -137.47 58.10 8 2179 -54.23 129.75 9 2615 -66.61 133.84 13 1839 -86.19 -15.06 6 1382 -21.43 115.98 7 1905 -43.55 179.73 5 846 -35.67 97.18 4 1095 -44.62 96.58 3 988 -33.74 125.73 14 1778 -86.31 8.65 2 911 -22.88 171.20 15 1509 -63.63 -46.42 0 963 -54.86 206.40 1 872 -36.39 206.76 16 2148 -140.02 -128.37 17 2544 -174.76 -131.69
-1.266411 0.279823 -9.476593
199 89 87
13 10 2218 -86.75 43.14 11 2414 -137.18 40.93 12 2762 -192.14 9.48 8 2203 -95.68 65.12 9 2633 -114.31 68.51 6 1477 -53.27 50.47 7 2032 -79.67 114.47 5 941 -64.61 31.80 4 1197 -68.51 33.00 3 1009 -53.11 63.82 2 923 -38.67 112.27 0 974 -63.38 157.41 1 887 -48.24 153.49
-1.064127 0.282686 -9.407594
94 28 29
13 10 2311 -62.58 42.70 11 2513 -113.16 36.65 12 2859 -169.67 3.47 8 2276 -73.51 71.61 9 2717 -89.90 72.95 13 1956 -122.85 -64.05 6 1559 -33.72 60.67 5 1025 -46.03 43.02 4 1268 -51.92 44.84 3 1167 -37.89 76.01 2 1085 -24.02 123.57 0 1123 -50.66 167.17 1 971 -34.86 163.31
-1.789302 -0.081293 -9.894630
113 27 34
11 10 2227 -138.13 2.24 11 2422 -190.10 3.56 8 2208 -141.52 13.75 9 2635 -165.24 19.25 6 1505 -93.06 -8.84 7 2047 -122.36 58.29 4 1214 -102.74 -31.83 3 1112 -84.10 -4.89 2 1013 -67.63 40.04 0 1137 -82.68 87.65 1 992 -72.75 81.89
-0.868426 -0.511546 -9.356858
250 211 91
12 10 2289 -43.76 -41.99 11 2492 -97.76 -50.36 12 2839 -159.07 -83.03 8 2256 -44.87 -5.57 9 2693 -65.69 -12.06 6 1565 5.48 -4.33 7 2104 -25.47 52.12 5 1031 -3.00 -17.80 4 1211 -5.74 -7.92 3 1105 13.89 32.86 2 1005 32.90 90.74 1 894 22.86 142.15
-0.943131 0.823083 -9.315319
252 212 88
13 10 2272 -50.81 102.68 11 2477 -98.19 98.56 12 2823 -151.52 62.07 8 2178 -68.20 127.27 9 2614 -81.47 132.96 13 1913 -100.39 -9.56 6 1461 -34.88 111.49 7 2009 -57.02 176.46 5 924 -49.33 92.62 4 1185 -57.54 90.91 3 1083 -46.71 119.19 2 988 -36.43 164.79 1 954 -49.65 199.74
4.244380 -1.612465 -12.511605
134 125 122
10 10 2374 372.41 -120.76 11 2579 336.89 -127.79 8 2326 369.32 -102.03 9 2779 359.15 -119.54 6 1643 424.03 -101.56 5 1125 427.08 -105.25 4 1358 419.37 -90.48 3 1263 448.75 -57.41 2 1185 466.06 -1.58 1 1152 454.62 52.80
2.258309 1.599189 -10.211087
81 81 90
10 10 1893 266.60 170.22 11 2109 242.03 159.49 8 1862 215.58 194.35 9 2284 224.97 194.33 6 1187 220.61 185.49 7 1679 210.28 245.23 5 664 201.69 170.37 4 897 179.82 167.50 3 813 182.44 193.69 2 622 184.69 230.18
-0.327508 0.440250 -9.532204
127 95 46
12 10 2354 16.21 59.29 11 2560 -29.46 52.71 12 2896 -85.03 12.74 8 2299 -2.33 90.95 9 2760 -13.03 88.58 13 1994 -36.57 -56.94 6 1609 32.37 81.71 7 2144 8.81 142.34 5 1081 19.90 64.94 4 1308 10.08 68.32 3 1198 22.26 100.85 2 1083 33.57 149.38
2.121734 -1.502259 -12.914835
103 51 57
13 10 2343 195.41 -111.82 11 2565 157.49 -106.88 12 2903 104.21 -139.05 8 2310 197.13 -122.56 9 2756 180.39 -123.86 13 1996 129.84 -166.64 6 1617 253.64 -140.26 7 2152 214.52 -78.03 5 1091 258.26 -158.36 4 1337 256.02 -154.94 3 1237 285.39 -128.07 14 1985 110.50 -124.82 2 1172 309.87 -89.55
-0.160733 -0.315433 -9.785871
82 82 59
9 10 2142 30.75 -20.38 11 2342 -17.65 -28.50 12 2692 -76.80 -64.94 8 2007 23.68 11.73 13 1768 -35.09 -127.38 6 1315 67.76 11.32 7 1837 38.95 66.90 5 784 59.80 -3.17 3 913 71.84 42.55
-1.005046 -0.106379 -9.383770
93 36 28
13 10 2232 -57.61 0.73 11 2425 -109.02 -6.78 12 2684 -166.91 -40.48 8 2113 -62.15 33.60 9 2638 -81.68 31.10 13 1757 -122.85 -105.55 6 1404 -17.93 28.98 7 1934 -45.56 88.51 5 861 -29.01 13.37 4 1117 -34.00 18.68 3 1012 -19.61 52.22 14 1794 -127.12 -73.56 15 1530 -111.55 -117.28
-0.948340 0.644425 -9.320571
98 31 31
12 10 2207 -51.61 83.11 11 2403 -98.88 78.01 12 2662 -152.17 41.66 8 2082 -67.29 110.55 9 2507 -81.51 113.80 13 1742 -102.94 -29.02 6 1391 -32.82 96.46 7 1916 -55.43 160.59 5 762 -46.08 78.29 4 1041 -54.17 77.51 14 1777 -104.18 -2.86 15 1508 -83.75 -54.60
-9.051289 5.578079 -26.226822
83 81 84
8 10 2169 -377.77 222.28 11 2373 -388.15 307.63 12 2722 -392.01 332.02 8 2207 -400.52 22.20 9 2621 -418.47 101.25 6 1544 -374.67 -152.84 7 2067 -394.02 -18.13 4 1301 -377.57 -306.68
-0.629634 0.465743 -9.306519
106 41 37
10 10 2336 -16.18 63.62 11 2559 -63.92 55.80 12 2895 -119.52 17.66 8 2298 -31.54 96.99 9 2745 -44.34 97.16 13 1993 -71.91 -54.40 6 1608 2.90 88.77 7 2143 -20.25 150.06 5 1080 -10.90 72.90 4 1329 -19.55 75.42
-0.185673 0.141863 -9.636942
97 68 28
8 10 593 29.43 27.63 11 663 -17.23 19.23 12 777 -74.16 -18.85 8 477 16.06 59.42 9 1677 3.55 56.36 6 241 53.82 55.60 7 359 28.04 113.57 5 75 42.93 41.45
-0.107346 0.159761 -9.691556
100 68 30
11 10 1845 37.13 29.14 11 2033 -8.50 20.85 12 2365 -65.08 -17.65 8 1810 23.31 60.46 9 2208 11.23 57.19 13 1457 -20.85 -84.17 6 1007 60.13 56.37 7 1631 35.08 114.49 5 614 48.97 41.80 14 1421 -26.79 -55.90 15 1173 -11.47 -106.20
-0.107514 0.159744 -9.691660
100 68 30
11 10 1846 37.13 29.14 11 2034 -8.50 20.85 12 2366 -65.08 -17.65 8 1694 23.11 60.41 9 2209 11.23 57.19 13 1458 -20.85 -84.17 6 1008 60.13 56.37 7 1632 35.08 114.49 5 615 48.97 41.80 14 1422 -26.79 -55.90 15 1174 -11.47 -106.20
-6.014246 2.479507 -25.786921
95 94 96
10 10 1919 -256.61 98.90 11 2083 -268.19 171.99 12 2411 -280.61 187.48 8 1929 -275.89 -79.08 9 2339 -294.63 -12.19 13 1488 -249.89 243.67 6 1274 -240.88 -237.25 7 1772 -264.64 -110.28 5 741 -236.94 -306.40 14 1549 -256.84 318.25
-5.776930 2.439048 -25.877079
53 51 54
10 10 1921 -246.34 96.99 11 2084 -257.26 169.50 12 2412 -269.74 184.42 8 1930 -265.46 -80.28 9 2341 -283.60 -13.94 13 1489 -239.35 239.96 6 1275 -230.14 -237.28 7 1773 -253.98 -110.86 5 742 -226.14 -306.01 14 1550 -246.27 314.03
-5.666864 2.309599 -25.954028
81 79 84
10 10 1816 -240.99 91.46 11 1984 -252.29 163.72 12 2304 -264.92 178.53 8 1836 -260.03 -85.51 9 2225 -278.48 -19.21 13 1383 -234.67 233.65 6 1180 -224.19 -242.39 7 1668 -248.37 -115.28 5 743 -219.85 -311.03 14 1466 -241.73 306.67
0.985938 2.044428 -11.464993
229 187 79
8 10 2179 121.97 191.81 11 2380 97.76 200.88 12 2738 59.13 161.70 8 2061 80.66 172.99 9 2483 81.62 188.40 6 1296 94.30 133.76 7 1898 80.18 207.12 5 754 80.39 109.40
-0.225675 -0.794210 -9.724123
85 96 72
7 10 1955 23.74 -70.64 11 2260 -27.03 -79.23 8 2024 24.50 -35.01 9 2453 5.46 -45.03 6 1324 75.71 -29.44 7 1847 43.42 25.02 5 790 69.55 -40.88
-13.526941 6.512304 -30.181302
211 193 177
7 10 1882 -495.53 224.88 11 2170 -504.01 321.59 8 1897 -517.66 -1.95 9 2306 -537.70 87.99 6 1269 -493.07 -202.23 7 1755 -510.90 -55.37 5 818 -494.49 -287.17
-5.715924 2.800081 -25.760733
42 37 41
10 10 1998 -244.65 112.24 11 2182 -255.69 185.03 12 2517 -267.35 199.98 8 2029 -264.63 -64.97 9 2432 -282.44 1.46 13 1579 -236.04 255.36 6 1353 -230.62 -221.00 7 1870 -254.05 -95.49 5 820 -226.98 -289.12 14 1630 -241.82 329.50
-13.992816 6.035056 -30.806352
201 179 168
8 10 1967 -502.45 204.03 11 2171 -511.47 300.54 12 2504 -512.02 336.01 8 2012 -524.97 -24.71 9 2411 -545.43 65.19 6 1350 -499.64 -227.74 7 1865 -517.64 -79.41 5 822 -500.42 -313.69
-11.943766 4.160424 -28.996344
217 201 193
8 10 1981 -454.27 147.36 11 2175 -466.29 238.49 12 2509 -472.26 270.92 8 2028 -475.42 -66.94 9 2424 -496.82 16.77 6 1358 -444.60 -260.21 7 1868 -465.10 -115.36 5 824 -444.22 -342.20
-13.828039 4.976715 -30.317555
146 133 127
8 10 1885 -502.79 169.87 11 2073 -513.35 264.56 12 2505 -516.77 299.88 8 2013 -526.35 -55.66 9 2421 -546.74 33.29 6 1355 -499.45 -258.08 7 1867 -517.45 -109.32 5 826 -499.96 -344.86
-6.168085 1.774683 -26.123310
106 105 110
9 10 2119 -260.37 68.68 11 2289 -272.77 141.52 12 2623 -286.52 157.95 8 2147 -277.81 -110.35 9 2559 -297.57 -43.77 13 1680 -257.64 214.75 7 1983 -264.67 -141.81 5 908 -234.63 -340.56 14 1718 -264.58 289.71
-5.863059 2.634010 -25.770518
98 99 101
10 10 2193 -250.66 105.31 11 2383 -262.13 178.00 12 2729 -274.09 193.35 8 2231 -269.82 -71.68 9 2646 -288.26 -5.77 13 1791 -243.29 249.37 6 1546 -235.50 -229.20 7 2079 -259.15 -102.94 5 1009 -231.73 -298.21 14 1818 -249.37 323.86
-6.352148 1.997612 -25.979081
45 43 48
10 10 2202 -268.85 78.13 11 2391 -281.14 151.42 12 2728 -294.92 168.16 8 2237 -286.61 -101.71 9 2650 -306.25 -34.58 13 1793 -265.29 225.49 6 1549 -249.82 -261.30 7 2082 -274.23 -133.26 5 1013 -245.33 -332.27 14 1912 -274.14 301.93
-12.806646 4.802103 -29.115550
118 109 110
7 10 2301 -485.78 171.06 11 2506 -496.47 264.28 8 2281 -506.38 -49.39 9 2719 -527.82 37.58 6 1598 -477.71 -245.40 7 2134 -496.74 -99.71 5 1075 -477.69 -329.31
-0.668221 0.010590 -9.334593
102 38 37
11 10 2337 -20.58 14.11 11 2561 -71.39 5.23 12 2884 -130.27 -31.24 8 2300 -28.63 50.05 9 2747 -44.87 46.28 13 1976 -85.74 -100.37 6 1611 12.75 48.72 7 2146 -13.82 106.62 5 1082 1.49 35.19 14 1980 -90.76 -70.79 15 1699 -75.76 -119.20
-7.194328 4.939383 -24.612277
146 135 133
2 10 2375 -319.07 210.28 11 2581 -328.07 288.59
-11.948520 3.876248 -28.631466
230 216 203
7 10 1895 -459.52 139.02 11 2077 -471.78 229.03 12 2406 -478.32 261.75 8 1925 -480.29 -74.80 9 2327 -502.18 8.82 6 1182 -449.28 -266.76 7 1671 -469.36 -122.63
-5.931897 2.759138 -25.711222
92 91 96
8 10 1904 -253.97 110.55 11 2081 -265.42 183.75 12 2410 -276.74 199.07 8 1927 -273.58 -67.06 9 2337 -292.04 -0.23 13 1486 -245.67 255.00 6 1273 -239.66 -224.05 7 1771 -262.79 -98.03
-14.028567 4.709905 -31.047214
175 158 150
7 10 1979 -499.34 155.91 11 2173 -507.74 250.77 12 2402 -510.06 286.09 8 1923 -524.01 -70.14 9 2422 -544.64 18.56 6 1277 -496.88 -273.77 7 1776 -515.05 -124.29
-6.435423 1.235930 -26.450439
89 88 93
8 10 1935 -268.10 46.27 11 2114 -281.14 119.25 12 2417 -296.00 136.50 9 2368 -305.31 -67.73 13 1494 -267.95 193.94 6 1283 -244.93 -297.34 7 1784 -270.75 -167.66 15 1282 -247.65 324.08
-6.256980 1.184981 -26.497555
44 43 46
9 10 1936 -260.82 43.93 11 2115 -273.68 116.83 8 1946 -276.74 -136.33 9 2369 -297.54 -69.87 13 1495 -260.63 190.88 6 1284 -236.82 -297.89 7 1785 -262.64 -168.33 14 1552 -269.13 265.89 15 1283 -240.17 320.29
-6.255426 1.185140 -26.493135
44 43 46
9 10 1937 -260.82 43.93 11 2116 -273.68 116.83 12 2427 -288.64 133.49 8 1947 -276.74 -136.33 9 2370 -297.54 -69.87 13 1496 -260.63 190.88 6 1285 -236.82 -297.89 14 1553 -269.13 265.89 15 1284 -240.17 320.29
-6.129029 1.557761 -26.280791
44 44 46
10 10 1934 -257.46 59.53 11 2113 -269.97 132.15 12 2418 -284.25 148.42 8 1943 -274.20 -119.75 9 2353 -294.34 -53.31 13 1491 -255.40 205.32 6 1360 -235.37 -279.58 7 1778 -261.06 -151.21 14 1551 -263.26 280.08 15 1280 -233.19 333.63
-13.154061 3.361683 -30.264957
204 187 174
8 10 1997 -480.58 113.22 11 2177 -491.46 205.01 12 2511 -497.87 239.15 8 2039 -501.97 -108.55 9 2429 -524.05 -22.29 13 1576 -472.40 318.93 6 1362 -471.14 -308.12 7 1876 -490.80 -159.92
-6.520837 1.438303 -26.312079
45 40 46
8 10 2026 -273.29 54.27 11 2212 -285.88 127.84 12 2521 -300.42 145.10 8 2047 -289.38 -126.43 9 2456 -309.90 -59.28 6 1368 -250.41 -288.83 7 1884 -276.18 -158.94 15 1347 -250.08 333.92
1.742540 -1.341491 -12.515810
119 90 57
10 10 2155 171.15 -101.74 11 2353 133.15 -97.80 12 2701 80.04 -129.67 8 2149 171.38 -109.37 9 2585 154.86 -110.97 13 1777 107.57 -161.17 6 1435 225.12 -125.22 7 1975 188.27 -63.53 14 1812 88.94 -120.28 15 1433 92.72 -147.01
-13.552877 5.197605 -29.939563
217 199 187
6 10 2174 -500.12 180.31 11 2275 -509.74 275.43 8 2124 -522.26 -45.36 9 2522 -543.16 43.05 6 1439 -493.53 -243.40 7 1977 -513.06 -97.83
-14.046857 4.638907 -30.281457
210 194 181
6 10 2182 -512.10 156.70 11 2376 -520.91 252.96 8 2141 -534.86 -67.45 9 2538 -556.06 21.67 6 1441 -507.28 -271.58 7 1980 -525.31 -121.62
-14.083290 4.663566 -30.392909
210 194 181
7 10 2183 -512.10 156.70 11 2375 -520.91 252.96 12 2614 -523.30 289.41 8 2140 -534.86 -67.45 9 2537 -556.06 21.67 6 1442 -507.28 -271.58 7 1979 -525.31 -121.62
-6.296510 1.396811 -26.383159
97 96 101
10 10 2027 -263.23 52.33 11 2213 -276.13 125.35 12 2622 -290.93 142.21 8 2154 -279.66 -127.43 9 2577 -299.90 -60.88 13 1682 -262.40 199.98 6 1447 -240.29 -288.27 7 1985 -265.86 -159.68 14 1720 -270.68 275.85 15 1348 -241.38 329.40
-6.099750 1.352919 -26.404345
93 94 96
9 10 2029 -255.42 51.09 11 2214 -267.69 123.53 8 2048 -271.60 -128.35 9 2457 -292.22 -62.03 13 1582 -253.79 196.64 6 1448 -231.55 -288.82 7 1885 -258.06 -159.94 14 1633 -262.78 271.11 15 1351 -232.78 324.95
-6.688348 1.091433 -26.541432
39 38 41
8 10 2211 -278.53 39.21 11 2297 -290.82 113.47 8 2153 -293.26 -142.41 13 1794 -279.10 190.25 6 1449 -252.51 -306.13 7 1986 -278.80 -175.69 14 1719 -287.57 266.58 15 1543 -258.72 322.65
-15.062821 5.450792 -30.885587
192 180 180
7 10 2173 -538.82 182.27 11 2274 -548.66 280.79 12 2723 -549.97 319.14 8 2224 -561.06 -48.99 9 2629 -582.67 42.78 6 1548 -535.10 -256.87 7 2078 -552.69 -105.44
-9.131303 4.628920 -25.687168
45 43 48
7 10 2370 -387.34 187.95 11 2575 -399.07 270.80 12 2919 -404.64 295.71 8 2333 -410.60 -8.33 9 2776 -428.30 68.18 6 1645 -382.74 -182.76 7 2175 -402.82 -48.17
-8.767509 2.409811 -25.629919
252 231 202
7 10 2377 -373.33 96.18 11 2582 -386.98 175.29 12 2930 -398.78 199.00 8 2341 -392.11 -94.62 9 2782 -413.72 -20.93 6 1653 -357.30 -266.86 7 2187 -379.73 -132.08
-8.767509 2.409811 -25.629919
252 231 202
7 10 2378 -373.33 96.18 11 2583 -386.98 175.29 12 2931 -398.78 199.00 8 2342 -392.11 -94.62 9 2783 -413.72 -20.93 6 1654 -357.30 -266.86 7 2186 -379.73 -132.08
-0.766845 0.984597 -9.266793
230 187 82
5 10 1652 -31.91 121.27 11 1486 -77.78 116.12 12 1716 -130.56 77.47 9 2021 -63.73 152.38 7 1181 -43.17 195.15
-10.265405 4.602071 -26.540526
227 218 213
5 10 1600 -423.34 180.42 11 1959 -435.45 267.19 8 1414 -444.54 -23.36 9 2056 -465.06 56.89 7 1560 -435.28 -66.28
-5.793765 2.280211 -25.958635
68 69 71
7 10 1354 -246.15 90.46 11 1806 -257.80 162.24 12 2094 -270.24 177.71 8 1451 -265.01 -86.90 9 2080 -283.70 -21.47 13 1206 -240.29 232.47 7 1571 -253.32 -117.83
2.272032 -1.389988 -12.910342
114 58 58
6 10 2157 206.74 -102.51 11 2355 170.83 -97.75 12 2704 118.16 -130.99 8 2150 206.45 -112.62 9 2587 191.06 -113.81 7 1976 222.23 -67.42
-0.818204 0.247733 -9.351684
206 85 86
5 10 2279 -37.41 39.80 11 2485 -87.64 32.80 8 2205 -48.41 71.65 9 2683 -64.16 70.96 7 2033 -34.10 125.17
-1.022506 -0.282777 -9.433660
255 221 88
10 10 2287 -59.22 -18.50 11 2429 -112.20 -25.65 12 2776 -171.71 -57.57 8 2214 -62.56 14.89 9 2689 -82.93 10.93 13 1872 -127.63 -121.64 7 2052 -44.36 70.13 14 1901 -131.78 -88.39 15 1628 -116.32 -131.27 16 2264 -195.83 -199.67
-11.721626 3.491221 -28.184689
195 181 175
6 10 2094 -456.43 126.60 11 2278 -468.63 215.29 12 2618 -476.53 247.44 8 2230 -478.57 -84.15 9 2642 -500.12 -2.34 7 2081 -467.66 -131.21
-1.497056 0.317817 -9.530731
105 28 33
6 10 2306 -110.37 46.07 11 2511 -161.30 44.91 12 2856 -215.40 15.34 8 2275 -118.37 64.86 9 2715 -138.80 70.42 7 2101 -103.39 112.75
1.423033 -1.108853 -12.252753
118 90 51
5 10 2298 148.95 -84.86 11 2496 111.24 -78.10 8 2264 147.30 -90.30 9 2700 131.05 -94.18 7 2113 163.01 -42.16
2.242456 1.538088 -10.190385
157 168 163
4 10 317 265.10 165.18 11 405 240.06 154.32 8 185 215.53 189.46 9 283 224.10 189.33
-0.241554 0.145444 -9.605265
101 71 29
5 10 1416 23.60 28.05 11 1574 -23.00 19.86 12 1810 -80.25 -18.43 8 476 10.75 60.30 9 1675 -2.41 57.11
-10.418767 4.594158 -26.515814
242 231 233
5 10 1239 -429.68 180.30 11 1320 -441.77 267.11 12 1516 -447.24 294.91 8 559 -450.99 -24.15 9 1660 -471.65 56.70
-10.037299 4.458655 -26.268320
159 147 145
5 10 1240 -417.50 176.29 11 1332 -429.84 262.65 12 1518 -435.58 288.89 8 1427 -439.18 -24.91 9 1663 -459.25 54.11
-6.085415 2.648682 -25.763451
48 46 49
7 10 1903 -260.13 105.92 11 2082 -271.02 179.17 12 2409 -283.53 195.14 8 1928 -279.53 -72.67 9 2338 -296.80 -5.59 13 1485 -252.71 251.74 14 1632 -259.41 326.77
0.661294 2.012248 -11.563704
116 45 47
6 10 2079 91.81 187.33 11 2287 66.56 199.03 12 2632 28.67 161.92 8 1971 53.46 163.97 9 2482 51.71 181.03 13 1685 81.26 116.20
-6.476450 0.535452 -26.888826
40 35 39
6 10 2125 -265.98 16.76 11 2221 -280.09 91.13 8 2053 -279.75 -164.88 13 1585 -269.80 167.09 14 1723 -279.16 241.11 15 1352 -252.61 298.51
2.273990 -1.390615 -12.911489
114 58 58
5 10 2158 206.74 -102.51 11 2356 170.83 -97.75 12 2703 118.16 -130.99 8 2151 206.45 -112.62 9 2588 191.06 -113.81
-0.849784 -0.154391 -9.397540
247 210 89
6 10 2233 -40.28 -4.52 11 2426 -93.12 -12.02 12 2775 -152.60 -45.74 8 2213 -45.02 30.57 9 2641 -63.85 26.40 13 1868 -108.47 -111.23
-0.112942 0.681232 -9.638879
54 51 45
5 10 2305 36.64 83.75 11 2541 -6.66 77.83 12 2878 -60.06 38.61 8 2272 16.74 111.56 9 2713 7.17 112.00
-1.495699 0.317438 -9.530047
105 28 33
5 10 2307 -110.37 46.07 11 2512 -161.30 44.91 12 2857 -215.40 15.34 8 2274 -118.37 64.86 9 2716 -138.80 70.42
-1.060655 0.278590 -9.399339
94 28 29
8 10 2310 -62.58 42.70 11 2514 -113.16 36.65 12 2858 -169.67 3.47 8 2277 -73.51 71.61 9 2718 -89.90 72.95 13 1955 -122.85 -64.05 15 1657 -106.98 -81.35 16 2294 -183.83 -154.95
-0.358612 0.014804 -9.621321
123 92 45
9 10 2338 11.64 14.66 11 2562 -36.99 5.97 12 2898 -94.63 -29.08 8 2301 2.10 46.40 9 2748 -12.13 41.17 13 1977 -50.84 -97.24 14 1981 -56.41 -66.82 15 1697 -40.68 -114.89 16 2312 -120.30 -186.61
1.409599 2.135910 -11.072497
220 180 97
3 10 1212 165.15 206.04 11 1361 145.05 211.19 9 175 121.95 210.31
-11.197585 6.551288 -26.905963
252 238 237
3 10 84 -455.34 254.69 11 1280 -466.02 347.30 9 463 -496.80 126.41
-11.510738 6.378642 -27.118293
247 236 236
3 10 85 -464.45 245.99 11 7 -475.32 338.64 9 467 -506.67 116.91
-10.758374 4.504403 -26.578738
233 225 222
4 10 194 -442.45 176.36 11 1313 -454.94 263.77 12 1514 -460.62 292.30 9 645 -484.62 51.46
-10.570038 4.501412 -26.527993
231 222 219
4 10 196 -435.50 176.53 11 1314 -447.97 263.55 12 1515 -453.65 291.66 9 648 -477.63 52.26
2.105141 -0.940626 -12.714194
104 53 55
4 10 1869 195.93 -68.28 11 1662 162.83 -62.95 12 2252 111.34 -97.27 9 881 178.44 -76.21
2.106942 1.323243 -10.114689
108 102 102
3 10 1295 253.73 144.93 11 1491 226.61 133.15 9 1507 215.91 171.06
-10.375829 4.488964 -26.457084
221 211 206
4 10 197 -428.87 176.48 11 1331 -441.43 263.14 12 1517 -446.65 290.69 9 1662 -470.10 52.81
-5.941965 2.411968 -25.937922
64 62 65
4 10 1352 -251.94 95.65 11 1391 -264.26 168.08 12 2093 -276.02 183.72 9 2078 -290.70 -16.00
1.744693 -1.348870 -12.537696
119 90 57
5 10 2156 171.15 -101.74 11 2354 133.15 -97.80 12 2702 80.04 -129.67 9 2586 154.86 -110.97 13 1778 107.57 -161.17
-0.770874 0.658819 -9.275003
236 199 89
9 10 2208 -33.38 85.29 11 2405 -81.11 79.05 12 2758 -135.57 41.64 9 2616 -64.62 115.67 13 1849 -84.68 -30.96 14 1884 -85.25 -5.82 15 1519 -63.38 -60.96 16 2150 -140.27 -142.70 17 2491 -177.33 -144.80
-12.320069 4.940701 -29.250554
236 223 210
4 10 2175 -464.25 175.48 11 2374 -474.85 267.39 12 2613 -478.79 299.03 9 2630 -506.44 42.04
-1.458166 0.139129 -9.597054
216 67 65
8 10 2224 -105.47 26.55 11 2417 -157.14 25.68 12 2768 -212.46 -3.60 9 2632 -132.50 49.85 13 1853 -165.54 -65.07 14 1889 -166.67 -32.81 15 1517 -146.22 -74.15 16 2147 -223.33 -143.63
2.244305 -1.224675 -13.012979
230 222 211
3 10 2247 202.67 -88.94 11 2438 167.72 -82.84 9 2661 185.43 -100.88
-0.758922 1.001421 -9.234728
233 189 84
9 10 2264 -32.12 122.47 11 2469 -78.14 118.11 12 2819 -130.58 79.98 9 2671 -64.12 153.56 13 1914 -77.86 6.04 14 1927 -77.23 28.45 15 1654 -52.39 -29.88 16 2250 -127.64 -115.73 17 2645 -160.61 -123.06
-1.247947 0.671021 -9.497191
215 96 93
3 10 2271 -83.68 84.00 11 2476 -132.61 83.18 9 2676 -113.70 109.50
-1.005269 0.090538 -9.429514
217 76 76
6 10 2225 -57.25 21.53 11 2420 -108.67 16.65 12 2772 -166.16 -16.14 9 2681 -83.04 51.39 13 1859 -119.66 -82.81 15 1623 -104.32 -99.15
-0.850388 0.039886 -9.349146
113 31 35
8 10 2280 -40.93 16.94 11 2486 -92.29 9.47 12 2835 -150.36 -25.09 9 2682 -66.88 48.67 13 1925 -104.02 -93.63 14 1899 -107.26 -64.42 15 1625 -90.05 -112.66 16 2265 -168.78 -185.38
3.603206 -1.400839 -13.334350
68 58 60
6 10 2383 299.74 -98.50 11 2592 266.53 -98.47 12 2939 212.68 -137.18 9 2786 283.22 -109.72 13 2026 239.64 -166.87 14 2029 216.32 -127.56
3.569964 -1.341746 -13.093018
66 56 57
3 10 2392 304.30 -95.30 11 2598 271.22 -97.09 9 2791 286.60 -104.07
-11.213095 6.193536 -26.795447
235 223 224
2 10 90 -457.53 241.58 11 9 -468.60 333.45
4.373621 2.850788 -11.903211
245 234 227
2 10 94 400.92 251.47 11 144 396.63 252.44
1.075914 2.164596 -11.338170
222 189 92
2 10 137 131.12 203.99 11 1358 108.20 213.21
-10.141795 4.441650 -26.214012
202 195 189
3 10 198 -422.53 176.11 11 143 -435.26 262.14 12 75 -440.84 289.33
-1.115740 1.750119 -10.145892
135 53 58
2 10 209 -68.57 186.88 11 291 -107.49 196.57
2.208837 1.386841 -10.087457
139 153 147
2 10 321 264.58 151.15 11 406 238.47 139.66
-1.800294 1.008307 -9.889080
142 26 35
2 10 378 -139.59 115.14 11 459 -186.91 122.79
-12.235152 2.245113 -28.364629
223 211 211
3 10 439 -474.41 79.29 11 281 -487.46 167.45 13 63 -471.29 274.92
-12.357769 2.193630 -28.455511
214 202 202
2 10 440 -477.58 76.93 11 375 -490.76 165.57
-11.681471 2.229554 -28.145584
228 217 215
2 10 443 -456.33 79.41 11 377 -469.43 166.47
-10.334464 1.962620 -25.074425
216 207 201
2 10 445 -448.18 79.32 11 378 -464.08 161.47
-11.985203 1.638437 -28.722486
158 147 148
2 10 508 -459.58 55.51 11 382 -472.72 142.90
-1.457855 0.384087 -9.501112
128 33 35
2 10 520 -106.40 53.33 11 588 -156.92 52.10
-1.254376 -0.617165 -9.737933
212 91 90
2 10 693 -82.89 -53.20 11 793 -136.43 -56.05
-10.917748 6.474511 -26.506353
224 213 214
2 10 1190 -449.84 255.50 11 1284 -460.85 347.42
-11.162814 6.444556 -26.814681
228 216 216
2 10 1191 -455.19 251.35 11 1281 -465.94 343.61
4.852617 2.793036 -11.130664
247 234 228
2 10 1195 471.67 262.87 11 150 469.51 255.09
1.310600 2.114126 -10.982482
226 189 94
2 10 1211 158.28 205.77 11 1786 134.94 211.12
-10.422925 4.799720 -26.479624
244 234 233
3 10 1238 -430.19 188.52 11 1319 -442.35 276.07 12 1496 -447.27 303.95
1.546038 1.746879 -10.151671
130 70 72
2 10 1249 197.15 186.01 11 1403 170.86 180.84
4.805771 1.923592 -11.208150
181 171 163
2 10 1257 465.61 183.55 11 1407 455.22 172.03
-11.517100 2.564883 -27.728015
240 230 228
2 10 1344 -456.03 93.71 11 1386 -469.24 180.64
-11.538019 2.418256 -27.841728
219 209 205
2 10 1345 -455.05 87.56 11 1389 -468.53 174.60
-11.375273 2.440044 -27.710661
233 223 222
2 10 1346 -450.79 89.01 11 1388 -463.97 175.43
-11.286042 2.334023 -27.853402
223 213 209
2 10 1350 -445.27 84.45 11 1390 -458.34 170.61
-11.176970 2.076542 -27.769877
186 177 172
3 10 1351 -442.20 74.80 11 1437 -455.54 160.55 12 1572 -466.26 190.25
-11.366981 1.968347 -28.063651
185 176 171
2 10 1381 -445.39 69.77 11 1438 -458.64 155.86
0.408267 -0.161051 -7.249876
129 90 47
2 10 1443 134.31 -2.49 11 798 70.24 -48.95
0.438137 -0.548864 -10.109798
69 34 27
2 10 1470 88.59 -43.28 11 1629 43.55 -52.47
5.251757 -0.729081 -10.139007
201 188 182
3 10 1495 560.02 -57.42 11 1705 525.64 -92.84 12 1976 456.91 -160.33
-1.773017 0.416353 -9.759763
215 95 96
3 10 1687 -138.30 55.18 11 1540 -188.25 58.33 12 1774 -239.59 31.16
5.291244 -0.067550 -10.178668
234 221 215
3 10 1711 560.95 7.44 11 1905 533.67 -26.23 12 2254 469.38 -95.47
0.967621 2.197462 -11.461089
135 69 65
3 10 1773 119.50 204.84 11 2079 96.99 215.51 12 2519 60.26 176.50
1.064444 1.882310 -11.417206
200 154 75
2 10 1781 129.10 177.45 11 1979 104.64 185.76
-12.415552 4.454890 -28.734497
200 186 177
3 10 1791 -475.34 160.23 11 2076 -487.03 251.69 12 2403 -491.13 284.36
-1.209396 1.264209 -9.658299
113 34 38
2 10 1794 -79.28 145.12 11 2105 -123.87 148.51
-0.161959 1.320719 -9.532106
57 53 52
2 10 1798 32.15 153.02 11 1991 -7.97 149.46
2.040836 1.453271 -10.060295
112 163 160
2 10 1802 248.82 158.14 11 1996 222.06 147.84
-0.859491 0.597555 -9.383718
203 99 92
3 10 1822 -42.08 77.42 11 2015 -89.94 72.44 12 2359 -144.16 36.51
-0.330347 -0.769747 -9.676315
62 68 56
2 10 1867 14.56 -68.82 11 1912 -37.77 -77.88
-10.143826 5.515237 -26.419148
108 100 100
2 10 1883 -419.71 217.84 11 2072 -431.10 306.16
-0.768965 1.444633 -9.467875
122 52 56
2 10 1888 -33.51 167.92 11 2205 -74.32 167.01
-13.955691 4.893653 -30.945139
180 166 161
3 10 1894 -499.92 163.77 11 2075 -508.38 258.37 12 2401 -510.78 293.41
1.104857 1.676371 -11.287994
150 92 46
3 10 1898 134.57 161.00 11 2208 109.04 167.02 12 2550 68.17 127.13
1.973344 1.437990 -10.064194
79 87 89
3 10 1900 242.09 156.43 11 2108 215.51 146.26 12 2459 165.40 93.94
-9.208912 3.177134 -25.494897
244 227 199
3 10 1902 -393.75 128.74 11 2180 -407.67 210.03 12 2512 -417.02 234.84
-0.937726 0.987246 -9.367818
144 53 41
7 10 1915 -49.87 119.69 11 2219 -95.64 117.35 12 2651 -147.67 81.04 13 1825 -97.00 10.29 14 1872 -96.72 34.48 15 1501 -72.03 -20.72 16 2140 -148.69 -103.09
-0.729322 0.889950 -9.203872
231 195 83
3 10 1916 -27.78 111.20 11 2121 -74.41 105.24 12 2464 -128.09 66.39
-0.729322 0.889950 -9.203872
231 195 83
3 10 1917 -27.78 111.20 11 2122 -74.41 105.24 12 2465 -128.09 66.39
-0.846099 0.675824 -9.354077
234 191 88
4 10 1927 -41.14 86.08 11 2125 -88.27 81.23 12 2352 -142.22 44.99 13 1448 -91.69 -26.01
-0.756772 0.538767 -9.268339
205 90 90
3 10 1928 -30.48 71.90 11 2128 -79.09 64.87 12 2472 -134.99 27.97
-0.758800 0.538697 -9.279759
205 90 90
6 10 1929 -30.48 71.90 11 2129 -79.09 64.87 12 2473 -134.99 27.97 13 1548 -85.76 -44.03 14 1610 -87.52 -18.64 15 1247 -67.16 -72.10
-14.149074 2.223795 -31.048246
114 108 112
2 10 1932 -504.10 70.21 11 2094 -515.95 163.43
-12.780258 6.691799 -29.161150
206 186 176
2 10 1965 -482.55 239.53 11 2168 -491.77 335.33
1.105198 2.080584 -11.251259
178 118 56
2 10 1975 135.11 197.96 11 2280 111.56 205.98
1.466346 1.787346 -10.214044
121 52 56
2 10 1977 187.89 188.90 11 2192 161.70 184.96
1.461837 1.699847 -10.189105
165 80 83
3 10 1978 187.79 180.66 11 2193 161.59 176.10 12 2553 115.15 126.82
-9.233739 3.398027 -25.680881
193 169 129
4 10 1982 -391.25 136.75 11 2178 -405.02 218.78 12 2513 -414.50 243.35 13 1577 -386.24 308.54
-9.157767 3.377433 -25.498155
193 169 129
3 10 1983 -391.25 136.75 11 2179 -405.02 218.78 12 2514 -414.50 243.35
-0.820785 1.361813 -9.344758
243 209 85
3 10 1988 -38.87 161.04 11 2295 -81.69 159.42 12 2636 -130.76 120.80
-1.020517 1.167749 -9.494862
155 39 49
3 10 1990 -58.53 136.56 11 2204 -104.58 137.98 12 2556 -154.97 102.66
-0.067635 1.271172 -9.613523
88 98 72
2 10 1993 41.18 146.66 11 2207 2.23 142.69
1.958590 1.028707 -10.587067
112 72 39
6 10 2013 226.74 109.23 11 2234 198.80 102.60 12 2565 149.19 54.26 13 1637 196.49 -10.68 14 1690 185.01 9.07 15 1419 200.66 -51.68
1.961616 1.027901 -10.611565
112 72 39
5 10 2014 226.74 109.23 11 2235 198.80 102.60 12 2566 149.19 54.26 13 1638 196.49 -10.68 14 1691 185.01 9.07
1.986319 0.951356 -10.477224
153 120 60
2 10 2015 232.87 103.51 11 2236 203.48 94.89
-5.932422 1.702004 -26.222234
94 95 97
5 10 2028 -249.81 65.46 11 2195 -262.09 137.86 13 1581 -246.89 209.71 14 1634 -255.30 284.52 15 1349 -224.08 336.90
-1.583108 -0.664693 -9.987820
125 35 45
2 10 2058 -116.13 -57.15 11 2258 -168.53 -56.13
-20.100326 -13.036039 -43.989640
64 62 68
4 10 2069 -516.60 -329.46 11 2265 -526.01 -222.42 12 2605 -552.54 -178.05 14 1680 -558.81 21.20
0.697181 1.875503 -11.438672
146 66 62
8 10 2080 96.46 176.29 11 2388 70.18 186.58 12 2737 30.55 149.62 13 1807 81.87 102.35 14 1834 79.27 127.76 15 1464 106.57 80.25 16 2110 44.15 14.64 17 2515 16.01 28.27
1.090360 1.938012 -11.188382
165 102 46
3 10 2082 135.19 185.94 11 2189 110.40 192.74 12 2535 70.25 152.65
-12.116994 3.341916 -28.552819
239 219 205
3 10 2095 -466.21 119.20 11 2277 -479.48 209.35 12 2617 -486.59 241.28
-1.377769 0.873294 -9.391795
217 85 82
3 10 2098 -98.72 106.81 11 2398 -146.90 107.42 12 2747 -198.81 73.50
-1.745937 0.605840 -9.677074
137 29 39
3 10 2112 -135.14 74.86 11 2311 -185.82 79.23 12 2660 -237.34 51.03
-0.186337 0.654894 -9.598857
52 47 41
3 10 2113 29.48 81.56 11 2314 -14.30 75.38 12 2670 -68.23 35.87
-0.186337 0.654894 -9.598857
52 47 41
3 10 2114 29.48 81.56 11 2315 -14.30 75.38 12 2671 -68.23 35.87
-2.404640 0.496355 -10.666947
227 107 101
2 10 2120 -191.70 57.06 11 2317 -238.20 71.80
-1.989536 0.527802 -9.938452
170 33 41
3 10 2121 -158.27 64.76 11 2306 -208.31 72.21 12 2562 -258.59 47.38
-1.297639 0.545959 -9.537315
135 29 37
2 10 2123 -88.54 70.17 11 2319 -138.38 69.61
-1.784143 0.233098 -9.709896
142 31 39
3 10 2134 -139.17 35.74 11 2325 -190.92 38.31 12 2669 -244.43 11.78
-1.366415 -0.199469 -9.558997
143 33 40
3 10 2139 -95.69 -9.44 11 2332 -148.86 -12.39 12 2683 -206.57 -41.68
-0.165895 -0.311704 -9.772628
82 82 59
2 10 2141 30.75 -20.38 11 2343 -17.65 -28.50
-1.937304 -0.509314 -10.346349
218 97 93
2 10 2145 -148.59 -40.78 11 2252 -200.18 -33.57
-1.712172 -0.557515 -9.975216
237 104 110
2 10 2146 -129.12 -46.54 11 2338 -182.37 -44.18
-1.595510 -0.531549 -9.909543
143 34 40
3 10 2148 -117.79 -43.83 11 2339 -170.86 -42.84 12 2688 -227.85 -68.32
2.105266 -0.574736 -12.261658
105 74 43
3 10 2150 204.85 -38.90 11 2346 171.30 -37.72 12 2693 121.09 -74.72
2.232170 -0.447697 -12.256757
89 35 40
3 10 2151 215.78 -28.55 11 2347 182.89 -27.37 12 2694 132.69 -65.23
-1.263918 -0.963265 -10.222081
193 90 91
2 10 2154 -81.97 -86.03 11 2349 -134.17 -84.69
-24.181935 -13.674721 -49.156994
121 113 109
5 10 2159 -557.40 -311.18 11 2357 -564.17 -200.49 12 2705 -588.19 -151.38 13 1733 -573.13 -45.45 14 1744 -596.70 55.42
-24.167620 -13.667013 -49.129325
121 113 109
3 10 2160 -557.40 -311.18 11 2358 -564.17 -200.49 12 2706 -588.19 -151.38
-19.955008 -13.045581 -43.028741
133 126 120
3 10 2162 -523.27 -336.58 11 2362 -533.10 -229.74 12 2709 -559.85 -184.76
-20.440348 -13.375695 -44.058410
133 126 120
7 10 2163 -523.27 -336.58 11 2361 -533.10 -229.74 12 2708 -559.85 -184.76 13 1748 -544.95 -83.29 14 1759 -567.38 15.24 15 1447 -557.02 114.83 16 2097 -611.59 207.95
0.886730 2.174650 -11.473772
131 66 57
3 10 2170 112.37 202.53 11 2379 89.25 213.56 12 2731 52.32 175.41
-1.045011 1.660343 -10.046294
206 95 88
3 10 2176 -61.58 179.55 11 2385 -100.99 187.75 12 2734 -144.63 154.73
0.961604 1.836977 -11.391683
97 44 43
3 10 2180 119.48 174.25 11 2389 95.35 182.21 12 2739 56.58 142.99
1.181705 1.980393 -10.971544
233 190 82
3 10 2181 146.83 193.55 11 2390 122.23 198.58 12 2740 81.56 156.33
-1.134107 1.260830 -9.673886
219 95 90
3 10 2187 -70.87 144.33 11 2392 -115.34 147.40 12 2742 -163.59 114.43
-0.911398 1.199178 -9.219738
254 218 88
3 10 2188 -48.15 144.95 11 2394 -93.69 142.31 12 2749 -144.80 103.83
-0.779934 1.178282 -9.232273
148 86 42
8 10 2189 -33.70 142.65 11 2395 -79.11 138.59 12 2750 -130.88 100.01 13 1827 -76.89 24.78 14 1858 -75.42 46.63 15 1602 -49.89 -12.49 16 2248 -125.05 -99.25 17 2636 -155.30 -106.81
-11.410375 2.916524 -27.473885
178 170 168
4 10 2192 -456.33 107.78 11 2382 -469.06 195.65 12 2726 -477.96 226.61 13 1789 -448.86 297.69
-5.854600 2.633035 -25.713809
98 99 101
5 10 2194 -250.66 105.31 11 2384 -262.13 178.00 12 2730 -274.09 193.35 13 1792 -243.29 249.37 14 1819 -249.37 323.86
-1.715495 1.073438 -10.028914
131 27 37
3 10 2196 -130.07 120.33 11 2467 -175.41 128.81 12 2818 -221.54 101.21
-1.599119 0.928889 -9.819398
214 92 90
6 10 2198 -119.69 107.42 11 2397 -166.62 113.23 12 2746 -215.25 84.75 13 1823 -164.55 25.57 14 1852 -162.79 54.83 15 1583 -136.20 11.03
-1.237089 1.146571 -9.652538
114 30 37
16 10 2199 -82.41 133.90 11 2399 -127.64 135.98 12 2748 -176.66 102.40 13 1906 -124.31 36.85 14 1922 -122.52 62.98 15 1640 -96.06 13.96 16 2282 -169.04 -64.25 17 2685 -202.61 -61.46 18 2985 -215.81 -200.95 19 2979 -260.29 -95.36 20 2620 -264.65 -123.04 21 2711 -247.08 -124.00 22 1282 -192.86 -60.37 23 1196 -120.15 -65.43 24 1215 -130.24 -84.91 25 1046 -128.65 -117.26
-1.922190 0.782946 -9.971184
216 98 94
2 10 2204 -151.03 90.83 11 2472 -199.93 99.18
-1.712741 0.822271 -9.822559
114 27 35
6 10 2205 -131.26 97.08 11 2402 -178.75 101.98 12 2743 -228.72 74.37 13 1905 -178.58 16.23 14 1921 -176.86 46.60 15 1595 -150.67 5.18
-0.045370 0.656202 -9.685304
50 47 42
3 10 2209 43.52 81.00 11 2407 0.96 74.79 12 2764 -52.76 34.86
-1.743390 0.508984 -9.721554
128 27 35
3 10 2214 -134.95 64.95 11 2411 -185.28 67.85 12 2755 -236.68 41.01
-1.427299 0.501463 -9.553832
223 72 72
8 10 2215 -102.40 65.59 11 2412 -152.40 65.56 12 2760 -205.78 34.77 13 1845 -156.79 -28.78 14 1880 -156.66 0.84 15 1610 -133.85 -44.20 16 2245 -209.97 -117.41 17 2631 -251.16 -110.76
-1.825279 -0.282169 -10.056928
116 31 38
2 10 2228 -140.02 -18.35 11 2424 -192.18 -13.79
-0.887383 -0.326086 -9.386741
148 86 36
3 10 2234 -44.44 -22.75 11 2430 -97.64 -31.00 12 2777 -158.16 -64.08
-22.715035 -13.678905 -47.183761
135 129 130
5 10 2251 -545.15 -323.46 11 2439 -553.02 -213.60 12 2790 -577.74 -166.15 13 1852 -562.64 -61.29 14 1864 -585.12 38.13
-1.154590 1.827844 -10.241690
119 46 48
2 10 2254 -72.39 192.93 11 2455 -110.43 203.92
1.319194 1.966664 -10.880577
151 73 49
3 10 2256 161.17 193.76 11 2459 136.85 197.51 12 2811 95.40 153.74
-1.913733 0.953891 -9.916826
135 28 36
3 10 2262 -151.07 109.07 11 2466 -198.71 117.51 12 2817 -246.53 91.27
-1.398770 1.118732 -9.705897
217 100 93
11 10 2263 -99.26 126.68 11 2468 -145.57 131.90 12 2744 -194.30 101.32 13 1815 -143.14 40.40 14 1853 -141.12 67.91 15 1586 -113.37 20.70 16 2215 -184.79 -56.01 17 2609 -219.08 -53.00 18 2909 -233.21 -192.67 19 2846 -279.27 -84.99 20 2498 -283.60 -113.21
-1.256913 0.854422 -9.471763
121 31 35
4 10 2268 -84.83 103.62 11 2473 -132.85 103.81 12 2821 -184.58 71.21 13 1911 -133.23 3.77
-1.259062 0.854956 -9.505971
121 31 35
2 10 2269 -84.83 103.62 11 2474 -132.85 103.81
-1.248972 0.671263 -9.500848
215 96 93
2 10 2270 -83.68 84.00 11 2475 -132.61 83.18
-1.724107 0.348151 -9.666868
210 91 88
3 10 2274 -132.86 47.87 11 2478 -184.43 50.37 12 2826 -238.05 23.24
-1.351235 -0.267697 -9.566381
124 32 35
3 10 2285 -93.93 -16.68 11 2489 -147.23 -20.19 12 2833 -205.75 -48.75
-1.351235 -0.267697 -9.566381
124 32 35
3 10 2286 -93.93 -16.68 11 2490 -147.23 -20.19 12 2834 -205.75 -48.75
2.711712 -0.793553 -13.100852
81 41 43
6 10 2291 237.60 -54.13 11 2493 205.28 -50.12 12 2782 155.29 -86.06 13 1926 185.27 -116.60 14 1900 165.54 -79.55 15 1626 170.09 -111.24
-0.175184 -0.205559 -9.705295
53 48 45
2 10 2314 29.78 -9.11 11 2516 -17.57 -18.05
-0.175184 -0.205559 -9.705295
53 48 45
2 10 2315 29.78 -9.11 11 2517 -17.57 -18.05
2.691898 -0.766404 -12.959055
77 40 41
2 10 2320 238.69 -52.73 11 2521 206.71 -48.60
3.399280 -1.868664 -13.514602
145 140 135
3 10 2324 282.25 -133.88 11 2528 245.50 -130.27 14 1971 185.30 -150.40
0.937879 0.824948 -10.548161
131 99 50
3 10 2333 130.34 91.27 11 2544 96.83 86.85 12 2877 48.92 45.73
0.937879 0.824948 -10.548161
131 99 50
3 10 2334 130.34 91.27 11 2543 96.83 86.85 12 2876 48.92 45.73
-0.212525 -1.066918 -10.669977
96 54 55
2 10 2342 19.87 -91.71 11 2548 -26.47 -92.94
2.128034 -1.517227 -12.968402
103 51 57
5 10 2344 195.41 -111.82 11 2566 157.49 -106.88 12 2904 104.21 -139.05 13 1997 129.84 -166.64 14 1986 110.50 -124.82
-17.674065 -6.681346 -47.278126
36 35 40
6 10 2345 -429.00 -161.46 11 2523 -434.82 -61.73 12 2883 -453.09 -24.66 13 1967 -436.29 70.58 14 1974 -455.88 164.24 15 1669 -436.11 258.86
-10.623270 4.161062 -26.683586
255 255 255
3 10 2346 -436.11 161.92 11 2551 -447.93 248.53 12 2890 -454.08 276.46
-10.511700 1.802248 -27.343730
60 58 63
5 10 2352 -422.15 65.12 11 2555 -435.80 149.18 12 2891 -447.71 177.63 13 1979 -421.09 247.92 14 1989 -431.13 332.09
-1.671857 0.109829 -9.806684
124 29 32
3 10 2355 -125.66 21.78 11 2547 -177.75 25.49 12 2881 -232.41 -1.52
-14.221657 -6.591811 -40.732955
35 34 38
2 10 2359 -396.54 -182.47 11 2574 -408.63 -88.12
-21.693561 -9.322136 -47.921634
95 91 92
6 10 2360 -514.60 -219.83 11 2564 -521.20 -114.76 12 2899 -540.82 -70.03 13 1987 -524.97 30.56 14 1996 -546.86 129.03 15 1706 -531.45 229.71
0.810505 -1.155154 -11.687686
95 49 49
3 10 2382 103.86 -91.79 11 2591 63.14 -89.36 12 2938 8.68 -121.25
-1.188322 1.193068 -9.614596
143 53 51
2 10 302 -77.32 138.36 12 1668 -170.61 107.28
-12.162336 2.192784 -28.331924
208 199 198
2 10 441 -472.15 77.43 12 225 -494.99 197.60
-1.665672 1.006014 -9.884280
138 41 44
2 10 1322 -126.13 115.28 12 545 -219.66 93.34
-12.858947 5.335105 -29.387120
231 213 201
