# Bundle file v0.3
60 874
0 0 0
0 0 0
0 0 0
0 0 0
0 0 0
0 0 0
0 0 0
0 0 0
0 0 0
0 0 0
0 0 0
0 0 0
0 0 0
0 0 0
0 0 0
0 0 0
0 0 0
0 0 0
0 0 0
0 0 0
0 0 0
0 0 0
0 0 0
0 0 0
0 0 0
0 0 0
0 0 0
0 0 0
0 0 0
0 0 0
0 0 0
0 0 0
0 0 0
0 0 0
0 0 0
0 0 0
0 0 0
0 0 0
0 0 0
0 0 0
0 0 0
0 0 0
0 0 0
0 0 0
0 0 0
0 0 0
0 0 0
0 0 0
0 0 0
0 0 0
0 0 0
0 0 0
0 0 0
0 0 0
0 0 0
0 0 0
0 0 0
0 0 0
0 0 0
0 0 0
0 0 0
0 0 0
0 0 0
0 0 0
0 0 0
0 0 0
0 0 0
0 0 0
0 0 0
0 0 0
0 0 0
0 0 0
0 0 0
0 0 0
0 0 0
0 0 0
0 0 0
0 0 0
0 0 0
0 0 0
0 0 0
0 0 0
0 0 0
0 0 0
0 0 0
0 0 0
0 0 0
0 0 0
0 0 0
0 0 0
0 0 0
0 0 0
0 0 0
0 0 0
0 0 0
0 0 0
0 0 0
0 0 0
0 0 0
0 0 0
0 0 0
0 0 0
0 0 0
0 0 0
0 0 0
0 0 0
0 0 0
0 0 0
0 0 0
0 0 0
0 0 0
0 0 0
0 0 0
0 0 0
0 0 0
0 0 0
0 0 0
0 0 0
0 0 0
0 0 0
0 0 0
0 0 0
0 0 0
0 0 0
0 0 0
0 0 0
0 0 0
0 0 0
0 0 0
0 0 0
0 0 0
0 0 0
0 0 0
0 0 0
0 0 0
0 0 0
0 0 0
0 0 0
0 0 0
0 0 0
0 0 0
0 0 0
0 0 0
0 0 0
0 0 0
0 0 0
0 0 0
0 0 0
0 0 0
0 0 0
0 0 0
0 0 0
0 0 0
0 0 0
0 0 0
0 0 0
0 0 0
0 0 0
0 0 0
0 0 0
0 0 0
0 0 0
0 0 0
0 0 0
0 0 0
0 0 0
0 0 0
0 0 0
0 0 0
0 0 0
0 0 0
0 0 0
0 0 0
0 0 0
0 0 0
0 0 0
0 0 0
0 0 0
0 0 0
0 0 0
2.5527522761e+003 -7.4465347293e-001 -1.0984283161e-001
1.7728781078e-001 -3.4834245163e-001 -9.2044911241e-001
-7.4023067469e-001 5.6913896565e-001 -3.5796562130e-001
6.4855807790e-001 7.4480760883e-001 -1.5695236675e-001
2.1307846638e+000 2.8621141721e+000 3.2475900294e-001
-1.9210645323e+003 -6.9661499173e-001 3.1511936341e-001
-2.4141604995e-001 3.8387159598e-001 8.9126925709e-001
-6.8703903003e-001 5.8101850430e-001 -4.3634260493e-001
-6.8534346282e-001 -7.1767687399e-001 1.2346757670e-001
-1.8043374514e+000 3.0576430179e+000 -2.4966550085e-001
1.8839206818e+003 -3.7896243709e-001 -1.4799877435e-001
1.8549682330e-001 -3.2228058762e-001 -9.2829206147e-001
-7.1054684906e-001 6.0854847092e-001 -3.5325901806e-001
6.7875923849e-001 7.2512342494e-001 -1.1611164787e-001
2.1751989041e+000 2.8694743294e+000 2.3744461761e-001
-1.4265432060e+003 9.1875871687e-002 -4.4368612174e-001
-1.9580694228e-001 4.5756262579e-001 8.6735003593e-001
-6.6602755701e-001 5.8713012714e-001 -4.6009293311e-001
-7.1976866746e-001 -6.6776841591e-001 1.8978516292e-001
-1.7024657579e+000 3.1145606343e+000 -3.8879554421e-001
1.5640018301e+003 -2.0866523334e-001 -5.0336164405e-001
2.0905217528e-001 -2.8007131821e-001 -9.3694036349e-001
-6.9967554170e-001 6.2652542851e-001 -3.4339485113e-001
6.8319201134e-001 7.2734169697e-001 -6.4982547582e-002
2.2208034411e+000 2.8549135551e+000 1.3293481409e-001
1.5441630084e+003 -2.7090456280e-001 -2.0924323344e-001
2.4428993806e-001 -2.5345036315e-001 -9.3599430531e-001
-6.9455918138e-001 6.2784264553e-001 -3.5128500681e-001
6.7669045340e-001 7.3591883103e-001 -2.2660635764e-002
2.2048188033e+000 2.8711100041e+000 3.2424527352e-002
1.4385152613e+003 -2.5980099694e-001 -1.3883549727e-001
2.3383240890e-001 -2.5622007054e-001 -9.3790920669e-001
-7.0252744986e-001 6.2234836341e-001 -3.4516328999e-001
6.7214402232e-001 7.3961732674e-001 -3.4476415771e-002
2.2244617501e+000 2.8546401426e+000 8.6796782526e-002
1.4219691976e+003 -3.3667599544e-001 5.7817734158e-002
2.6765484628e-001 -2.2137209181e-001 -9.3773945221e-001
-7.2322574658e-001 5.9690863032e-001 -3.4733932477e-001
6.3663600491e-001 7.7116436900e-001 -3.3650867832e-004
2.2220499842e+000 2.8562660770e+000 8.1064616226e-002
0 0 0
0 0 0
0 0 0
0 0 0
0 0 0
1.4123456647e+003 -3.3011107811e-001 3.7580659117e-002
2.7667690972e-001 -2.2028503381e-001 -9.3537393138e-001
-7.1930966238e-001 5.9796895898e-001 -3.5359119574e-001
6.3721542451e-001 7.7065402612e-001 6.9910503842e-003
2.2050766023e+000 2.8691866892e+000 6.3332312569e-002
1.4844940923e+003 -4.0828604024e-001 1.4202409969e-001
2.3763188017e-001 -2.2947255539e-001 -9.4386091976e-001
-7.1541156167e-001 6.1593556713e-001 -3.2986311492e-001
6.5705204281e-001 7.5363500680e-001 -1.7801392326e-002
2.2755311334e+000 2.8134042457e+000 9.5204709607e-002
1.3871293683e+003 -3.7716235773e-001 1.3799499876e-001
2.8092789410e-001 -2.0249897182e-001 -9.3812242523e-001
-7.2183557797e-001 5.9960255129e-001 -3.4558671686e-001
6.3248155443e-001 7.7425509162e-001 2.2274119669e-002
2.2320939469e+000 2.8466388912e+000 4.0448235946e-002
1.3379348467e+003 -2.6220620469e-001 -1.0629157951e-001
3.1638976730e-001 -1.7741322309e-001 -9.3189165863e-001
-7.4190586640e-001 5.6590335416e-001 -3.5962352419e-001
5.9116258385e-001 8.0515709152e-001 4.7422119549e-002
2.1947963636e+000 2.8711669477e+000 6.5909031098e-002
1.3007356974e+003 -2.4056532602e-001 -1.3934418774e-001
2.9377910851e-001 -1.7682902869e-001 -9.3937496774e-001
-7.5193630367e-001 5.6399296352e-001 -3.4132643075e-001
5.9015729313e-001 8.0662471553e-001 3.2725183817e-002
2.2499784222e+000 2.8248110574e+000 1.1885090573e-001
1.2290819909e+003 -2.2361146184e-001 4.2806205813e-003
3.3536693550e-001 -1.5547688350e-001 -9.2916949868e-001
-7.3574557368e-001 5.7277522296e-001 -3.6139589756e-001
5.8839397463e-001 8.0483258052e-001 7.7698442404e-002
2.1862274269e+000 2.8720406929e+000 -1.3969324257e-002
1.1795980686e+003 -1.8325312825e-001 -5.9695150258e-002
3.0691259961e-001 -1.6134786652e-001 -9.3796136497e-001
-7.5173515450e-001 5.6331893033e-001 -3.4287904607e-001
5.8369419536e-001 8.1033243098e-001 5.1598813955e-002
2.2440327893e+000 2.8242672508e+000 8.2670044147e-002
1.1188562690e+003 -2.3419656538e-001 5.3557759344e-002
3.6891033434e-001 -1.0096488592e-001 -9.2396496526e-001
-7.3002777482e-001 5.8381559653e-001 -3.5527284900e-001
5.7529524004e-001 8.0558391311e-001 1.4166843591e-001
2.1919685772e+000 2.8568966394e+000 -1.7689791286e-001
0 0 0
0 0 0
0 0 0
0 0 0
0 0 0
0 0 0
0 0 0
0 0 0
0 0 0
0 0 0
0 0 0
0 0 0
0 0 0
0 0 0
0 0 0
0 0 0
0 0 0
0 0 0
0 0 0
0 0 0
0 0 0
0 0 0
0 0 0
0 0 0
0 0 0
0 0 0
0 0 0
0 0 0
0 0 0
0 0 0
0 0 0
0 0 0
0 0 0
0 0 0
0 0 0
1.3326342420e+000 -1.4385345951e+000 2.9883412406e+000
36 52 23
2 37 1002 -126.2500 16.4900 39 118 -229.2300 61.3700
6.8231612929e-001 -2.6527076057e+000 3.4149329702e+000
208 53 72
3 37 338 62.3400 -499.6000 39 320 -80.1200 -436.2100 36 288 45.8800 -531.0900
8.9548300266e-001 -2.2609996990e+000 3.3033015115e+000
179 121 99
4 37 1106 87.1800 -487.9000 39 719 -61.5300 -427.7600 38 761 5.2300 -482.6000 40 671 -73.5500 -443.0800
1.0276984306e+000 -2.0466355603e+000 3.2449838397e+000
148 21 33
4 37 1498 107.9600 -502.8199 39 1148 -43.6000 -443.3600 38 1398 25.8900 -499.0900 36 1453 92.3200 -532.0200
7.0495918799e-001 -2.7716538402e+000 3.4679897946e+000
181 125 94
3 37 1631 50.8700 -584.3600 39 1313 -84.4000 -516.3300 38 1400 -21.4600 -574.6600
8.4310338539e-001 -2.3832570389e+000 3.3411924375e+000
122 30 39
4 37 342 76.9300 -510.4600 39 326 -69.5800 -447.9399 38 321 -2.8200 -503.6600 36 291 60.4100 -541.2400
4.7762879472e-001 -2.9687909915e+000 3.4976170612e+000
179 120 103
3 37 786 52.3800 -480.2900 39 318 -89.1200 -416.6500 40 275 -99.3800 -429.6899
1.2514771865e+000 -1.5983792618e+000 3.1109348695e+000
78 29 35
3 37 757 230.7000 -383.2400 39 678 73.7700 -345.2500 38 720 147.5900 -390.5200
1.2236834350e+000 -1.7343546548e+000 3.1735839921e+000
60 21 38
2 37 852 203.2800 -568.6100 39 404 50.1800 -521.6100
1.2422022018e+000 -1.6165180788e+000 3.1168094349e+000
166 84 82
7 37 1076 222.5500 -391.9800 39 958 63.5100 -353.7100 40 1091 49.7400 -377.6600 41 961 1.3300 -396.8199 43 846 -39.7000 -333.3700 45 722 -40.1700 -349.1000 48 756 -108.1000 -321.8600
1.2595054983e+000 -1.6498913180e+000 3.1340504632e+000
56 16 24
6 37 832 203.9300 -525.9500 39 978 49.3000 -480.1500 38 1043 122.9900 -530.3600 41 820 -11.3600 -522.5300 42 725 7.3700 -488.2100 43 733 -50.9000 -450.0300
1.2248982917e+000 -1.6402043895e+000 3.1225113779e+000
101 48 49
9 37 1492 210.7700 -389.1400 39 1298 50.7500 -349.1000 40 1433 35.8800 -370.2100 41 1240 -12.6200 -386.6500 42 1154 7.7900 -358.8800 43 1184 -52.0300 -320.7800 45 1016 -52.4800 -335.3800 46 1133 -13.6900 -378.7000 47 1093 -70.0300 -349.5100
1.2602075698e+000 -1.6289849055e+000 3.1256070139e+000
66 29 29
9 37 1705 214.3300 -485.4399 39 1605 59.0900 -442.8500 38 1638 132.8900 -491.2100 40 1552 45.8600 -466.7500 36 1585 197.8700 -508.6500 41 1342 -1.4900 -487.0100 42 1272 17.1100 -455.9900 43 1289 -41.6800 -418.2700 45 1139 -41.2100 -435.3199
1.3344170899e+000 -1.4308578862e+000 2.9873463706e+000
143 146 128
2 37 1599 -112.7800 48.6800 39 1095 -222.7800 93.6200
1.2332809865e+000 -1.6472734099e+000 3.1271215977e+000
73 32 30
12 37 276 207.0300 -429.1500 39 711 47.9000 -387.2800 38 266 122.0400 -435.7000 40 653 33.4400 -411.1300 36 239 189.8800 -453.8600 41 597 -14.9100 -427.9800 42 543 4.5300 -397.4000 43 229 -55.1100 -360.2000 45 190 -55.1200 -375.2800 46 537 -17.7300 -420.3900 47 219 -72.7900 -389.6899 48 167 -121.0700 -343.6100
1.2899227106e+000 -1.5474321864e+000 3.0979782820e+000
126 91 95
4 37 257 260.6100 -403.8900 39 702 113.9400 -371.6100 40 665 104.9900 -397.6500 41 801 61.1800 -419.8500
1.2460052749e+000 -1.5364225627e+000 3.0842437976e+000
178 37 45
15 37 1028 268.3400 -182.5900 39 918 111.5500 -157.8800 38 976 185.3200 -195.2200 40 854 101.8600 -180.6700 41 938 56.3200 -200.0601 42 823 74.9100 -186.1000 43 831 15.8700 -150.8199 45 705 15.5700 -167.1899 46 866 63.4900 -205.9301 47 815 -1.1200 -188.2400 48 733 -58.3900 -147.5601 49 812 -42.8500 -143.8900 50 617 -101.1000 -173.2200 51 670 -80.1400 -150.7800 52 745 -180.5300 -192.3300
1.2460052749e+000 -1.5364225627e+000 3.0842437976e+000
178 37 45
15 37 1029 268.3400 -182.5900 39 917 111.5500 -157.8800 38 975 185.3200 -195.2200 40 853 101.8600 -180.6700 41 937 56.3200 -200.0601 42 824 74.9100 -186.1000 43 830 15.8700 -150.8199 45 706 15.5700 -167.1899 46 865 63.4900 -205.9301 47 814 -1.1200 -188.2400 48 734 -58.3900 -147.5601 49 811 -42.8500 -143.8900 50 616 -101.1000 -173.2200 51 669 -80.1400 -150.7800 52 744 -180.5300 -192.3300
1.3163903885e+000 -1.4781843073e+000 3.0687722385e+000
35 71 98
2 37 1289 293.5600 -283.9200 39 1294 154.0400 -261.8600
1.2941182660e+000 -1.5388516875e+000 3.0952392621e+000
62 40 40
3 37 1080 266.4900 -398.3300 39 960 121.4600 -365.9600 41 965 71.0100 -414.8500
1.2147306126e+000 -1.5598388874e+000 3.0873478681e+000
131 82 67
8 37 1267 252.4000 -141.7800 39 1122 90.3300 -116.3700 40 1068 78.5700 -136.9600 41 1088 29.9000 -153.8400 42 972 50.2500 -140.7200 43 981 -10.8000 -103.8101 45 833 -12.0200 -118.6100 48 726 -85.9700 -94.6899
1.2563876734e+000 -1.5202289305e+000 3.0798631213e+000
178 42 49
16 37 1477 279.6200 -169.8400 39 1437 127.0800 -147.4301 38 1533 199.2600 -184.0000 40 1412 118.8500 -170.2500 36 1210 253.1100 -187.0000 41 1325 74.0800 -190.1600 42 1247 92.9100 -177.1700 43 1276 34.9200 -142.9600 45 1127 34.4000 -159.7900 46 1240 83.3900 -199.2400 47 1198 18.1000 -183.0699 48 1149 -40.7600 -143.0900 49 1248 -26.9900 -140.5800 50 1255 -86.1300 -171.2100 51 1311 -65.8700 -149.0500 52 1236 -169.0200 -192.3199
1.2597779629e+000 -1.5704881030e+000 3.1013715107e+000
179 105 80
15 37 1622 247.9200 -340.1300 39 1600 91.7400 -309.1700 38 1549 165.0300 -352.4900 40 1549 80.5800 -333.2900 36 1445 226.9900 -360.4200 41 1339 34.1600 -353.5100 43 1286 -7.0700 -295.9000 45 1136 -6.6300 -313.0300 46 1258 35.4300 -358.3700 47 1216 -25.2300 -333.3800 48 1170 -78.0200 -290.4100 49 1266 -66.2100 -283.5699 50 1131 -117.5600 -307.5699 51 1184 -97.9500 -280.6200 52 1248 -194.2300 -319.7800
1.2980497096e+000 -1.5530048795e+000 3.1016832928e+000
141 113 99
6 37 1623 254.7800 -458.6000 39 1606 111.1300 -422.3199 41 1410 62.0000 -469.9399 42 1330 79.6200 -443.7400 43 1364 22.5800 -409.9399 45 1196 23.8000 -430.7200
1.2846154183e+000 -1.5997405046e+000 3.1189490695e+000
139 105 95
4 37 1629 229.0600 -515.7400 39 1478 79.0900 -474.8600 41 1248 21.6000 -521.0800 42 1016 37.6100 -488.7900
1.2999731563e+000 -1.5797941629e+000 3.1138669001e+000
75 36 39
12 37 1501 239.7200 -530.9000 39 1479 92.5100 -492.6300 38 1561 163.7400 -540.5699 43 1291 -1.9800 -476.8900 45 1141 -0.9700 -496.6200 46 1260 36.4700 -550.2200 47 1226 -19.1100 -518.6300 48 1177 -69.0800 -475.0200 49 1276 -60.1400 -466.3900 50 1153 -108.4600 -484.6500 51 1207 -92.3900 -454.1100 52 1264 -184.5200 -492.5800
1.2361504302e+000 -1.6100841133e+000 3.1126993530e+000
172 130 80
8 37 1699 224.9600 -356.4800 39 1598 67.0500 -319.3300 40 1547 53.1200 -342.5000 41 1405 5.4100 -360.5200 42 1266 24.0600 -335.7700 43 1285 -36.0400 -298.9200 45 1135 -36.1300 -314.4900 46 1257 4.0200 -358.4200
1.1841307762e+000 -1.7861294893e+000 3.1729232941e+000
42 15 24
7 37 1804 154.3800 -527.2700 39 1689 -0.1400 -471.8400 38 1750 71.8100 -525.7800 40 1646 -14.4700 -490.6500 36 1780 139.4300 -555.3101 41 1449 -60.5300 -504.9000 42 1374 -37.7200 -467.7300
1.2796536128e+000 -1.5481932244e+000 3.0962541910e+000
71 34 30
15 37 238 260.7200 -362.1200 39 681 111.8100 -330.4200 38 703 183.5900 -372.4700 40 635 103.3500 -355.6600 36 204 238.5000 -381.3400 42 523 77.1000 -355.1400 43 512 18.3200 -321.1600 45 601 19.1700 -339.9700 46 745 63.0200 -388.0800 47 499 2.1000 -363.2900 48 433 -52.0800 -321.6100 49 448 -43.0000 -315.2000 50 456 -95.0100 -339.6500 51 486 -77.3000 -313.1400 52 552 -176.1400 -353.0601
1.2855479117e+000 -1.5395101234e+000 3.0941156719e+000
164 85 88
15 37 239 266.5600 -360.7000 39 682 119.0400 -330.8600 40 636 110.3700 -356.1500 36 206 244.7900 -378.5400 41 552 67.2200 -379.0200 42 524 84.4600 -357.7200 43 514 26.5300 -325.0400 45 603 27.6300 -344.1000 46 746 71.8700 -392.7100 47 695 10.5900 -369.2600 48 617 -43.8900 -328.7300 49 673 -32.5600 -323.6700 50 460 -87.3000 -347.8101 51 498 -70.3300 -321.6300 52 554 -167.8000 -363.2800
9.5372538832e-001 -2.2046598015e+000 3.2928990285e+000
123 29 35
4 37 371 89.2300 -526.3300 39 367 -58.1900 -464.9399 38 352 9.1900 -520.6500 36 315 74.7700 -557.5000
1.1872083574e+000 -1.8015814761e+000 3.1953014930e+000
128 83 40
2 37 395 186.3800 -566.7500 39 403 30.5700 -516.6100
1.2511094012e+000 -1.6108034395e+000 3.1161620399e+000
64 22 29
5 37 767 225.5300 -411.5200 39 698 67.2500 -373.0400 40 898 54.0600 -397.2500 36 647 207.2200 -433.2500 42 544 24.8600 -388.2500
1.2765940511e+000 -1.5962126667e+000 3.1155013581e+000
165 116 112
4 37 788 230.9300 -475.7800 39 973 78.9000 -434.9800 38 765 151.6200 -482.9900 40 681 66.5700 -460.1300
-3.4184953967e-001 -4.4976021295e+000 3.9356681033e+000
126 26 31
5 37 802 25.5400 -509.2200 39 317 -107.0900 -441.8000 38 319 -46.0100 -499.2400 40 299 -115.3600 -454.2900 36 696 8.0500 -542.6200
7.7793343678e-001 -2.4616082529e+000 3.3584500116e+000
179 117 103
3 37 805 72.5100 -485.7400 39 319 -72.3400 -424.2400 40 281 -84.1900 -438.9000
9.8439666110e-001 -2.1288094224e+000 3.2687874561e+000
186 52 59
4 37 344 97.5600 -508.3000 39 329 -51.5500 -447.8101 38 322 16.8500 -503.2000 36 702 82.6900 -537.6700
7.9309697918e-001 -2.4995244799e+000 3.3778056006e+000
188 59 70
4 37 826 68.4300 -528.5699 39 362 -74.1400 -464.7800 38 780 -9.6100 -520.9301 36 723 51.6700 -560.4600
1.3100815138e+000 -1.5362749350e+000 3.0978220440e+000
28 15 13
12 37 1100 268.5800 -464.4399 39 1149 128.8500 -432.3000 41 1134 81.7800 -484.6899 42 1011 98.3500 -459.7900 43 1020 41.7300 -427.7000 45 878 43.8900 -449.2800 46 1138 85.8900 -503.9600 47 1099 25.0600 -478.0601 48 1029 -28.1500 -438.1200 49 1129 -20.3100 -432.4301 50 1150 -72.4200 -454.6200 51 1204 -58.3200 -426.4399
3.1085897742e-001 -3.2754739148e+000 3.5861032611e+000
137 25 34
3 37 1103 44.1000 -485.7400 39 971 -93.1800 -422.3400 36 1032 25.8700 -517.5800
1.2146579918e+000 -1.5599018585e+000 3.0873128300e+000
131 82 67
13 37 1266 252.4000 -141.7800 39 1121 90.3300 -116.3700 40 1069 78.5700 -136.9600 41 1087 29.9000 -153.8400 42 971 50.2500 -140.7200 43 980 -10.8000 -103.8101 45 832 -12.0200 -118.6100 46 992 34.8300 -152.6600 47 953 -29.3100 -135.6300 48 725 -85.9700 -94.6899 49 954 -70.1000 -89.4800 51 839 -102.2400 -97.6600 52 903 -203.4900 -137.4800
1.2163305765e+000 -1.7071707041e+000 3.1480234577e+000
112 57 27
4 37 1312 180.2900 -491.3400 39 972 25.3200 -441.1899 38 1038 98.1200 -492.8800 36 1271 163.4500 -517.3900
1.2810589315e+000 -1.5283096013e+000 3.0883709081e+000
18 73 104
6 37 1490 274.5200 -303.4700 39 1459 128.1800 -277.1200 41 1336 78.5500 -325.1700 45 1137 38.5400 -293.5000 48 1165 -36.9900 -278.5400 49 1267 -26.3300 -274.1500
1.2270559147e+000 -1.7385494990e+000 3.1783743675e+000
81 52 56
2 37 1503 206.7300 -586.7400 39 1314 55.5800 -539.5500
1.2263794460e+000 -1.6095972503e+000 3.1106643018e+000
13 74 108
3 37 1798 227.4300 -322.4700 39 1687 66.0300 -284.5200 40 1643 52.2100 -307.0300
1.2851182100e+000 -1.5310067023e+000 3.0900459603e+000
191 117 93
11 37 215 272.4500 -331.3700 39 667 125.1500 -304.5200 41 782 76.3900 -351.4200 43 707 35.6900 -299.2800 45 718 40.9200 -316.5300 46 738 82.3300 -366.4600 47 684 20.5700 -344.0400 48 751 -32.8200 -302.7800 49 670 -23.4600 -298.9301 50 630 -77.6100 -324.5699 52 771 -160.0000 -340.7700
1.2905288097e+000 -1.5244686682e+000 3.0882944281e+000
76 34 42
3 37 216 275.9100 -335.3300 39 216 131.9300 -307.4700 41 202 83.8700 -355.9700
1.2384960621e+000 -1.6175770241e+000 3.1161827253e+000
172 85 84
12 37 232 221.4800 -383.2600 39 675 62.4600 -343.8199 40 623 48.6600 -367.4301 41 565 0.2600 -385.7900 42 508 19.0500 -359.5300 43 502 -40.6900 -321.8199 45 421 -40.8800 -337.4600 46 493 -1.8500 -381.6700 47 485 -59.0900 -353.5400 48 414 -109.5900 -308.9200 49 436 -95.7100 -299.3500 50 158 -143.5400 -320.4000
1.2614833163e+000 -1.5805566417e+000 3.1059545231e+000
71 33 28
7 37 233 241.7800 -376.6200 39 679 86.7600 -341.3700 38 238 160.3500 -385.2100 42 515 46.5500 -361.3000 45 429 -12.8500 -342.6100 46 516 28.2200 -389.0800 47 491 -31.4800 -362.4200
1.2755177831e+000 -1.5577750567e+000 3.0992969891e+000
162 83 81
3 37 234 254.3200 -370.7600 39 683 103.3900 -337.7700 38 702 175.7900 -381.2700
1.2699251550e+000 -1.5696841748e+000 3.1030350170e+000
77 35 33
15 37 235 247.9500 -382.3500 39 234 95.6600 -347.7100 38 245 168.4200 -391.0800 40 633 84.6800 -372.4000 41 576 39.1800 -393.1801 42 521 57.1900 -368.7500 43 509 -2.3400 -333.3700 45 432 -2.1900 -350.7700 46 743 39.9900 -398.6100 47 691 -20.2100 -371.5800 48 430 -72.8000 -328.6400 49 457 -62.3400 -320.7900 50 454 -112.8600 -343.8000 51 189 -94.3100 -316.0300 52 235 -190.1400 -354.3300
1.2198256908e+000 -1.6485944838e+000 3.1249043882e+000
73 20 20
9 37 249 207.2800 -389.5200 39 230 46.0200 -348.1600 40 892 32.2300 -369.9800 41 564 -16.8200 -386.3000 42 179 2.0400 -359.7800 43 501 -57.2700 -321.1300 45 597 -57.4800 -335.9700 46 735 -18.8600 -379.1200 47 476 -74.8300 -349.6300
1.2708270973e+000 -1.5713076775e+000 3.1038984183e+000
162 79 81
3 37 251 245.6500 -388.3900 39 273 93.3800 -354.2000 38 246 166.0600 -398.1200
1.2547049298e+000 -1.6085098740e+000 3.1161168503e+000
127 58 68
8 37 277 226.7700 -420.4600 39 275 69.7200 -381.0200 38 269 143.5900 -427.6000 40 659 56.5500 -405.4000 43 231 -31.7500 -359.8400 45 440 -32.6300 -376.0601 46 540 6.1700 -423.7000 47 507 -51.4200 -393.2100
-9.8487974907e-001 -5.5216444752e+000 4.2094773616e+000
232 73 90
3 37 337 21.4800 -486.9500 39 309 -111.3200 -420.7100 38 289 -50.7200 -476.6801
1.2140051921e+000 -1.5649065619e+000 3.0894740432e+000
187 147 124
12 37 672 250.7000 -155.5699 39 911 88.3300 -127.9301 40 844 76.9700 -149.1899 42 679 47.8900 -153.1000 45 584 -16.1300 -130.1600 46 863 29.4500 -165.4500 47 661 -34.8600 -147.4100 48 592 -91.6700 -105.6700 49 646 -75.4100 -100.4200 50 615 -130.6300 -130.2600 51 664 -106.7800 -107.6801 52 475 -206.8700 -147.0601
1.2140051921e+000 -1.5649065619e+000 3.0894740432e+000
187 147 124
12 37 673 250.7000 -155.5699 39 910 88.3300 -127.9301 40 845 76.9700 -149.1899 42 680 47.8900 -153.1000 45 583 -16.1300 -130.1600 46 862 29.4500 -165.4500 47 660 -34.8600 -147.4100 48 591 -91.6700 -105.6700 49 645 -75.4100 -100.4200 50 614 -130.6300 -130.2600 51 663 -106.7800 -107.6801 52 474 -206.8700 -147.0601
1.2084423778e+000 -1.5726488155e+000 3.0913262440e+000
186 149 125
8 37 674 245.3800 -158.6200 39 624 81.9400 -130.8900 40 564 69.7400 -152.0000 41 758 20.3200 -169.1801 42 443 40.7100 -154.5300 43 684 -20.2800 -117.5400 45 581 -21.0900 -131.5800 46 721 24.8500 -166.5200
1.2085465844e+000 -1.5725638418e+000 3.0912935119e+000
186 149 125
6 37 675 245.3800 -158.6200 39 625 81.9400 -130.8900 40 565 69.7400 -152.0000 42 444 40.7100 -154.5300 45 582 -21.0900 -131.5800 46 722 24.8500 -166.5200
1.2819071214e+000 -1.5086439457e+000 3.0800435639e+000
202 82 77
11 37 697 287.2200 -238.7700 39 930 143.2200 -214.9000 41 942 95.8900 -263.2800 43 835 57.5100 -216.2200 45 714 60.0100 -236.0100 46 1002 109.7700 -280.7900 47 964 45.3300 -263.2300 49 968 0.0900 -222.6700 50 797 -59.0200 -252.3000 51 849 -42.4300 -229.5100 52 911 -144.4600 -273.0400
1.2393181890e+000 -1.6345152261e+000 3.1235841907e+000
147 75 81
7 37 777 213.4400 -424.3300 39 700 55.5200 -383.2600 40 657 41.6000 -406.3400 41 598 -7.7200 -424.0699 43 230 -48.8000 -357.7300 45 191 -48.3200 -372.9399 46 228 -10.9800 -417.7700
1.3087037569e+000 -1.5434181881e+000 3.1004032561e+000
26 22 20
12 37 789 263.7300 -479.1600 39 726 122.6800 -445.7300 41 811 73.9200 -497.7100 42 720 90.5300 -471.2700 43 727 33.5500 -438.6200 45 631 35.6600 -459.5400 46 775 77.3500 -514.0100 47 724 18.4300 -485.9800 48 474 -33.9800 -445.1899 49 502 -26.5100 -438.3101 50 493 -77.7200 -460.2600 51 527 -63.1800 -432.0601
1.1993699697e+000 -1.7584285985e+000 3.1653236096e+000
86 35 44
5 37 831 163.9600 -523.7200 39 744 7.1900 -471.9900 40 916 -8.4000 -494.1700 41 614 -54.4100 -510.0601 42 561 -33.3100 -472.5800
1.2440003736e+000 -1.6831292450e+000 3.1531020497e+000
73 37 41
2 37 834 213.9500 -544.1300 39 394 61.6300 -499.6100
1.3276131038e+000 -1.4721715564e+000 3.0673694223e+000
76 52 65
2 37 1297 294.4100 -320.0800 39 1464 158.0700 -297.0200
1.2088376370e+000 -1.7535549884e+000 3.1752501721e+000
150 98 51
2 37 1316 189.2700 -552.5300 39 1152 34.8400 -504.0699
1.2631676988e+000 -1.5070751244e+000 3.0754842804e+000
168 155 121
4 37 1473 287.9400 -153.0500 39 1439 139.2800 -129.3500 38 1531 210.2500 -165.2000 40 1409 133.4800 -151.8600
1.2631676988e+000 -1.5070751244e+000 3.0754842804e+000
168 155 121
4 37 1474 287.9400 -153.0500 39 1440 139.2800 -129.3500 38 1532 210.2500 -165.2000 40 1410 133.4800 -151.8600
1.3235454237e+000 -1.4611286881e+000 3.0608461444e+000
19 72 104
2 37 1485 298.5900 -246.9800 39 1445 164.1600 -223.2300
1.2346964837e+000 -1.4026160937e+000 3.1120932830e+000
156 53 49
2 38 39 -195.0800 242.5000 36 509 -168.7400 221.2600
1.2359728191e+000 -1.4854948512e+000 3.0673723250e+000
29 37 9
2 38 95 185.6300 20.9100 36 91 244.2600 19.1100
1.2370773084e+000 -1.5265131289e+000 3.0780484268e+000
197 135 117
6 38 112 189.8400 -126.4600 41 505 61.4600 -131.8700 42 438 80.9000 -121.2900 43 456 22.0100 -85.3600 46 447 71.8400 -135.8900 47 96 5.9400 -119.9700
1.2532522128e+000 -1.5929242703e+000 3.1084612450e+000
179 97 81
9 38 206 154.8300 -382.8199 40 629 68.5600 -362.1600 41 546 21.2900 -382.1000 42 514 39.7400 -357.5000 43 503 -20.2000 -321.2700 45 426 -20.3200 -337.6200 46 494 20.5600 -383.8199 47 489 -38.3900 -356.7100 49 438 -77.7500 -304.5400
1.2149088161e+000 -1.6649508128e+000 3.1251460207e+000
96 44 42
2 38 233 131.3500 -402.8101 41 214 -5.5000 -397.4800
1.2275424533e+000 -1.4005936593e+000 3.1119201460e+000
165 55 57
2 38 518 -202.6100 278.0901 36 850 -178.9900 258.8301
1.2331695101e+000 -1.4529298821e+000 3.0486221173e+000
63 99 101
3 38 564 230.8000 184.6100 40 520 162.5500 193.2900 41 81 122.8600 174.2500
1.2354343204e+000 -1.5483994734e+000 3.0920468266e+000
179 157 130
2 38 974 149.3400 -194.5900 36 567 215.5600 -202.8101
1.2272380870e+000 -1.7117092079e+000 3.1494930010e+000
150 106 57
3 38 1703 105.3300 -531.5699 40 1606 17.2200 -500.5900 41 1412 -29.4400 -516.4600
1.1954199142e+000 -1.4654269412e+000 3.0508164405e+000
134 57 45
9 40 39 112.7900 259.6500 42 35 86.5500 236.5801 43 413 26.8400 278.0701 45 332 24.8900 267.7000 46 394 86.7900 260.3000 47 396 13.3700 257.9900 50 372 -95.7300 242.7000 51 53 -66.5000 252.4700 52 42 -177.5200 209.2300
1.2371278401e+000 -1.4792660727e+000 3.0623651081e+000
127 145 51
3 40 143 128.5300 57.0400 41 103 83.4500 39.4200 43 85 46.6900 77.6400
1.2371278401e+000 -1.4792660727e+000 3.0623651081e+000
127 145 51
3 40 144 128.5300 57.0400 41 102 83.4500 39.4200 43 84 46.6900 77.6400
1.3334114171e+000 -1.4100968291e+000 3.0559091073e+000
191 138 114
2 40 158 268.8400 -94.5000 41 122 245.9500 -122.1899
1.2262042492e+000 -1.5388912801e+000 3.0814434837e+000
189 139 122
2 40 161 94.1000 -113.2900 42 102 66.0700 -121.1500
1.2812608497e+000 -1.5019704528e+000 3.0777911793e+000
226 148 121
5 40 177 140.5700 -215.8500 42 128 118.0200 -225.7300 43 145 61.3900 -192.9700 46 129 114.6100 -255.1100 48 378 -9.1400 -201.4399
1.2830246839e+000 -1.5010976688e+000 3.0772412121e+000
146 32 37
2 40 178 144.3700 -220.1600 42 130 122.4000 -229.7800
1.2988104302e+000 -1.4749028853e+000 3.0708870054e+000
225 141 103
3 40 179 173.1200 -200.4100 41 145 136.2300 -224.3300 42 120 155.4500 -214.4500
1.3106245869e+000 -1.4585713117e+000 3.0665446573e+000
233 132 103
5 40 183 200.4800 -194.5500 41 147 167.3800 -220.3900 43 137 135.6000 -183.0900 47 138 134.4500 -240.6300 48 115 74.4000 -207.0300
1.3140628841e+000 -1.4534000534e+000 3.0667532866e+000
233 132 103
2 40 184 200.4800 -194.5500 41 146 167.3800 -220.3900
1.2948159612e+000 -1.4879235247e+000 3.0749902384e+000
159 47 51
2 40 189 158.9600 -230.3700 42 131 139.6200 -241.6500
1.2836534695e+000 -1.5176243188e+000 3.0842705391e+000
32 60 70
10 40 195 129.0900 -280.9500 41 184 86.9300 -302.9600 42 143 105.6200 -285.5699 43 153 48.4700 -253.3199 45 143 50.6000 -272.7700 46 474 98.2600 -318.7000 47 462 35.0400 -298.6400 48 130 -20.8000 -260.0500 50 150 -67.1200 -284.3000 51 156 -49.9000 -260.6300
1.2957135396e+000 -1.4988792176e+000 3.0785300147e+000
47 74 91
2 40 199 153.6300 -273.2800 42 482 133.6800 -281.5300
1.2959407156e+000 -1.4985302662e+000 3.0784400503e+000
47 74 91
6 40 200 153.6300 -273.2800 41 189 114.9300 -297.4200 42 483 133.6800 -281.5300 43 479 78.3300 -250.6500 45 412 81.5500 -271.2100 46 477 132.7900 -318.8600
1.3028641993e+000 -1.4849849539e+000 3.0750280357e+000
138 174 194
7 40 201 168.0000 -259.9100 41 170 131.1600 -284.5200 42 146 149.9800 -271.4399 43 158 95.6700 -241.1400 46 157 152.7100 -310.2100 47 158 88.0500 -294.3600 48 132 30.0200 -258.6000
1.3033365032e+000 -1.4842120727e+000 3.0749887062e+000
138 174 194
4 40 202 168.0000 -259.9100 41 171 131.1600 -284.5200 42 145 149.9800 -271.4399 43 159 95.6700 -241.1400
1.3401603775e+000 -1.4309524719e+000 3.0648007096e+000
163 48 53
2 40 204 242.9500 -257.0400 41 177 218.3900 -287.1500
1.2611344938e+000 -1.5762483694e+000 3.1034969139e+000
85 33 25
12 40 242 79.7900 -352.5100 41 544 34.2300 -372.8900 42 499 51.3200 -349.2400 43 491 -7.9100 -313.6801 45 425 -7.9100 -330.8800 46 498 33.6800 -376.6300 47 479 -26.1700 -350.9800 48 416 -79.3700 -307.6700 49 440 -67.6900 -299.8300 50 184 -118.4200 -323.6801 51 182 -99.5000 -296.2600 52 204 -195.2700 -334.9900
1.3081266467e+000 -1.5633217210e+000 3.1082460496e+000
71 37 35
2 40 366 96.6700 -518.4900 41 313 54.7800 -542.0300
1.2333996347e+000 -1.4323857040e+000 3.0479974516e+000
174 38 39
2 40 500 140.8300 280.4199 42 373 120.9600 255.5400
1.1850717827e+000 -1.4992599723e+000 3.0603129163e+000
71 108 100
3 40 526 95.2200 160.0801 41 473 44.6800 144.3700 42 423 66.7500 141.1699
1.3071535159e+000 -1.4659169980e+000 3.0687006160e+000
147 33 38
11 40 585 191.3800 -206.2700 41 523 157.1800 -231.7900 42 465 176.0300 -222.4100 43 696 121.9300 -193.7400 45 587 126.3700 -215.7100 47 670 118.8500 -249.1200 48 600 58.7100 -215.2900 49 655 70.3800 -217.3600 50 623 6.7300 -251.2300 51 466 20.6800 -231.9399 52 522 -86.2100 -279.2700
1.3350554737e+000 -1.4446857698e+000 3.0661484536e+000
143 30 40
5 40 593 236.9800 -280.6100 42 696 231.0700 -302.4301 43 702 181.9700 -277.8700 46 741 253.7500 -358.7100 47 685 188.7300 -347.5601
1.2669334745e+000 -1.5458493538e+000 3.0918132907e+000
33 62 81
4 40 603 103.3800 -292.8300 41 533 58.7000 -314.2000 42 492 77.1900 -294.5400 45 407 18.9800 -278.7800
1.2683397121e+000 -1.5434203013e+000 3.0917509239e+000
33 62 81
10 40 604 103.3800 -292.8300 41 534 58.7000 -314.2000 42 493 77.1900 -294.5400 45 408 18.9800 -278.7800 46 733 64.2600 -323.2500 47 680 1.9800 -301.3300 48 399 -53.1700 -260.4301 49 414 -41.1900 -255.0800 50 433 -95.6600 -281.2100 51 463 -77.0900 -256.2700
1.2532686624e+000 -1.5891923626e+000 3.1074111008e+000
98 39 43
12 40 624 66.2400 -355.9301 41 787 21.4700 -374.2100 42 498 40.6700 -349.5100 43 490 -19.4800 -313.6600 45 424 -19.0000 -330.2200 46 497 21.9200 -375.8400 47 478 -37.8200 -349.2400 48 607 -91.8100 -305.3300 49 437 -78.5600 -297.1400 50 438 -128.6000 -319.7300 51 480 -108.7500 -291.8900 52 203 -203.7800 -330.0900
1.1650685647e+000 -1.4956302530e+000 3.0540985081e+000
171 43 39
4 40 798 94.4600 234.0000 42 660 65.3000 213.2400 43 659 3.9900 254.7400 46 839 59.8600 236.0901
1.3306832890e+000 -1.4111784214e+000 3.0552420163e+000
183 150 118
2 40 833 267.3800 -81.8800 42 818 269.4200 -108.3400
1.2375635554e+000 -1.5259867145e+000 3.0781743156e+000
179 150 120
9 40 837 107.0800 -114.5400 41 751 61.0200 -132.9301 42 437 80.9000 -121.2900 43 455 22.0100 -85.3600 46 448 71.8400 -135.8900 48 584 -53.3000 -82.4900 49 640 -38.2400 -80.1200 51 444 -74.9700 -90.6300 52 477 -178.1700 -132.9700
1.2226827432e+000 -1.5501079407e+000 3.0850336690e+000
178 153 126
6 40 843 87.2800 -135.7700 41 753 39.0600 -153.0800 42 442 57.7400 -140.8500 43 683 -1.6900 -104.1700 46 714 44.8300 -154.0200 47 663 -20.1500 -137.4399
1.2658564181e+000 -1.5087776574e+000 3.0766867625e+000
154 35 41
3 40 852 131.4600 -169.5900 41 760 88.3900 -190.7800 42 682 107.5200 -179.0500
1.3043082023e+000 -1.4682236413e+000 3.0698830579e+000
150 31 35
3 40 856 180.5800 -203.8400 41 767 144.9600 -226.6801 43 832 110.8400 -189.2600
1.3258055461e+000 -1.4209079026e+000 3.0554976712e+000
166 117 100
12 40 1064 261.6200 -99.2300 41 929 237.4600 -126.3500 42 966 261.2600 -125.3700 43 985 215.7000 -98.8000 45 838 227.5000 -122.9100 46 1114 297.7800 -167.0300 47 960 231.2800 -163.4100 48 875 169.8100 -136.1700 49 1107 182.6000 -145.5900 50 1121 112.7700 -187.0699 51 1014 123.7300 -174.0800 52 1243 10.1000 -228.0699
1.3261816722e+000 -1.4203405869e+000 3.0555918714e+000
166 117 100
9 40 1065 261.6200 -99.2300 41 930 237.4600 -126.3500 42 967 261.2600 -125.3700 43 986 215.7000 -98.8000 45 839 227.5000 -122.9100 46 1115 297.7800 -167.0300 47 961 231.2800 -163.4100 48 876 169.8100 -136.1700 51 1015 123.7300 -174.0800
1.2939072586e+000 -1.5012703349e+000 3.0799376748e+000
141 164 173
12 40 1082 147.0300 -274.4200 41 945 107.1900 -297.6801 42 827 125.8500 -282.5601 43 997 70.0200 -251.2600 45 852 73.0300 -271.5601 46 1004 123.0400 -318.6100 47 968 58.9900 -300.4000 48 886 1.8900 -262.3500 49 971 12.5300 -260.9500 50 971 -45.3100 -289.5800 51 1028 -29.9000 -266.8700 52 1083 -132.4700 -311.2700
1.2934148938e+000 -1.5021836302e+000 3.0799634073e+000
141 164 173
6 40 1083 147.0300 -274.4200 42 828 125.8500 -282.5601 45 853 73.0300 -271.5601 46 1005 123.0400 -318.6100 47 969 58.9900 -300.4000 49 972 12.5300 -260.9500
1.2779205192e+000 -1.4906322517e+000 3.0715231203e+000
183 36 37
3 40 1254 154.3400 -156.8101 42 978 132.9200 -168.4700 45 992 79.0700 -154.3000
1.2922997473e+000 -1.5325029783e+000 3.0912877258e+000
89 44 44
2 40 1274 122.8300 -364.4200 42 1000 98.4700 -366.9600
1.2922997473e+000 -1.5325029783e+000 3.0912877258e+000
89 44 44
2 40 1275 122.8300 -364.4200 42 1001 98.4700 -366.9600
1.2208985876e+000 -1.4713697093e+000 3.0565643516e+000
167 159 66
10 40 1376 124.7400 151.2100 41 1193 78.4400 134.6599 42 1091 100.6100 131.4500 43 1119 42.3000 170.0100 46 1179 101.7400 140.1500 47 1136 30.1000 142.4700 48 1080 -33.1600 177.1799 49 1188 -12.7600 176.0000 51 1124 -51.9600 145.8500 52 1180 -162.1900 102.0701
1.2477667264e+000 -1.4588592985e+000 3.0578824578e+000
37 60 35
12 40 1379 143.3200 101.6400 41 1199 100.3300 83.9399 42 1098 122.2800 82.3000 43 1129 65.6300 118.7800 45 1075 65.3100 103.0701 46 1187 127.6500 82.1300 47 1153 56.1300 85.3000 48 1097 -7.8200 119.0601 49 1205 11.5100 117.5400 50 1223 -56.1900 75.5200 51 1134 -30.9800 89.6599 52 1324 -144.1800 43.2800
1.2477667264e+000 -1.4588592985e+000 3.0578824578e+000
37 60 35
12 40 1380 143.3200 101.6400 41 1200 100.3300 83.9399 42 1099 122.2800 82.3000 43 1130 65.6300 118.7800 45 1074 65.3100 103.0701 46 1188 127.6500 82.1300 47 1152 56.1300 85.3000 48 1096 -7.8200 119.0601 49 1204 11.5100 117.5400 50 1222 -56.1900 75.5200 51 1135 -30.9800 89.6599 52 1325 -144.1800 43.2800
1.1452256710e+000 -1.5704865327e+000 3.0789049814e+000
174 163 61
6 40 1391 55.5200 44.7100 41 1204 1.8900 29.8500 42 1101 23.6400 34.5700 43 1133 -38.9500 74.6699 47 1158 -59.4500 51.5500 48 979 -116.9400 91.9000
1.2705190960e+000 -1.4496956973e+000 3.0571187855e+000
177 162 80
11 40 1393 173.3300 49.3600 41 1207 134.1500 29.5200 42 1108 155.7100 28.9300 43 1141 101.4100 63.3400 45 968 104.2300 47.1300 46 1202 167.0600 19.1200 47 1169 96.5000 23.8200 49 1085 49.6900 54.2700 50 1089 -17.8500 13.6100 51 1146 2.0800 27.1900 52 1205 -108.9900 -19.2600
1.2466788439e+000 -1.4547122244e+000 3.0555247180e+000
174 160 99
12 40 1503 146.1400 124.6100 41 1291 103.9100 107.7800 42 1205 126.9000 105.0000 43 1239 70.9900 142.2700 45 1077 71.6500 128.8301 46 1298 135.9600 108.5200 47 1148 63.9800 111.0901 48 1090 0.0000 144.9000 49 1199 20.1200 143.0000 50 1214 -48.5100 100.5500 51 1277 -24.6900 112.8600 52 1318 -136.5100 67.8201
1.1753038380e+000 -1.5458962125e+000 3.0748149190e+000
29 60 37
7 40 1523 75.2700 33.8400 41 1384 24.7600 17.6700 42 1224 43.8700 21.0800 43 1343 -17.6000 60.5500 45 1178 -21.3900 47.7200 46 1315 30.1200 25.0900 47 1261 -37.5800 34.4000
1.1660278275e+000 -1.5564234922e+000 3.0743345796e+000
29 60 37
12 40 1524 75.2700 33.8400 41 1385 24.7600 17.6700 42 1225 43.8700 21.0800 43 1344 -17.6000 60.5500 45 1179 -21.3900 47.7200 46 1314 30.1200 25.0900 47 1260 -37.5800 34.4000 48 1219 -94.8700 74.1899 49 1322 -73.8600 77.5000 50 1311 -129.7600 41.0400 51 1374 -102.1600 58.2100 52 1404 -204.4000 17.6500
1.2815621861e+000 -1.4505852328e+000 3.0614488629e+000
34 58 35
3 40 1527 168.4800 -12.6500 41 1392 130.2700 -33.7000 42 1230 152.6300 -31.4400
1.2562902310e+000 -1.5204497414e+000 3.0798185459e+000
180 40 47
10 40 1539 119.0900 -169.4800 41 1326 74.0800 -190.1600 42 1248 92.9100 -177.1700 43 1275 34.9200 -142.9600 45 1126 34.4000 -159.7900 47 1199 18.1000 -183.0699 48 1150 -40.7600 -143.0900 49 1249 -26.9900 -140.5800 50 1256 -86.1300 -171.2100 51 1312 -65.8700 -149.0500
1.2935632218e+000 -1.4421755826e+000 3.0576399066e+000
173 157 124
2 40 1639 204.7400 -24.5200 42 1366 189.8600 -47.1600
1.3052975426e+000 -1.4303201866e+000 3.0534829893e+000
173 157 124
10 40 1669 237.8600 -22.8100 41 1462 210.0000 -45.4300 42 1387 234.4300 -45.5200 43 1410 186.6500 -15.8700 45 1248 190.7900 -35.0900 46 1414 262.6200 -72.6100 47 1341 189.8000 -68.0200 48 1328 125.0900 -36.6300 49 1421 140.0100 -43.5300 51 1471 81.2800 -71.7900
1.1946860279e+000 -1.5891820863e+000 3.0958139918e+000
190 155 125
2 40 1670 57.2200 -152.3199 42 1389 27.4200 -154.0500
1.1777403546e+000 -1.4840990909e+000 3.0533970004e+000
224 139 108
10 41 49 49.4900 224.1500 42 63 72.0600 217.8401 43 38 11.5000 258.6100 45 51 8.8100 248.4099 46 411 68.3700 240.2300 47 71 -4.3700 239.0601 48 343 -67.6200 273.3800 50 46 -110.5100 226.3900 51 55 -81.0900 237.9299 52 40 -190.7400 195.1000
1.2060373720e+000 -1.4610000676e+000 3.0517676227e+000
221 138 110
3 41 57 68.8200 228.8700 42 65 91.9300 221.2000 43 40 32.7700 262.1400
1.2889196129e+000 -1.4870752805e+000 3.0734132822e+000
215 144 112
7 41 141 117.8600 -220.9301 42 119 137.3400 -209.7600 43 129 81.9400 -177.9600 45 112 84.8700 -197.9200 46 132 138.3100 -241.5400 47 117 72.5700 -226.4700 48 91 13.7100 -190.1000
1.2864628960e+000 -1.4942842791e+000 3.0750188312e+000
120 30 28
6 41 159 113.0600 -235.4000 42 117 131.9500 -221.6400 43 467 76.1400 -189.4600 46 459 131.6700 -253.4700 47 451 66.3800 -238.2300 48 383 7.7900 -200.0400
1.2864628960e+000 -1.4942842791e+000 3.0750188312e+000
120 30 28
6 41 160 113.0600 -235.4000 42 118 131.9500 -221.6400 43 468 76.1400 -189.4600 46 458 131.6700 -253.4700 47 450 66.3800 -238.2300 48 382 7.7900 -200.0400
1.3187197854e+000 -1.4500073311e+000 3.0665773038e+000
222 87 83
2 41 162 174.5200 -234.0500 42 132 195.2900 -226.6400
1.2899144764e+000 -1.5085622948e+000 3.0821302625e+000
35 64 81
10 41 185 97.4700 -304.0601 42 144 115.8700 -287.5699 43 155 59.7900 -255.4000 45 409 61.9700 -274.6801 46 488 111.0100 -321.8199 47 464 47.6400 -302.6600 48 400 -9.2000 -263.5000 49 155 2.0900 -262.7100 50 161 -55.6000 -290.8300 51 160 -39.5300 -266.7600
1.2456783804e+000 -1.4254737052e+000 3.0470137374e+000
162 36 45
4 41 434 116.1900 256.2500 42 388 140.2500 245.9900 43 422 84.7200 285.1300 45 338 86.2500 274.2700
1.2506990387e+000 -1.4212488782e+000 3.0478384899e+000
162 36 45
9 41 435 116.1900 256.2500 42 389 140.2500 245.9900 43 423 84.7200 285.1300 45 339 86.2500 274.2700 46 676 155.1200 264.6200 47 624 80.6200 260.7700 49 347 37.2100 288.8101 50 583 -34.6800 238.4600 51 633 -8.6400 245.1899
1.2098376177e+000 -1.4593454735e+000 3.0513514547e+000
170 38 46
9 41 446 74.3500 223.8600 42 403 96.8300 216.5300 43 418 38.2100 256.8301 45 359 37.6300 245.8000 46 416 99.8100 236.0901 48 350 -37.4900 268.2800 50 394 -83.4000 219.9099 51 403 -54.6100 230.0601 52 444 -167.3300 186.6100
1.2458132968e+000 -1.4275428386e+000 3.0474632699e+000
153 40 40
9 41 451 115.5000 243.3600 42 390 139.6500 235.4800 43 420 84.0600 273.7700 45 555 85.9300 263.0701 46 692 154.4000 254.1599 47 639 80.5600 250.5901 48 568 14.7100 282.5601 49 618 37.5200 278.4600 50 586 -34.1700 230.0901
1.3115254968e+000 -1.4591336727e+000 3.0662643654e+000
146 25 36
2 41 525 171.5700 -226.1200 42 466 191.0300 -218.2900
1.2542919735e+000 -1.4227736157e+000 3.0476259171e+000
169 34 41
11 41 727 125.2500 235.1699 42 657 149.2100 226.2300 43 655 94.6200 264.8301 45 564 97.0000 253.1899 46 843 166.5200 242.9399 47 642 92.1200 238.9900 48 569 26.3800 270.5801 49 620 48.1600 265.7000 50 598 -23.7600 217.7800 51 637 1.5500 226.3401 52 719 -113.2100 180.3201
1.3068865069e+000 -1.4625505937e+000 3.0671959025e+000
158 32 43
10 41 761 159.6300 -216.9900 42 685 179.5900 -208.0400 43 694 127.5300 -178.1600 45 712 133.1600 -199.2000 46 873 191.1200 -245.0400 47 824 125.1000 -233.0000 48 741 65.3100 -199.3000 49 823 76.8800 -202.4000 50 799 12.7500 -236.4399 52 760 -80.6700 -267.0601
1.3067687102e+000 -1.4689332522e+000 3.0699871347e+000
222 89 88
10 41 768 149.6200 -243.6600 42 690 169.6000 -233.5500 43 698 116.5600 -203.6100 45 589 121.9600 -225.4301 46 730 177.9500 -272.1700 47 674 112.1500 -258.7800 48 601 53.6200 -224.5000 49 828 63.8900 -226.7300 50 625 1.6600 -259.6400 51 683 15.8800 -240.1700
1.3062320721e+000 -1.4698765814e+000 3.0699197710e+000
222 89 88
7 41 769 149.6200 -243.6600 42 691 169.6000 -233.5500 43 697 116.5600 -203.6100 45 590 121.9600 -225.4301 46 729 177.9500 -272.1700 47 675 112.1500 -258.7800 48 602 53.6200 -224.5000
1.2325800678e+000 -1.4817115374e+000 3.0613509149e+000
168 152 45
10 41 1077 82.6000 49.6300 42 956 104.3300 50.1700 43 967 46.4700 87.2200 45 964 46.5600 73.2800 46 1102 104.8300 49.2800 47 1064 35.2400 55.3000 48 981 -26.6800 91.3000 49 1079 -7.7900 91.0100 51 1000 -48.5600 65.9399 52 1053 -156.0500 22.2200
1.2468296705e+000 -1.4697148231e+000 3.0608153851e+000
32 56 29
11 41 1078 95.6000 41.5600 42 957 116.8800 41.2100 43 968 60.0200 78.0701 45 827 60.3500 62.2000 46 1103 119.5900 37.0500 47 1065 49.0800 42.1700 48 982 -13.1700 77.6899 49 1080 4.8200 76.5200 50 1084 -60.9500 36.5900 51 1141 -37.6100 51.3100 52 1198 -146.9200 6.9600
1.1986190198e+000 -1.5459458954e+000 3.0776121910e+000
162 150 87
