# Bundle file v0.3
60 2918
0 0 0
0 0 0
0 0 0
0 0 0
0 0 0
1.6489633538e+003 9.3096849280e-002 -2.8060465904e-002
9.9992371835e-001 3.4041723597e-003 -1.1873040729e-002
-3.2564306674e-003 9.9991730925e-001 1.2440671941e-002
1.1914409130e-002 -1.2401059212e-002 9.9985211936e-001
-1.5635919752e-001 9.3723391264e-002 2.4557977546e+000
1.6355160523e+003 6.1518009155e-002 -3.1885999550e-002
9.9598984392e-001 8.9046986600e-002 8.6524560026e-003
-8.8446253881e-002 9.9458071084e-001 -5.4648602970e-002
-1.3471859258e-002 5.3664176222e-002 9.9846815933e-001
-9.5981753514e-003 -2.4316161514e-001 2.6351715563e+000
1.6363103886e+003 6.3246929896e-002 -1.3520416436e-002
9.8815054474e-001 1.5320027672e-001 9.3902153088e-003
-1.5017047436e-001 9.7763345741e-001 -1.4724690685e-001
-3.1738455534e-002 1.4409197813e-001 9.8905519173e-001
3.1335458605e-002 -8.7719949173e-001 2.5695381059e+000
1.6426643865e+003 9.4079073782e-002 -1.5016918681e-001
9.7791630874e-001 2.0884339224e-001 8.0081596441e-003
-2.0203979956e-001 9.5447332665e-001 -2.1945520750e-001
-5.3475344756e-002 2.1299085949e-001 9.7558970950e-001
-5.0705174013e-003 -1.3986976568e+000 2.3360228252e+000
1.6423139857e+003 9.6401523420e-002 -1.6124834616e-001
9.6213942717e-001 2.7228025235e-001 -1.2295806597e-002
-2.6437723191e-001 9.2134215419e-001 -2.8501458586e-001
-6.6275198423e-002 2.7747450169e-001 9.5844431189e-001
-6.4898843787e-002 -1.6712325380e+000 1.9996415450e+000
1.6372250048e+003 7.3467018090e-002 -1.0346310850e-001
9.4706963523e-001 3.2097587801e-001 -5.7958399687e-003
-3.0570274112e-001 8.9619920178e-001 -3.2151644562e-001
-9.8004796273e-002 3.0627026704e-001 9.4688625686e-001
-8.6679728354e-002 -2.2815966133e+000 1.9152102687e+000
1.6483519935e+003 6.9580360509e-002 -1.1838116046e-001
9.1157814645e-001 4.0801062779e-001 -5.0523366164e-002
-3.8614133418e-001 8.0750120593e-001 -4.4591105892e-001
-1.4113877198e-001 4.2599193659e-001 8.9365022073e-001
-3.2411724901e-001 -2.9300479482e+000 1.5728120718e+000
1.6234359216e+003 3.5882434078e-002 -2.3641998037e-002
8.9483350698e-001 4.4320790064e-001 -5.3289319695e-002
-4.1123645127e-001 7.7201162478e-001 -4.8464691514e-001
-1.7365936753e-001 4.5559280944e-001 8.7308511387e-001
-4.9434588858e-001 -3.4743368229e+000 1.5429535451e+000
1.6652144889e+003 9.8696745946e-002 -2.0863775777e-001
8.6673168784e-001 4.8910905211e-001 -9.7716510554e-002
-4.4128437109e-001 6.6065602383e-001 -6.0729047582e-001
-2.3247426765e-001 5.6947866802e-001 7.8844769107e-001
-6.4638351066e-001 -4.0925700368e+000 7.6062215887e-001
1.6540687329e+003 6.6099181967e-002 -1.2562685198e-001
8.1188771719e-001 5.7459051160e-001 -1.0336381701e-001
-4.8696619588e-001 5.6884769605e-001 -6.6277916592e-001
-3.2202835085e-001 5.8843694878e-001 7.4164661299e-001
-8.3813484983e-001 -4.5963568542e+000 6.5186375815e-001
0 0 0
0 0 0
0 0 0
0 0 0
0 0 0
1.6534690701e+003 6.5379469516e-002 -1.0470954308e-001
7.8518016921e-001 6.0030105033e-001 -1.5208797076e-001
-5.1160342862e-001 4.9042205558e-001 -7.0551267828e-001
-3.4893270654e-001 6.3176329141e-001 6.9218574814e-001
-1.0144737481e+000 -4.7160998288e+000 3.0344460369e-001
1.6530469021e+003 5.0851639371e-002 -5.9638054184e-002
7.3388776883e-001 6.4405305073e-001 -2.1588054709e-001
-5.4932366629e-001 3.7577626819e-001 -7.4634824708e-001
-3.9956507908e-001 6.6632414343e-001 6.2957119015e-001
-1.3141809686e+000 -5.0748305342e+000 -3.1684312306e-002
1.6427566657e+003 3.8024641236e-002 -6.2173087535e-003
7.0578519721e-001 6.6164539726e-001 -2.5316521028e-001
-5.6214417613e-001 3.0559116119e-001 -7.6851022598e-001
-4.3111620318e-001 6.8471848996e-001 5.8762182470e-001
-1.5825604518e+000 -5.1207676155e+000 -4.2439783104e-001
1.6543311322e+003 5.6173525538e-002 -1.3790537968e-001
6.6081156505e-001 6.9263621211e-001 -2.8910751143e-001
-5.6686834469e-001 2.0811694345e-001 -7.9708695739e-001
-4.9192311928e-001 6.9061017623e-001 5.3015962615e-001
-1.9166326576e+000 -5.4589816760e+000 -9.1350392241e-001
1.6492767567e+003 4.7136458890e-002 -1.1694047628e-001
6.2359523358e-001 7.0369830817e-001 -3.4049621987e-001
-5.6058034179e-001 9.8949284113e-002 -8.2216708738e-001
-5.4486573122e-001 7.0357496421e-001 4.5618374005e-001
-2.2091541409e+000 -5.6034621750e+000 -1.3502470352e+000
1.6362683316e+003 3.5585679162e-002 -4.5229769475e-002
5.7578556108e-001 7.1230762059e-001 -4.0135874390e-001
-5.7902694508e-001 8.6798754695e-003 -8.1526220116e-001
-5.7723373474e-001 7.0181373128e-001 4.1744305247e-001
-2.5482490137e+000 -5.6414406526e+000 -1.5541369941e+000
1.6462670880e+003 3.8682743722e-002 -7.1742331468e-002
5.2833595403e-001 7.2061893699e-001 -4.4896488430e-001
-5.4418918999e-001 -1.1847504831e-001 -8.3055510860e-001
-6.5170487583e-001 6.8313396239e-001 3.2955840794e-001
-2.9903236829e+000 -5.7514804269e+000 -2.0967283696e+000
1.6517368550e+003 3.7628858486e-002 -7.4855059535e-002
5.0116421994e-001 7.1444225421e-001 -4.8826907545e-001
-5.2800097852e-001 -1.9457668842e-001 -8.2665281648e-001
-6.8560148142e-001 6.7209536356e-001 2.7971133505e-001
-3.1916226665e+000 -5.4839436829e+000 -2.5355459183e+000
1.6454425359e+003 5.3220759302e-002 -1.4043901519e-001
4.6403082384e-001 6.9415975412e-001 -5.5028867905e-001
-4.8135377792e-001 -3.2390115240e-001 -8.1448547191e-001
-7.4362217221e-001 6.4282989914e-001 1.8383630153e-001
-3.5272057342e+000 -5.6598332697e+000 -3.3225214988e+000
1.6099298990e+003 1.4517210195e-002 3.0176569531e-003
4.1250106076e-001 6.8374367425e-001 -6.0194473401e-001
-4.3275519196e-001 -4.3437583070e-001 -7.8996239248e-001
-8.0160203262e-001 5.8635503377e-001 1.1671313407e-001
-3.8650845116e+000 -5.3906826225e+000 -3.5620905275e+000
0 0 0
0 0 0
0 0 0
0 0 0
0 0 0
1.6519144210e+003 2.1880791907e-002 -1.3023655235e-001
3.6348263799e-001 6.7549100980e-001 -6.4155457099e-001
-4.0311431801e-001 -5.0680390743e-001 -7.6200304857e-001
-8.3986857215e-001 5.3559471160e-001 8.8085676525e-002
-4.4422973327e+000 -5.2805177423e+000 -3.9026925029e+000
1.6240753759e+003 2.9550355029e-002 -1.2680893762e-001
3.3413827742e-001 6.4419627825e-001 -6.8801363842e-001
-3.3730170604e-001 -5.9989493498e-001 -7.2550232672e-001
-8.8010179562e-001 4.7448627174e-001 1.6840643472e-002
-4.7782167836e+000 -4.8010409539e+000 -3.9379974914e+000
1.6841393127e+003 5.3854095137e-002 -6.4940139195e-002
2.8790874961e-001 6.2498812642e-001 -7.2560209050e-001
-3.0634075956e-001 -6.5776748843e-001 -6.8811137921e-001
-9.0733890632e-001 4.2039478233e-001 2.0823222340e-003
-5.1590972011e+000 -4.3807627793e+000 -3.9173027472e+000
1.6569279594e+003 4.3483748267e-002 3.4947988009e-002
2.6415767940e-001 5.7077085979e-001 -7.7745825999e-001
-2.7890613408e-001 -7.2644497406e-001 -6.2808364732e-001
-9.2327248891e-001 3.8275099645e-001 -3.2704524605e-002
-5.4319302364e+000 -4.3128024346e+000 -4.3335677488e+000
1.6531015369e+003 6.8864049745e-002 -2.9333548038e-002
2.4569098552e-001 5.3669591001e-001 -8.0721337935e-001
-2.2820647252e-001 -7.7730785596e-001 -5.8627152665e-001
-9.4210283172e-001 3.2825294704e-001 -6.8500052744e-002
-5.6641085685e+000 -4.0195346994e+000 -4.5619663379e+000
1.6823567732e+003 3.5551453611e-002 -1.0057446020e-002
2.2420102685e-001 4.7631513980e-001 -8.5021043698e-001
-1.3489482239e-001 -8.4885373224e-001 -5.1112691981e-001
-9.6516179289e-001 2.2928416616e-001 -1.2606143223e-001
-5.8641311389e+000 -3.2234264460e+000 -5.0903012873e+000
0 0 0
0 0 0
0 0 0
0 0 0
0 0 0
0 0 0
0 0 0
0 0 0
0 0 0
0 0 0
0 0 0
0 0 0
0 0 0
0 0 0
0 0 0
0 0 0
0 0 0
0 0 0
0 0 0
0 0 0
0 0 0
0 0 0
0 0 0
0 0 0
0 0 0
0 0 0
0 0 0
0 0 0
0 0 0
0 0 0
0 0 0
0 0 0
0 0 0
0 0 0
0 0 0
0 0 0
0 0 0
0 0 0
0 0 0
0 0 0
0 0 0
0 0 0
0 0 0
0 0 0
0 0 0
0 0 0
0 0 0
0 0 0
0 0 0
0 0 0
0 0 0
0 0 0
0 0 0
0 0 0
0 0 0
0 0 0
0 0 0
0 0 0
0 0 0
0 0 0
0 0 0
0 0 0
0 0 0
0 0 0
0 0 0
0 0 0
0 0 0
0 0 0
0 0 0
0 0 0
0 0 0
0 0 0
0 0 0
0 0 0
0 0 0
0 0 0
0 0 0
0 0 0
0 0 0
0 0 0
0 0 0
0 0 0
0 0 0
0 0 0
0 0 0
0 0 0
0 0 0
0 0 0
0 0 0
0 0 0
0 0 0
0 0 0
0 0 0
0 0 0
0 0 0
0 0 0
0 0 0
0 0 0
0 0 0
0 0 0
0 0 0
0 0 0
0 0 0
0 0 0
0 0 0
0 0 0
0 0 0
0 0 0
0 0 0
0 0 0
0 0 0
0 0 0
0 0 0
0 0 0
0 0 0
0 0 0
0 0 0
0 0 0
0 0 0
0 0 0
0 0 0
0 0 0
0 0 0
0 0 0
0 0 0
0 0 0
0 0 0
0 0 0
0 0 0
0 0 0
0 0 0
0 0 0
0 0 0
0 0 0
0 0 0
0 0 0
0 0 0
0 0 0
0 0 0
0 0 0
0 0 0
0 0 0
0 0 0
0 0 0
0 0 0
0 0 0
0 0 0
0 0 0
0 0 0
0 0 0
0 0 0
0 0 0
0 0 0
0 0 0
0 0 0
6.3460769010e-001 1.1560483858e+000 -6.6269206178e+000
18 10 20
5 1 9 223.1600 464.0300 3 172 331.4100 486.7300 4 168 339.1400 436.0300 6 350 374.3400 279.1000 7 384 447.1600 299.9400
-3.2654745300e-001 7.7524185245e-001 -7.6360332624e+000
166 150 142
4 1 40 -124.5400 247.1300 3 296 -82.7800 356.1200 2 145 -109.1100 322.5700 4 308 -75.0500 362.3500
6.9864512749e-001 4.8771627592e-001 -6.5236186661e+000
236 235 233
4 1 48 252.2400 202.3100 3 195 315.8199 195.2400 4 208 303.0500 148.7900 5 43 324.3800 179.2600
-3.2065922641e-001 2.9494371886e-001 -7.6616161167e+000
54 25 24
2 1 54 -122.2300 93.0900 3 21 -102.9100 194.2600
3.6582877467e-001 2.8610568480e-001 -6.8456753081e+000
146 133 125
3 1 57 109.7600 110.8200 3 203 146.7900 138.5700 4 328 136.0400 116.4500
-2.0773057377e-001 6.9773708690e-002 -6.7073321564e+000
82 44 35
12 1 66 -110.6500 31.6800 3 210 -92.0000 84.9400 4 46 -97.1700 71.8200 5 219 -61.0700 133.7600 6 55 -82.2600 0.9200 7 256 -54.9100 73.9800 8 191 -112.1500 -33.3900 9 496 -51.9500 43.6800 10 69 -106.5500 -3.1700 12 405 -45.1700 61.6300 13 450 10.0900 29.3300 14 337 6.6300 66.5300
-9.6070982445e-002 1.3904148805e-001 -6.8165830797e+000
124 111 102
3 1 68 -63.5800 56.9200 3 36 -42.9300 109.1900 2 29 -59.8100 107.9000
-4.2360222901e-002 1.3190007556e-001 -6.7514426232e+000
166 157 148
2 1 73 -45.7700 54.2500 3 40 -21.0700 101.0900
9.4396163751e-002 -2.8819797623e-003 -6.6859769445e+000
132 119 111
5 1 87 7.5700 0.7100 3 56 24.3800 40.0100 4 61 13.2100 18.2100 6 84 15.1600 -61.6600 8 86 -21.3000 -103.6100
1.1346920008e-001 -2.0545316669e-002 -6.6943978620e+000
155 142 134
4 1 88 14.1300 -4.1400 3 57 31.0800 28.6800 5 75 45.0500 69.9500 6 85 19.6300 -67.3900
1.2541014249e+000 3.7198724006e-002 -6.0343236621e+000
247 87 98
3 1 89 546.5900 23.7500 3 107 585.9100 -67.7800 2 194 575.7600 6.7900
-2.0684892220e-001 -1.3914796190e-001 -6.6198349921e+000
33 17 4
4 1 98 -114.0000 -51.0400 3 67 -105.5600 -2.4000 4 71 -114.0400 -14.4600 5 89 -82.1900 52.8900
1.1093477099e+000 -1.4711999292e-001 -6.1774985989e+000
206 50 54
2 1 100 459.7500 -59.9400 3 131 478.9100 -127.2100
-7.3168146771e-001 -2.4353532625e-001 -6.2613976884e+000
94 23 19
3 1 105 -353.1200 -97.7000 3 87 -356.4000 -37.7400 4 80 -358.2200 -47.6500
-6.2388177418e-001 -2.4943629556e-001 -6.3764801584e+000
122 38 20
2 1 107 -296.8000 -98.0600 3 91 -299.0700 -38.7400
-4.2249342155e-001 -2.4288514061e-001 -6.4529689405e+000
118 12 13
2 1 110 -208.0900 -94.3000 3 96 -206.4800 -43.1100
-1.8813318282e-001 -2.2252088403e-001 -6.6803164719e+000
131 107 70
3 1 112 -104.1200 -82.3000 3 78 -100.8400 -33.1600 2 67 -111.2800 -33.9600
-2.5975909919e-001 -2.8657454678e-001 -6.5963147644e+000
130 109 98
2 1 125 -134.8900 -109.2200 3 100 -136.1800 -60.4200
-4.2044476555e-001 -3.4194682854e-001 -6.4426783144e+000
32 12 14
9 1 142 -208.1900 -134.9400 3 117 -212.5200 -84.4400 2 103 -221.4200 -84.6800 4 95 -221.9000 -92.7800 5 112 -187.7300 -15.6300 6 109 -214.7000 -149.3100 7 126 -201.1400 -67.2800 8 100 -265.4900 -172.9900 9 112 -205.8700 -82.6300
-4.3439551764e-001 -3.6600650399e-001 -6.4355179861e+000
179 154 126
5 1 143 -214.1700 -144.5200 3 118 -219.7600 -94.0000 2 102 -228.7600 -95.4500 4 103 -229.2400 -101.7700 5 109 -195.4100 -23.5400
-4.1453350675e-001 -3.6252720100e-001 -6.4431620066e+000
175 116 101
4 1 144 -205.4200 -143.5400 3 120 -210.9800 -93.6800 2 105 -219.3100 -93.1600 4 108 -220.8300 -101.6000
-4.1406601335e-001 -3.6075480618e-001 -6.4377662821e+000
175 116 101
3 1 145 -205.4200 -143.5400 3 119 -210.9800 -93.6800 4 107 -220.8300 -101.6000
-4.1760411008e-001 -3.7821098239e-001 -6.4311038023e+000
34 17 11
2 1 148 -207.0500 -150.8600 3 123 -213.9900 -101.5100
-2.6951837914e-001 -4.1944875818e-001 -6.5553999096e+000
201 196 193
2 1 151 -140.9500 -163.8500 3 127 -148.9200 -116.2400
-9.9878261324e-002 -4.4315690548e-001 -6.7544124717e+000
255 251 242
3 1 164 -68.8100 -166.8000 3 128 -77.9000 -117.7700 4 116 -93.9000 -120.9900
5.0311256576e-001 -1.1428761725e+000 -7.1407139976e+000
162 140 96
4 1 194 152.6899 -406.2200 3 160 101.1500 -358.0200 2 129 117.3700 -370.6400 4 146 63.7500 -344.8200
-2.3630292873e-001 9.2977939613e-001 -7.5543620914e+000
207 44 50
6 1 211 -98.3200 300.7500 3 7 -44.7200 406.8400 2 140 -76.3500 377.2000 4 171 -35.4700 409.2200 5 7 18.4300 465.7300 6 10 10.7900 351.0200
1.0291521623e-001 7.2057557488e-001 -7.0811128000e+000
194 185 180
9 1 216 10.6000 260.0400 3 181 67.0100 322.8000 2 252 34.7100 318.8200 4 182 70.9301 305.4200 6 194 102.9800 215.9100 7 226 156.3300 285.0000 10 360 154.1801 178.4200 12 369 228.4200 231.8200 14 306 301.9700 193.2400
-3.6905550974e+000 9.5929802469e-001 -1.1906826264e+001
35 29 31
3 1 230 -650.6000 161.9100 3 173 -663.3900 439.0300 2 253 -669.8800 304.2500
-3.1157915154e-001 3.1462067341e-001 -7.6804595955e+000
212 52 51
4 1 233 -119.0500 98.6700 3 193 -98.2000 198.7400 2 23 -117.3000 169.8300 4 26 -99.1300 211.7900
-2.4513406650e-001 3.1750569794e-001 -7.6243898646e+000
207 200 186
6 1 234 -101.2300 100.0500 3 415 -77.6300 197.3500 2 343 -96.7900 168.6200 4 421 -78.0800 205.5900 5 447 -37.1600 272.4000 7 525 -9.2200 266.9300
2.0506249801e-001 2.7169082497e-001 -6.7717422589e+000
154 140 124
7 1 240 49.0000 107.7800 3 321 84.7200 141.7500 2 275 64.4300 149.7100 5 339 108.1600 169.6500 6 226 85.7700 28.3200 7 418 118.9500 86.1500 10 401 71.0300 -20.7700
1.2130371935e+000 2.2334032246e-001 -6.0871251317e+000
25 15 23
5 1 243 519.3199 109.1300 3 230 575.4500 25.9300 5 271 532.0500 -21.3400 6 296 494.0000 -209.5100 7 489 496.8700 -212.0200
1.6750736464e-002 6.6542471521e-002 -6.7507195203e+000
118 107 101
16 1 253 -22.6000 29.7800 3 327 -2.1000 71.5200 2 183 -18.0600 75.4000 4 225 -11.8200 55.8800 5 231 19.2500 113.8700 6 254 -3.8000 -21.2300 7 425 22.3100 46.8700 9 326 22.1200 15.7700 10 601 -34.2700 -33.9900 12 641 24.6100 27.1700 13 694 77.0300 -7.8700 14 347 69.2200 29.3400 15 469 34.0200 -28.1400 16 497 55.2600 -21.7500 17 343 83.0900 -54.6400 19 451 60.6100 27.6300
-5.2325233984e-002 4.2959126968e-002 -6.6983847003e+000
122 107 102
15 1 257 -49.6200 21.4400 3 213 -30.9500 64.1100 2 182 -47.4000 68.6400 4 223 -39.9300 48.8700 5 230 -7.8800 108.3000 6 252 -31.0800 -27.3600 7 269 -6.0000 41.4600 8 205 -63.4500 -66.3800 9 325 -5.6300 9.1600 10 406 -63.4200 -41.2900 12 427 -4.4100 22.4900 13 471 47.4900 -11.6100 14 359 40.7900 26.9800 15 163 5.5200 -31.3200 16 153 26.8900 -23.2500
1.2410368454e+000 3.5171085112e-002 -6.0462314492e+000
233 78 82
3 1 258 538.4399 23.1500 3 106 577.4700 -66.6000 4 122 533.9800 -132.1100
-1.7184418093e-001 -7.9601197694e-002 -6.6049711555e+000
115 33 22
11 1 262 -98.6000 -25.9600 3 337 -86.9100 17.9800 2 289 -100.9100 21.4700 4 341 -97.0200 4.5000 5 241 -64.4800 69.4500 6 260 -89.1200 -66.4300 7 288 -68.3400 6.3100 8 327 -128.3500 -101.9400 9 523 -70.7100 -21.4400 10 628 -133.4600 -70.5100 12 426 -75.1800 -2.5000
-1.5580960739e-001 -1.0348816081e-001 -6.5957198763e+000
149 67 49
7 1 263 -93.5900 -36.1400 3 226 -83.0500 7.1300 2 191 -96.2800 11.1700 4 74 -92.4000 -7.6100 7 119 -65.8900 -6.0300 8 225 -126.1800 -111.9400 9 86 -69.1300 -32.0100
-1.5588188321e-001 -1.0358066753e-001 -6.5957155675e+000
149 67 49
8 1 264 -93.5900 -36.1400 3 227 -83.0500 7.1300 2 190 -96.2800 11.1700 4 73 -92.4000 -7.6100 5 92 -61.5800 58.2600 7 118 -65.8900 -6.0300 8 226 -126.1800 -111.9400 9 85 -69.1300 -32.0100
7.7847819888e-002 -1.7763469380e-001 -6.6597203471e+000
206 201 197
3 1 273 -0.8900 -65.8300 3 236 7.3600 -33.1800 4 88 -6.5300 -47.7600
1.9670858820e-001 -1.7345898519e-001 -6.6491806605e+000
234 227 221
2 1 274 46.9700 -64.1400 3 247 55.1700 -39.4600
2.8195003808e-001 -1.4274961632e-001 -6.6818261790e+000
238 235 229
3 1 275 80.6400 -51.6600 3 237 90.3400 -30.5700 4 254 72.3300 -48.6700
1.1134037575e+000 -1.7348066836e-001 -6.1938691253e+000
161 38 46
3 1 283 460.4100 -70.3400 3 267 474.9800 -139.8100 4 278 434.2600 -185.5100
-6.1327215602e-001 -2.7078864659e-001 -6.3878629412e+000
154 52 29
3 1 286 -291.6600 -106.5000 3 241 -294.0200 -47.3600 2 292 -306.5400 -48.3600
5.0256960115e-001 -3.2274220437e-001 -6.7077626702e+000
211 204 195
4 1 297 165.4500 -122.2000 3 265 165.2000 -111.2100 4 120 138.8800 -129.6500 5 275 149.6100 -67.4500
-4.7008877482e-001 -3.5791255218e-001 -6.4337469546e+000
50 50 69
5 1 307 -228.8800 -142.0500 3 250 -235.1400 -89.5400 4 262 -243.8800 -96.4800 5 107 -208.0900 -17.4600 6 108 -235.2700 -150.2700
-2.7141302666e-001 -3.9097493338e-001 -6.5343582112e+000
163 155 150
5 1 309 -142.0100 -152.5600 3 260 -148.6600 -106.7100 2 222 -155.9900 -105.5400 4 272 -161.7600 -112.8700 5 124 -133.3200 -37.0500
-2.1544259884e-001 -3.8818072314e-001 -6.5873635651e+000
174 164 161
5 1 311 -117.4400 -149.9300 3 261 -124.0900 -103.5700 2 114 -130.8100 -103.9800 4 110 -138.0900 -110.6900 5 117 -110.9900 -35.5300
-2.1541740107e-001 -3.8825662452e-001 -6.5961634254e+000
174 164 161
2 1 312 -117.4400 -149.9300 3 262 -124.0900 -103.5700
-1.3495475034e-001 -3.6816025818e-001 -6.6702432854e+000
185 178 170
4 1 315 -83.3100 -140.2000 3 254 -88.5000 -94.0100 2 220 -95.5300 -93.9900 4 267 -103.5300 -100.5800
3.2688915488e-001 -5.0048453266e-001 -6.7722177298e+000
156 144 127
2 1 326 95.8000 -188.6600 3 134 83.0400 -162.7500
1.4002890102e+000 -4.0212486836e-001 -5.9420352313e+000
239 225 177
2 1 329 633.6300 -186.7800 3 280 629.5100 -293.7300
5.6551184084e-001 -6.2415143547e-001 -6.6021151191e+000
158 145 125
4 1 337 195.2100 -247.7200 3 272 174.2300 -240.9900 2 236 179.1700 -225.5300 6 430 103.8400 -320.0300
6.9559165477e-001 -7.4893856384e-001 -6.6363601141e+000
246 231 218
2 1 338 244.8300 -294.6900 3 151 215.7600 -293.1300
4.4312529652e-001 -1.1613452204e+000 -7.2003854015e+000
165 149 102
5 1 341 128.6200 -408.1800 3 156 78.1000 -353.6800 2 318 95.0500 -368.8800 4 376 42.2100 -337.9000 5 149 41.8800 -252.6800
5.3327519075e-001 -1.1338605897e+000 -7.1055723586e+000
233 219 164
7 1 342 164.4000 -405.7500 3 285 113.2700 -360.9200 2 319 129.6801 -372.2000 4 289 75.8000 -349.3800 5 296 72.0000 -265.1500 6 320 30.4300 -370.8600 7 340 17.0400 -273.0900
5.1525751755e-002 1.1699859341e+000 -7.2022885895e+000
202 190 185
2 1 347 -5.2800 408.9900 3 293 72.6600 494.9301
8.2638077284e-001 9.1831858888e-001 -6.4239157151e+000
18 3 6
5 1 349 312.8101 389.9400 3 392 415.1300 377.5600 2 245 370.9900 416.9200 4 411 413.3600 314.5500 6 468 426.6000 147.5800
8.2753054746e-001 8.3654598249e-001 -6.3522453230e+000
167 39 45
3 1 351 319.6300 362.3900 3 303 418.4500 340.9800 4 417 411.0699 278.9500
9.7742861867e-001 6.6751533832e-001 -6.2784252862e+000
18 7 11
16 1 354 389.8600 295.8500 3 410 478.8000 254.3200 2 256 441.9700 308.8400 4 428 464.4700 187.1000 5 461 482.2100 201.8200 6 485 457.2200 15.1500 7 559 492.6700 14.3200 8 454 433.1200 -136.5600 9 672 474.3199 -112.6500 10 791 418.7000 -225.5900 12 676 465.3199 -192.5900 13 766 503.3400 -284.8900 14 612 459.8500 -259.3000 15 567 392.0200 -339.8100 16 590 389.4700 -357.2400 17 416 388.4100 -415.4900
3.2969990831e-001 7.3307249234e-001 -6.9659070578e+000
184 177 167
6 1 355 94.9100 270.8700 3 399 156.1700 317.2600 2 331 124.7600 320.4700 4 410 156.9500 292.1600 5 326 198.7100 329.1900 7 389 235.9600 241.9500
8.5789766197e-001 5.8492283315e-001 -6.3414418120e+000
222 53 59
2 1 356 332.4000 254.8800 3 192 410.4800 225.4600
-1.0348266065e-001 5.5464752758e-001 -7.2536895828e+000
170 161 154
3 1 364 -58.7000 192.4700 3 407 -21.0500 271.3500 2 337 -44.0300 255.2200
4.5811926288e-001 1.4535350915e-001 -6.6272919337e+000
154 141 132
6 1 376 151.0699 61.8900 3 430 181.9700 70.4300 4 441 167.3900 40.3200 5 474 188.6100 87.3600 6 494 161.6100 -60.8900 7 449 186.1700 -12.5500
-2.6007371127e-001 5.7313388764e-002 -6.7585005532e+000
72 27 22
4 1 380 -129.0500 26.1800 3 326 -111.5300 85.0700 2 278 -128.0900 81.9000 4 434 -117.5500 74.5900
-1.6561679512e-001 -2.1339156343e-002 -6.6395611672e+000
142 119 110
9 1 381 -95.0700 -1.1900 3 330 -79.9500 43.3100 4 337 -88.3400 28.1700 5 351 -55.4000 91.3100 8 432 -114.9900 -79.8200 9 649 -56.7400 -0.5000 10 766 -117.7600 -50.1100 12 771 -58.1300 16.7000 13 950 -7.8800 -12.5000
-4.3491353517e-001 -6.7377869975e-002 -6.5357662445e+000
86 18 7
7 1 385 -209.1200 -21.1700 3 432 -198.1800 36.3200 2 354 -212.1200 34.5300 5 349 -163.4100 94.0400 6 490 -185.3300 -40.9100 7 422 -161.7800 38.3300 8 428 -222.9600 -71.4400
-1.9013548064e-001 -9.0309501354e-002 -6.5975814854e+000
165 80 59
6 1 388 -106.0500 -30.5900 3 224 -96.8400 14.8800 2 189 -109.4800 17.5200 4 231 -105.1300 0.7500 5 242 -72.9100 66.5200 6 269 -96.3900 -69.3000
-5.8080633920e-001 -2.4308470493e-001 -6.5037198742e+000
134 33 10
2 1 395 -268.6300 -92.8900 3 231 -271.8500 -29.7500
-2.3466224746e-001 -3.0724139197e-001 -6.6468100987e+000
113 94 79
5 1 407 -122.7500 -116.0000 3 352 -125.4600 -66.2200 2 295 -133.9900 -67.4700 4 265 -137.9600 -72.5100 5 102 -108.6200 0.5700
5.9497832438e-001 -3.0609752946e-001 -6.6594215566e+000
172 163 148
4 1 410 204.0200 -116.9600 3 361 205.1300 -114.4400 4 361 177.5900 -135.1500 6 421 149.6801 -215.4200
-3.0746889214e-001 -3.8479185532e-001 -6.4866198835e+000
181 172 170
5 1 416 -157.9300 -152.2500 3 455 -166.0900 -103.7300 2 304 -172.7400 -104.2600 4 357 -177.2400 -113.6000 5 273 -147.5600 -38.0800
-2.5394195997e-001 -4.1152754664e-001 -6.5525706159e+000
253 254 249
4 1 417 -134.6400 -159.9900 3 358 -142.3300 -113.8400 2 305 -148.6100 -114.4900 4 358 -155.7600 -120.3900
4.7009057184e-001 -5.5923085881e-001 -6.7327122389e+000
229 226 218
8 1 426 152.9200 -213.1500 3 475 136.1300 -197.3800 2 385 138.3500 -187.1500 4 478 106.3900 -207.7400 5 382 112.3101 -138.4800 6 427 75.9399 -267.4700 7 481 75.1200 -195.2500 8 256 13.7700 -290.3900
4.7009057184e-001 -5.5923085881e-001 -6.7327122389e+000
229 226 218
8 1 427 152.9200 -213.1500 3 474 136.1300 -197.3800 2 386 138.3500 -187.1500 4 477 106.3900 -207.7400 5 381 112.3101 -138.4800 6 426 75.9399 -267.4700 7 480 75.1200 -195.2500 8 255 13.7700 -290.3900
1.1187733152e+000 -6.9067525985e-001 -6.1756898550e+000
18 1 7
6 1 430 465.3000 -304.4900 3 371 436.5300 -363.4400 2 476 455.9200 -319.0000 4 293 380.1100 -394.3900 5 412 355.2100 -332.9600 6 340 304.9301 -487.8700
8.6030152331e-001 8.2292445650e-001 -6.3678057730e+000
196 55 61
16 1 438 333.8199 357.4300 3 400 430.6600 334.0400 2 326 389.6500 380.5200 4 418 423.9500 270.3200 5 446 450.5000 284.5200 6 469 429.9900 100.1300 7 411 478.0900 102.9800 8 425 420.8600 -46.5600 9 749 470.5601 -25.5000 10 785 424.0500 -140.3000 12 794 478.1000 -110.0200 13 880 527.7600 -208.6800 14 721 487.1700 -188.7600 15 842 423.8300 -279.5200 16 759 427.5100 -306.7600 17 581 431.7100 -373.6900
-4.2435763771e-001 9.4867042412e-001 -7.7458699318e+000
30 16 16
4 1 439 -151.3800 295.8300 3 493 -105.5600 417.2900 2 401 -134.9100 377.6200 4 403 -93.4300 427.4000
9.6614738918e-001 6.4743379012e-001 -6.2811147912e+000
176 42 37
7 1 443 385.7300 287.3700 3 504 471.6000 245.5600 2 335 437.0400 300.2600 4 427 457.1899 180.0000 5 460 474.0500 194.9700 6 486 448.5601 9.6000 7 560 482.2900 9.0100
1.1156633475e-001 6.3209119515e-001 -7.0593560859e+000
186 177 168
24 1 446 11.5500 229.5600 3 404 64.6000 289.0200 4 416 65.7900 273.0500 5 442 108.6200 319.4000 6 464 93.4301 186.7700 7 527 144.4301 253.7700 8 398 98.4700 144.0200 10 749 134.9000 150.6400 12 753 206.6100 201.1100 13 824 282.1500 148.3500 14 669 276.0100 171.2600 15 796 246.3700 90.2100 16 819 279.7700 78.0700 17 636 318.3400 21.8600 18 728 280.6899 -10.9200 19 751 302.6400 66.9400 20 896 324.8300 -64.7400 21 358 339.0900 -52.8900 23 765 213.3000 -102.5000 24 622 221.3400 -39.4100 25 1088 175.3500 12.4700 26 1077 187.6801 -154.1600 27 1007 168.3700 -165.5400 28 687 187.9200 -67.7000
5.3799781452e-001 5.7304595746e-001 -6.7550677508e+000
166 157 150
7 1 448 178.4000 222.7700 3 411 238.2600 241.2000 2 338 208.5100 259.6700 4 519 231.0400 207.9700 5 456 262.1801 243.1200 7 535 285.1000 130.7100 9 641 292.0300 56.2600
3.2890257075e-001 3.6191988659e-001 -6.8788847656e+000
123 110 99
2 1 455 95.2800 137.6800 3 419 135.7100 171.9900
1.1950721173e+000 2.5603732559e-001 -6.0893125162e+000
25 5 9
11 1 459 510.3101 123.8500 3 437 569.6300 42.5000 2 349 550.7500 113.7600 4 452 534.9900 -27.2700 5 503 529.5000 -7.1300 6 529 492.2300 -194.2800 7 603 497.1600 -196.6200 8 576 427.9900 -343.3900 9 694 446.7300 -303.1800 10 688 368.4301 -405.6200 12 541 400.0601 -362.0600
5.1877557313e-002 2.0730458786e-001 -6.8573595882e+000
178 169 160
6 1 460 -7.2100 81.4100 3 511 19.9800 127.5500 2 417 0.2900 129.3500 5 462 45.1100 168.2700 6 477 23.7000 34.6200 7 543 57.1100 100.4400
5.1877557313e-002 2.0730458786e-001 -6.8573595882e+000
178 169 160
6 1 461 -7.2100 81.4100 3 512 19.9800 127.5500 2 418 0.2900 129.3500 5 463 45.1100 168.2700 6 478 23.7000 34.6200 7 544 57.1100 100.4400
3.9373435426e-001 2.0944840068e-001 -6.6460653885e+000
142 129 113
8 1 462 123.3400 85.3700 3 516 158.9800 101.3700 2 419 139.3700 119.5900 4 631 147.4900 71.8100 5 575 171.3400 119.2400 6 683 148.7900 -29.3700 7 766 175.3700 19.2800 8 610 119.3700 -98.1400
7.8492658765e-001 1.1997964085e-001 -6.5108363322e+000
195 188 178
5 1 470 289.2800 52.7200 3 436 323.3400 33.8600 2 352 306.5500 69.7300 5 368 311.3300 33.5800 6 403 280.2800 -122.5500
2.4162654680e-001 5.2905695888e-002 -6.6484049742e+000
192 182 172
4 1 473 64.3500 25.5600 3 333 87.7100 45.9200 4 443 75.0200 25.3800 5 354 99.7000 78.7200
2.4324915683e-001 1.7475160701e-002 -6.6534729842e+000
203 194 187
3 1 474 64.9200 10.7300 3 434 86.3900 33.9300 4 445 72.5699 11.4100
1.2545701414e+000 4.0568138870e-002 -6.0530257236e+000
243 79 98
9 1 475 543.3000 25.1400 3 541 583.0900 -64.7500 2 433 573.0900 8.8100 4 470 539.4301 -130.8600 5 509 524.2300 -102.1500 6 534 482.5601 -287.3600 7 720 473.8101 -283.5200 8 581 401.9000 -423.1000 9 794 413.7100 -370.7700
-1.1292338451e-001 -2.4035632018e-002 -6.6285949172e+000
183 173 164
10 1 477 -74.9500 -5.0300 3 433 -60.3900 39.3500 2 356 -74.2900 42.4100 4 442 -69.4200 23.5900 5 473 -36.9700 84.1900 6 493 -60.9900 -51.9800 7 556 -38.2600 18.5500 8 433 -97.5500 -90.0700 10 611 -100.9000 -63.2400 13 692 7.1400 -28.9900
1.2372459074e+000 -1.3416285338e-001 -6.1084290731e+000
249 79 93
7 1 487 528.3300 -54.5200 3 468 550.3101 -139.1300 2 527 545.7700 -69.5100 4 480 502.7600 -196.3400 5 512 484.5699 -159.9800 6 718 439.6899 -332.4300 7 796 425.2300 -317.6700
-9.6483176637e-001 -2.3937264911e-001 -6.2961059218e+000
135 113 67
3 1 488 -451.5000 -93.4900 3 343 -458.0000 -17.0400 2 360 -470.5500 -25.5700
-3.1707086316e+000 -6.7125395819e-001 -1.1339238953e+001
44 39 39
4 1 497 -597.6000 -131.7600 3 514 -633.1800 117.2800 2 429 -632.3100 -3.1400 4 517 -636.9700 208.1200
-4.9022812039e-001 -3.0072684273e-001 -6.4677372701e+000
188 105 67
7 1 499 -236.1300 -117.5900 3 534 -239.1600 -59.8500 2 443 -248.7000 -64.1500 4 551 -244.8200 -68.5500 5 589 -207.5600 8.6200 6 507 -234.8300 -123.1000 7 575 -218.8200 -39.2400
6.1534835547e-001 -2.9820032136e-001 -6.5996699707e+000
243 240 231
8 1 501 213.8500 -115.8500 3 551 217.0400 -118.0700 2 454 213.6899 -95.4800 4 569 189.0200 -141.3300 5 609 194.9600 -83.7000 6 628 160.4900 -225.1400 7 709 162.8800 -169.8300 8 567 100.8199 -275.9800
7.2340358488e-001 -2.9512520695e-001 -6.4840358248e+000
172 158 147
16 1 502 264.7200 -118.5000 3 464 267.9900 -134.7400 2 380 266.2300 -103.4500 4 472 236.5900 -163.4500 7 488 200.4399 -206.6300 8 363 136.1500 -317.9700 9 561 167.2500 -238.9100 10 664 90.8300 -297.1200 12 687 129.8700 -234.7800 13 761 153.1700 -267.4100 14 435 130.5400 -220.3000 15 530 78.3400 -257.3200 16 558 82.6200 -238.4500 17 381 87.4200 -259.7000 18 226 31.1200 -243.9300 20 297 54.7900 -199.3500
9.0296893675e-001 -2.7996248501e-001 -6.3274229889e+000
158 145 134
4 1 503 351.8600 -115.5600 3 465 359.3800 -154.3400 4 475 321.2400 -192.8300 5 383 316.6500 -142.9100
-3.3305961343e-001 -4.0404755866e-001 -6.4858035038e+000
236 232 229
2 1 505 -169.8000 -159.9400 3 454 -176.8600 -112.4000
-2.3511745101e-002 -4.5621383947e-001 -6.8281716398e+000
255 254 249
3 1 511 -37.2300 -168.7400 3 457 -49.6900 -121.2100 2 378 -51.1800 -125.2200
9.6151363070e-001 -4.7782988350e-001 -6.2577889346e+000
182 159 106
5 1 517 385.0300 -204.7400 3 478 376.4100 -250.9000 2 388 381.2400 -206.6100 4 368 332.2000 -285.5500 5 391 316.9500 -228.2700
9.8507521965e-001 -5.8792212310e-001 -6.3262239555e+000
169 147 134
17 1 518 391.7800 -250.1900 3 568 370.7900 -289.3100 2 470 379.6400 -250.4100 4 584 323.6600 -317.7100 5 623 307.3500 -257.2300 6 648 262.6801 -407.0100 7 728 240.3300 -357.2600 8 583 170.7300 -464.2500 9 793 186.9600 -374.5700 10 815 98.6200 -428.7000 12 834 128.0500 -361.1200 13 901 136.8800 -384.4000 14 735 106.9500 -328.9100 15 564 50.9200 -354.0200 16 574 46.5000 -323.9400 17 403 43.4100 -335.9700 18 245 -17.6600 -305.1300
5.1251892720e-001 -1.1563650241e+000 -7.1164166785e+000
45 32 34
3 1 521 154.2900 -413.0700 3 369 105.6500 -365.5800 4 377 66.8800 -352.8600
9.3957511171e-001 -1.0095372560e+000 -6.5490666316e+000
253 82 93
4 1 522 350.7800 -409.2900 3 486 301.1300 -419.7200 5 410 229.1801 -350.9500 6 444 181.6100 -480.9600
4.2075316597e-001 1.1019308146e+000 -6.8140964535e+000
219 212 209
3 1 528 132.4301 421.5600 3 581 225.0400 466.4000 2 398 180.3000 475.0300
1.6862218635e-002 1.1662432298e+000 -7.2355682481e+000
192 35 44
3 1 529 -17.6500 404.8200 3 491 58.8800 493.8199 2 397 18.2700 475.5500
8.7428452896e-001 8.7519683105e-001 -6.4090428507e+000
16 12 9
7 1 530 333.8500 373.0700 3 585 434.3300 353.7800 2 487 390.9200 397.9600 4 700 429.5300 291.8500 5 730 458.1500 305.9100 6 746 439.3800 122.0400 7 880 490.7500 126.7300
9.4037780177e-001 6.8678773195e-001 -6.3059683963e+000
203 42 57
17 1 531 371.8300 301.4400 3 503 460.2200 265.2300 2 403 423.7400 317.3500 4 523 446.9000 199.6000 5 567 466.0100 215.3100 6 583 441.7100 30.5900 7 672 479.4700 31.6700 8 547 420.7800 -116.9400 9 762 464.5699 -93.2400 10 890 411.2600 -205.1500 12 906 460.3500 -172.8100 13 984 501.3800 -265.7000 14 729 458.9500 -241.1200 15 850 393.2900 -322.9700 16 765 393.9100 -342.6800 17 587 393.3600 -401.8800 18 677 318.9800 -423.2500
-3.1263120151e-001 8.2805429641e-001 -7.5937012044e+000
206 191 183
17 1 532 -120.5500 268.7500 3 583 -74.4400 377.2600 2 489 -102.5100 344.3800 4 615 -65.2900 381.5300 5 652 -12.8800 441.0800 6 666 -23.3200 329.2400 8 646 1.8400 339.2800 9 880 82.1899 431.3300 12 1012 151.9900 463.2700 13 1057 252.3500 430.4700 14 908 262.5500 451.7200 15 1011 253.4500 371.6900 16 1050 309.6801 365.8200 17 879 374.6600 306.8200 18 924 364.0000 272.1000 20 1101 448.6400 172.9700 21 590 494.2100 167.7200
5.0943701359e-001 5.9541380818e-001 -6.7748137073e+000
181 174 166
2 1 533 166.6700 230.8700 3 596 227.2100 252.8800
-1.0535397247e-001 5.9033202148e-001 -7.2301473391e+000
208 199 190
6 1 535 -59.5300 206.0800 3 499 -18.3900 284.7500 2 408 -44.0800 269.0600 4 514 -15.6400 277.5700 5 557 29.3900 332.4700 6 459 14.0100 209.2800
1.0956781168e+000 4.1774775120e-001 -6.1434361686e+000
214 49 60
4 1 536 458.4200 195.6000 3 607 530.2500 126.9300 4 537 504.5699 59.4700 5 675 506.0400 74.8000
1.0700269323e+000 3.0335036804e-001 -6.2026414250e+000
235 64 73
4 1 542 439.2200 139.9300 3 521 499.2900 80.8000 6 611 439.1500 -142.5900 7 706 450.9600 -137.6900
1.1813380976e+000 2.3170945289e-001 -6.0867148440e+000
229 58 64
13 1 544 504.6899 113.1200 3 612 561.5300 31.9400 2 501 542.5500 103.0700 4 553 526.5800 -36.4500 5 604 520.4000 -14.8100 6 629 483.0200 -202.6700 7 789 485.7000 -204.1200 8 577 416.5699 -349.9200 9 787 435.1200 -307.8700 10 910 357.4800 -407.8600 12 838 390.3199 -363.0900 13 994 404.4000 -434.2500 14 634 358.7600 -392.7200
7.3996356899e-001 1.7333832755e-001 -6.5754293516e+000
170 163 153
3 1 545 266.9600 73.6700 3 520 302.3900 62.0200 2 420 286.1899 93.2800
2.4943591488e-002 9.5618763071e-002 -6.7591886345e+000
179 168 162
21 1 546 -18.8200 40.6500 3 517 2.8900 83.0100 2 423 -13.1600 86.4500 4 528 -5.9700 66.7000 5 572 25.2300 124.5800 6 588 2.6800 -11.4300 7 670 29.7400 55.9500 8 421 -26.9500 -50.9800 9 743 30.6000 24.1700 10 860 -24.8600 -28.1200 12 880 34.4000 33.1500 13 948 87.3900 -2.6500 14 687 79.6400 33.6000 15 805 44.6100 -24.2400 16 830 66.0699 -18.8300 17 643 93.3300 -54.3900 18 738 48.8200 -62.5400 19 762 71.7200 27.1800 20 763 98.4100 -72.6200 21 271 103.8700 -38.4000 23 594 -12.4300 -70.3300
5.1691511979e-002 6.8725248285e-002 -6.7268670344e+000
182 171 165
7 1 548 -9.1700 30.1300 3 518 11.5100 69.5300 4 440 1.7200 53.0500 5 574 32.3300 108.8700 6 589 9.2600 -28.4200 7 551 33.9500 40.1000 8 423 -22.5200 -68.7500
1.2003945704e+000 5.5655993460e-002 -6.0275972683e+000
204 53 62
11 1 549 521.0800 32.7200 3 632 561.6300 -55.8800 2 517 549.9500 17.5500 4 567 521.4900 -122.6500 6 637 467.5500 -280.9800 7 719 460.1000 -277.7400 9 700 401.3199 -367.2900 10 705 316.5400 -460.6500 12 717 344.1000 -410.4300 13 914 353.8900 -472.2900 14 751 306.2700 -424.7400
1.2663596382e+000 8.5531440329e-002 -6.0425028709e+000
29 12 20
8 1 550 551.3500 45.6900 3 540 595.3101 -45.4700 2 511 584.6100 28.8500 4 568 551.9800 -112.9100 5 611 537.9700 -86.1500 7 617 488.6801 -272.5500 8 369 415.9100 -416.9900 9 571 426.9301 -367.1500
7.0785149369e-001 4.9304991823e-002 -6.4714632703e+000
162 150 138
19 1 554 257.0500 24.8100 3 619 286.7300 7.7100 2 426 272.9800 41.3200 4 643 264.8000 -31.1500 5 686 275.5000 12.1000 6 700 245.2100 -144.8200 7 782 257.7100 -107.6800 8 631 195.7200 -228.9000 9 868 233.1400 -165.0500 10 979 166.0800 -239.8600 12 981 210.0200 -185.4400 13 1044 241.9600 -234.3000 14 891 215.4200 -194.2900 15 922 162.4200 -247.6100 16 948 166.8700 -240.0600 17 853 175.2200 -272.7200 18 906 117.0900 -270.2900 19 871 123.5100 -177.5500 20 1002 132.1600 -245.4300
1.1778753253e+000 2.6315571447e-002 -6.0376353045e+000
169 29 40
9 1 555 508.7500 19.0300 3 539 548.6400 -67.3400 2 432 538.1400 4.8300 4 571 506.9700 -132.0900 5 616 492.6100 -101.4000 6 636 451.3101 -285.3200 7 616 443.9000 -280.0900 8 483 371.3600 -419.8900 9 698 385.3800 -366.2300
3.8958114305e-001 -1.9997664698e-002 -6.5892601972e+000
204 194 185
4 1 556 124.0800 -3.5300 3 525 145.4100 5.6300 2 431 132.1200 25.7400 5 586 146.1801 32.6800
8.7676563980e-002 -1.1048169261e-001 -6.6386716779e+000
177 166 162
4 1 559 3.3900 -38.4800 3 622 15.7500 -9.2300 2 513 4.4000 0.0400 4 547 2.0600 -24.9300
5.1443755005e-001 -1.1642203666e-001 -6.5369747888e+000
224 221 214
6 1 560 176.5000 -42.3700 3 629 192.1700 -43.9700 2 441 182.2800 -20.3800 4 650 169.5601 -72.1000 5 601 181.5900 -19.3400 6 619 150.6801 -165.9600
-7.3834218634e-001 -2.0669535509e-001 -6.2833063003e+000
145 60 38
3 1 563 -354.2600 -79.7200 3 527 -354.7600 -18.7300 2 438 -368.9000 -20.4500
-1.1706205277e-001 -2.4260966333e-001 -6.6334834134e+000
238 235 230
3 1 564 -77.1000 -91.3000 3 450 -74.6900 -48.8700 2 446 -84.1500 -45.5900
1.1670264852e-001 -2.4828577956e-001 -6.6806608126e+000
205 191 182
5 1 565 13.9500 -93.6600 3 536 19.0700 -61.0900 2 448 10.6400 -54.7000 4 556 1.5600 -75.1400 5 599 23.4000 -9.7700
1.1670264852e-001 -2.4828577956e-001 -6.6806608126e+000
205 191 182
5 1 566 13.9500 -93.6600 3 537 19.0700 -61.0900 2 449 10.6400 -54.7000 4 557 1.5600 -75.1400 5 600 23.4000 -9.7700
9.8610102525e-001 -2.0355038091e-001 -6.2845214893e+000
164 149 141
16 1 569 391.9700 -82.7000 3 555 406.0200 -133.2600 2 526 402.5601 -84.7300 4 576 367.0200 -176.0400 5 615 359.5601 -130.7700 6 635 319.7000 -291.3400 7 615 313.5200 -261.2500 9 693 267.0400 -313.4000 10 805 185.7200 -383.3500 12 830 218.7000 -326.5800 13 902 234.6801 -367.0700 14 731 200.1899 -320.5900 17 686 132.9500 -366.0600 18 765 69.3000 -347.3700 19 795 73.3500 -248.8500 20 928 77.0699 -292.4900
-9.4751875607e-002 -2.9196968700e-001 -6.6980591899e+000
241 240 237
6 1 571 -66.6700 -109.1000 3 535 -68.0100 -64.5200 2 447 -75.2400 -64.2300 4 464 -82.2100 -72.8600 5 489 -56.4400 -2.5100 6 510 -84.2800 -130.9800
3.5243305012e-001 -3.1382252967e-001 -6.7445729033e+000
215 208 200
4 1 572 106.3900 -117.8000 3 546 104.8800 -96.5700 2 453 101.3700 -85.9700 4 564 83.8800 -109.6400
-4.5722773919e-001 -3.5971002980e-001 -6.4336888324e+000
46 42 53
2 1 575 -223.5200 -143.0900 3 544 -229.4500 -91.0800
-1.8418818894e-001 -3.6970474143e-001 -6.6212005807e+000
159 143 131
4 1 577 -104.2000 -141.5000 3 545 -109.3400 -95.9000 2 452 -116.4700 -95.8400 4 563 -123.7200 -102.4200
4.5957381596e-001 -5.2284375125e-001 -6.7389699455e+000
254 255 250
5 1 585 148.9301 -199.2100 3 639 133.7000 -182.0200 2 531 134.4301 -172.2900 4 573 106.4399 -192.8700 5 612 112.6801 -125.3600
5.5493925393e-001 -5.0772428805e-001 -6.6499139583e+000
151 132 94
3 1 586 188.8000 -197.7500 3 470 175.7600 -191.5300 2 462 177.9200 -174.7600
7.0295906581e-001 -5.6739344525e-001 -6.5003458076e+000
239 233 224
5 1 588 258.2000 -228.7200 3 561 239.4700 -240.1200 2 464 246.1899 -215.4700 4 579 201.4301 -260.1100 5 621 196.7700 -195.6000
4.7868678007e-001 -6.9087720458e-001 -6.7956592126e+000
254 255 250
7 1 593 153.3400 -261.7800 3 560 128.6500 -239.1500 2 469 133.1200 -235.6800 4 578 97.1600 -244.8200 5 516 100.9700 -171.8000 6 539 64.6700 -296.0900 7 598 60.6500 -218.9000
1.0033110366e+000 -8.7531010467e-001 -6.3940822418e+000
28 11 12
7 1 596 393.7200 -367.2900 3 487 349.7800 -395.9000 2 545 371.2300 -367.5600 4 596 297.1300 -413.5600 5 538 275.3900 -341.7800 6 545 224.8800 -481.2000 7 634 193.1100 -417.4900
3.9386384307e-001 -1.2001058484e+000 -7.2709136002e+000
208 191 147
9 1 598 110.1200 -416.3900 3 647 58.1300 -354.4100 2 543 73.7900 -374.1500 4 588 23.6100 -336.7500 5 622 23.2800 -249.3000 6 644 -16.8400 -348.3900 7 715 -26.5800 -243.6400 8 570 -84.4500 -311.1800 9 770 -53.4700 -187.1600
4.0108820345e-001 1.1678376806e+000 -6.8599110752e+000
196 34 40
26 1 606 122.5400 439.8500 3 656 217.7700 491.0500 2 549 171.6899 496.0000 4 679 229.2500 455.3100 5 716 280.3000 484.3300 6 732 272.3199 327.0600 7 872 348.2900 370.3700 8 649 305.9399 238.9200 9 938 387.9200 276.1800 10 1059 372.0699 179.1600 12 1079 452.3600 212.0600 13 1126 541.0400 116.3200 14 975 521.9700 122.1900 15 1081 481.4200 9.9300 16 1080 510.6600 -32.1800 17 951 544.4399 -116.0300 18 1016 493.5500 -178.1700 19 1032 501.0500 -106.2000 20 1133 497.0601 -257.5500 21 614 496.1400 -263.0300 23 1035 350.2400 -316.5400 24 808 350.4700 -278.3300 25 1302 294.7800 -245.9500 26 1208 277.8300 -397.8000 27 1158 244.2400 -405.7000 28 884 239.1899 -298.3500
4.6066619702e-001 1.1227663815e+000 -6.7904365415e+000
206 37 44
26 1 607 146.7200 430.8900 3 657 243.7400 472.6700 2 483 196.6801 482.6400 4 686 252.9600 433.2800 5 717 301.3800 458.7300 6 735 291.8300 297.8600 7 812 364.0000 335.1100 8 703 320.4200 201.3300 9 889 397.6801 234.8900 10 1060 378.8000 136.6000 12 1082 455.7800 168.6000 13 1127 538.8101 71.9300 14 978 517.2100 79.0100 15 1085 473.2900 -30.6000 16 1126 500.7400 -70.6700 17 954 528.6300 -153.1900 18 969 474.1600 -210.6700 19 1035 479.5699 -137.9500 20 1135 473.8900 -281.3700 21 613 469.2300 -284.2600 23 1013 323.5300 -332.7800 24 762 320.3199 -292.3500 25 1257 262.5000 -257.5300 26 1166 246.8700 -401.6500 27 1075 212.8101 -406.0400 28 837 208.3400 -295.8500
8.7955331196e-001 7.9519041628e-001 -6.3511807096e+000
17 1 8
7 1 611 342.3600 344.5800 3 587 436.5100 319.0000 2 488 395.9700 366.2400 4 624 428.5200 255.0300 5 663 453.7400 269.5100 6 676 432.6400 85.5000 7 827 479.9000 86.9200
-3.9316577229e-001 9.8455829687e-001 -7.6656101236e+000
193 36 43
7 1 612 -144.0200 312.2100 3 582 -94.3200 431.4300 2 485 -124.0000 393.1900 4 504 -83.0800 438.5900 5 551 -26.2300 499.6600 6 559 -32.4400 388.8400 7 511 35.3500 495.4600
7.0063509161e-001 7.2390680671e-001 -6.5438013787e+000
148 124 116
