# Bundle file v0.3
59 7402
1218.207456 0.0 0.0
0.965350 -0.036593 0.258380
0.207043 0.710094 -0.672978
-0.158848 0.703155 0.693066
-1.612664 2.410580 -2.175472
2015.487357 0.0 0.0
0.773230 0.026101 0.633589
0.382827 0.777316 -0.499223
-0.505529 0.628569 0.591052
-2.668635 1.732627 -1.860759
1994.640599 0.0 0.0
0.782091 0.046394 0.621434
0.367937 0.770468 -0.520579
-0.502947 0.635789 0.585506
-2.629272 1.801695 -1.815344
2008.069754 0.0 0.0
0.863340 -0.017463 0.504321
0.335871 0.765758 -0.548458
-0.376610 0.642892 0.666975
-2.338899 1.931067 -2.187671
2017.586447 0.0 0.0
0.912850 -0.064993 0.403090
0.304088 0.767031 -0.564973
-0.272463 0.638310 0.719948
-2.060229 2.008640 -2.446089
2024.098490 0.0 0.0
0.942218 -0.094160 0.321495
0.274640 0.766653 -0.580358
-0.191829 0.635119 0.748215
-1.814734 2.077890 -2.616505
2032.257324 0.0 0.0
0.963361 -0.120223 0.239754
0.243916 0.764453 -0.596755
-0.111537 0.633370 0.765769
-1.580550 2.158772 -2.735532
2050.213599 0.0 0.0
0.978652 -0.192813 0.071161
0.196481 0.776136 -0.599173
0.060298 0.600364 0.797451
-1.064116 2.199980 -2.999700
2058.742889 0.0 0.0
0.979865 -0.195251 0.041730
0.180846 0.779355 -0.599917
0.084612 0.595384 0.798973
-0.969866 2.218087 -3.016805
2068.279537 0.0 0.0
0.965326 -0.237276 -0.108838
0.126220 0.789198 -0.601029
0.228505 0.566451 0.791782
-0.490562 2.267710 -3.121236
2085.832680 0.0 0.0
0.930339 -0.285866 -0.229674
0.099750 0.799991 -0.591662
0.352873 0.527536 0.772778
-0.056659 2.254183 -3.164135
2090.465033 0.0 0.0
0.917244 -0.270312 -0.292567
0.047975 0.804114 -0.592536
0.395427 0.529464 0.750537
0.162481 2.295729 -3.125173
2234.987688 0.0 0.0
0.857007 -0.309430 -0.412058
-0.002235 0.797400 -0.603447
0.515300 0.518079 0.682686
0.591649 2.376914 -2.989043
2153.614239 0.0 0.0
0.799321 -0.330309 -0.501978
-0.043415 0.801443 -0.596493
0.599334 0.498583 0.626270
0.941356 2.396785 -2.827438
4799.534910 0.0 0.0
-0.772843 0.315209 0.550778
-0.402613 -0.914424 -0.041617
0.490526 -0.253914 0.833614
-1.131784 0.089002 -2.321852
6026.333558 0.0 0.0
-0.850788 0.317880 0.418463
-0.376986 -0.923965 -0.064582
0.366116 -0.212700 0.905935
-0.611240 0.119378 -2.209780
10459.865805 0.0 0.0
-0.892975 0.285605 0.347888
-0.330451 -0.940768 -0.075878
0.305610 -0.182717 0.934461
-0.353499 0.112702 -1.420975
76673.900029 0.0 0.0
0.933769 -0.282789 -0.219332
0.311384 0.944075 0.108452
0.176397 -0.169566 0.969604
-0.140915 -0.221980 -20.730773
36334.309627 0.0 0.0
0.958619 -0.259215 -0.117714
0.268846 0.960276 0.074782
0.093653 -0.103334 0.990228
-0.483307 -0.050338 -11.671304
78824.432899 0.0 0.0
0.979226 -0.202674 0.006334
0.201593 0.976420 0.077223
-0.021836 -0.074342 0.996994
-0.892544 -0.002552 -21.117450
-59782.212267 0.0 0.0
0.979035 -0.171695 0.109600
0.165470 0.984160 0.063637
-0.118790 -0.044167 0.991937
-1.239355 0.084838 10.448392
167780.997500 0.0 0.0
-0.907710 0.000008 -0.419599
-0.010128 -0.999709 0.021891
-0.419477 0.024120 0.907446
2.170105 -0.518167 37.864976
91958.026813 0.0 0.0
-0.956052 0.136868 -0.259289
-0.124615 -0.990190 -0.063201
-0.265396 -0.028112 0.963730
1.732692 -0.109726 18.004912
-93405.795517 0.0 0.0
0.941506 -0.102051 0.321172
0.091964 0.994678 0.046464
-0.324205 -0.014210 0.945880
-1.914970 0.202629 17.885565
31182.748160 0.0 0.0
0.933381 -0.066502 0.352670
0.054396 0.997543 0.044139
-0.354739 -0.022015 0.934706
-1.987572 0.244390 -9.650686
103013.797510 0.0 0.0
0.881251 -0.031739 0.471582
0.035235 0.999378 0.001417
-0.471334 0.015367 0.881821
-2.342613 0.395360 -24.390985
37893.233604 0.0 0.0
0.831665 0.006450 0.555240
0.011044 0.999543 -0.028153
-0.555168 0.029546 0.831213
-2.568752 0.510620 -10.204924
46969.363358 0.0 0.0
0.812248 0.052266 0.580966
-0.032214 0.998477 -0.044788
-0.582422 0.017664 0.812694
-2.617288 0.600334 -11.822127
6393.922715 0.0 0.0
0.759920 0.060267 0.647216
0.012111 0.994207 -0.106799
-0.649903 0.088997 0.754788
-2.808102 0.768851 -3.260040
2886.708284 0.0 0.0
0.712997 0.073273 0.697328
0.065937 0.983111 -0.170720
-0.698060 0.167702 0.696124
-2.940499 0.930164 -2.281930
1722.869509 0.0 0.0
0.714785 0.060211 0.696747
0.116040 0.972265 -0.203065
-0.689650 0.225999 0.687974
-2.951369 0.990026 -2.024232
1387.308471 0.0 0.0
0.706414 0.051789 0.705902
0.216366 0.933779 -0.285030
-0.673918 0.354082 0.648429
-2.994545 1.186193 -1.759426
5242.172190 0.0 0.0
0.860630 0.022972 0.508712
0.032757 0.994415 -0.100324
-0.508176 0.103006 0.855071
-2.429221 0.762523 -3.707119
1078.018928 0.0 0.0
0.724819 0.023460 0.688540
0.260665 0.915784 -0.305602
-0.637723 0.400985 0.657663
-2.974885 1.206468 -1.739474
829.928568 0.0 0.0
0.722622 0.007533 0.691202
0.286265 0.906902 -0.309162
-0.629181 0.421274 0.653191
-2.999097 1.189392 -1.669953
875.276600 0.0 0.0
0.795477 -0.028337 0.605320
0.281700 0.901706 -0.327982
-0.536527 0.431421 0.725269
-2.778055 1.243622 -2.002843
987.266031 0.0 0.0
0.289913 -0.390314 -0.873845
-0.175255 -0.919270 0.352460
-0.940870 0.050963 -0.334913
2.546565 -1.433321 2.217587
1554.330964 0.0 0.0
0.895917 -0.132978 0.423851
0.358512 0.779846 -0.513138
-0.262302 0.611684 0.746351
-2.306306 1.762262 -2.362164
1625.647479 0.0 0.0
0.923380 -0.148498 0.354002
0.331045 0.774919 -0.538433
-0.194366 0.614369 0.764704
-2.111604 1.878880 -2.509802
1654.406551 0.0 0.0
0.949900 -0.174945 0.259006
0.294949 0.775923 -0.557627
-0.103415 0.606084 0.788649
-1.822930 1.974830 -2.676951
1688.585024 0.0 0.0
0.967440 -0.205426 0.147849
0.253099 0.786040 -0.563988
-0.000358 0.583045 0.812440
-1.479104 2.036441 -2.865820
1672.768689 0.0 0.0
0.972388 -0.230423 0.036958
0.209265 0.790860 -0.575107
0.103289 0.566962 0.817243
-1.108318 2.118081 -2.997847
1675.688051 0.0 0.0
0.969066 -0.241702 -0.049922
0.167667 0.793162 -0.585476
0.181107 0.558995 0.809151
-0.823074 2.200485 -3.042510
880.913531 0.0 0.0
0.972677 -0.204843 -0.109266
0.074153 0.720103 -0.689893
0.220003 0.662941 0.715617
-0.593929 2.659450 -2.622457
1673.283957 0.0 0.0
0.951999 -0.267332 -0.149104
0.133946 0.801813 -0.582370
0.275240 0.534444 0.799132
-0.477406 2.221829 -3.099367
1671.404977 0.0 0.0
0.936467 -0.269341 -0.224691
0.090423 0.804317 -0.587280
0.338901 0.529651 0.777570
-0.194671 2.275022 -3.060670
1668.378959 0.0 0.0
0.897687 -0.288971 -0.332647
0.047522 0.814017 -0.578893
0.438063 0.503857 0.744465
0.191986 2.291681 -3.061705
1670.562416 0.0 0.0
0.846939 -0.304227 -0.436052
0.015484 0.833888 -0.551717
0.531465 0.460519 0.710962
0.576564 2.243486 -3.060848
1670.743396 0.0 0.0
0.796834 -0.298486 -0.525321
-0.032066 0.847333 -0.530093
0.603347 0.439241 0.665612
0.935767 2.219231 -2.982956
1666.096128 0.0 0.0
0.726074 -0.312535 -0.612485
-0.058043 0.859701 -0.507490
0.685162 0.404026 0.606066
1.282461 2.163672 -2.878147
1671.877965 0.0 0.0
0.674920 -0.300564 -0.673903
-0.089018 0.873446 -0.478714
0.732502 0.383083 0.562751
1.550420 2.102735 -2.794060
1676.013823 0.0 0.0
0.601836 -0.297556 -0.741116
-0.118872 0.884282 -0.451569
0.789723 0.359869 0.496822
1.829112 2.033042 -2.627767
1673.157487 0.0 0.0
0.478993 -0.309227 -0.821550
-0.147197 0.894354 -0.422451
0.865390 0.323280 0.382872
2.226425 1.972064 -2.319886
1679.960340 0.0 0.0
0.384296 -0.293508 -0.875311
-0.178161 0.906718 -0.382259
0.905856 0.302847 0.296156
2.488873 1.874658 -2.070948
228.380387 0.0 0.0
0.943680 -0.178827 0.278369
0.295155 0.074825 -0.952515
0.149507 0.981031 0.123393
-1.894215 3.069911 -0.212899
1672.254251 0.0 0.0
0.197305 -0.914009 0.354483
0.309703 -0.284959 -0.907128
0.930137 0.288766 0.226848
-1.797132 2.675140 -1.861216
1692.162849 0.0 0.0
-0.294468 -0.146639 -0.944344
-0.141367 0.983970 -0.108711
0.945147 0.101487 -0.310478
3.410362 0.963455 -0.193796
1679.167158 0.0 0.0
-0.425067 -0.108506 -0.898635
-0.124761 0.990337 -0.060565
0.896523 0.086371 -0.434497
3.382268 0.798744 0.275195
1695.380263 0.0 0.0
-0.485615 -0.090729 -0.869452
-0.122561 0.991842 -0.035047
0.865538 0.089542 -0.492773
3.349221 0.713754 0.498639
0.789417 -0.422961 3.375523
34 64 36
20 20 865 -105.21 58.95 23 984 -197.10 47.43 19 849 -54.86 18.06 22 875 -194.35 9.28 17 804 -109.03 -42.45 18 947 -62.33 34.52 14 704 77.36 -83.88 15 798 23.28 27.43 16 842 25.77 33.15 12 697 35.05 6.28 13 751 82.26 51.02 9 739 17.44 20.62 10 745 96.73 -9.38 11 607 54.58 -25.26 7 790 119.90 18.12 8 693 109.93 25.81 5 493 214.91 43.92 6 643 160.48 54.27 4 314 196.86 68.81 3 282 212.00 82.09
0.789417 -0.422961 3.375523
34 64 36
20 20 866 -105.21 58.95 23 983 -197.10 47.43 19 848 -54.86 18.06 22 874 -194.35 9.28 17 803 -109.03 -42.45 18 946 -62.33 34.52 14 705 77.36 -83.88 15 799 23.28 27.43 16 843 25.77 33.15 12 698 35.05 6.28 13 752 82.26 51.02 9 740 17.44 20.62 10 746 96.73 -9.38 11 608 54.58 -25.26 7 791 119.90 18.12 8 694 109.93 25.81 5 494 214.91 43.92 6 644 160.48 54.27 4 315 196.86 68.81 3 283 212.00 82.09
0.755696 -0.386689 3.739332
183 33 40
2 20 689 -98.80 285.31 23 752 162.95 270.27
0.818090 -0.377316 3.344397
174 31 40
17 20 514 -30.60 273.42 23 750 -148.42 261.66 22 621 -141.69 217.51 17 559 -14.96 178.53 18 503 23.44 257.09 14 431 207.21 172.48 16 524 149.36 293.82 12 367 148.02 259.82 13 477 207.54 318.69 9 444 102.02 259.55 10 404 189.12 233.38 7 240 189.51 256.07 8 182 184.81 267.44 5 283 264.76 283.43 6 262 219.67 295.38 4 293 238.76 312.76 21 346 -105.21 318.13
0.805120 -0.385032 3.355380
154 166 178
21 20 967 -75.09 229.02 23 1253 -179.03 219.27 19 1087 -21.00 190.18 22 1122 -175.00 176.26 24 1118 -125.83 237.11 17 886 -71.78 129.86 18 1053 -28.97 208.71 14 770 134.64 112.97 15 868 71.78 225.13 16 908 77.31 235.39 12 752 82.61 200.09 13 802 135.88 255.55 9 905 52.10 202.92 10 805 134.41 175.58 11 668 98.20 155.30 7 866 148.74 199.87 8 780 141.19 210.54 5 784 237.64 229.33 6 759 186.59 240.48 4 840 216.12 258.42 21 1070 -127.37 279.36
0.805113 -0.384974 3.355390
154 166 178
19 20 968 -75.09 229.02 23 1252 -179.03 219.27 19 1086 -21.00 190.18 22 1123 -175.00 176.26 17 887 -71.78 129.86 18 1054 -28.97 208.71 14 769 134.64 112.97 15 869 71.78 225.13 16 909 77.31 235.39 12 753 82.61 200.09 13 801 135.88 255.55 9 906 52.10 202.92 10 806 134.41 175.58 11 669 98.20 155.30 7 867 148.74 199.87 8 781 141.19 210.54 5 785 237.64 229.33 6 760 186.59 240.48 4 841 216.12 258.42
0.817994 -0.422615 3.351736
158 163 156
21 20 1007 8.04 78.62 23 1155 -113.45 62.10 19 1112 69.26 38.60 22 1156 -103.67 24.47 24 1159 -66.37 74.16 17 920 35.14 -14.06 18 1083 71.31 61.95 14 791 249.34 -34.05 15 787 193.48 71.40 16 928 198.63 69.94 12 774 190.55 66.86 13 743 251.34 109.80 9 926 135.92 90.77 10 824 227.53 58.89 11 686 190.17 37.12 7 897 216.04 95.26 8 805 211.40 102.11 5 823 279.67 127.39 6 908 237.47 135.76 4 880 252.75 154.09 21 1108 -88.71 130.05
0.810667 -0.410980 3.356280
164 162 167
19 20 1150 -28.16 124.80 23 1376 -140.33 110.93 19 1180 29.35 84.94 22 1246 -133.25 71.35 17 986 -13.75 28.06 18 1145 26.37 105.59 14 779 192.19 5.09 15 935 135.44 113.68 16 990 141.22 117.27 12 833 137.12 99.59 13 810 194.03 145.90 9 918 95.15 114.96 10 866 181.10 84.53 11 732 144.46 64.68 7 974 183.34 115.92 8 889 177.21 123.71 5 941 257.69 146.00 6 904 211.85 155.52 4 1000 233.09 173.26
0.787419 -0.457520 3.384633
160 161 166
20 20 1113 -87.85 -86.07 23 1300 -181.85 -97.46 19 1130 -36.16 -128.95 22 1166 -176.57 -133.00 24 1300 -132.80 -85.21 17 933 -84.48 -187.48 18 1099 -38.12 -112.12 14 801 99.56 -240.25 15 820 49.31 -131.69 16 943 50.35 -133.56 12 802 60.86 -142.36 13 832 107.04 -108.00 9 937 41.66 -113.14 10 836 122.35 -147.26 11 710 75.58 -163.39 7 919 140.20 -110.59 8 901 130.45 -106.65 5 961 227.97 -79.71 6 929 175.52 -72.90 4 1028 209.24 -56.78
0.794957 -0.404064 3.366941
162 174 74
20 20 853 -98.11 142.08 23 971 -193.53 132.48 19 837 -47.21 102.28 22 864 -190.80 92.26 24 947 -140.43 149.29 17 687 -101.46 40.43 18 797 -55.80 118.79 14 615 91.79 8.97 15 664 34.02 121.03 16 725 38.05 129.44 12 680 45.57 97.79 13 657 95.22 146.96 9 731 24.43 106.89 10 630 104.36 77.90 11 496 64.84 59.82 7 638 125.13 103.72 8 682 116.24 112.74 5 641 218.81 131.78 6 631 165.10 141.95 21 892 -145.12 198.88
0.820112 -0.412660 3.349087
158 162 163
19 20 1097 6.75 123.05 23 1278 -115.47 104.89 19 1106 68.14 84.07 22 1140 -105.80 66.55 17 910 32.85 31.81 18 1073 69.22 107.94 14 782 251.36 16.06 15 881 192.76 122.79 16 925 198.79 123.19 12 834 191.51 113.78 13 811 252.93 159.55 9 915 138.39 130.94 10 816 228.59 100.78 11 682 192.61 79.10 7 883 219.79 131.66 8 798 215.71 139.47 5 803 283.41 161.11 6 774 241.80 170.75 21 1088 -87.64 168.83
0.799252 -0.471702 3.377366
224 150 141
15 20 109 -26.61 -139.89 23 125 -131.50 -159.70 19 98 30.25 -183.27 22 113 -122.96 -191.31 17 283 -8.82 -233.73 18 353 33.24 -160.61 14 210 181.08 -276.75 15 253 134.47 -174.68 16 307 135.46 -183.36 12 260 135.18 -169.52 13 241 187.47 -141.15 9 95 99.41 -130.52 10 290 185.99 -167.35 7 97 187.36 -122.91 6 110 211.92 -83.54
0.810270 -0.400049 3.355233
161 164 157
19 20 1076 -38.61 169.66 23 1364 -146.80 156.72 19 1095 16.84 130.45 22 1232 -140.75 116.16 24 1342 -96.04 172.24 17 902 -29.57 72.80 18 1068 11.63 150.66 14 681 177.53 53.31 15 764 119.15 163.14 16 919 124.32 169.07 12 759 122.53 144.84 13 721 179.20 194.97 9 829 83.91 154.75 10 814 169.51 126.43 11 678 132.88 105.90 7 881 174.33 153.59 8 787 168.02 162.81 6 768 205.62 192.53 21 1250 -109.07 219.94
0.812696 -0.428280 3.356983
150 169 133
18 20 867 -8.23 50.33 23 985 -123.66 31.25 19 850 51.17 10.19 22 878 -114.98 -4.60 24 954 -76.20 42.78 17 807 13.11 -41.85 18 948 51.65 33.67 14 711 220.89 -65.36 15 682 166.58 39.68 16 846 170.65 37.85 12 693 166.15 35.06 9 850 119.57 59.35 10 741 208.47 27.38 11 601 169.73 6.44 7 787 203.93 63.28 8 689 198.53 69.63 6 792 226.75 103.74 21 688 -98.53 100.26
0.810718 -0.410891 3.356430
164 162 167
19 20 1149 -28.16 124.80 23 1375 -140.33 110.93 19 1179 29.35 84.94 22 1245 -133.25 71.35 24 1349 -90.96 125.61 17 987 -13.75 28.06 18 1144 26.37 105.59 14 778 192.19 5.09 15 936 135.44 113.68 16 991 141.22 117.27 12 832 137.12 99.59 13 809 194.03 145.90 9 917 95.15 114.96 10 865 181.10 84.53 11 731 144.46 64.68 7 975 183.34 115.92 8 890 177.21 123.71 6 905 211.85 155.52 21 1267 -107.38 176.76
0.798282 -0.418063 3.366836
26 65 36
18 20 1101 -73.80 84.71 23 1284 -173.29 72.31 19 1110 -21.18 44.16 22 1146 -168.80 33.78 24 1289 -122.05 87.04 17 991 -70.51 -15.19 18 1078 -26.33 62.04 14 788 124.47 -48.48 15 887 68.93 61.58 16 927 71.96 65.94 12 841 78.06 45.86 13 821 128.67 90.28 9 928 51.87 62.98 10 825 133.64 32.26 11 690 93.16 13.85 7 904 149.10 63.63 8 809 140.67 71.34 6 912 185.64 102.93
0.819312 -0.379416 3.343922
151 169 194
11 20 44 -24.48 265.09 23 48 -143.42 252.83 17 238 -8.08 170.33 14 178 214.92 164.01 15 234 150.68 275.39 16 257 157.49 284.62 12 233 155.00 252.50 13 219 215.45 310.39 9 49 107.89 253.38 10 41 194.79 226.91 7 47 194.64 250.68
0.825811 -0.417426 3.345282
140 162 52
14 20 362 33.97 105.43 23 87 -94.03 84.73 19 335 97.83 65.90 17 426 66.45 16.34 18 526 101.26 92.55 14 438 288.77 4.56 16 421 237.42 106.80 12 376 224.88 105.16 13 374 289.44 149.23 9 275 164.70 126.57 10 268 257.68 95.94 11 282 222.30 73.42 7 64 241.86 131.43 8 199 239.22 138.97
0.764312 -0.385190 3.734065
160 35 42
2 20 341 -66.35 291.36 23 40 190.81 284.15
0.785136 -0.454271 3.385783
170 36 45
16 20 562 -96.37 -72.63 23 498 -187.36 -83.46 19 557 -45.39 -115.61 22 668 -183.92 -118.87 17 445 -97.24 -175.37 18 544 -50.13 -99.44 14 449 82.70 -230.05 15 469 34.84 -120.63 16 553 35.58 -120.36 12 396 43.60 -133.59 13 497 89.67 -98.53 9 468 26.05 -107.01 10 424 105.98 -140.51 11 294 61.12 -155.73 7 291 126.66 -105.64 8 222 116.37 -101.32
0.757807 -0.378072 3.735485
171 35 40
2 20 682 -98.31 325.96 23 738 162.30 304.24
0.759383 -0.381616 3.736145
180 39 47
2 20 686 -88.69 308.49 23 741 171.49 293.25
0.819584 -0.435850 3.353381
27 63 37
17 20 869 24.89 22.59 23 987 -98.23 0.42 19 855 87.46 -17.80 22 882 -87.30 -34.41 17 813 55.07 -65.32 18 815 91.20 8.30 14 621 268.50 -86.06 15 685 214.49 16.84 16 742 219.80 11.35 12 701 209.30 18.60 13 667 270.99 56.39 9 622 153.64 46.17 10 637 245.78 13.74 11 503 207.62 -7.32 7 467 232.04 51.11 8 405 228.18 57.00 21 692 -78.71 70.37
0.817226 -0.408780 3.350127
29 64 34
18 20 857 -6.83 136.94 23 773 -125.16 118.78 19 839 53.14 97.87 22 866 -116.76 80.45 24 766 -76.25 131.39 17 689 14.94 44.61 18 799 52.48 121.26 14 616 230.50 29.02 15 661 171.47 136.23 16 728 177.24 138.08 12 681 172.21 125.29 13 656 232.16 172.14 9 727 123.23 139.61 10 629 212.17 110.34 11 495 175.95 89.31 7 632 207.31 140.42 8 549 202.38 148.25 21 361 -94.28 182.54
0.825286 -0.400772 3.343077
28 61 30
16 20 847 17.84 177.73 23 1132 -108.28 159.92 19 975 80.31 138.75 22 1010 -98.32 120.18 17 788 45.60 85.06 18 926 81.10 163.22 14 610 270.24 76.16 15 767 209.32 184.44 16 813 216.44 186.92 12 673 207.22 172.87 13 723 271.10 222.72 9 717 150.36 186.16 10 716 241.59 157.31 11 579 207.11 134.15 7 763 230.47 188.19 8 661 226.96 196.82
0.798491 -0.399736 3.361332
25 65 38
16 20 1084 -93.95 160.15 23 1360 -193.74 150.57 19 983 -36.60 122.58 22 1230 -190.13 109.31 17 905 -87.98 62.31 18 1066 -45.67 139.24 14 678 112.91 36.69 15 770 53.27 148.27 16 820 57.06 156.48 12 677 66.74 127.55 13 727 116.74 177.35 9 725 41.03 136.09 10 718 121.89 106.88 11 583 83.56 87.79 7 771 139.58 133.45 8 678 131.36 143.06
0.815019 -0.419272 3.353970
149 174 116
18 20 864 -7.39 90.99 23 777 -125.08 75.71 19 847 52.21 51.12 22 869 -116.13 37.13 24 775 -76.95 88.62 17 695 14.72 -2.75 18 806 52.65 73.74 14 619 227.24 -24.10 15 674 169.77 82.86 16 735 174.70 82.78 12 688 170.84 74.69 13 663 229.67 118.26 9 735 123.62 95.11 10 634 212.27 64.36 11 499 174.74 42.94 7 778 208.80 97.60 8 683 203.60 104.58 21 679 -96.98 142.97
0.810517 -0.400090 3.355522
161 164 157
14 20 1077 -38.61 169.66 23 1365 -146.80 156.72 19 1096 16.84 130.45 22 1233 -140.75 116.16 24 1343 -96.04 172.24 17 901 -29.57 72.80 18 1069 11.63 150.66 14 682 177.53 53.31 15 765 119.15 163.14 16 920 124.32 169.07 12 760 122.53 144.84 13 722 179.20 194.97 10 815 169.51 126.43 11 679 132.88 105.90
0.784904 -0.436128 3.382259
170 41 42
17 20 1014 -112.13 3.17 23 1160 -201.07 -5.90 19 1000 -62.65 -38.88 22 1029 -198.57 -43.65 24 1170 -149.15 8.75 17 924 -117.54 -101.61 18 1093 -69.73 -24.64 14 795 63.42 -152.97 15 890 12.31 -41.23 16 937 13.76 -36.54 12 790 24.07 -60.31 13 825 69.33 -20.77 9 935 8.97 -41.31 10 830 87.94 -72.48 11 699 43.91 -88.65 7 913 113.04 -41.68 8 823 102.30 -36.36
0.755696 -0.386689 3.739332
183 33 40
2 20 688 -98.80 285.31 23 751 162.95 270.27
0.825766 -0.417449 3.345289
140 162 52
12 20 363 33.97 105.43 23 88 -94.03 84.73 19 336 97.83 65.90 17 425 66.45 16.34 18 525 101.26 92.55 14 332 288.33 3.98 16 422 237.42 106.80 12 377 224.88 105.16 13 375 289.44 149.23 9 274 164.70 126.57 10 267 257.68 95.94 11 283 222.30 73.42
0.816321 -0.352863 3.340945
158 172 195
10 20 499 -60.77 376.38 23 412 -174.42 366.24 22 598 -169.51 319.97 14 504 172.64 284.62 15 433 101.70 398.80 16 611 108.83 415.25 12 469 114.25 365.15 13 553 172.03 433.99 9 429 75.47 350.24 11 364 127.98 306.68
0.827927 -0.438391 3.348336
23 61 36
15 20 1015 62.93 16.24 23 1163 -67.25 -10.02 19 998 128.51 -23.66 22 1031 -54.58 -43.71 17 814 99.36 -67.69 18 955 134.17 5.87 14 622 316.02 -82.77 15 804 264.32 19.47 16 851 271.85 10.90 12 702 250.98 24.70 13 668 317.28 61.42 9 623 184.58 54.48 10 638 280.36 21.55 11 504 243.51 -0.40 21 924 -53.52 59.05
0.797690 -0.525945 3.392746
185 135 112
13 20 907 12.76 -370.18 23 1058 -94.42 -395.81 19 1035 71.35 -414.14 22 933 -82.89 -422.48 17 848 37.55 -453.21 18 993 80.24 -386.69 14 639 214.95 -501.53 15 708 179.94 -407.61 16 773 179.95 -431.36 12 638 170.35 -383.53 13 614 224.21 -369.59 9 661 129.00 -327.00 10 675 219.44 -370.44
0.797470 -0.386701 3.361107
135 175 122
16 20 975 -104.72 217.06 23 1119 -201.90 207.94 19 968 -53.47 178.57 22 990 -199.48 165.27 24 1116 -147.42 226.23 17 778 -108.70 116.28 18 916 -63.55 195.18 14 670 91.76 94.10 15 752 29.23 206.91 16 804 33.53 218.31 12 668 43.83 179.38 13 713 93.58 234.32 9 817 23.02 181.33 10 714 102.81 154.14 11 576 64.92 135.18 21 882 -146.83 269.34
0.811317 -0.391540 3.351841
137 171 124
16 20 978 -44.43 206.21 23 1121 -155.18 193.15 19 971 11.99 167.93 22 997 -149.44 151.75 24 1122 -103.46 209.63 17 781 -33.44 110.04 18 923 6.80 188.22 14 672 178.14 94.88 15 756 116.81 205.58 16 809 122.39 213.08 12 671 123.47 185.11 13 717 179.88 238.29 9 819 83.85 191.28 10 712 169.22 163.63 11 577 133.57 142.76 21 887 -113.11 254.06
0.803596 -0.427921 3.363381
23 63 37
15 20 1109 -47.02 46.07 23 1382 -154.60 31.90 19 1121 10.32 5.76 22 1253 -148.18 -5.56 24 1360 -104.13 44.71 17 922 -32.62 -49.80 18 1089 7.64 25.73 14 708 169.13 -80.28 15 800 115.41 27.59 16 936 116.34 26.79 12 700 122.00 19.61 13 753 173.69 58.94 9 848 84.94 41.07 10 739 170.57 9.62 11 610 130.51 -10.03
0.789630 -0.484127 3.389117
101 142 186
13 20 394 -54.30 -195.87 23 136 -151.78 -212.27 19 383 -0.43 -239.58 22 132 -144.81 -243.38 17 303 -43.97 -292.60 18 376 0.82 -219.17 14 225 135.46 -348.40 15 264 92.24 -244.17 16 444 91.90 -252.48 12 278 94.30 -243.19 13 257 143.24 -216.25 10 139 151.60 -240.82 11 108 103.80 -256.65
0.782514 -0.451913 3.387434
169 37 48
13 20 1020 -108.89 -65.00 23 996 -196.91 -74.73 19 1009 -59.26 -107.51 22 1039 -193.65 -111.20 17 824 -112.67 -168.51 18 963 -64.68 -92.75 14 726 64.52 -223.94 15 812 16.24 -113.53 16 861 16.71 -112.18 12 800 27.41 -129.19 13 764 72.15 -92.87 10 759 92.09 -138.82 11 622 45.86 -152.98
0.814411 -0.524649 3.382747
127 183 235
10 20 430 81.90 -357.59 23 194 -36.59 -391.37 19 444 145.40 -400.68 22 472 -22.58 -414.91 24 236 2.14 -392.14 17 328 115.30 -428.77 18 421 155.53 -365.35 15 286 264.39 -371.82 16 340 269.73 -401.02 21 241 -48.68 -299.13
0.816251 -0.352744 3.340628
158 172 195
9 20 498 -60.77 376.38 23 413 -174.42 366.24 22 599 -169.51 319.97 14 503 172.64 284.62 15 432 101.70 398.80 16 610 108.83 415.25 12 468 114.25 365.15 13 552 172.03 433.99 11 363 127.98 306.68
0.805924 -0.418617 3.360383
28 60 31
13 20 1006 -44.23 87.16 23 1287 -152.50 72.44 19 996 12.15 47.39 22 1147 -146.21 34.28 24 1157 -102.73 85.89 17 914 -31.23 -8.03 18 943 9.44 67.91 14 701 173.62 -34.82 15 786 116.77 72.98 16 836 121.15 75.65 12 780 122.02 61.00 13 742 177.33 105.66 11 598 132.22 29.27
0.809084 -0.491481 3.373510
33 82 138
12 20 1116 29.47 -220.35 23 1308 -85.95 -246.29 19 1132 91.66 -263.50 22 1175 -74.25 -274.64 24 1304 -44.03 -242.24 17 938 59.90 -303.90 18 1103 97.70 -234.38 15 826 212.00 -243.57 16 881 214.32 -262.04 12 721 202.14 -223.35 13 776 260.15 -201.01 11 633 198.51 -232.49
0.809084 -0.491481 3.373510
33 82 138
12 20 1117 29.47 -220.35 23 1309 -85.95 -246.29 19 1133 91.66 -263.50 22 1176 -74.25 -274.64 24 1305 -44.03 -242.24 17 939 59.90 -303.90 18 1104 97.70 -234.38 15 827 212.00 -243.57 16 882 214.32 -262.04 12 722 202.14 -223.35 13 777 260.15 -201.01 11 634 198.51 -232.49
0.808730 -0.530075 3.385254
36 82 127
6 20 198 63.46 -386.33 23 226 -51.32 -418.78 17 157 95.48 -459.33 18 216 136.15 -395.72 14 101 273.64 -495.56 13 139 280.20 -358.82
0.794367 -0.484746 3.385000
23 82 142
12 20 583 -34.60 -197.25 23 520 -136.12 -215.55 19 581 21.20 -241.00 22 413 -128.11 -246.96 17 472 -19.24 -291.08 18 567 23.97 -218.90 14 463 163.59 -342.09 15 484 119.95 -239.74 16 566 120.27 -250.16 12 414 119.67 -235.93 13 512 170.68 -209.03 21 140 -119.56 -127.95
0.822848 -0.483381 3.366141
166 161 170
11 20 747 79.23 -178.16 23 807 -45.71 -209.36 19 876 144.83 -218.52 22 1059 -30.43 -234.09 24 1199 -2.96 -204.62 17 594 115.22 -254.31 18 832 153.62 -185.00 14 458 313.66 -276.71 15 582 272.97 -183.38 16 663 279.13 -204.27 21 940 -44.01 -126.82
0.805228 -0.489588 3.376185
111 158 205
10 20 1029 11.90 -214.02 23 1191 -101.12 -237.18 22 1064 -89.41 -266.82 17 837 39.31 -300.73 18 983 79.55 -230.67 14 554 232.80 -340.53 15 699 189.04 -242.84 16 765 190.95 -258.74 12 628 182.14 -226.67 21 1142 -92.24 -149.60
0.805228 -0.489588 3.376185
111 158 205
10 20 1028 11.90 -214.02 23 1190 -101.12 -237.18 22 1063 -89.41 -266.82 17 836 39.31 -300.73 18 982 79.55 -230.67 14 553 232.80 -340.53 15 698 189.04 -242.84 16 764 190.95 -258.74 12 629 182.14 -226.67 21 1141 -92.24 -149.60
0.807586 -0.526229 3.384699
34 80 128
9 20 429 54.26 -370.38 23 193 -61.27 -401.02 24 235 -21.89 -400.53 18 420 126.49 -381.48 14 97 267.92 -483.04 15 294 234.06 -393.77 16 347 236.08 -421.42 13 122 274.71 -345.95 21 239 -68.48 -305.31
0.810391 -0.527644 3.382488
32 85 128
6 20 164 67.86 -374.58 23 196 -49.59 -406.78 19 171 131.60 -418.16 15 296 250.17 -393.88 16 350 253.68 -422.85 13 124 290.04 -343.46
0.800048 -0.390575 3.359098
29 61 40
11 20 977 -91.83 202.40 23 1251 -193.13 192.37 19 970 -38.33 164.30 22 1128 -189.72 150.10 24 1254 -140.05 209.97 17 889 -90.25 104.06 18 922 -46.43 181.76 15 753 51.94 195.13 16 806 55.32 204.36 13 718 115.46 223.24 21 1075 -141.93 254.27
0.803973 -0.528567 3.387652
27 82 144
9 20 428 41.75 -380.02 23 192 -70.52 -408.41 19 450 102.78 -424.40 22 186 -57.83 -433.54 17 337 71.54 -458.33 18 429 112.83 -393.03 14 382 250.33 -499.69 15 494 219.68 -410.98 16 579 220.28 -436.95
0.794253 -0.484508 3.384115
23 82 142
10 20 584 -34.60 -197.25 23 521 -136.12 -215.55 19 580 21.20 -241.00 22 412 -128.11 -246.96 17 473 -19.24 -291.08 18 568 23.97 -218.90 14 464 163.59 -342.09 15 485 119.95 -239.74 16 567 120.27 -250.16 21 141 -119.56 -127.95
0.791352 -0.402612 3.370967
165 166 163
10 20 994 -115.55 147.63 23 1131 -207.05 138.32 19 980 -65.52 107.65 22 1009 -205.29 97.54 24 1141 -153.09 155.56 17 790 -122.90 44.85 18 931 -75.82 123.15 14 689 66.63 11.60 15 777 9.29 124.59 16 817 12.78 134.25
0.791352 -0.402612 3.370967
165 166 163
10 20 993 -115.55 147.63 23 1130 -207.05 138.32 19 981 -65.52 107.65 22 1008 -205.29 97.54 24 1140 -153.09 155.56 17 791 -122.90 44.85 18 932 -75.82 123.15 14 690 66.63 11.60 15 778 9.29 124.59 16 818 12.78 134.25
0.818000 -0.422538 3.351349
158 163 156
11 20 1008 8.04 78.62 23 1154 -113.45 62.10 19 1111 69.26 38.60 22 1155 -103.67 24.47 24 1158 -66.37 74.16 17 919 35.14 -14.06 18 1084 71.31 61.95 14 792 249.34 -34.05 15 788 193.48 71.40 16 929 198.63 69.94 21 1107 -88.71 130.05
0.801217 -0.405033 3.362222
162 165 163
10 20 1148 -74.36 142.55 23 1363 -176.74 131.01 19 1176 -20.77 103.23 22 1242 -172.26 90.53 24 1346 -124.57 146.62 17 981 -69.83 43.97 18 1143 -26.89 121.40 14 832 132.43 17.98 15 934 72.53 128.09 16 989 76.30 134.66
0.824066 -0.513247 3.376958
225 108 95
12 20 139 113.57 -302.83 23 171 -8.97 -339.85 19 139 178.10 -344.37 22 459 4.94 -362.54 24 195 30.89 -341.71 17 144 146.08 -370.20 18 408 186.46 -306.83 25 193 -38.98 -393.56 26 205 -56.56 -421.14 15 134 297.84 -304.94 16 335 306.58 -334.00 21 223 -21.67 -255.01
0.824688 -0.485842 3.366031
174 48 50
8 20 578 90.17 -186.01 23 808 -35.49 -217.80 22 698 -21.47 -244.94 24 804 5.23 -215.28 17 468 126.81 -261.23 18 569 163.44 -194.39 15 381 283.32 -190.40 21 483 -37.67 -135.92
0.816864 -0.528309 3.383768
18 79 142
11 20 910 95.49 -371.67 23 1202 -23.05 -408.46 19 898 159.14 -413.61 22 1076 -8.83 -429.66 24 1209 15.62 -410.80 17 727 128.72 -438.46 18 849 169.51 -376.10 25 1207 -49.10 -464.01 15 596 277.69 -381.97 16 772 283.62 -412.50 21 970 -38.02 -318.38
0.803042 -0.414786 3.362963
135 172 120
9 20 1001 -58.60 102.95 23 1147 -163.20 89.67 19 994 -4.00 63.01 22 1022 -158.16 50.83 24 1149 -112.58 104.25 17 796 -50.14 5.30 18 941 -7.92 82.29 15 785 94.24 86.14 16 835 97.60 90.09
0.818715 -0.477867 3.363854
158 25 30
8 20 1155 57.05 -157.12 23 1435 -68.60 -184.77 19 1190 121.69 -199.09 22 1310 -54.53 -213.85 17 1004 93.24 -237.63 18 1162 130.59 -168.33 15 899 252.41 -165.99 16 944 257.99 -184.22
0.812723 -0.372366 3.347329
156 38 44
5 20 27 -55.57 288.57 23 31 -166.63 278.13 22 27 -160.51 233.62 18 45 -6.67 271.08 16 252 108.10 308.79
0.852950 -0.459843 3.364376
159 21 26
7 20 877 190.48 -52.16 23 1173 70.12 -86.48 19 862 255.54 -88.84 22 1043 78.28 -114.70 17 438 211.22 -115.62 18 694 254.29 -50.35 16 287 384.86 -44.43
0.852120 -0.482701 3.378717
167 112 89
7 20 742 210.86 -147.83 23 1017 96.72 -189.81 19 747 272.85 -184.06 22 906 105.08 -211.36 17 269 222.07 -203.02 18 557 269.58 -141.97 16 296 386.19 -146.52
0.819460 -0.509837 3.375981
195 75 74
8 20 136 90.15 -291.21 23 168 -31.60 -325.34 19 420 154.02 -333.82 22 153 -17.57 -349.51 24 552 8.64 -325.51 18 407 163.85 -298.45 25 187 -58.88 -374.94 16 333 283.18 -326.67
0.809657 -0.374063 3.348701
175 38 44
6 20 349 -66.84 278.87 23 436 -175.74 268.71 22 336 -171.81 224.58 17 236 -59.61 180.68 18 502 -19.95 260.26 16 412 94.52 295.56
0.855703 -0.461280 3.367071
213 134 88
7 20 879 204.90 -55.53 23 1174 85.08 -93.23 19 864 269.25 -91.37 22 1044 93.92 -118.88 17 581 221.94 -115.71 18 819 266.77 -51.58 16 430 393.31 -45.24
0.793356 -0.523560 3.393762
176 137 119
5 20 633 -5.50 -363.94 23 580 -108.22 -387.64 17 482 16.01 -450.88 18 590 59.93 -382.32 16 457 154.97 -430.21
0.803846 -0.564197 3.400236
146 104 59
6 20 471 72.78 -530.32 23 660 -37.30 -567.24 19 476 134.42 -575.29 22 557 -22.70 -587.44 18 456 146.90 -537.90 16 476 247.60 -590.22
0.792326 -0.469408 3.382957
189 140 132
8 20 569 -55.39 -134.73 23 795 -154.18 -150.71 19 565 -1.41 -178.41 22 684 -147.62 -183.69 24 792 -107.08 -140.57 17 590 -45.26 -231.83 18 552 -1.08 -158.04 16 558 92.90 -183.44
0.885245 -0.374864 3.342210
165 32 30
4 20 330 253.32 323.51 23 740 136.55 300.13 22 319 137.78 261.74 21 637 149.06 333.08
0.817308 -0.408813 3.349748
29 64 34
9 20 858 -6.83 136.94 23 772 -125.16 118.78 19 840 53.14 97.87 22 865 -116.76 80.45 24 765 -76.25 131.39 17 690 14.94 44.61 18 800 52.48 121.26 16 729 177.24 138.08 21 360 -94.28 182.54
0.793655 -0.478766 3.384494
92 23 45
8 20 1025 -41.90 -173.49 23 1305 -141.94 -191.60 19 1021 12.47 -216.74 22 1172 -134.38 -223.23 24 1196 -95.98 -182.95 17 831 -29.78 -268.46 18 980 14.05 -195.63 16 875 110.14 -225.39
0.793544 -0.409075 3.370777
28 63 40
7 20 1094 -100.65 122.59 23 1276 -194.65 113.78 19 1102 -49.37 81.89 24 1273 -142.00 130.23 17 985 -105.43 18.79 18 1140 -58.58 97.94 16 923 32.62 104.89
0.861591 -0.457830 3.373211
155 24 21
12 20 731 230.43 -34.80 23 1176 119.55 -73.16 19 737 292.40 -69.06 22 894 124.76 -98.22 24 1185 170.02 -74.10 17 434 234.17 -92.81 18 529 283.28 -29.27 25 1313 103.10 -127.49 26 1443 84.47 -156.76 29 1444 -37.58 -186.06 30 1333 -55.38 -171.93 31 1520 -124.40 -70.60
0.794440 -0.470166 3.381890
142 27 30
7 20 383 -45.83 -137.16 23 120 -146.41 -152.32 19 566 8.59 -181.42 22 110 -139.42 -185.79 24 170 -100.13 -143.12 17 459 -33.94 -234.27 18 553 9.68 -160.55
0.801805 -0.567579 3.402456
161 102 58
7 20 477 68.03 -546.96 23 665 -41.45 -581.52 19 643 129.73 -591.88 22 558 -27.07 -601.68 17 504 98.88 -614.81 18 458 141.45 -553.74 21 283 -60.59 -477.88
0.799163 -0.408689 3.365352
166 172 61
5 20 712 -79.17 126.48 23 770 -179.27 115.25 22 638 -175.09 75.96 17 571 -76.42 27.50 18 679 -32.59 105.24
0.819880 -0.534029 3.385732
176 143 108
6 20 914 113.85 -391.33 23 1203 -4.69 -429.89 19 901 178.17 -433.78 22 1187 10.90 -451.89 17 615 146.11 -453.89 21 978 -25.13 -339.62
0.803255 -0.527000 3.389122
51 122 191
5 20 908 38.19 -373.13 23 1059 -73.33 -402.00 19 900 99.05 -417.82 22 934 -60.08 -426.90 17 728 66.49 -451.74
0.813579 -0.395380 3.348558
26 61 37
7 20 986 -33.79 190.24 23 1261 -148.67 176.44 19 974 25.02 152.24 22 1129 -141.62 135.38 24 1255 -98.04 192.36 17 903 -17.83 95.52 18 925 21.25 173.24
0.818346 -0.442418 3.354698
163 162 168
7 20 1219 26.40 -6.95 23 1482 -98.48 -25.22 19 1262 89.36 -48.75 22 1386 -85.96 -61.07 24 1453 -53.03 -15.33 17 1092 53.84 -97.45 18 1264 92.56 -22.82
0.799482 -0.533938 3.393584
71 13 20
6 20 1225 28.97 -404.16 23 1486 -78.88 -432.65 19 1275 88.79 -449.85 22 1363 -66.86 -456.81 17 1099 55.50 -485.06 18 1268 98.02 -419.79
0.832479 -0.477070 3.367236
165 164 160
6 20 1249 117.90 -140.67 23 1532 -5.77 -176.03 19 1303 181.38 -179.01 22 1413 6.40 -203.09 17 1127 144.81 -212.97 18 1300 185.79 -145.38
0.792481 -0.405720 3.370308
31 60 30
6 20 523 -107.90 135.90 23 469 -201.60 127.15 19 530 -57.63 95.64 22 360 -199.26 86.44 24 97 -148.38 144.61 18 523 -66.41 111.51
0.864549 -0.457126 3.376979
147 24 25
11 20 548 243.43 -28.41 23 1002 136.49 -67.62 19 548 304.04 -62.13 22 885 140.33 -91.95 24 974 188.13 -69.03 18 534 293.16 -21.49 25 1108 124.55 -122.82 26 1444 107.07 -152.95 27 1439 111.75 -173.11 28 1391 32.60 -177.16 29 1445 -14.51 -185.98
0.860575 -0.460519 3.372270
175 97 66
5 20 880 226.37 -48.54 23 1177 113.32 -87.62 19 865 289.13 -82.69 22 1046 120.38 -111.80 18 696 282.97 -41.54
0.792460 -0.457435 3.380518
172 34 40
5 20 733 -64.96 -84.39 23 787 -163.14 -98.61 19 739 -10.73 -127.32 24 784 -115.39 -87.03 18 700 -11.92 -108.36
0.838798 -0.511413 3.381599
192 124 87
6 20 901 176.06 -279.62 23 1195 58.34 -323.68 19 888 240.46 -317.98 22 1068 70.12 -344.25 24 1204 100.07 -329.34 18 840 243.77 -275.04
0.842296 -0.542062 3.408659
157 23 27
5 20 1037 225.69 -399.40 23 1322 125.48 -451.74 22 1189 133.96 -464.60 24 1315 170.10 -463.06 25 1519 114.83 -529.78
0.878039 -0.371202 3.330776
137 143 123
3 20 1135 214.73 334.70 23 1425 87.26 312.04 22 1299 92.68 271.14
0.830792 -0.509073 3.374180
188 94 74
7 20 1118 136.90 -278.62 23 1393 14.46 -316.98 19 1135 202.57 -319.22 22 1265 27.87 -340.09 24 1374 54.20 -319.68 18 1105 210.32 -279.68 25 1516 -16.93 -373.05
0.793611 -0.408935 3.370370
28 63 40
7 20 1093 -100.65 122.59 23 1275 -194.65 113.78 19 1103 -49.37 81.89 22 1240 -192.14 73.47 24 1272 -142.00 130.23 18 1141 -58.58 97.94 21 1265 -147.82 182.01
0.851622 -0.464791 3.360841
103 28 41
8 20 1184 187.81 -75.31 23 1463 63.32 -110.88 22 1334 74.14 -137.65 18 1154 253.38 -73.77 25 1601 34.81 -162.71 26 1713 11.81 -189.39 27 1713 12.29 -205.25 28 1669 -67.95 -204.32
0.844351 -0.469635 3.362204
157 155 143
3 20 1153 160.84 -101.30 23 1464 33.78 -139.66 18 1157 229.26 -101.14
0.799915 -0.546386 3.396880
146 63 41
4 20 1162 41.68 -457.42 23 1399 -66.59 -488.35 22 1314 -54.29 -509.89 18 1166 112.97 -469.53
0.839746 -0.358511 3.318322
135 150 173
3 20 1198 35.07 360.00 23 1476 -98.98 349.35 22 1349 -89.23 301.31
0.811277 -0.479594 3.364910
158 22 32
6 20 1240 24.72 -170.02 23 1516 -94.91 -193.82 19 1291 88.61 -211.90 22 1397 -83.37 -224.06 24 1484 -53.33 -188.34 18 1286 102.71 -183.56
0.895444 -0.373782 3.365584
174 43 41
4 20 335 307.53 338.01 23 744 212.10 314.22 22 326 205.22 277.82 21 643 229.66 339.18
0.879834 -0.385795 3.339347
70 100 105
3 20 45 237.64 274.28 23 51 114.46 249.41 22 43 117.82 211.94
0.880755 -0.413787 3.366824
144 153 40
3 20 72 274.76 160.82 23 465 169.88 128.45 21 367 174.81 167.16
0.880755 -0.413787 3.366824
144 153 40
3 20 71 274.76 160.82 23 464 169.88 128.45 21 366 174.81 167.16
0.856011 -0.497686 3.394265
125 78 51
5 20 400 243.86 -204.97 23 824 143.18 -251.27 19 121 303.45 -238.89 22 712 147.16 -269.44 24 825 191.94 -258.49
0.856029 -0.497738 3.394393
125 78 51
4 20 401 243.86 -204.97 23 823 143.18 -251.27 19 122 303.45 -238.89 24 824 191.94 -258.49
0.822720 -0.512857 3.375570
150 51 46
6 20 137 105.29 -300.93 23 169 -16.21 -336.89 19 138 169.60 -343.51 22 166 -2.15 -359.63 24 193 23.14 -338.35 25 192 -45.80 -390.34
0.837156 -0.531709 3.390701
192 120 91
9 20 169 187.32 -365.53 23 587 74.76 -412.26 19 155 249.76 -403.98 22 496 87.09 -428.71 24 593 115.01 -420.38 25 623 50.34 -482.27 26 726 32.54 -516.71 27 672 24.66 -536.55 28 611 -46.03 -538.93
0.844065 -0.530106 3.399739
198 115 76
13 20 152 219.61 -349.18 23 588 114.95 -399.11 19 157 280.37 -384.95 22 479 122.92 -414.39 24 577 159.82 -408.86 25 599 100.16 -473.40 26 700 84.96 -511.56 27 673 78.29 -534.49 28 615 8.88 -540.57 29 641 -32.89 -545.31 30 564 -49.03 -509.28 31 649 -113.38 -416.77 33 638 -147.22 -412.93
0.842568 -0.533723 3.400717
223 85 76
8 20 172 216.23 -366.67 23 612 111.11 -416.78 19 160 276.55 -402.84 26 729 81.11 -529.55 27 714 73.87 -552.44 29 647 -35.88 -562.89 30 573 -50.57 -525.87 31 653 -115.36 -433.30
0.846804 -0.532461 3.410489
204 68 54
9 20 186 239.82 -353.23 23 589 142.55 -405.58 24 598 189.89 -416.24 25 968 135.12 -483.79 27 1062 119.13 -549.55 29 1043 11.04 -567.72 30 955 -8.48 -532.85 31 1105 -72.10 -442.72 33 652 -109.47 -440.99
0.835424 -0.536898 3.394283
131 29 31
6 20 199 185.62 -387.91 23 233 74.20 -435.19 19 181 248.39 -426.41 22 201 86.19 -451.49 24 263 114.70 -443.47 26 270 34.71 -541.36
0.841763 -0.538891 3.407360
208 57 59
3 20 213 220.28 -387.64 23 615 119.95 -438.63 22 515 128.71 -452.04
0.845338 -0.543470 3.418143
196 65 51
11 20 221 247.91 -398.02 23 634 154.84 -452.85 24 624 200.91 -465.88 25 977 150.25 -535.08 26 1101 139.04 -578.39 27 1077 133.70 -604.41 29 1087 26.86 -626.15 31 1136 -58.89 -500.81 33 1049 -95.67 -499.09 34 1101 -128.11 -498.84 36 717 -68.50 -501.20
0.844160 -0.546370 3.415283
202 66 51
2 20 227 239.92 -415.11 23 637 145.36 -469.52
0.844099 -0.546581 3.415374
202 66 51
3 20 226 239.92 -415.11 23 636 145.36 -469.52 25 694 137.94 -551.64
0.833822 -0.577209 3.427568
172 130 72
10 20 296 227.28 -553.55 23 680 135.22 -610.92 26 884 117.63 -741.52 27 849 105.41 -766.29 28 798 44.46 -775.73 29 822 7.85 -784.30 30 735 -9.59 -740.66 31 858 -71.40 -653.73 33 801 -103.99 -648.33 34 833 -131.88 -645.33
0.883412 -0.374967 3.339211
175 33 32
4 20 329 244.35 321.63 23 736 124.74 298.10 22 318 126.24 259.28 21 634 137.02 332.62
0.790540 -0.470731 3.384947
121 26 31
3 20 380 -60.18 -142.04 23 119 -158.50 -156.57 19 374 -6.23 -185.56
0.852411 -0.495182 3.383586
108 65 42
12 20 398 220.13 -197.65 23 822 110.24 -242.17 19 387 281.81 -233.07 25 1155 92.63 -306.97 27 1278 72.57 -361.33 28 1194 -2.48 -365.79 29 1265 -45.43 -370.75 31 1021 -127.56 -247.40 33 976 -162.80 -246.75 34 593 -192.62 -248.08 35 520 -148.46 -286.62 36 614 -117.62 -251.86
0.850823 -0.503350 3.390037
101 63 37
4 20 402 224.68 -233.52 23 834 117.34 -279.77 19 395 285.05 -269.28 24 826 164.04 -286.58
0.845716 -0.508746 3.385622
95 50 24
5 20 604 204.47 -261.56 23 843 93.59 -306.82 19 405 267.29 -298.32 22 741 102.07 -325.53 25 1176 71.52 -373.55
0.847982 -0.516808 3.396903
120 68 41
7 20 615 225.35 -289.88 23 860 121.22 -338.11 19 425 285.89 -324.96 24 847 166.87 -346.93 25 930 107.78 -409.66 26 1041 92.92 -446.60 27 1024 87.98 -469.79
0.847980 -0.516723 3.396906
120 68 41
8 20 616 225.35 -289.88 23 861 121.22 -338.11 19 426 285.89 -324.96 24 848 166.87 -346.93 25 931 107.78 -409.66 27 1025 87.98 -469.79 30 915 -41.76 -449.82 31 1072 -106.88 -357.01
0.847115 -0.518667 3.395420
193 124 83
13 20 617 222.03 -299.04 23 858 116.04 -347.28 19 427 282.91 -334.57 22 749 124.86 -363.38 24 855 161.55 -355.83 25 942 102.26 -419.10 26 1049 86.03 -455.51 27 1023 81.41 -478.05 28 950 9.12 -483.71 29 1019 -32.09 -489.27 30 913 -49.96 -455.60 31 1070 -115.30 -362.13 33 1009 -149.73 -359.63
0.847656 -0.520338 3.398612
128 87 59
10 20 620 228.43 -304.69 23 868 125.11 -354.04 19 431 288.63 -339.22 25 944 111.25 -427.28 28 1273 19.73 -494.80 30 917 -39.48 -467.67 31 1074 -104.40 -375.16 33 630 -139.40 -372.38 34 648 -169.78 -372.20 36 674 -100.90 -373.94
0.854444 -0.523510 3.417490
191 121 81
8 20 623 269.46 -306.18 23 871 180.30 -359.54 22 753 183.09 -371.94 24 861 230.91 -371.45 25 948 182.74 -439.65 26 1345 173.20 -482.21 27 1337 170.68 -509.93 28 1289 104.19 -522.79
0.845834 -0.553180 3.427673
191 119 86
2 20 457 257.80 -439.66 23 907 173.29 -495.88
0.835861 -0.557931 3.410501
192 126 91
4 20 464 210.92 -471.23 23 912 109.06 -524.71 22 797 118.33 -537.32 24 1070 149.81 -537.55
0.866923 -0.420312 3.349265
36 47 17
3 20 527 212.60 119.81 23 978 89.32 90.28 22 871 96.40 58.60
0.809295 -0.427571 3.359474
30 60 31
6 20 365 -23.70 51.47 23 90 -135.58 35.65 19 537 34.48 9.15 22 375 -127.25 -2.36 24 124 -87.29 48.23 21 85 -108.11 105.26
0.780285 -0.436688 3.388054
158 158 162
4 20 545 -128.90 -2.83 23 491 -212.46 -10.27 19 545 -80.75 -45.15 22 651 -211.54 -48.02
0.850960 -0.468121 3.364539
11 52 77
4 20 564 187.51 -90.14 23 1010 64.72 -127.90 19 558 252.41 -127.34 22 899 76.64 -152.63
0.850746 -0.501593 3.388330
191 122 85
