# Bundle file v0.3
60 2477
0 0 0
0 0 0
0 0 0
0 0 0
0 0 0
0 0 0
0 0 0
0 0 0
0 0 0
0 0 0
0 0 0
0 0 0
0 0 0
0 0 0
0 0 0
0 0 0
0 0 0
0 0 0
0 0 0
0 0 0
0 0 0
0 0 0
0 0 0
0 0 0
0 0 0
0 0 0
0 0 0
0 0 0
0 0 0
0 0 0
0 0 0
0 0 0
0 0 0
0 0 0
0 0 0
0 0 0
0 0 0
0 0 0
0 0 0
0 0 0
0 0 0
0 0 0
0 0 0
0 0 0
0 0 0
0 0 0
0 0 0
0 0 0
0 0 0
0 0 0
0 0 0
0 0 0
0 0 0
0 0 0
0 0 0
0 0 0
0 0 0
0 0 0
0 0 0
0 0 0
0 0 0
0 0 0
0 0 0
0 0 0
0 0 0
0 0 0
0 0 0
0 0 0
0 0 0
0 0 0
0 0 0
0 0 0
0 0 0
0 0 0
0 0 0
0 0 0
0 0 0
0 0 0
0 0 0
0 0 0
0 0 0
0 0 0
0 0 0
0 0 0
0 0 0
0 0 0
0 0 0
0 0 0
0 0 0
0 0 0
3.6502289930e+004 -2.5585985814e-002 -1.2155924546e-005
9.6809682802e-001 -8.5009550653e-002 -2.3571573532e-001
8.3767300241e-002 9.9636791242e-001 -1.5297794435e-002
2.3616005376e-001 -4.9355245047e-003 9.7170163610e-001
1.4402185653e-002 4.5956896175e-001 -1.2411724255e+001
2.5611746389e+004 -8.4396739332e-003 3.2977011862e-005
9.8723814557e-001 -4.4775612809e-002 -1.5282666141e-001
3.8541071677e-002 9.9830896380e-001 -4.3517796147e-002
1.5451676198e-001 3.7072325056e-002 9.8729439023e-001
-2.2019562873e-001 5.9620359955e-001 -9.6361471296e+000
4.6413482623e+004 5.6022238260e-003 2.2755582525e-006
9.9778394197e-001 2.2304700910e-002 -6.2687362850e-002
-2.4563517831e-002 9.9906788656e-001 -3.5496360833e-002
6.1837195404e-002 3.6957520993e-002 9.9740177607e-001
-4.6817857184e-001 6.0917769752e-001 -1.4822071152e+001
-5.8745360339e+004 5.5867466703e-004 3.5603847641e-007
9.9828148504e-001 5.7778277986e-002 9.7850503955e-003
-5.7336088635e-002 9.9752676460e-001 -4.0656202957e-002
-1.2109895059e-002 4.0025298148e-002 9.9912528041e-001
-6.8600849782e-001 6.5666023639e-001 1.2077744604e+001
0 0 0
0 0 0
0 0 0
0 0 0
0 0 0
7.7397990885e+004 1.3433037038e-002 1.0712430119e-006
-9.8390773402e-001 -1.0236386713e-001 -1.4644865872e-001
9.8285903522e-002 -9.9454833826e-001 3.4835097687e-002
-1.4921612548e-001 1.9880683287e-002 9.8860472704e-001
1.0959657150e+000 -6.5173252107e-001 1.6922471357e+001
-8.0108791725e+004 1.3581775954e-002 1.0254428053e-006
9.6958356893e-001 1.3970792508e-001 2.0097113857e-001
-1.3249159749e-001 9.8997275718e-001 -4.8988943917e-002
-2.0580009587e-001 2.0871887881e-002 9.7837144523e-001
-1.2347192357e+000 7.2500727825e-001 1.7166395455e+001
3.2456241855e+004 3.8222708733e-002 2.6145630037e-005
9.5742628502e-001 1.7545729526e-001 2.2923709625e-001
-1.6959321710e-001 9.8447723155e-001 -4.5196474105e-002
-2.3360875299e-001 4.3952356673e-003 9.7232074565e-001
-1.2822426640e+000 7.3864663078e-001 -1.0696826451e+001
7.4735359861e+004 -1.0383786296e-002 -6.1352620416e-007
9.1344752797e-001 2.1089431415e-001 3.4804770061e-001
-1.9312613483e-001 9.7744916733e-001 -8.5413238657e-002
-3.5821210154e-001 1.0803404551e-002 9.3357772936e-001
-1.6099556367e+000 8.6336187228e-001 -2.0328100177e+001
4.8541619683e+004 2.8395591843e-002 4.0158479518e-006
8.6609572485e-001 2.4738876110e-001 4.3436965395e-001
-2.2201321677e-001 9.6891444592e-001 -1.0915552239e-001
-4.4787088203e-001 -1.8966728577e-003 8.9409623400e-001
-1.8240193146e+000 9.4687741717e-001 -1.3683946499e+001
6.5149423902e+004 -7.6693000457e-002 -1.8233468233e-005
8.3903871018e-001 2.9113496673e-001 4.5962427479e-001
-2.6615583606e-001 9.5643631283e-001 -1.1996103718e-001
-4.7452619923e-001 -2.1679729221e-002 8.7997436075e-001
-1.8582903047e+000 1.0028773638e+000 -1.7191665935e+001
6.9719976307e+003 -3.1451357520e+000 -1.6034222103e-002
7.9369052099e-001 2.9634145673e-001 5.3125991559e-001
-2.3171368380e-001 9.5475893080e-001 -1.8639783476e-001
-5.6246255487e-001 2.4842002485e-002 8.2644948381e-001
-2.0579450135e+000 1.1780608326e+000 -3.6875799115e+000
3.2281644691e+003 -9.4106947085e-001 4.2828178930e-001
7.4379338307e-001 3.0896246205e-001 5.9271713350e-001
-1.8415604947e-001 9.4716099280e-001 -2.6262635657e-001
-6.4254023434e-001 8.6187300477e-002 7.6138938559e-001
-2.2124651212e+000 1.3676306538e+000 -2.5646288144e+000
1.7537858970e+003 -2.8704974419e-001 -7.6309927303e-002
7.4478771699e-001 2.9865397744e-001 5.9673868516e-001
-1.3468138986e-001 9.4312986605e-001 -3.0391936266e-001
-6.5356880268e-001 1.4598581276e-001 7.4265467253e-001
-2.2365983474e+000 1.4532878016e+000 -2.1605880105e+000
1.4116666180e+003 -1.0732369135e-001 -2.4121929328e-001
7.4257413325e-001 2.8802544603e-001 6.0466933035e-001
-3.0859503655e-002 9.1656440097e-001 -3.9869460732e-001
-6.6905257466e-001 2.7740050705e-001 6.8950533792e-001
-2.2819750076e+000 1.6778690024e+000 -1.8235187774e+000
0 0 0
0 0 0
0 0 0
0 0 0
0 0 0
1.0738300129e+003 4.5378440101e-002 -2.0529461552e-001
7.6867375631e-001 2.6089156475e-001 5.8401733520e-001
1.4202693268e-002 9.0585263070e-001 -4.2335480977e-001
-6.3948333823e-001 3.3371635095e-001 6.9259978143e-001
-2.2633398278e+000 1.7110481344e+000 -1.7510908683e+000
0 0 0
0 0 0
0 0 0
0 0 0
0 0 0
0 0 0
0 0 0
0 0 0
0 0 0
0 0 0
0 0 0
0 0 0
0 0 0
0 0 0
0 0 0
0 0 0
0 0 0
0 0 0
0 0 0
0 0 0
0 0 0
0 0 0
0 0 0
0 0 0
0 0 0
0 0 0
0 0 0
0 0 0
0 0 0
0 0 0
0 0 0
0 0 0
0 0 0
0 0 0
0 0 0
0 0 0
0 0 0
0 0 0
0 0 0
0 0 0
0 0 0
0 0 0
0 0 0
0 0 0
0 0 0
0 0 0
0 0 0
0 0 0
0 0 0
0 0 0
0 0 0
0 0 0
0 0 0
0 0 0
0 0 0
0 0 0
0 0 0
0 0 0
0 0 0
0 0 0
0 0 0
0 0 0
0 0 0
0 0 0
0 0 0
0 0 0
0 0 0
0 0 0
0 0 0
0 0 0
0 0 0
0 0 0
0 0 0
0 0 0
0 0 0
0 0 0
0 0 0
0 0 0
0 0 0
0 0 0
0 0 0
0 0 0
0 0 0
0 0 0
0 0 0
0 0 0
0 0 0
0 0 0
0 0 0
0 0 0
0 0 0
0 0 0
0 0 0
0 0 0
0 0 0
0 0 0
0 0 0
0 0 0
0 0 0
0 0 0
0 0 0
0 0 0
0 0 0
0 0 0
0 0 0
0 0 0
0 0 0
0 0 0
0 0 0
0 0 0
0 0 0
0 0 0
0 0 0
0 0 0
0 0 0
0 0 0
0 0 0
0 0 0
0 0 0
0 0 0
0 0 0
0 0 0
0 0 0
0 0 0
0 0 0
6.5826291333e-001 -4.8066492684e-001 3.0564974866e+000
34 64 36
6 21 865 -105.2100 58.9500 24 984 -197.1000 47.4300 20 849 -54.8600 18.0600 23 875 -194.3500 9.2800 18 804 -109.0300 -42.4500 19 947 -62.3300 34.5200
6.5826291333e-001 -4.8066492684e-001 3.0564974866e+000
34 64 36
6 21 866 -105.2100 58.9500 24 983 -197.1000 47.4300 20 848 -54.8600 18.0600 23 874 -194.3500 9.2800 18 803 -109.0300 -42.4500 19 946 -62.3300 34.5200
6.5184051269e-001 -4.2072623099e-001 3.0247987501e+000
172 41 52
3 21 337 -116.9300 298.3500 24 419 -215.5100 291.2500 19 295 -78.6800 277.5000
6.5005851593e-001 -4.0278482599e-001 3.4944723495e+000
183 33 40
2 21 689 -98.8000 285.3101 24 752 162.9500 270.2700
6.7465697187e-001 -4.2688579760e-001 3.0023742071e+000
174 31 40
5 21 514 -30.6000 273.4199 24 750 -148.4200 261.6599 23 621 -141.6900 217.5100 18 559 -14.9600 178.5300 19 503 23.4400 257.0901
6.6377274753e-001 -4.3801684433e-001 3.0234865693e+000
154 166 178
7 21 967 -75.0900 229.0200 24 1253 -179.0300 219.2700 20 1087 -21.0000 190.1799 23 1122 -175.0000 176.2600 25 1118 -125.8300 237.1100 18 886 -71.7800 129.8600 19 1053 -28.9700 208.7100
6.6379839802e-001 -4.3793396308e-001 3.0237741128e+000
154 166 178
6 21 968 -75.0900 229.0200 24 1252 -179.0300 219.2700 20 1086 -21.0000 190.1799 23 1123 -175.0000 176.2600 18 887 -71.7800 129.8600 19 1054 -28.9700 208.7100
6.8716155138e-001 -4.7568325633e-001 3.0174472375e+000
158 163 156
7 21 1007 8.0400 78.6200 24 1155 -113.4500 62.1000 20 1112 69.2600 38.6000 23 1156 -103.6700 24.4700 25 1159 -66.3700 74.1599 18 920 35.1400 -14.0600 19 1083 71.3100 61.9500
6.7718337233e-001 -4.6418224717e-001 3.0250608906e+000
164 162 167
6 21 1150 -28.1600 124.8000 24 1376 -140.3300 110.9299 20 1180 29.3500 84.9399 23 1246 -133.2500 71.3500 18 986 -13.7500 28.0600 19 1145 26.3700 105.5901
6.6474469494e-001 -5.1681869584e-001 3.0699257386e+000
160 161 166
7 21 1113 -87.8500 -86.0699 24 1300 -181.8500 -97.4600 20 1130 -36.1600 -128.9500 23 1166 -176.5700 -133.0000 25 1300 -132.8000 -85.2100 18 933 -84.4800 -187.4800 19 1099 -38.1200 -112.1200
6.9148506360e-001 -5.1199065427e-001 3.0379155525e+000
171 161 170
7 21 885 17.2000 -66.2500 24 1171 -100.7600 -88.8300 20 1016 78.2300 -107.9600 23 1042 -90.2600 -120.8900 25 972 -56.0300 -81.2200 18 820 44.5900 -154.6200 19 969 82.6600 -81.5400
6.7936137036e-001 -3.9754451595e-001 2.9753804561e+000
134 147 171
3 21 955 -6.8200 393.7400 24 1243 -135.1900 384.8800 23 985 -126.9300 334.3101
6.5895929461e-001 -4.5978318441e-001 3.0438601824e+000
162 174 74
7 21 853 -98.1100 142.0801 24 971 -193.5300 132.4800 20 837 -47.2100 102.2800 23 864 -190.8000 92.2600 25 947 -140.4300 149.2900 18 687 -101.4600 40.4300 19 797 -55.8000 118.7900
6.8633262976e-001 -4.6466598489e-001 3.0123770331e+000
158 162 163
6 21 1097 6.7500 123.0500 24 1278 -115.4700 104.8900 20 1106 68.1400 84.0701 23 1140 -105.8000 66.5500 18 910 32.8500 31.8100 19 1073 69.2200 107.9399
6.8130405796e-001 -5.3055773105e-001 3.0610825528e+000
224 150 141
6 21 109 -26.6100 -139.8900 24 125 -131.5000 -159.7000 20 98 30.2500 -183.2700 23 113 -122.9600 -191.3101 18 283 -8.8200 -233.7300 19 353 33.2400 -160.6100
7.0610039516e-001 -6.1645582435e-001 3.0952716932e+000
121 68 48
6 21 787 52.6600 -487.7400 24 1075 -56.5100 -520.5000 20 907 113.0800 -532.1300 23 947 -43.5000 -542.2400 18 734 81.6100 -559.9600 19 854 124.2100 -497.5900
6.7385842366e-001 -4.5276242640e-001 3.0246602134e+000
161 164 157
7 21 1076 -38.6100 169.6599 24 1364 -146.8000 156.7200 20 1095 16.8400 130.4500 23 1232 -140.7500 116.1599 25 1342 -96.0400 172.2400 18 902 -29.5700 72.8000 19 1068 11.6300 150.6599
6.8339526450e-001 -4.8289450360e-001 3.0283304670e+000
150 169 133
7 21 867 -8.2300 50.3300 24 985 -123.6600 31.2500 20 850 51.1700 10.1900 23 878 -114.9800 -4.6000 25 954 -76.2000 42.7800 18 807 13.1100 -41.8500 19 948 51.6500 33.6700
6.7713225784e-001 -4.6411777658e-001 3.0246795268e+000
164 162 167
7 21 1149 -28.1600 124.8000 24 1375 -140.3300 110.9299 20 1179 29.3500 84.9399 23 1245 -133.2500 71.3500 25 1349 -90.9600 125.6100 18 987 -13.7500 28.0600 19 1144 26.3700 105.5901
6.6602104634e-001 -4.7421643015e-001 3.0447480592e+000
26 65 36
7 21 1101 -73.8000 84.7100 24 1284 -173.2900 72.3101 20 1110 -21.1800 44.1600 23 1146 -168.8000 33.7800 25 1289 -122.0500 87.0400 18 991 -70.5100 -15.1900 19 1078 -26.3300 62.0400
6.5400444177e-001 -4.2182298600e-001 3.0232886174e+000
169 44 47
2 21 338 -108.9100 296.6100 24 12 -208.3400 288.8700
6.7629970196e-001 -4.2899168591e-001 3.0021255367e+000
151 169 194
3 21 44 -24.4800 265.0901 24 48 -143.4200 252.8301 18 238 -8.0800 170.3301
6.9359465642e-001 -4.6911693912e-001 3.0070094232e+000
140 162 52
5 21 362 33.9700 105.4299 24 87 -94.0300 84.7300 20 335 97.8300 65.9000 18 426 66.4500 16.3400 19 526 101.2600 92.5500
6.4352078325e-001 -4.1435051262e-001 3.0313228048e+000
220 161 156
2 21 326 -147.6400 326.8401 24 8 -238.3200 322.0701
6.5851091044e-001 -3.9973298097e-001 3.4866467214e+000
160 35 42
2 21 341 -66.3500 291.3600 24 40 190.8100 284.1500
6.6220892524e-001 -5.1363302653e-001 3.0714782303e+000
170 36 45
6 21 562 -96.3700 -72.6300 24 498 -187.3600 -83.4600 20 557 -45.3900 -115.6100 23 668 -183.9200 -118.8700 18 445 -97.2400 -175.3700 19 544 -50.1300 -99.4399
6.4975756937e-001 -3.9336543521e-001 3.4886497250e+000
171 35 40
2 21 682 -98.3100 325.9600 24 738 162.3000 304.2400
6.5244709265e-001 -3.9676489107e-001 3.4895587488e+000
180 39 47
2 21 686 -88.6900 308.4900 24 741 171.4900 293.2500
6.9234804771e-001 -4.8986220753e-001 3.0220418194e+000
27 63 37
6 21 869 24.8900 22.5900 24 987 -98.2300 0.4200 20 855 87.4600 -17.8000 23 882 -87.3000 -34.4100 18 813 55.0700 -65.3199 19 815 91.2000 8.3000
6.8262821503e-001 -4.6127814228e-001 3.0152778969e+000
29 64 34
7 21 857 -6.8300 136.9399 24 773 -125.1600 118.7800 20 839 53.1400 97.8700 23 866 -116.7600 80.4500 25 766 -76.2500 131.3900 18 689 14.9400 44.6100 19 799 52.4800 121.2600
6.8843331987e-001 -4.5106443266e-001 3.0019166342e+000
28 61 30
6 21 847 17.8400 177.7300 24 1132 -108.2800 159.9199 20 975 80.3100 138.7500 23 1010 -98.3200 120.1799 18 788 45.6000 85.0601 19 926 81.1000 163.2200
6.6032637557e-001 -4.5512476349e-001 3.0333259686e+000
25 65 38
6 21 1084 -93.9500 160.1500 24 1360 -193.7400 150.5701 20 983 -36.6000 122.5801 23 1230 -190.1300 109.3101 18 905 -87.9800 62.3100 19 1066 -45.6700 139.2400
6.8299947091e-001 -4.7253927193e-001 3.0211943346e+000
149 174 116
7 21 864 -7.3900 90.9900 24 777 -125.0800 75.7100 20 847 52.2100 51.1200 23 869 -116.1300 37.1300 25 775 -76.9500 88.6200 18 695 14.7200 -2.7500 19 806 52.6500 73.7400
6.9031038679e-001 -5.8955906657e-001 3.0894429657e+000
95 31 29
5 21 1035 -3.6800 -378.0800 24 1199 -106.6200 -400.3400 23 1075 -96.1000 -427.2700 18 847 18.3900 -465.0200 19 992 61.9200 -396.9600
6.9446633670e-001 -5.9852115732e-001 3.0910173516e+000
106 18 19
5 21 913 10.9500 -414.7400 24 1066 -94.6000 -438.8700 23 941 -82.8800 -464.6100 18 851 35.6500 -497.7800 19 851 78.4900 -431.1600
6.7385842366e-001 -4.5276242640e-001 3.0246602134e+000
161 164 157
7 21 1077 -38.6100 169.6599 24 1365 -146.8000 156.7200 20 1096 16.8400 130.4500 23 1233 -140.7500 116.1599 25 1343 -96.0400 172.2400 18 901 -29.5700 72.8000 19 1069 11.6300 150.6599
6.5724881997e-001 -4.9457549565e-001 3.0668612240e+000
170 41 42
7 21 1014 -112.1300 3.1700 24 1160 -201.0700 -5.9000 20 1000 -62.6500 -38.8800 23 1029 -198.5700 -43.6500 25 1170 -149.1500 8.7500 18 924 -117.5400 -101.6100 19 1093 -69.7300 -24.6400
6.6221713244e-001 -4.8735914224e-001 3.0513895649e+000
164 161 171
5 21 1204 -93.3100 31.6700 24 1459 -189.3800 21.9500 23 1357 -185.6100 -15.6500 25 1429 -139.0800 37.8800 18 1074 -86.1000 -70.9200
6.5005851593e-001 -4.0278482599e-001 3.4944723495e+000
183 33 40
2 21 688 -98.8000 285.3101 24 751 162.9500 270.2700
6.9359465642e-001 -4.6911693912e-001 3.0070094232e+000
140 162 52
5 21 363 33.9700 105.4299 24 88 -94.0300 84.7300 20 336 97.8300 65.9000 18 425 66.4500 16.3400 19 525 101.2600 92.5500
6.6558323304e-001 -4.0216679724e-001 2.9965058195e+000
158 172 195
3 21 499 -60.7700 376.3800 24 412 -174.4200 366.2400 23 598 -169.5100 319.9700
7.0221444312e-001 -4.9139156516e-001 3.0143648581e+000
23 61 36
6 21 1015 62.9300 16.2400 24 1163 -67.2500 -10.0200 20 998 128.5100 -23.6600 23 1031 -54.5800 -43.7100 18 814 99.3600 -67.6899 19 955 134.1700 5.8700
6.9433411013e-001 -5.8764060310e-001 3.0844179106e+000
185 135 112
6 21 907 12.7600 -370.1801 24 1058 -94.4200 -395.8101 20 1035 71.3500 -414.1400 23 933 -82.8900 -422.4800 18 848 37.5500 -453.2100 19 993 80.2400 -386.6899
6.5628071309e-001 -4.4108968669e-001 3.0338160474e+000
135 175 122
7 21 975 -104.7200 217.0601 24 1119 -201.9000 207.9399 20 968 -53.4700 178.5701 23 990 -199.4800 165.2700 25 1116 -147.4200 226.2300 18 778 -108.7000 116.2800 19 916 -63.5500 195.1799
6.7193581496e-001 -4.4374114896e-001 3.0175958073e+000
137 171 124
7 21 978 -44.4300 206.2100 24 1121 -155.1800 193.1500 20 971 11.9900 167.9299 23 997 -149.4400 151.7500 25 1122 -103.4600 209.6300 18 781 -33.4400 110.0400 19 923 6.8000 188.2200
6.7357731772e-001 -4.8385438822e-001 3.0385501265e+000
23 63 37
7 21 1109 -47.0200 46.0700 24 1382 -154.6000 31.9000 20 1121 10.3200 5.7600 23 1253 -148.1800 -5.5600 25 1360 -104.1300 44.7100 18 922 -32.6200 -49.8000 19 1089 7.6400 25.7300
7.0301053325e-001 -6.0914784488e-001 3.0918236799e+000
146 63 41
4 21 1163 41.6800 -457.4200 24 1400 -66.5900 -488.3500 23 1315 -54.2900 -509.8900 19 1167 112.9700 -469.5300
6.9028484137e-001 -5.2452720805e-001 3.0452096008e+000
162 163 168
7 21 1152 10.7500 -116.7700 24 1386 -106.5300 -138.3000 20 1188 69.4700 -158.6600 23 1258 -95.3500 -169.8300 25 1367 -62.9500 -130.6600 18 1002 37.7100 -205.3000 19 1160 76.3300 -133.3300
6.7474172458e-001 -5.4438671917e-001 3.0768011235e+000
101 142 186
6 21 394 -54.3000 -195.8700 24 136 -151.7800 -212.2700 20 383 -0.4300 -239.5800 23 132 -144.8100 -243.3800 18 303 -43.9700 -292.6000 19 376 0.8200 -219.1700
6.5893546169e-001 -5.1169485502e-001 3.0741719025e+000
169 37 48
6 21 1020 -108.8900 -65.0000 24 996 -196.9100 -74.7300 20 1009 -59.2600 -107.5100 23 1039 -193.6500 -111.2000 18 824 -112.6700 -168.5100 19 963 -64.6800 -92.7500
7.1184149411e-001 -5.8396853077e-001 3.0701328522e+000
127 183 235
7 21 430 81.9000 -357.5900 24 194 -36.5900 -391.3700 20 444 145.4000 -400.6801 23 472 -22.5800 -414.9100 25 236 2.1400 -392.1400 18 328 115.3000 -428.7700 19 421 155.5300 -365.3500
6.6558323304e-001 -4.0216679724e-001 2.9965058195e+000
158 172 195
3 21 498 -60.7700 376.3800 24 413 -174.4200 366.2400 23 599 -169.5100 319.9700
6.7239787104e-001 -5.4559705819e-001 3.0785130677e+000
23 80 140
6 21 751 -63.6600 -200.3700 24 1020 -159.8600 -214.4700 20 878 -10.0700 -244.7800 23 910 -153.4600 -246.7300 18 717 -54.1800 -299.0601 19 837 -8.8400 -225.7000
7.0601870651e-001 -4.8925764008e-001 3.0103008911e+000
137 153 157
5 21 871 77.6100 23.3000 24 1164 -54.6500 -2.9200 20 999 144.8600 -14.7800 18 809 116.6800 -57.4800 19 956 150.9900 15.3200
6.7364042325e-001 -4.7358720055e-001 3.0332634115e+000
28 60 31
7 21 1006 -44.2300 87.1599 24 1287 -152.5000 72.4399 20 996 12.1500 47.3900 23 1147 -146.2100 34.2800 25 1157 -102.7300 85.8900 18 914 -31.2300 -8.0300 19 943 9.4400 67.9099
6.9677065086e-001 -5.5027255367e-001 3.0574845485e+000
33 82 138
7 21 1116 29.4700 -220.3500 24 1308 -85.9500 -246.2900 20 1132 91.6600 -263.5000 23 1175 -74.2500 -274.6400 25 1304 -44.0300 -242.2400 18 938 59.9000 -303.9000 19 1103 97.7000 -234.3800
6.9677065086e-001 -5.5027255367e-001 3.0574845485e+000
33 82 138
7 21 1117 29.4700 -220.3500 24 1309 -85.9500 -246.2900 20 1133 91.6600 -263.5000 23 1176 -74.2500 -274.6400 25 1305 -44.0300 -242.2400 18 939 59.9000 -303.9000 19 1104 97.7000 -234.3800
7.0754425552e-001 -5.9110165549e-001 3.0774523676e+000
36 82 127
6 21 197 63.4600 -386.3300 24 225 -51.3200 -418.7800 20 174 124.6400 -430.3101 25 256 -12.4200 -419.1200 18 156 95.4800 -459.3300 19 215 136.1500 -395.7200
7.0760578365e-001 -5.9110125081e-001 3.0774061609e+000
36 82 127
4 21 198 63.4600 -386.3300 24 226 -51.3200 -418.7800 18 157 95.4800 -459.3300 19 216 136.1500 -395.7200
6.7991453026e-001 -5.4475146457e-001 3.0716487002e+000
23 82 142
6 21 583 -34.6000 -197.2500 24 520 -136.1200 -215.5500 20 581 21.2000 -241.0000 23 413 -128.1100 -246.9600 18 472 -19.2400 -291.0800 19 567 23.9700 -218.9000
7.0903859592e-001 -5.3931628299e-001 3.0421612353e+000
166 161 170
7 21 747 79.2300 -178.1600 24 807 -45.7100 -209.3600 20 876 144.8300 -218.5200 23 1059 -30.4300 -234.0900 25 1199 -2.9600 -204.6200 18 594 115.2200 -254.3101 19 832 153.6200 -185.0000
6.9219896791e-001 -5.4882974952e-001 3.0597115962e+000
111 158 205
5 21 1029 11.9000 -214.0200 24 1191 -101.1200 -237.1801 23 1064 -89.4100 -266.8199 18 837 39.3100 -300.7300 19 983 79.5500 -230.6700
6.9219896791e-001 -5.4882974952e-001 3.0597115962e+000
111 158 205
5 21 1028 11.9000 -214.0200 24 1190 -101.1200 -237.1801 23 1063 -89.4100 -266.8199 18 836 39.3100 -300.7300 19 982 79.5500 -230.6700
7.0497235515e-001 -5.8722728633e-001 3.0749395935e+000
34 80 128
4 21 429 54.2600 -370.3800 24 193 -61.2700 -401.0200 25 235 -21.8900 -400.5300 19 420 126.4900 -381.4800
7.0868006370e-001 -5.8869316727e-001 3.0721789856e+000
32 85 128
3 21 164 67.8600 -374.5800 24 196 -49.5900 -406.7800 20 171 131.6000 -418.1600
6.5986838245e-001 -4.4474128991e-001 3.0296657000e+000
29 61 40
7 21 977 -91.8300 202.4000 24 1251 -193.1300 192.3700 20 970 -38.3300 164.3000 23 1128 -189.7200 150.1000 25 1254 -140.0500 209.9700 18 889 -90.2500 104.0601 19 922 -46.4300 181.7600
7.0191368276e-001 -5.8993312371e-001 3.0794863978e+000
27 82 144
6 21 428 41.7500 -380.0200 24 192 -70.5200 -408.4100 20 450 102.7800 -424.4000 23 186 -57.8300 -433.5400 18 337 71.5400 -458.3300 19 429 112.8300 -393.0300
6.7991453026e-001 -5.4475146457e-001 3.0716487002e+000
23 82 142
6 21 584 -34.6000 -197.2500 24 521 -136.1200 -215.5500 20 580 21.2000 -241.0000 23 412 -128.1100 -246.9600 18 473 -19.2400 -291.0800 19 568 23.9700 -218.9000
6.5447934850e-001 -4.5852101784e-001 3.0480357613e+000
165 166 163
7 21 994 -115.5500 147.6300 24 1131 -207.0500 138.3201 20 980 -65.5200 107.6500 23 1009 -205.2900 97.5400 25 1141 -153.0900 155.5601 18 790 -122.9000 44.8500 19 931 -75.8200 123.1500
6.5447934850e-001 -4.5852101784e-001 3.0480357613e+000
165 166 163
7 21 993 -115.5500 147.6300 24 1130 -207.0500 138.3201 20 981 -65.5200 107.6500 23 1008 -205.2900 97.5400 25 1140 -153.0900 155.5601 18 791 -122.9000 44.8500 19 932 -75.8200 123.1500
6.8716155138e-001 -4.7568325633e-001 3.0174472375e+000
158 163 156
7 21 1008 8.0400 78.6200 24 1154 -113.4500 62.1000 20 1111 69.2600 38.6000 23 1155 -103.6700 24.4700 25 1158 -66.3700 74.1599 18 919 35.1400 -14.0600 19 1084 71.3100 61.9500
6.6511638217e-001 -4.5972474443e-001 3.0350211461e+000
162 165 163
7 21 1148 -74.3600 142.5500 24 1363 -176.7400 131.0100 20 1176 -20.7700 103.2300 23 1242 -172.2600 90.5300 25 1346 -124.5700 146.6200 18 981 -69.8300 43.9700 19 1143 -26.8900 121.4000
7.1897789472e-001 -5.6990817978e-001 3.0593334288e+000
225 108 95
9 21 139 113.5700 -302.8300 24 171 -8.9700 -339.8500 20 139 178.1000 -344.3700 23 459 4.9400 -362.5400 25 195 30.8900 -341.7100 18 144 146.0800 -370.2000 19 408 186.4600 -306.8300 26 193 -38.9800 -393.5601 27 205 -56.5600 -421.1400
7.1170866694e-001 -5.4139784337e-001 3.0421075043e+000
174 48 50
6 21 578 90.1700 -186.0100 24 808 -35.4900 -217.8000 23 698 -21.4700 -244.9399 25 804 5.2300 -215.2800 18 468 126.8100 -261.2300 19 569 163.4400 -194.3900
7.1548190109e-001 -5.8713659355e-001 3.0709494211e+000
18 79 142
8 21 910 95.4900 -371.6700 24 1202 -23.0500 -408.4600 20 898 159.1400 -413.6100 23 1076 -8.8300 -429.6600 25 1209 15.6200 -410.8000 18 727 128.7200 -438.4600 19 849 169.5100 -376.1000 26 1207 -49.1000 -464.0100
6.6969982000e-001 -4.6964571898e-001 3.0361307524e+000
135 172 120
7 21 1001 -58.6000 102.9500 24 1147 -163.2000 89.6699 20 994 -4.0000 63.0100 23 1022 -158.1600 50.8300 25 1149 -112.5800 104.2500 18 796 -50.1400 5.3000 19 941 -7.9200 82.2900
7.0294123285e-001 -5.3460483938e-001 3.0394134038e+000
158 25 30
6 21 1155 57.0500 -157.1200 24 1435 -68.6000 -184.7700 20 1190 121.6900 -199.0900 23 1310 -54.5300 -213.8500 18 1004 93.2400 -237.6300 19 1162 130.5900 -168.3300
6.6803975995e-001 -4.2325194740e-001 3.0095883774e+000
156 38 44
4 21 27 -55.5700 288.5701 24 31 -166.6300 278.1300 23 27 -160.5100 233.6200 19 45 -6.6700 271.0801
7.3552032769e-001 -5.0596047324e-001 3.0343718271e+000
159 21 26
6 21 877 190.4800 -52.1600 24 1173 70.1200 -86.4800 20 862 255.5400 -88.8400 23 1043 78.2800 -114.7000 18 438 211.2200 -115.6200 19 694 254.2900 -50.3500
7.4164749541e-001 -5.2918781731e-001 3.0560341668e+000
167 112 89
6 21 742 210.8600 -147.8300 24 1017 96.7200 -189.8101 20 747 272.8500 -184.0601 23 906 105.0800 -211.3600 18 269 222.0700 -203.0200 19 557 269.5800 -141.9700
7.1313612363e-001 -5.6747912864e-001 3.0579357095e+000
195 75 74
7 21 136 90.1500 -291.2100 24 168 -31.6000 -325.3400 20 420 154.0200 -333.8199 23 153 -17.5700 -349.5100 25 552 8.6400 -325.5100 19 407 163.8500 -298.4500 26 187 -58.8800 -374.9399
6.6523245216e-001 -4.2555965281e-001 3.0124990635e+000
175 38 44
5 21 349 -66.8400 278.8700 24 436 -175.7400 268.7100 23 336 -171.8100 224.5801 18 236 -59.6100 180.6799 19 502 -19.9500 260.2600
7.3911848058e-001 -5.0651158568e-001 3.0372360380e+000
213 134 88
6 21 879 204.9000 -55.5300 24 1174 85.0800 -93.2300 20 864 269.2500 -91.3700 23 1044 93.9200 -118.8800 18 581 221.9400 -115.7100 19 819 266.7700 -51.5800
6.8971261304e-001 -5.8619166108e-001 3.0880742333e+000
176 137 119
4 21 633 -5.5000 -363.9399 24 580 -108.2200 -387.6400 18 482 16.0100 -450.8800 19 590 59.9300 -382.3199
7.1199010794e-001 -6.2735834101e-001 3.0982123591e+000
146 104 59
5 21 471 72.7800 -530.3199 24 660 -37.3000 -567.2400 20 476 134.4200 -575.2900 23 557 -22.7000 -587.4399 19 456 146.9000 -537.9000
6.7373790692e-001 -5.2898577310e-001 3.0691293770e+000
189 140 132
7 21 569 -55.3900 -134.7300 24 795 -154.1800 -150.7100 20 565 -1.4100 -178.4100 23 684 -147.6200 -183.6899 25 792 -107.0800 -140.5699 18 590 -45.2600 -231.8300 19 552 -1.0800 -158.0400
7.4644670585e-001 -4.0944881217e-001 2.9958069420e+000
165 32 30
3 21 330 253.3200 323.5100 24 740 136.5500 300.1300 23 319 137.7800 261.7400
6.8262821503e-001 -4.6127814228e-001 3.0152778969e+000
29 64 34
7 21 858 -6.8300 136.9399 24 772 -125.1600 118.7800 20 840 53.1400 97.8700 23 865 -116.7600 80.4500 25 765 -76.2500 131.3900 18 690 14.9400 44.6100 19 800 52.4800 121.2600
6.7768096503e-001 -5.3860086240e-001 3.0720647057e+000
92 23 45
7 21 1025 -41.9000 -173.4900 24 1305 -141.9400 -191.6000 20 1021 12.4700 -216.7400 23 1172 -134.3800 -223.2300 25 1196 -95.9800 -182.9500 18 831 -29.7800 -268.4600 19 980 14.0500 -195.6300
6.5855163947e-001 -4.6472785537e-001 3.0476492965e+000
28 63 40
6 21 1094 -100.6500 122.5901 24 1276 -194.6500 113.7800 20 1102 -49.3700 81.8900 25 1273 -142.0000 130.2300 18 985 -105.4300 18.7900 19 1140 -58.5800 97.9399
7.5056281349e-001 -4.6319946065e-001 3.0321833559e+000
38 49 6
13 21 529 258.8600 107.4399 24 981 150.9800 75.1400 20 339 319.1400 74.7300 23 873 152.8700 45.9800 19 328 304.1200 115.0200 26 1309 140.8600 31.6900 27 1556 123.0700 6.1500 28 1555 132.6700 -11.9400 29 1491 49.2100 -13.9200 30 1547 -0.2100 -24.8200 31 1319 -23.9400 -24.3000 32 1620 -95.3300 81.9199 34 1403 -137.6900 71.0601
7.4502623427e-001 -5.0082663768e-001 3.0448112494e+000
155 24 21
12 21 731 230.4300 -34.8000 24 1176 119.5500 -73.1600 20 737 292.4000 -69.0601 23 894 124.7600 -98.2200 25 1185 170.0200 -74.1000 18 434 234.1700 -92.8101 19 529 283.2800 -29.2700 26 1313 103.1000 -127.4900 27 1443 84.4700 -156.7600 30 1444 -37.5800 -186.0601 31 1333 -55.3800 -171.9301 32 1520 -124.4000 -70.6000
6.7616589440e-001 -5.2953998410e-001 3.0670989597e+000
142 27 30
7 21 383 -45.8300 -137.1600 24 120 -146.4100 -152.3199 20 566 8.5900 -181.4200 23 110 -139.4200 -185.7900 25 170 -100.1300 -143.1200 18 459 -33.9400 -234.2700 19 553 9.6800 -160.5500
7.1088903129e-001 -6.3092752727e-001 3.1014263288e+000
161 102 58
6 21 477 68.0300 -546.9600 24 665 -41.4500 -581.5200 20 643 129.7300 -591.8800 23 558 -27.0700 -601.6801 18 504 98.8800 -614.8101 19 458 141.4500 -553.7400
7.4409424095e-001 -4.6222151241e-001 3.0200992250e+000
30 54 27
12 21 1003 236.0900 119.6200 24 1381 118.5100 86.5100 23 1252 124.3100 56.7600 18 569 241.0700 56.4600 19 801 288.2200 124.3900 26 1546 98.0800 44.7000 27 1666 76.0400 19.4800 28 1660 83.9600 3.4500 29 1605 -1.8800 3.4400 30 1675 -50.0900 -5.7800 31 1556 -67.5400 -5.0200 32 1765 -138.5400 103.2100
6.6412839839e-001 -4.6363713610e-001 3.0391807329e+000
166 172 61
5 21 712 -79.1700 126.4800 24 770 -179.2700 115.2500 23 638 -175.0900 75.9600 18 571 -76.4200 27.5000 19 679 -32.5900 105.2400
7.2053230671e-001 -5.9202762585e-001 3.0753485798e+000
176 143 108
5 21 914 113.8500 -391.3300 24 1203 -4.6900 -429.8900 20 901 178.1700 -433.7800 23 1187 10.9000 -451.8900 18 615 146.1100 -453.8900
7.3915808584e-001 -4.4718515519e-001 3.0026992307e+000
29 54 25
13 21 987 218.2400 180.6200 24 1368 92.6000 150.9800 23 1234 99.6300 117.6899 18 683 232.8800 112.4700 19 786 276.2400 183.1200 26 1538 65.7900 116.8900 27 1659 41.2800 94.4700 28 1654 50.1600 80.9800 29 1597 -39.0100 84.0601 30 1663 -87.4000 75.1899 31 1497 -100.9700 69.1899 32 1688 -172.9600 182.1300 34 1614 -207.9000 171.2900
7.0090539815e-001 -5.8822425318e-001 3.0802595592e+000
51 122 191
5 21 908 38.1900 -373.1300 24 1059 -73.3300 -402.0000 20 900 99.0500 -417.8199 23 934 -60.0800 -426.9000 18 728 66.4900 -451.7400
6.7494180722e-001 -4.4776543007e-001 3.0140140616e+000
26 61 37
7 21 986 -33.7900 190.2400 24 1261 -148.6700 176.4399 20 974 25.0200 152.2400 23 1129 -141.6200 135.3800 25 1255 -98.0400 192.3600 18 903 -17.8300 95.5200 19 925 21.2500 173.2400
6.9271243540e-001 -4.9701374852e-001 3.0253027396e+000
163 162 168
7 21 1219 26.4000 -6.9500 24 1482 -98.4800 -25.2200 20 1262 89.3600 -48.7500 23 1386 -85.9600 -61.0700 25 1453 -53.0300 -15.3300 18 1092 53.8400 -97.4500 19 1264 92.5600 -22.8200
6.9899519935e-001 -5.9612019477e-001 3.0872654808e+000
71 13 20
6 21 1225 28.9700 -404.1600 24 1486 -78.8800 -432.6500 20 1275 88.7900 -449.8500 23 1363 -66.8600 -456.8101 18 1099 55.5000 -485.0601 19 1268 98.0200 -419.7900
7.1795754494e-001 -5.2958597079e-001 3.0424910641e+000
165 164 160
6 21 1249 117.9000 -140.6700 24 1532 -5.7700 -176.0300 20 1303 181.3800 -179.0100 23 1413 6.4000 -203.0900 18 1127 144.8100 -212.9700 19 1300 185.7900 -145.3800
7.4334816367e-001 -4.7514946900e-001 3.0261279575e+000
31 47 13
13 21 718 228.4800 66.3000 24 1158 111.9300 32.9500 23 876 117.5100 3.8900 25 1167 163.5900 35.9700 19 329 282.3300 69.3700 26 1432 92.1300 -11.4000 27 1561 71.3100 -36.5000 28 1556 77.6500 -53.4400 29 1493 -6.4200 -53.7100 30 1555 -53.9100 -61.9500 31 1429 -71.1300 -56.3300 32 1516 -141.3300 48.5200 34 1408 -178.6500 41.2800
7.4123144559e-001 -4.5028191773e-001 3.0075259139e+000
136 139 31
12 21 701 224.2900 166.4900 24 1133 101.9200 135.9199 23 1011 107.8900 102.8900 19 515 280.4100 170.2900 26 1413 78.2900 99.2100 27 1532 55.1500 76.7700 28 1536 64.0100 62.7100 29 1471 -24.1400 65.1599 30 1535 -72.7900 56.7200 31 1409 -88.3900 52.9700 32 1606 -160.2300 164.8201 34 1385 -196.9700 154.6100
6.5645755041e-001 -4.6139007134e-001 3.0471467201e+000
31 60 30
6 21 523 -107.9000 135.9000 24 469 -201.6000 127.1500 20 530 -57.6300 95.6400 23 360 -199.2600 86.4399 25 97 -148.3800 144.6100 19 523 -66.4100 111.5100
7.4853017227e-001 -4.9891963027e-001 3.0484002704e+000
147 24 25
11 21 548 243.4300 -28.4100 24 1002 136.4900 -67.6200 20 548 304.0400 -62.1300 23 885 140.3300 -91.9500 25 974 188.1300 -69.0300 19 534 293.1600 -21.4900 26 1108 124.5500 -122.8199 27 1444 107.0700 -152.9500 28 1439 111.7500 -173.1100 29 1391 32.6000 -177.1600 30 1445 -14.5100 -185.9800
7.4846297681e-001 -4.3466119886e-001 3.0118408531e+000
29 53 21
7 21 843 256.9800 221.1000 24 1264 142.4300 191.5400 23 1002 144.5200 158.4900 19 673 303.9600 227.1500 26 1491 128.6000 158.6799 27 1621 107.7500 135.7000 28 1609 120.5000 121.1899
7.5108469781e-001 -4.4909889900e-001 3.0252007438e+000
32 53 10
6 21 850 264.4400 164.8500 24 1273 155.1800 131.1899 23 1134 156.6000 101.1799 19 676 308.5400 172.9099 26 1498 144.9700 90.2500 27 1630 126.3600 65.6400
7.4171849066e-001 -5.0305107899e-001 3.0388816683e+000
154 24 24
13 21 878 214.9600 -41.0500 24 1175 100.2800 -78.7400 20 863 278.1400 -76.2500 23 1045 106.7100 -104.3800 19 695 271.7000 -37.0600 26 1436 78.4600 -131.9000 27 1565 59.2300 -159.9100 28 1560 61.4900 -178.1300 29 1495 -18.7800 -179.6500 30 1558 -63.7000 -185.3400 31 1331 -78.7500 -170.1700 32 1630 -147.5500 -67.8700 34 1414 -181.1600 -71.5200
7.4470121372e-001 -5.0405939086e-001 3.0428113115e+000
175 97 66
5 21 880 226.3700 -48.5400 24 1177 113.3200 -87.6200 20 865 289.1300 -82.6899 23 1046 120.3800 -111.8000 19 696 282.9700 -41.5400
6.7061526011e-001 -5.1633361069e-001 3.0646034468e+000
172 34 40
5 21 733 -64.9600 -84.3900 24 787 -163.1400 -98.6100 20 739 -10.7300 -127.3199 25 784 -115.3900 -87.0300 19 700 -11.9200 -108.3600
7.3494192328e-001 -5.6360136865e-001 3.0624306040e+000
192 124 87
6 21 901 176.0600 -279.6200 24 1195 58.3400 -323.6801 20 888 240.4600 -317.9800 23 1068 70.1200 -344.2500 25 1204 100.0700 -329.3400 19 840 243.7700 -275.0400
7.4948902946e-001 -5.9278016699e-001 3.0963868047e+000
157 23 27
5 21 1037 225.6900 -399.4000 24 1322 125.4800 -451.7400 23 1189 133.9600 -464.6000 25 1315 170.1000 -463.0601 26 1519 114.8300 -529.7800
7.3662622963e-001 -4.0829340792e-001 2.9815889707e+000
137 143 123
3 21 1135 214.7300 334.7000 24 1425 87.2600 312.0400 23 1299 92.6800 271.1400
7.2502698669e-001 -5.6399906264e-001 3.0542178931e+000
188 94 74
7 21 1118 136.9000 -278.6200 24 1393 14.4600 -316.9800 20 1135 202.5700 -319.2200 23 1265 27.8700 -340.0900 25 1374 54.2000 -319.6801 19 1105 210.3200 -279.6801 26 1516 -16.9300 -373.0500
6.5852807327e-001 -4.6464474459e-001 3.0478902643e+000
28 63 40
6 21 1093 -100.6500 122.5901 24 1275 -194.6500 113.7800 20 1103 -49.3700 81.8900 23 1240 -192.1400 73.4700 25 1272 -142.0000 130.2300 19 1141 -58.5800 97.9399
7.3502562000e-001 -5.1241793312e-001 3.0320072137e+000
103 28 41
8 21 1184 187.8100 -75.3101 24 1463 63.3200 -110.8800 23 1334 74.1400 -137.6500 19 1154 253.3800 -73.7700 26 1601 34.8100 -162.7100 27 1713 11.8100 -189.3900 28 1713 12.2900 -205.2500 29 1669 -67.9500 -204.3199
7.2855009381e-001 -5.1929759019e-001 3.0326638105e+000
157 155 143
3 21 1153 160.8400 -101.3000 24 1464 33.7800 -139.6600 19 1157 229.2600 -101.1400
7.0301053325e-001 -6.0914784488e-001 3.0918236799e+000
146 63 41
4 21 1162 41.6800 -457.4200 24 1399 -66.5900 -488.3500 23 1314 -54.2900 -509.8900 19 1166 112.9700 -469.5300
6.9054216127e-001 -4.0532483571e-001 2.9716461392e+000
135 150 173
3 21 1198 35.0700 360.0000 24 1476 -98.9800 349.3500 23 1349 -89.2300 301.3101
6.9543442641e-001 -5.3788634911e-001 3.0429974899e+000
158 22 32
6 21 1240 24.7200 -170.0200 24 1516 -94.9100 -193.8199 20 1291 88.6100 -211.9000 23 1397 -83.3700 -224.0601 25 1484 -53.3300 -188.3400 19 1286 102.7100 -183.5601
7.5981665916e-001 -4.0322059731e-001 3.0203981757e+000
174 43 41
3 21 335 307.5300 338.0100 24 744 212.1000 314.2200 23 326 205.2200 277.8201
7.4317698925e-001 -4.2262090816e-001 2.9929744839e+000
70 100 105
3 21 45 237.6400 274.2800 24 51 114.4600 249.4099 23 43 117.8200 211.9399
7.5414611242e-001 -4.4966085772e-001 3.0285702631e+000
144 153 40
2 21 72 274.7600 160.8201 24 465 169.8800 128.4500
7.5414611242e-001 -4.4966085772e-001 3.0285702631e+000
144 153 40
2 21 71 274.7600 160.8201 24 464 169.8800 128.4500
7.5133905691e-001 -5.4292278430e-001 3.0742146946e+000
125 78 51
5 21 400 243.8600 -204.9700 24 824 143.1800 -251.2700 20 121 303.4500 -238.8900 23 712 147.1600 -269.4399 25 825 191.9400 -258.4900
7.5137718088e-001 -5.4293927808e-001 3.0743408292e+000
125 78 51
4 21 401 243.8600 -204.9700 24 823 143.1800 -251.2700 20 122 303.4500 -238.8900 25 824 191.9400 -258.4900
7.1731653666e-001 -5.6989719886e-001 3.0577833957e+000
150 51 46
6 21 137 105.2900 -300.9301 24 169 -16.2100 -336.8900 20 138 169.6000 -343.5100 23 166 -2.1500 -359.6300 25 193 23.1400 -338.3500 26 192 -45.8000 -390.3400
7.3925306216e-001 -5.8494138730e-001 3.0756129234e+000
192 120 91
9 21 169 187.3200 -365.5300 24 587 74.7600 -412.2600 20 155 249.7600 -403.9800 23 496 87.0900 -428.7100 25 593 115.0100 -420.3800 26 623 50.3400 -482.2700 27 726 32.5400 -516.7100 28 672 24.6600 -536.5500 29 611 -46.0300 -538.9301
7.4732286128e-001 -5.8038913159e-001 3.0846148856e+000
198 115 76
13 21 152 219.6100 -349.1801 24 588 114.9500 -399.1100 20 157 280.3700 -384.9500 23 479 122.9200 -414.3900 25 577 159.8200 -408.8600 26 599 100.1600 -473.4000 27 700 84.9600 -511.5601 28 673 78.2900 -534.4900 29 615 8.8800 -540.5699 30 641 -32.8900 -545.3101 31 564 -49.0300 -509.2800 32 649 -113.3800 -416.7700 34 638 -147.2200 -412.9301
7.4667646785e-001 -5.8450545711e-001 3.0863695226e+000
223 85 76
8 21 172 216.2300 -366.6700 24 612 111.1100 -416.7800 20 160 276.5500 -402.8400 27 729 81.1100 -529.5500 28 714 73.8700 -552.4399 30 647 -35.8800 -562.8900 31 573 -50.5700 -525.8700 32 653 -115.3600 -433.3000
7.5229724935e-001 -5.8100598069e-001 3.0962198316e+000
204 68 54
9 21 186 239.8200 -353.2300 24 589 142.5500 -405.5800 25 598 189.8900 -416.2400 26 968 135.1200 -483.7900 28 1062 119.1300 -549.5500 30 1043 11.0400 -567.7200 31 955 -8.4800 -532.8500 32 1105 -72.1000 -442.7200 34 652 -109.4700 -440.9900
7.3904746395e-001 -5.9054194584e-001 3.0806358577e+000
131 29 31
6 21 199 185.6200 -387.9100 24 233 74.2000 -435.1899 20 181 248.3900 -426.4100 23 201 86.1900 -451.4900 25 263 114.7000 -443.4700 27 270 34.7100 -541.3600
7.4789641141e-001 -5.8958713051e-001 3.0952965917e+000
208 57 59
3 21 213 220.2800 -387.6400 24 615 119.9500 -438.6300 23 515 128.7100 -452.0400
7.5464908209e-001 -5.9239288472e-001 3.1058416702e+000
196 65 51
9 21 221 247.9100 -398.0200 24 634 154.8400 -452.8500 25 624 200.9100 -465.8800 26 977 150.2500 -535.0800 27 1101 139.0400 -578.3900 28 1077 133.7000 -604.4100 30 1087 26.8600 -626.1500 32 1136 -58.8900 -500.8101 34 1049 -95.6700 -499.0900
7.5323617544e-001 -5.9613212270e-001 3.1051905753e+000
202 66 51
2 21 227 239.9200 -415.1100 24 637 145.3600 -469.5200
7.5330357250e-001 -5.9642227567e-001 3.1043362723e+000
202 66 51
3 21 226 239.9200 -415.1100 24 636 145.3600 -469.5200 26 694 137.9400 -551.6400
7.5174504424e-001 -6.3064463736e-001 3.1215098149e+000
172 130 72
9 21 296 227.2800 -553.5500 24 680 135.2200 -610.9200 27 884 117.6300 -741.5200 28 849 105.4100 -766.2900 29 798 44.4600 -775.7300 30 822 7.8500 -784.3000 31 735 -9.5900 -740.6600 32 858 -71.4000 -653.7300 34 801 -103.9900 -648.3300
7.4419228616e-001 -4.1037077228e-001 2.9922666842e+000
175 33 32
3 21 329 244.3500 321.6300 24 736 124.7400 298.1000 23 318 126.2400 259.2800
6.7237350335e-001 -5.3067983496e-001 3.0713815424e+000
121 26 31
3 21 380 -60.1800 -142.0400 24 119 -158.5000 -156.5699 20 374 -6.2300 -185.5601
7.4521085068e-001 -5.4255595557e-001 3.0624720124e+000
108 65 42
9 21 398 220.1300 -197.6500 24 822 110.2400 -242.1700 20 387 281.8100 -233.0699 26 1155 92.6300 -306.9700 28 1278 72.5700 -361.3300 29 1194 -2.4800 -365.7900 30 1265 -45.4300 -370.7500 32 1021 -127.5600 -247.4000 34 976 -162.8000 -246.7500
7.4676798497e-001 -5.5086802740e-001 3.0701566698e+000
101 63 37
4 21 402 224.6800 -233.5200 24 834 117.3400 -279.7700 20 395 285.0500 -269.2800 25 826 164.0400 -286.5800
7.4220124110e-001 -5.5857464483e-001 3.0659425402e+000
95 50 24
5 21 604 204.4700 -261.5601 24 843 93.5900 -306.8199 20 405 267.2900 -298.3199 23 741 102.0700 -325.5300 26 1176 71.5200 -373.5500
7.4779502561e-001 -5.6535653043e-001 3.0798042658e+000
120 68 41
7 21 615 225.3500 -289.8800 24 860 121.2200 -338.1100 20 425 285.8900 -324.9600 25 847 166.8700 -346.9301 26 930 107.7800 -409.6600 27 1041 92.9200 -446.6000 28 1024 87.9800 -469.7900
7.4781522605e-001 -5.6526281381e-001 3.0795925812e+000
120 68 41
8 21 616 225.3500 -289.8800 24 861 121.2200 -338.1100 20 426 285.8900 -324.9600 25 848 166.8700 -346.9301 26 931 107.7800 -409.6600 28 1025 87.9800 -469.7900 31 915 -41.7600 -449.8199 32 1072 -106.8800 -357.0100
7.4722257525e-001 -5.6777432904e-001 3.0781903646e+000
193 124 83
13 21 617 222.0300 -299.0400 24 858 116.0400 -347.2800 20 427 282.9100 -334.5699 23 749 124.8600 -363.3800 25 855 161.5500 -355.8300 26 942 102.2600 -419.1000 27 1049 86.0300 -455.5100 28 1023 81.4100 -478.0500 29 950 9.1200 -483.7100 30 1019 -32.0900 -489.2700 31 913 -49.9600 -455.6000 32 1070 -115.3000 -362.1300 34 1009 -149.7300 -359.6300
7.4851724167e-001 -5.6903469744e-001 3.0818905403e+000
128 87 59
8 21 620 228.4300 -304.6899 24 868 125.1100 -354.0400 20 431 288.6300 -339.2200 26 944 111.2500 -427.2800 29 1273 19.7300 -494.8000 31 917 -39.4800 -467.6700 32 1074 -104.4000 -375.1600 34 630 -139.4000 -372.3800
7.5904261801e-001 -5.6858782354e-001 3.1022819282e+000
191 121 81
8 21 623 269.4600 -306.1801 24 871 180.3000 -359.5400 23 753 183.0900 -371.9399 25 861 230.9100 -371.4500 26 948 182.7400 -439.6500 27 1345 173.2000 -482.2100 28 1337 170.6800 -509.9301 29 1289 104.1900 -522.7900
7.5808221312e-001 -6.0157823926e-001 3.1204827299e+000
191 119 86
2 21 457 257.8000 -439.6600 24 907 173.2900 -495.8800
7.4668030573e-001 -6.1131855350e-001 3.1015865089e+000
192 126 91
4 21 464 210.9200 -471.2300 24 912 109.0600 -524.7100 23 797 118.3300 -537.3199 25 1070 149.8100 -537.5500
7.6517325902e-001 -6.2733149953e-001 3.1571787072e+000
151 118 72
9 21 655 284.6200 -541.9700 24 1212 216.9100 -606.6801 23 968 216.5000 -610.3101 26 1464 234.9100 -706.2500 27 1644 236.8100 -760.5400 28 1641 229.3500 -792.2200 30 1652 143.0400 -836.1801 32 1723 56.5600 -724.5400 34 1655 18.2600 -728.9800
7.3897464607e-001 -4.6196206736e-001 3.0102622320e+000
36 47 17
3 21 527 212.6000 119.8101 24 978 89.3200 90.2800 23 871 96.4000 58.6000
6.7932599140e-001 -4.8245274436e-001 3.0332386426e+000
30 60 31
5 21 365 -23.7000 51.4700 24 90 -135.5800 35.6500 20 537 34.4800 9.1500 23 375 -127.2500 -2.3600 25 124 -87.2900 48.2300
6.5277240758e-001 -4.9576075219e-001 3.0742263366e+000
158 158 162
4 21 545 -128.9000 -2.8300 24 491 -212.4600 -10.2700 20 545 -80.7500 -45.1500 23 651 -211.5400 -48.0200
7.3555654195e-001 -5.1580660104e-001 3.0347429710e+000
11 52 77
