# Bundle file v0.3
60 5656
0 0 0
0 0 0
0 0 0
0 0 0
0 0 0
0 0 0
0 0 0
0 0 0
0 0 0
0 0 0
0 0 0
0 0 0
0 0 0
0 0 0
0 0 0
0 0 0
0 0 0
0 0 0
0 0 0
0 0 0
0 0 0
0 0 0
0 0 0
0 0 0
0 0 0
0 0 0
0 0 0
0 0 0
0 0 0
0 0 0
0 0 0
0 0 0
0 0 0
0 0 0
0 0 0
0 0 0
0 0 0
0 0 0
0 0 0
0 0 0
0 0 0
0 0 0
0 0 0
0 0 0
0 0 0
2.5813128539e+003 -1.8561804081e-001 3.8838708660e-003
9.6436052925e-001 -2.1407474875e-001 -1.5550167708e-001
7.6349980231e-002 7.8784931649e-001 -6.1111712055e-001
2.5333663404e-001 5.7746467984e-001 7.7611538665e-001
-3.4466245362e-001 2.1859980185e+000 -3.0291388790e+000
2.6588504987e+003 -1.5357983713e-001 6.4331914493e-002
9.1099698967e-001 -2.8236476728e-001 -3.0059045728e-001
4.8683448627e-002 7.9739001287e-001 -6.0149737257e-001
4.0952949423e-001 5.3332851562e-001 7.4016639196e-001
1.3785004045e-001 2.1736228478e+000 -3.0627692868e+000
0 0 0
0 0 0
0 0 0
0 0 0
0 0 0
2.7747545792e+003 -1.5329936325e-001 1.5216229053e-002
8.8816180085e-001 -2.7543774621e-001 -3.6783510363e-001
-3.5892702432e-003 7.9627539184e-001 -6.0492364600e-001
4.5951684696e-001 5.3859033440e-001 7.0623276549e-001
3.5668821063e-001 2.2196627407e+000 -3.0271031168e+000
2.3935759035e+003 -1.8491042431e-001 5.0631264145e-002
7.8657455496e-001 -3.4048181197e-001 -5.1514328610e-001
-4.4280144329e-002 8.0099767665e-001 -5.9702762987e-001
6.1590562452e-001 4.9241736132e-001 6.1496780725e-001
8.5891376105e-001 2.2364174418e+000 -2.7417892717e+000
2.1718160327e+003 -1.1023155420e-001 -4.3166842133e-002
7.0612328149e-001 -3.6850029304e-001 -6.0464654582e-001
-8.5703918727e-002 8.0315766814e-001 -5.8956984185e-001
7.0288316928e-001 4.6812956982e-001 5.3554640901e-001
1.1969271137e+000 2.2556494496e+000 -2.4889514893e+000
4.8532201678e+003 -2.5058344183e-001 -3.4060425013e-003
-7.6436924730e-001 3.2946662686e-001 5.5424849622e-001
-3.5267212619e-001 -9.3324492934e-001 6.8383282089e-002
5.3977960798e-001 -1.4319791774e-001 8.2953741999e-001
-1.0105745054e+000 -3.2606434842e-001 -1.9937018470e+000
6.5281672286e+003 3.8619483173e-002 1.5646673894e-003
-8.4871717510e-001 3.1941156091e-001 4.2149188776e-001
-3.4234529440e-001 -9.3930549969e-001 2.2469482642e-002
4.0308666077e-001 -1.2522552857e-001 9.0655375511e-001
-5.2556801124e-001 -2.1819304652e-001 -1.7850550732e+000
1.2400149011e+004 -1.1945230430e-001 -5.5062609017e-004
-8.8947318486e-001 2.8202439664e-001 3.5958266520e-001
-3.0524340888e-001 -9.5223899401e-001 -8.2072902766e-003
3.4009397928e-001 -1.1706040312e-001 9.3307713897e-001
-3.1804830735e-001 -1.5791786137e-001 -6.8089115369e-001
5.8970845884e+004 -1.4569462750e-002 -2.2915258476e-006
9.3129520375e-001 -2.7290248194e-001 -2.4127469578e-001
2.9066689836e-001 9.5595951630e-001 4.0671333875e-002
2.1954953351e-001 -1.0800758564e-001 9.6960423049e-001
-1.0824730374e-001 5.3375352709e-002 -1.6981369837e+001
3.3398568162e+004 9.8000152352e-003 1.7391851225e-005
9.5859954791e-001 -2.4337860006e-001 -1.4783018563e-001
2.4750070746e-001 9.6883739098e-001 9.8746975847e-003
1.4082012128e-001 -4.6053956167e-002 9.8896346068e-001
-3.9612581940e-001 2.0590903514e-001 -1.1016521251e+001
6.3614830026e+004 3.2128684982e-003 6.5951942995e-007
9.8273194484e-001 -1.8111548255e-001 -3.7882800436e-002
1.8179713154e-001 9.8321594736e-001 1.5368923974e-002
3.4463423437e-002 -2.1990517001e-002 9.9916399535e-001
-7.2748979621e-001 2.4141442224e-001 -1.7952538376e+001
-5.8923851777e+004 1.7843236294e-003 4.6864362762e-007
9.8772011407e-001 -1.4729713846e-001 5.2081947662e-002
1.4689920067e-001 9.8908567051e-001 1.1408822882e-002
-5.3193995088e-002 -3.6179273574e-003 9.9857764319e-001
-1.0083057304e+000 2.9310740388e-001 1.0878143631e+001
0 0 0
0 0 0
0 0 0
0 0 0
0 0 0
8.6461830607e+004 9.7063950515e-003 6.4026806051e-007
-9.7427275284e-001 1.0562986858e-001 -1.9908524288e-001
-1.0503686621e-001 -9.9437576459e-001 -1.3568180661e-002
-1.9939874575e-001 7.6921812972e-003 9.7988824390e-001
1.4583327921e+000 -3.0912878435e-001 1.7524804039e+001
-8.8997292519e+004 7.7100918578e-003 5.3524303782e-007
9.6345031440e-001 -6.8378596669e-002 2.5901324137e-001
7.1106538086e-002 9.9746804430e-001 -1.1665480173e-003
-2.5827766440e-001 1.9541445966e-002 9.6587306617e-001
-1.6197501478e+000 3.9130196582e-001 1.7670580388e+001
2.8276303783e+004 4.0879064875e-002 3.8003317842e-005
9.5635113753e-001 -3.0909924686e-002 2.9058058831e-001
3.1735929504e-002 9.9949453776e-001 1.8707670994e-003
-2.9049153607e-001 7.4327348224e-003 9.5684869333e-001
-1.6835426221e+000 4.1613191082e-001 -9.0740590519e+000
9.5716713014e+004 1.1468945622e-002 1.1762650634e-006
9.1108529692e-001 8.9064432946e-003 4.1212165317e-001
9.2134257519e-003 9.9907682848e-001 -4.1959546954e-002
-4.1211490452e-001 4.2025778547e-002 9.1016215006e-001
-2.0189781624e+000 5.5996452964e-001 -2.3407119519e+001
3.6925457618e+004 -2.9724948916e-002 -4.5193076456e-005
8.6651412654e-001 4.9645158166e-002 4.9667758835e-001
-1.7127602048e-002 9.9741292765e-001 -6.9814733411e-002
-4.9885861098e-001 5.1988556662e-002 8.6512269432e-001
-2.2289838846e+000 6.6219166239e-001 -1.0183718112e+001
4.5574006500e+004 -2.1328263183e-001 -1.0732897202e-004
8.4778021022e-001 9.6165507299e-002 5.2155623892e-001
-6.1432084925e-002 9.9460978673e-001 -8.3531258149e-002
-5.2677776538e-001 3.8775860430e-002 8.4911814169e-001
-2.2681281325e+000 7.3746918552e-001 -1.1783859602e+001
6.4339192111e+003 -2.7244322831e+000 -7.5232037305e-003
7.9961653798e-001 1.0648999588e-001 5.9099346271e-001
-2.2552479514e-002 9.8878204180e-001 -1.4765317296e-001
-6.0008730853e-001 1.0473755102e-001 7.9304808653e-001
-2.4547170438e+000 9.0034773123e-001 -3.2719783671e+000
2.9210730395e+003 -8.6578575540e-001 7.4621072822e-001
7.5474344070e-001 1.2170405306e-001 6.4463203627e-001
2.6433318413e-002 9.7620084899e-001 -2.1525143928e-001
-6.5548731368e-001 1.7949937577e-001 7.3356414559e-001
-2.5862482183e+000 1.0599162904e+000 -2.2794955601e+000
1.7346378829e+003 -3.1433012047e-001 4.6314987206e-002
7.5615482429e-001 1.0905286098e-001 6.4524209040e-001
7.5248694579e-002 9.6498589827e-001 -2.5127644159e-001
-6.5005193306e-001 2.3855751852e-001 7.2147265692e-001
-2.6007198962e+000 1.1241384325e+000 -1.9966122139e+000
1.3950154132e+003 -1.7118880698e-001 -6.0406194940e-002
7.4806807817e-001 1.0119349794e-001 6.5586128594e-001
1.7199602148e-001 9.2497028410e-001 -3.3889134264e-001
-6.4094580037e-001 3.6631932722e-001 6.7453586375e-001
-2.6467065419e+000 1.3202791197e+000 -1.7090733280e+000
0 0 0
0 0 0
0 0 0
0 0 0
0 0 0
1.0807925686e+003 -9.9658235945e-003 -1.1554022322e-001
7.6619624673e-001 7.2247762504e-002 6.3853235808e-001
2.1618806140e-001 9.0675957084e-001 -3.6200801483e-001
-6.0514959606e-001 4.1541225488e-001 6.7913667615e-001
-2.6321676131e+000 1.3434434040e+000 -1.6665950626e+000
8.3033986516e+002 3.0532653790e-002 -6.6940011971e-002
7.6453734534e-001 5.6413902641e-002 6.4210600306e-001
2.4192465699e-001 8.9822407269e-001 -3.6696863025e-001
-5.9745720174e-001 4.3590249694e-001 6.7307793401e-001
-2.6594176136e+000 1.3301032864e+000 -1.5898089686e+000
8.7568992589e+002 3.8665318467e-002 -6.5746881509e-002
8.3277644855e-001 1.8070931955e-002 5.5331440263e-001
2.3672586170e-001 8.9186043090e-001 -3.8541644774e-001
-5.0044405596e-001 4.5194956932e-001 7.3844250531e-001
-2.4484769945e+000 1.3775258921e+000 -1.8819229282e+000
9.6727353897e+002 1.6758756834e-001 -1.8781363142e-001
2.3779799409e-001 -4.2539979930e-001 -8.7320508746e-001
-1.4119086526e-001 -9.0458342501e-001 4.0223620767e-001
-9.6099805076e-001 2.7637618514e-002 -2.7517068970e-001
2.3380328205e+000 -1.5235378200e+000 1.9341894488e+000
1.5564559900e+003 1.4913302174e-001 -2.1584426282e-001
9.2412570572e-001 -9.3548022385e-002 3.7045977856e-001
3.0570733313e-001 7.6264271109e-001 -5.7001677316e-001
-2.2920450802e-001 6.4001942371e-001 7.3337605005e-001
-2.0165350104e+000 1.8483075923e+000 -2.1469148494e+000
1.6271185494e+003 1.4219936129e-001 -2.2986492837e-001
9.4745752270e-001 -1.1177145463e-001 2.9971884261e-001
2.7684091501e-001 7.5593145577e-001 -5.9323413755e-001
-1.6026025853e-001 6.4503858497e-001 7.4715585619e-001
-1.8358007223e+000 1.9517473079e+000 -2.2747370467e+000
1.6555420549e+003 1.2790667434e-001 -1.9962861682e-001
9.6851198873e-001 -1.4206164527e-001 2.0445786026e-001
2.3957184118e-001 7.5525336745e-001 -6.1008006350e-001
-6.7748509898e-002 6.3985220161e-001 7.6550591082e-001
-1.5689000578e+000 2.0347112314e+000 -2.4163146238e+000
1.6894890746e+003 1.1002717579e-001 -1.7119602713e-001
9.7966678329e-001 -1.7733369921e-001 9.3838972906e-002
1.9715137454e-001 7.6414873755e-001 -6.1417264870e-001
3.7206575068e-002 6.2018502563e-001 7.8357271823e-001
-1.2537887544e+000 2.0867373277e+000 -2.5795117249e+000
1.6737681467e+003 1.2576664977e-001 -2.1886198001e-001
9.7813279892e-001 -2.0737062470e-001 -1.5926446049e-002
1.5257272070e-001 7.6748094797e-001 -6.2265123416e-001
1.4134281931e-001 6.0660565322e-001 7.8233738816e-001
-9.1317188303e-001 2.1564584758e+000 -2.6896255638e+000
1.6766224540e+003 1.1965436290e-001 -2.0899939008e-001
9.6953705741e-001 -2.2277460408e-001 -1.0183010400e-001
1.1034956495e-001 7.6840025771e-001 -6.3038402380e-001
2.1867982948e-001 5.9994376380e-001 7.6957560542e-001
-6.5240173397e-001 2.2273597117e+000 -2.7196052345e+000
8.8173251967e+002 -2.4427325535e-001 8.7405067781e-002
9.6848068495e-001 -1.8861979343e-001 -1.6268907892e-001
1.2439183199e-002 6.8894598739e-001 -7.2470593566e-001
2.4877787200e-001 6.9983998170e-001 6.6957715792e-001
-4.3110294865e-001 2.6270852069e+000 -2.2945360560e+000
1.6741503662e+003 1.2529216400e-001 -2.3837098003e-001
9.4679901556e-001 -2.5336583981e-001 -1.9843733355e-001
7.6683784609e-002 7.7644988788e-001 -6.2549593826e-001
3.1255594909e-001 5.7700201284e-001 7.5457104097e-001
-3.3944642875e-001 2.2430792219e+000 -2.7610849426e+000
1.6722112623e+003 1.2198601053e-001 -2.0764353100e-001
9.2652524188e-001 -2.5922735569e-001 -2.7267591427e-001
3.2883807608e-002 7.7777648537e-001 -6.2768016855e-001
3.7479278456e-001 5.7259489769e-001 7.2915392873e-001
-7.8991193849e-002 2.2852881456e+000 -2.7128748640e+000
1.6691579984e+003 1.3462614338e-001 -2.4937446289e-001
8.8140444207e-001 -2.8471936141e-001 -3.7690992920e-001
-9.6298991819e-003 7.8692868640e-001 -6.1696880599e-001
4.7226419993e-001 5.4742865084e-001 6.9086062104e-001
2.6843134656e-001 2.2958260123e+000 -2.7039838155e+000
1.6713245589e+003 1.2601024365e-001 -2.3678091028e-001
8.2452326930e-001 -3.0588561784e-001 -4.7602034325e-001
-4.0344028182e-002 8.0735839765e-001 -5.8868053912e-001
5.6438793199e-001 5.0458538083e-001 6.5334512753e-001
6.1287720990e-001 2.2505094912e+000 -2.6974817795e+000
1.6713827496e+003 1.1315284475e-001 -1.9717085694e-001
7.6868459163e-001 -3.0539606936e-001 -5.6201177871e-001
-8.6743704891e-002 8.2076355589e-001 -5.6464388333e-001
6.3371880851e-001 4.8278403675e-001 6.0441711227e-001
9.3957772873e-001 2.2229216816e+000 -2.6178159948e+000
1.6667605551e+003 1.2356747511e-001 -2.2972197675e-001
6.9288055226e-001 -3.2501801627e-001 -6.4364573284e-001
-1.1151980000e-001 8.3360264354e-001 -5.4098980295e-001
7.1237621698e-001 4.4662055683e-001 5.4134111584e-001
1.2455508426e+000 2.1687954840e+000 -2.5151001786e+000
1.6723464831e+003 1.1799862448e-001 -2.3084405515e-001
6.3765509609e-001 -3.1702477073e-001 -7.0206215763e-001
-1.4093065797e-001 8.4799474643e-001 -5.1092412320e-001
7.5732062436e-001 4.2473545269e-001 4.9604966198e-001
1.4886162132e+000 2.1102970426e+000 -2.4347357977e+000
1.6761462254e+003 1.1012222327e-001 -2.0078736383e-001
5.6042029490e-001 -3.1876116965e-001 -7.6440853592e-001
-1.6925352189e-001 8.5940817480e-001 -4.8246329852e-001
8.1072951000e-001 3.9976106090e-001 4.2767833216e-001
1.7334086676e+000 2.0420828115e+000 -2.2752943489e+000
1.6731424203e+003 1.0550879890e-001 -1.8825487758e-001
4.3307103423e-001 -3.3681215596e-001 -8.3606641537e-001
-1.9592955543e-001 8.7020604003e-001 -4.5205426356e-001
8.7980741564e-001 3.5958172852e-001 3.1086957376e-001
2.0809538945e+000 1.9838077833e+000 -1.9842423455e+000
1.6796815998e+003 9.2842628761e-002 -1.5811324392e-001
3.3483486303e-001 -3.2564485755e-001 -8.8421775669e-001
-2.2459664887e-001 8.8375648504e-001 -4.1052505460e-001
9.1511854959e-001 3.3605044546e-001 2.2277373790e-001
2.3102966546e+000 1.8915228677e+000 -1.7509933182e+000
0 0 0
0 0 0
0 0 0
0 0 0
0 0 0
1.6721235838e+003 1.1532248123e-001 -2.1914094903e-001
2.4209259822e-001 -8.9191461432e-001 3.8194174249e-001
2.5820838254e-001 -3.2023101626e-001 -9.1147162732e-001
9.3526445729e-001 3.1928109401e-001 1.5277427117e-001
-1.8176246520e+000 2.4730536934e+000 -1.5552269387e+000
0 0 0
0 0 0
0 0 0
0 0 0
0 0 0
0 0 0
0 0 0
0 0 0
0 0 0
0 0 0
0 0 0
0 0 0
0 0 0
0 0 0
0 0 0
7.6753028004e-001 -4.3169560618e-001 3.1076993055e+000
34 64 36
14 21 865 -105.2100 58.9500 24 984 -197.1000 47.4300 20 849 -54.8600 18.0600 23 875 -194.3500 9.2800 18 804 -109.0300 -42.4500 19 947 -62.3300 34.5200 15 704 77.3600 -83.8800 16 798 23.2800 27.4300 17 842 25.7700 33.1500 13 697 35.0500 6.2800 14 751 82.2600 51.0200 9 739 17.4400 20.6200 10 745 96.7300 -9.3800 12 607 54.5800 -25.2600
7.6753028004e-001 -4.3169560618e-001 3.1076993055e+000
34 64 36
14 21 866 -105.2100 58.9500 24 983 -197.1000 47.4300 20 848 -54.8600 18.0600 23 874 -194.3500 9.2800 18 803 -109.0300 -42.4500 19 946 -62.3300 34.5200 15 705 77.3600 -83.8800 16 799 23.2800 27.4300 17 843 25.7700 33.1500 13 698 35.0500 6.2800 14 752 82.2600 51.0200 9 740 17.4400 20.6200 10 746 96.7300 -9.3800 12 608 54.5800 -25.2600
7.5610882384e-001 -3.7871679038e-001 3.4883600015e+000
183 33 40
2 21 689 -98.8000 285.3101 24 752 162.9500 270.2700
7.9440531764e-001 -3.8506065795e-001 3.0684761989e+000
174 31 40
11 21 514 -30.6000 273.4199 24 750 -148.4200 261.6599 23 621 -141.6900 217.5100 18 559 -14.9600 178.5300 19 503 23.4400 257.0901 15 431 207.2100 172.4800 17 524 149.3600 293.8201 13 367 148.0200 259.8201 14 477 207.5400 318.6899 9 444 102.0200 259.5500 10 404 189.1200 233.3800
7.8155468383e-001 -3.9311856006e-001 3.0825771799e+000
154 166 178
15 21 967 -75.0900 229.0200 24 1253 -179.0300 219.2700 20 1087 -21.0000 190.1799 23 1122 -175.0000 176.2600 25 1118 -125.8300 237.1100 18 886 -71.7800 129.8600 19 1053 -28.9700 208.7100 15 770 134.6400 112.9700 16 868 71.7800 225.1300 17 908 77.3100 235.3900 13 752 82.6100 200.0901 14 802 135.8800 255.5500 9 905 52.1000 202.9199 10 805 134.4100 175.5801 12 668 98.2000 155.3000
7.8157345153e-001 -3.9307413396e-001 3.0826172127e+000
154 166 178
14 21 968 -75.0900 229.0200 24 1252 -179.0300 219.2700 20 1086 -21.0000 190.1799 23 1123 -175.0000 176.2600 18 887 -71.7800 129.8600 19 1054 -28.9700 208.7100 15 769 134.6400 112.9700 16 869 71.7800 225.1300 17 909 77.3100 235.3900 13 753 82.6100 200.0901 14 801 135.8800 255.5500 9 906 52.1000 202.9199 10 806 134.4100 175.5801 12 669 98.2000 155.3000
7.9573155269e-001 -4.3192472870e-001 3.0798630261e+000
158 163 156
15 21 1007 8.0400 78.6200 24 1155 -113.4500 62.1000 20 1112 69.2600 38.6000 23 1156 -103.6700 24.4700 25 1159 -66.3700 74.1599 18 920 35.1400 -14.0600 19 1083 71.3100 61.9500 15 791 249.3400 -34.0500 16 787 193.4800 71.4000 17 928 198.6300 69.9399 13 774 190.5500 66.8600 14 743 251.3400 109.8000 9 926 135.9200 90.7700 10 824 227.5300 58.8900 12 686 190.1700 37.1200
7.8844766188e-001 -4.1971396600e-001 3.0851075512e+000
164 162 167
14 21 1150 -28.1600 124.8000 24 1376 -140.3300 110.9299 20 1180 29.3500 84.9399 23 1246 -133.2500 71.3500 18 986 -13.7500 28.0600 19 1145 26.3700 105.5901 15 779 192.1900 5.0900 16 935 135.4400 113.6799 17 990 141.2200 117.2700 13 833 137.1200 99.5901 14 810 194.0300 145.9000 9 918 95.1500 114.9600 10 866 181.1000 84.5300 12 732 144.4600 64.6799
7.6668170037e-001 -4.6700888758e-001 3.1192382966e+000
160 161 166
15 21 1113 -87.8500 -86.0699 24 1300 -181.8500 -97.4600 20 1130 -36.1600 -128.9500 23 1166 -176.5700 -133.0000 25 1300 -132.8000 -85.2100 18 933 -84.4800 -187.4800 19 1099 -38.1200 -112.1200 15 801 99.5600 -240.2500 16 820 49.3100 -131.6899 17 943 50.3500 -133.5601 13 802 60.8600 -142.3600 14 832 107.0400 -108.0000 9 937 41.6600 -113.1400 10 836 122.3500 -147.2600 12 710 75.5800 -163.3900
7.9220902927e-001 -4.6550597453e-001 3.0926148871e+000
171 161 170
15 21 885 17.2000 -66.2500 24 1171 -100.7600 -88.8300 20 1016 78.2300 -107.9600 23 1042 -90.2600 -120.8900 25 972 -56.0300 -81.2200 18 820 44.5900 -154.6200 19 969 82.6600 -81.5400 15 624 249.2600 -181.8199 16 687 199.1900 -81.7100 17 860 203.0600 -91.8900 13 707 194.3300 -72.9100 14 671 253.3100 -40.8500 9 746 144.2400 -34.7300 10 646 235.1600 -70.6700 12 508 193.6100 -91.0300
7.7239553657e-001 -4.1245892584e-001 3.0974400458e+000
162 174 74
15 21 853 -98.1100 142.0801 24 971 -193.5300 132.4800 20 837 -47.2100 102.2800 23 864 -190.8000 92.2600 25 947 -140.4300 149.2900 18 687 -101.4600 40.4300 19 797 -55.8000 118.7900 15 615 91.7900 8.9700 16 664 34.0200 121.0300 17 725 38.0500 129.4399 13 680 45.5700 97.7900 14 657 95.2200 146.9600 9 731 24.4300 106.8900 10 630 104.3600 77.9000 12 496 64.8400 59.8200
7.9745104130e-001 -4.2154766341e-001 3.0757343916e+000
158 162 163
14 21 1097 6.7500 123.0500 24 1278 -115.4700 104.8900 20 1106 68.1400 84.0701 23 1140 -105.8000 66.5500 18 910 32.8500 31.8100 19 1073 69.2200 107.9399 15 782 251.3600 16.0600 16 881 192.7600 122.7900 17 925 198.7900 123.1899 13 834 191.5100 113.7800 14 811 252.9300 159.5500 9 915 138.3900 130.9399 10 816 228.5900 100.7800 12 682 192.6100 79.1000
7.7900914898e-001 -4.8164245221e-001 3.1113611068e+000
224 150 141
13 21 109 -26.6100 -139.8900 24 125 -131.5000 -159.7000 20 98 30.2500 -183.2700 23 113 -122.9600 -191.3101 18 283 -8.8200 -233.7300 19 353 33.2400 -160.6100 15 210 181.0800 -276.7500 16 253 134.4700 -174.6801 17 307 135.4600 -183.3600 13 260 135.1800 -169.5200 14 241 187.4700 -141.1500 9 95 99.4100 -130.5200 10 290 185.9900 -167.3500
7.8374489250e-001 -5.6459633394e-001 3.1357459691e+000
121 68 48
14 21 787 52.6600 -487.7400 24 1075 -56.5100 -520.5000 20 907 113.0800 -532.1300 23 947 -43.5000 -542.2400 18 734 81.6100 -559.9600 19 854 124.2100 -497.5900 15 577 251.9000 -603.2400 16 608 223.1900 -516.7800 17 683 224.3200 -548.9301 13 558 204.0300 -477.1300 14 622 259.2600 -468.3900 9 530 153.8100 -408.1899 10 566 248.2200 -455.9700 12 442 197.1500 -472.3101
7.8762116822e-001 -4.0848510500e-001 3.0831560557e+000
161 164 157
15 21 1076 -38.6100 169.6599 24 1364 -146.8000 156.7200 20 1095 16.8400 130.4500 23 1232 -140.7500 116.1599 25 1342 -96.0400 172.2400 18 902 -29.5700 72.8000 19 1068 11.6300 150.6599 15 681 177.5300 53.3100 16 764 119.1500 163.1400 17 919 124.3200 169.0701 13 759 122.5300 144.8401 14 721 179.2000 194.9700 9 829 83.9100 154.7500 10 814 169.5100 126.4299 12 678 132.8800 105.9000
7.9067294478e-001 -4.3755492304e-001 3.0863888770e+000
150 169 133
14 21 867 -8.2300 50.3300 24 985 -123.6600 31.2500 20 850 51.1700 10.1900 23 878 -114.9800 -4.6000 25 954 -76.2000 42.7800 18 807 13.1100 -41.8500 19 948 51.6500 33.6700 15 711 220.8900 -65.3600 16 682 166.5800 39.6800 17 846 170.6500 37.8500 13 693 166.1500 35.0600 9 850 119.5700 59.3500 10 741 208.4700 27.3800 12 601 169.7300 6.4400
7.8841660202e-001 -4.1965610010e-001 3.0850699689e+000
164 162 167
15 21 1149 -28.1600 124.8000 24 1375 -140.3300 110.9299 20 1179 29.3500 84.9399 23 1245 -133.2500 71.3500 25 1349 -90.9600 125.6100 18 987 -13.7500 28.0600 19 1144 26.3700 105.5901 15 778 192.1900 5.0900 16 936 135.4400 113.6799 17 991 141.2200 117.2700 13 832 137.1200 99.5901 14 809 194.0300 145.9000 9 917 95.1500 114.9600 10 865 181.1000 84.5300 12 731 144.4600 64.6799
7.7607569984e-001 -4.2694623622e-001 3.0978596922e+000
26 65 36
15 21 1101 -73.8000 84.7100 24 1284 -173.2900 72.3101 20 1110 -21.1800 44.1600 23 1146 -168.8000 33.7800 25 1289 -122.0500 87.0400 18 991 -70.5100 -15.1900 19 1078 -26.3300 62.0400 15 788 124.4700 -48.4800 16 887 68.9300 61.5800 17 927 71.9600 65.9399 13 841 78.0600 45.8600 14 821 128.6700 90.2800 9 928 51.8700 62.9800 10 825 133.6400 32.2600 12 690 93.1600 13.8500
7.9552852715e-001 -3.8737756433e-001 3.0682514712e+000
151 169 194
10 21 44 -24.4800 265.0901 24 48 -143.4200 252.8301 18 238 -8.0800 170.3301 15 178 214.9200 164.0100 16 234 150.6800 275.3900 17 257 157.4900 284.6200 13 233 155.0000 252.5000 14 219 215.4500 310.3900 9 49 107.8900 253.3800 10 41 194.7900 226.9099
8.0324441212e-001 -4.2663552999e-001 3.0718373258e+000
140 162 52
12 21 362 33.9700 105.4299 24 87 -94.0300 84.7300 20 335 97.8300 65.9000 18 426 66.4500 16.3400 19 526 101.2600 92.5500 15 438 288.7700 4.5600 17 421 237.4200 106.8000 13 376 224.8800 105.1599 14 374 289.4400 149.2300 9 275 164.7000 126.5701 10 268 257.6800 95.9399 12 282 222.3000 73.4199
7.6459589491e-001 -3.7722601667e-001 3.4821622376e+000
160 35 42
2 21 341 -66.3500 291.3600 24 40 190.8100 284.1500
7.6466682045e-001 -4.6358718892e-001 3.1209180148e+000
170 36 45
14 21 562 -96.3700 -72.6300 24 498 -187.3600 -83.4600 20 557 -45.3900 -115.6100 23 668 -183.9200 -118.8700 18 445 -97.2400 -175.3700 19 544 -50.1300 -99.4399 15 449 82.7000 -230.0500 16 469 34.8400 -120.6300 17 553 35.5800 -120.3600 13 396 43.6000 -133.5900 14 497 89.6700 -98.5300 9 468 26.0500 -107.0100 10 424 105.9800 -140.5100 12 294 61.1200 -155.7300
7.5783200396e-001 -3.6996169853e-001 3.4837518141e+000
171 35 40
2 21 682 -98.3100 325.9600 24 738 162.3000 304.2400
7.5957793036e-001 -3.7355257912e-001 3.4845099503e+000
180 39 47
2 21 686 -88.6900 308.4900 24 741 171.4900 293.2500
7.9769415301e-001 -4.4536343187e-001 3.0820166782e+000
27 63 37
14 21 869 24.8900 22.5900 24 987 -98.2300 0.4200 20 855 87.4600 -17.8000 23 882 -87.3000 -34.4100 18 813 55.0700 -65.3199 19 815 91.2000 8.3000 15 621 268.5000 -86.0601 16 685 214.4900 16.8400 17 742 219.8000 11.3500 13 701 209.3000 18.6000 14 667 270.9900 56.3900 9 622 153.6400 46.1700 10 637 245.7800 13.7400 12 503 207.6200 -7.3200
7.9447858406e-001 -4.1757484328e-001 3.0771971902e+000
29 64 34
15 21 857 -6.8300 136.9399 24 773 -125.1600 118.7800 20 839 53.1400 97.8700 23 866 -116.7600 80.4500 25 766 -76.2500 131.3900 18 689 14.9400 44.6100 19 799 52.4800 121.2600 15 616 230.5000 29.0200 16 661 171.4700 136.2300 17 728 177.2400 138.0801 13 681 172.2100 125.2900 14 656 232.1600 172.1400 9 727 123.2300 139.6100 10 629 212.1700 110.3401 12 495 175.9500 89.3101
8.0216923384e-001 -4.0949976465e-001 3.0683273230e+000
28 61 30
14 21 847 17.8400 177.7300 24 1132 -108.2800 159.9199 20 975 80.3100 138.7500 23 1010 -98.3200 120.1799 18 788 45.6000 85.0601 19 926 81.1000 163.2200 15 610 270.2400 76.1599 16 767 209.3200 184.4399 17 813 216.4400 186.9199 13 673 207.2200 172.8700 14 723 271.1000 222.7200 9 717 150.3600 186.1599 10 716 241.5900 157.3101 12 579 207.1100 134.1500
7.7528643045e-001 -4.0818085532e-001 3.0903628548e+000
25 65 38
14 21 1084 -93.9500 160.1500 24 1360 -193.7400 150.5701 20 983 -36.6000 122.5801 23 1230 -190.1300 109.3101 18 905 -87.9800 62.3100 19 1066 -45.6700 139.2400 15 678 112.9100 36.6900 16 770 53.2700 148.2700 17 820 57.0600 156.4800 13 677 66.7400 127.5500 14 727 116.7400 177.3500 9 725 41.0300 136.0901 10 718 121.8900 106.8800 12 583 83.5600 87.7900
7.9261068774e-001 -4.2836534996e-001 3.0821388762e+000
149 174 116
15 21 864 -7.3900 90.9900 24 777 -125.0800 75.7100 20 847 52.2100 51.1200 23 869 -116.1300 37.1300 25 775 -76.9500 88.6200 18 695 14.7200 -2.7500 19 806 52.6500 73.7400 15 619 227.2400 -24.1000 16 674 169.7700 82.8600 17 735 174.7000 82.7800 13 688 170.8400 74.6899 14 663 229.6700 118.2600 9 735 123.6200 95.1100 10 634 212.2700 64.3600 12 499 174.7400 42.9400
7.8769169499e-001 -4.0850120559e-001 3.0832054286e+000
161 164 157
14 21 1077 -38.6100 169.6599 24 1365 -146.8000 156.7200 20 1096 16.8400 130.4500 23 1233 -140.7500 116.1599 25 1343 -96.0400 172.2400 18 901 -29.5700 72.8000 19 1069 11.6300 150.6599 15 682 177.5300 53.3100 16 765 119.1500 163.1400 17 920 124.3200 169.0701 13 760 122.5300 144.8401 14 722 179.2000 194.9700 10 815 169.5100 126.4299 12 679 132.8800 105.9000
7.6375189127e-001 -4.4507094617e-001 3.1163796414e+000
170 41 42
15 21 1014 -112.1300 3.1700 24 1160 -201.0700 -5.9000 20 1000 -62.6500 -38.8800 23 1029 -198.5700 -43.6500 25 1170 -149.1500 8.7500 18 924 -117.5400 -101.6100 19 1093 -69.7300 -24.6400 15 795 63.4200 -152.9700 16 890 12.3100 -41.2300 17 937 13.7600 -36.5400 13 790 24.0700 -60.3100 14 825 69.3300 -20.7700 9 935 8.9700 -41.3100 10 830 87.9400 -72.4800 12 699 43.9100 -88.6500
7.7064427084e-001 -4.3910673339e-001 3.1044144377e+000
164 161 171
12 21 1204 -93.3100 31.6700 24 1459 -189.3800 21.9500 23 1357 -185.6100 -15.6500 25 1429 -139.0800 37.8800 18 1074 -86.1000 -70.9200 15 877 106.8900 -110.6500 16 982 52.1500 -1.7800 17 1067 53.1400 0.9100 14 909 114.9000 26.6700 9 1042 44.9800 5.8200 10 917 125.2300 -26.2400 12 790 83.6100 -42.7100
7.5610882384e-001 -3.7871679038e-001 3.4883600015e+000
183 33 40
2 21 688 -98.8000 285.3101 24 751 162.9500 270.2700
8.0323448588e-001 -4.2664391600e-001 3.0718522339e+000
140 162 52
12 21 363 33.9700 105.4299 24 88 -94.0300 84.7300 20 336 97.8300 65.9000 18 425 66.4500 16.3400 19 525 101.2600 92.5500 15 332 288.3300 3.9800 17 422 237.4200 106.8000 13 377 224.8800 105.1599 14 375 289.4400 149.2300 9 274 164.7000 126.5701 10 267 257.6800 95.9399 12 283 222.3000 73.4199
7.9140744579e-001 -3.5990652030e-001 3.0631483890e+000
158 172 195
10 21 499 -60.7700 376.3800 24 412 -174.4200 366.2400 23 598 -169.5100 319.9700 15 504 172.6400 284.6200 16 433 101.7000 398.8000 17 611 108.8300 415.2500 13 469 114.2500 365.1500 14 553 172.0300 433.9900 9 429 75.4700 350.2400 12 364 127.9800 306.6799
8.0608814467e-001 -4.4802372176e-001 3.0760903578e+000
23 61 36
14 21 1015 62.9300 16.2400 24 1163 -67.2500 -10.0200 20 998 128.5100 -23.6600 23 1031 -54.5800 -43.7100 18 814 99.3600 -67.6899 19 955 134.1700 5.8700 15 622 316.0200 -82.7700 16 804 264.3200 19.4700 17 851 271.8500 10.9000 13 702 250.9800 24.7000 14 668 317.2800 61.4200 9 623 184.5800 54.4800 10 638 280.3600 21.5500 12 504 243.5100 -0.4000
7.7949205075e-001 -5.3666168526e-001 3.1299129941e+000
185 135 112
13 21 907 12.7600 -370.1801 24 1058 -94.4200 -395.8101 20 1035 71.3500 -414.1400 23 933 -82.8900 -422.4800 18 848 37.5500 -453.2100 19 993 80.2400 -386.6899 15 639 214.9500 -501.5300 16 708 179.9400 -407.6100 17 773 179.9500 -431.3600 13 638 170.3500 -383.5300 14 614 224.2100 -369.5900 9 661 129.0000 -327.0000 10 675 219.4400 -370.4399
7.7405432634e-001 -3.9458658611e-001 3.0894142261e+000
135 175 122
15 21 975 -104.7200 217.0601 24 1119 -201.9000 207.9399 20 968 -53.4700 178.5701 23 990 -199.4800 165.2700 25 1116 -147.4200 226.2300 18 778 -108.7000 116.2800 19 916 -63.5500 195.1799 15 670 91.7600 94.1000 16 752 29.2300 206.9099 17 804 33.5300 218.3101 13 668 43.8300 179.3800 14 713 93.5800 234.3201 9 817 23.0200 181.3301 10 714 102.8100 154.1400 12 576 64.9200 135.1799
7.8804232223e-001 -3.9979163755e-001 3.0785413355e+000
137 171 124
15 21 978 -44.4300 206.2100 24 1121 -155.1800 193.1500 20 971 11.9900 167.9299 23 997 -149.4400 151.7500 25 1122 -103.4600 209.6300 18 781 -33.4400 110.0400 19 923 6.8000 188.2200 15 672 178.1400 94.8800 16 756 116.8100 205.5801 17 809 122.3900 213.0801 13 671 123.4700 185.1100 14 717 179.8800 238.2900 9 819 83.8500 191.2800 10 712 169.2200 163.6300 12 577 133.5700 142.7600
7.8160514569e-001 -4.3707634655e-001 3.0937918611e+000
23 63 37
15 21 1109 -47.0200 46.0700 24 1382 -154.6000 31.9000 20 1121 10.3200 5.7600 23 1253 -148.1800 -5.5600 25 1360 -104.1300 44.7100 18 922 -32.6200 -49.8000 19 1089 7.6400 25.7300 15 708 169.1300 -80.2800 16 800 115.4100 27.5900 17 936 116.3400 26.7900 13 700 122.0000 19.6100 14 753 173.6900 58.9400 9 848 84.9400 41.0700 10 739 170.5700 9.6200 12 610 130.5100 -10.0300
7.8251687529e-001 -5.5755028257e-001 3.1347524701e+000
146 63 41
12 21 1163 41.6800 -457.4200 24 1400 -66.5900 -488.3500 23 1315 -54.2900 -509.8900 19 1167 112.9700 -469.5300 15 845 240.7700 -578.5200 16 949 211.8000 -490.1700 17 1009 212.8700 -519.5500 13 850 193.9300 -455.1100 14 880 248.9500 -444.6400 9 952 145.7700 -389.8400 10 881 239.4900 -436.3300 12 750 188.6100 -452.5800
7.7008636044e-001 -4.9407395241e-001 3.1253203736e+000
101 142 186
13 21 394 -54.3000 -195.8700 24 136 -151.7800 -212.2700 20 383 -0.4300 -239.5800 23 132 -144.8100 -243.3800 18 303 -43.9700 -292.6000 19 376 0.8200 -219.1700 15 225 135.4600 -348.4000 16 264 92.2400 -244.1700 17 444 91.9000 -252.4800 13 278 94.3000 -243.1899 14 257 143.2400 -216.2500 10 139 151.6000 -240.8199 12 108 103.8000 -256.6500
7.6193930644e-001 -4.6114552051e-001 3.1228264603e+000
169 37 48
13 21 1020 -108.8900 -65.0000 24 996 -196.9100 -74.7300 20 1009 -59.2600 -107.5100 23 1039 -193.6500 -111.2000 18 824 -112.6700 -168.5100 19 963 -64.6800 -92.7500 15 726 64.5200 -223.9399 16 812 16.2400 -113.5300 17 861 16.7100 -112.1801 13 800 27.4100 -129.1899 14 764 72.1500 -92.8700 10 759 92.0900 -138.8199 12 622 45.8600 -152.9800
7.9614434544e-001 -5.3548860161e-001 3.1185761747e+000
127 183 235
9 21 430 81.9000 -357.5900 24 194 -36.5900 -391.3700 20 444 145.4000 -400.6801 23 472 -22.5800 -414.9100 25 236 2.1400 -392.1400 18 328 115.3000 -428.7700 19 421 155.5300 -365.3500 16 286 264.3900 -371.8199 17 340 269.7300 -401.0200
7.9135243111e-001 -3.5983488516e-001 3.0629219804e+000
158 172 195
9 21 498 -60.7700 376.3800 24 413 -174.4200 366.2400 23 599 -169.5100 319.9700 15 503 172.6400 284.6200 16 432 101.7000 398.8000 17 610 108.8300 415.2500 13 468 114.2500 365.1500 14 552 172.0300 433.9900 12 363 127.9800 306.6799
8.0992408190e-001 -4.4672896225e-001 3.0732837736e+000
137 153 157
10 21 871 77.6100 23.3000 24 1164 -54.6500 -2.9200 20 999 144.8600 -14.7800 18 809 116.6800 -57.4800 19 956 150.9900 15.3200 15 533 333.5800 -70.7800 16 686 283.0800 30.8300 17 743 291.7600 20.9900 14 580 334.0000 74.2500 12 501 256.9700 12.6400
7.8361135163e-001 -4.2754294293e-001 3.0898400191e+000
28 60 31
13 21 1006 -44.2300 87.1599 24 1287 -152.5000 72.4399 20 996 12.1500 47.3900 23 1147 -146.2100 34.2800 25 1157 -102.7300 85.8900 18 914 -31.2300 -8.0300 19 943 9.4400 67.9099 15 701 173.6200 -34.8200 16 786 116.7700 72.9800 17 836 121.1500 75.6500 13 780 122.0200 61.0000 14 742 177.3300 105.6599 12 598 132.2200 29.2700
7.8926936574e-001 -5.0191327665e-001 3.1072248356e+000
33 82 138
12 21 1116 29.4700 -220.3500 24 1308 -85.9500 -246.2900 20 1132 91.6600 -263.5000 23 1175 -74.2500 -274.6400 25 1304 -44.0300 -242.2400 18 938 59.9000 -303.9000 19 1103 97.7000 -234.3800 16 826 212.0000 -243.5699 17 881 214.3200 -262.0400 13 721 202.1400 -223.3500 14 776 260.1500 -201.0100 12 633 198.5100 -232.4900
7.8926936574e-001 -5.0191327665e-001 3.1072248356e+000
33 82 138
12 21 1117 29.4700 -220.3500 24 1309 -85.9500 -246.2900 20 1133 91.6600 -263.5000 23 1176 -74.2500 -274.6400 25 1305 -44.0300 -242.2400 18 939 59.9000 -303.9000 19 1104 97.7000 -234.3800 16 827 212.0000 -243.5699 17 882 214.3200 -262.0400 13 722 202.1400 -223.3500 14 777 260.1500 -201.0100 12 634 198.5100 -232.4900
7.9044577436e-001 -5.4101661809e-001 3.1214491732e+000
36 82 127
6 21 198 63.4600 -386.3300 24 226 -51.3200 -418.7800 18 157 95.4800 -459.3300 19 216 136.1500 -395.7200 15 101 273.6400 -495.5601 14 139 280.2000 -358.8199
7.7471082756e-001 -4.9491371933e-001 3.1206364689e+000
23 82 142
11 21 583 -34.6000 -197.2500 24 520 -136.1200 -215.5500 20 581 21.2000 -241.0000 23 413 -128.1100 -246.9600 18 472 -19.2400 -291.0800 19 567 23.9700 -218.9000 15 463 163.5900 -342.0900 16 484 119.9500 -239.7400 17 566 120.2700 -250.1600 13 414 119.6700 -235.9301 14 512 170.6800 -209.0300
8.0284761914e-001 -4.9355805776e-001 3.0975989374e+000
166 161 170
10 21 747 79.2300 -178.1600 24 807 -45.7100 -209.3600 20 876 144.8300 -218.5200 23 1059 -30.4300 -234.0900 25 1199 -2.9600 -204.6200 18 594 115.2200 -254.3101 19 832 153.6200 -185.0000 15 458 313.6600 -276.7100 16 582 272.9700 -183.3800 17 663 279.1300 -204.2700
7.8539065574e-001 -5.0003135040e-001 3.1102075724e+000
111 158 205
9 21 1029 11.9000 -214.0200 24 1191 -101.1200 -237.1801 23 1064 -89.4100 -266.8199 18 837 39.3100 -300.7300 19 983 79.5500 -230.6700 15 554 232.8000 -340.5300 16 699 189.0400 -242.8400 17 765 190.9500 -258.7400 13 628 182.1400 -226.6700
7.8539065574e-001 -5.0003135040e-001 3.1102075724e+000
111 158 205
9 21 1028 11.9000 -214.0200 24 1190 -101.1200 -237.1801 23 1063 -89.4100 -266.8199 18 836 39.3100 -300.7300 19 982 79.5500 -230.6700 15 553 232.8000 -340.5300 16 698 189.0400 -242.8400 17 764 190.9500 -258.7400 13 629 182.1400 -226.6700
7.8909979206e-001 -5.3712403874e-001 3.1207645803e+000
34 80 128
8 21 429 54.2600 -370.3800 24 193 -61.2700 -401.0200 25 235 -21.8900 -400.5300 19 420 126.4900 -381.4800 15 97 267.9200 -483.0400 16 294 234.0600 -393.7700 17 347 236.0800 -421.4200 14 122 274.7100 -345.9500
7.9191490212e-001 -5.3860947747e-001 3.1182670574e+000
32 85 128
6 21 164 67.8600 -374.5800 24 196 -49.5900 -406.7800 20 171 131.6000 -418.1600 16 296 250.1700 -393.8800 17 350 253.6800 -422.8500 14 124 290.0400 -343.4600
7.7677253682e-001 -3.9864866766e-001 3.0872548568e+000
29 61 40
10 21 977 -91.8300 202.4000 24 1251 -193.1300 192.3700 20 970 -38.3300 164.3000 23 1128 -189.7200 150.1000 25 1254 -140.0500 209.9700 18 889 -90.2500 104.0601 19 922 -46.4300 181.7600 16 753 51.9400 195.1300 17 806 55.3200 204.3600 14 718 115.4600 223.2400
7.8575525515e-001 -5.3956228259e-001 3.1247269467e+000
27 82 144
9 21 428 41.7500 -380.0200 24 192 -70.5200 -408.4100 20 450 102.7800 -424.4000 23 186 -57.8300 -433.5400 18 337 71.5400 -458.3300 19 429 112.8300 -393.0300 15 382 250.3300 -499.6899 16 494 219.6800 -410.9800 17 579 220.2800 -436.9500
7.7449843134e-001 -4.9471210523e-001 3.1196514917e+000
23 82 142
9 21 584 -34.6000 -197.2500 24 521 -136.1200 -215.5500 20 580 21.2000 -241.0000 23 412 -128.1100 -246.9600 18 473 -19.2400 -291.0800 19 568 23.9700 -218.9000 15 464 163.5900 -342.0900 16 485 119.9500 -239.7400 17 567 120.2700 -250.1600
7.6879065729e-001 -4.1077538806e-001 3.1015024889e+000
165 166 163
10 21 994 -115.5500 147.6300 24 1131 -207.0500 138.3201 20 980 -65.5200 107.6500 23 1009 -205.2900 97.5400 25 1141 -153.0900 155.5601 18 790 -122.9000 44.8500 19 931 -75.8200 123.1500 15 689 66.6300 11.6000 16 777 9.2900 124.5901 17 817 12.7800 134.2500
7.6879065729e-001 -4.1077538806e-001 3.1015024889e+000
165 166 163
10 21 993 -115.5500 147.6300 24 1130 -207.0500 138.3201 20 981 -65.5200 107.6500 23 1008 -205.2900 97.5400 25 1140 -153.0900 155.5601 18 791 -122.9000 44.8500 19 932 -75.8200 123.1500 15 690 66.6300 11.6000 16 778 9.2900 124.5901 17 818 12.7800 134.2500
7.9565095629e-001 -4.3179000441e-001 3.0792089161e+000
158 163 156
10 21 1008 8.0400 78.6200 24 1154 -113.4500 62.1000 20 1111 69.2600 38.6000 23 1155 -103.6700 24.4700 25 1158 -66.3700 74.1599 18 919 35.1400 -14.0600 19 1084 71.3100 61.9500 15 792 249.3400 -34.0500 16 788 193.4800 71.4000 17 929 198.6300 69.9399
7.7852176139e-001 -4.1348709460e-001 3.0913127459e+000
162 165 163
10 21 1148 -74.3600 142.5500 24 1363 -176.7400 131.0100 20 1176 -20.7700 103.2300 23 1242 -172.2600 90.5300 25 1346 -124.5700 146.6200 18 981 -69.8300 43.9700 19 1143 -26.8900 121.4000 15 832 132.4300 17.9800 16 934 72.5300 128.0901 17 989 76.3000 134.6599
8.0543004510e-001 -5.2370638634e-001 3.1107733814e+000
225 108 95
11 21 139 113.5700 -302.8300 24 171 -8.9700 -339.8500 20 139 178.1000 -344.3700 23 459 4.9400 -362.5400 25 195 30.8900 -341.7100 18 144 146.0800 -370.2000 19 408 186.4600 -306.8300 26 193 -38.9800 -393.5601 27 205 -56.5600 -421.1400 16 134 297.8400 -304.9399 17 335 306.5800 -334.0000
8.0482689840e-001 -4.9607266276e-001 3.0975459514e+000
174 48 50
7 21 578 90.1700 -186.0100 24 808 -35.4900 -217.8000 23 698 -21.4700 -244.9399 25 804 5.2300 -215.2800 18 468 126.8100 -261.2300 19 569 163.4400 -194.3900 16 381 283.3200 -190.4000
7.9878267496e-001 -5.3905286410e-001 3.1194724498e+000
18 79 142
10 21 910 95.4900 -371.6700 24 1202 -23.0500 -408.4600 20 898 159.1400 -413.6100 23 1076 -8.8300 -429.6600 25 1209 15.6200 -410.8000 18 727 128.7200 -438.4600 19 849 169.5100 -376.1000 26 1207 -49.1000 -464.0100 16 596 277.6900 -381.9700 17 772 283.6200 -412.5000
7.8068248064e-001 -4.2347602750e-001 3.0924992934e+000
135 172 120
9 21 1001 -58.6000 102.9500 24 1147 -163.2000 89.6699 20 994 -4.0000 63.0100 23 1022 -158.1600 50.8300 25 1149 -112.5800 104.2500 18 796 -50.1400 5.3000 19 941 -7.9200 82.2900 16 785 94.2400 86.1400 17 835 97.6000 90.0901
7.9835008177e-001 -4.8814974193e-001 3.0952111355e+000
158 25 30
8 21 1155 57.0500 -157.1200 24 1435 -68.6000 -184.7700 20 1190 121.6900 -199.0900 23 1310 -54.5300 -213.8500 18 1004 93.2400 -237.6300 19 1162 130.5900 -168.3300 16 899 252.4100 -165.9900 17 944 257.9900 -184.2200
7.8877486738e-001 -3.8022218796e-001 3.0727774670e+000
156 38 44
5 21 27 -55.5700 288.5701 24 31 -166.6300 278.1300 23 27 -160.5100 233.6200 19 45 -6.6700 271.0801 17 252 108.1000 308.7900
8.3319378377e-001 -4.6867955362e-001 3.0930462106e+000
159 21 26
7 21 877 190.4800 -52.1600 24 1173 70.1200 -86.4800 20 862 255.5400 -88.8400 23 1043 78.2800 -114.7000 18 438 211.2200 -115.6200 19 694 254.2900 -50.3500 17 287 384.8600 -44.4300
8.3368735222e-001 -4.9155160991e-001 3.1099574277e+000
167 112 89
7 21 742 210.8600 -147.8300 24 1017 96.7200 -189.8101 20 747 272.8500 -184.0601 23 906 105.0800 -211.3600 18 269 222.0700 -203.0200 19 557 269.5800 -141.9700 17 296 386.1900 -146.5200
8.0056096245e-001 -5.2046710974e-001 3.1099492309e+000
195 75 74
8 21 136 90.1500 -291.2100 24 168 -31.6000 -325.3400 20 420 154.0200 -333.8199 23 153 -17.5700 -349.5100 25 552 8.6400 -325.5100 19 407 163.8500 -298.4500 26 187 -58.8800 -374.9399 17 333 283.1800 -326.6700
7.8573502825e-001 -3.8197877339e-001 3.0745774915e+000
175 38 44
6 21 349 -66.8400 278.8700 24 436 -175.7400 268.7100 23 336 -171.8100 224.5801 18 236 -59.6100 180.6799 19 502 -19.9500 260.2600 17 412 94.5200 295.5601
8.3621036141e-001 -4.6995840061e-001 3.0959127817e+000
213 134 88
7 21 879 204.9000 -55.5300 24 1174 85.0800 -93.2300 20 864 269.2500 -91.3700 23 1044 93.9200 -118.8800 18 581 221.9400 -115.7100 19 819 266.7700 -51.5800 17 430 393.3100 -45.2400
7.7505260681e-001 -5.3437736185e-001 3.1318642156e+000
176 137 119
5 21 633 -5.5000 -363.9399 24 580 -108.2200 -387.6400 18 482 16.0100 -450.8800 19 590 59.9300 -382.3199 17 457 154.9700 -430.2100
7.8719160610e-001 -5.7565901747e-001 3.1401174020e+000
146 104 59
6 21 471 72.7800 -530.3199 24 660 -37.3000 -567.2400 20 476 134.4200 -575.2900 23 557 -22.7000 -587.4399 19 456 146.9000 -537.9000 17 476 247.6000 -590.2200
7.7207841644e-001 -4.7909607187e-001 3.1176364628e+000
189 140 132
8 21 569 -55.3900 -134.7300 24 795 -154.1800 -150.7100 20 565 -1.4100 -178.4100 23 684 -147.6200 -183.6899 25 792 -107.0800 -140.5699 18 590 -45.2600 -231.8300 19 552 -1.0800 -158.0400 17 558 92.9000 -183.4399
8.6271603628e-001 -3.8191588977e-001 3.0641300488e+000
165 32 30
3 21 330 253.3200 323.5100 24 740 136.5500 300.1300 23 319 137.7800 261.7400
7.9449992650e-001 -4.1757434483e-001 3.0768238860e+000
29 64 34
8 21 858 -6.8300 136.9399 24 772 -125.1600 118.7800 20 840 53.1400 97.8700 23 865 -116.7600 80.4500 25 765 -76.2500 131.3900 18 690 14.9400 44.6100 19 800 52.4800 121.2600 17 729 177.2400 138.0801
7.7375713552e-001 -4.8863769010e-001 3.1196508573e+000
92 23 45
8 21 1025 -41.9000 -173.4900 24 1305 -141.9400 -191.6000 20 1021 12.4700 -216.7400 23 1172 -134.3800 -223.2300 25 1196 -95.9800 -182.9500 18 831 -29.7800 -268.4600 19 980 14.0500 -195.6300 17 875 110.1400 -225.3900
7.7119707298e-001 -4.1741711474e-001 3.1014793576e+000
28 63 40
7 21 1094 -100.6500 122.5901 24 1276 -194.6500 113.7800 20 1102 -49.3700 81.8900 25 1273 -142.0000 130.2300 18 985 -105.4300 18.7900 19 1140 -58.5800 97.9399 17 923 32.6200 104.8900
8.4256489253e-001 -4.6599969135e-001 3.1014388494e+000
155 24 21
