# Bundle file v0.3
60 2745
0 0 0
0 0 0
0 0 0
0 0 0
0 0 0
0 0 0
0 0 0
0 0 0
0 0 0
0 0 0
0 0 0
0 0 0
0 0 0
0 0 0
0 0 0
0 0 0
0 0 0
0 0 0
0 0 0
0 0 0
0 0 0
0 0 0
0 0 0
0 0 0
0 0 0
0 0 0
0 0 0
0 0 0
0 0 0
0 0 0
0 0 0
0 0 0
0 0 0
0 0 0
0 0 0
0 0 0
0 0 0
0 0 0
0 0 0
0 0 0
0 0 0
0 0 0
0 0 0
0 0 0
0 0 0
0 0 0
0 0 0
0 0 0
0 0 0
0 0 0
0 0 0
0 0 0
0 0 0
0 0 0
0 0 0
0 0 0
0 0 0
0 0 0
0 0 0
0 0 0
0 0 0
0 0 0
0 0 0
0 0 0
0 0 0
0 0 0
0 0 0
0 0 0
0 0 0
0 0 0
0 0 0
0 0 0
0 0 0
0 0 0
0 0 0
6.8809541152e+003 -3.9914037995e-001 -2.9357877338e-003
-7.6152496003e-001 3.0244358485e-001 5.7324306645e-001
-3.3880370154e-001 -9.3974524818e-001 4.5726582618e-002
5.5253215932e-001 -1.5939493879e-001 8.1810846861e-001
-9.8902597875e-001 -2.7468003407e-001 -1.3956169641e+000
8.3417481666e+003 -1.1204793469e-001 -1.4212345263e-004
-8.4340128996e-001 2.8775790025e-001 4.5372861375e-001
-3.0725164229e-001 -9.5108809507e-001 3.2060313828e-002
4.4076149152e-001 -1.1236915169e-001 8.9056301368e-001
-5.7530757229e-001 -2.8689636663e-001 -1.2051816548e+000
1.2504386472e+004 -1.4050597678e-001 -4.6975384312e-004
-8.9192721695e-001 2.4354048386e-001 3.8099064607e-001
-2.5251366430e-001 -9.6721324119e-001 2.7118174750e-002
3.7510357105e-001 -7.2017905969e-002 9.2418111440e-001
-3.4725975327e-001 -3.2107989554e-001 -4.3839038458e-001
4.7311451639e+004 -2.6185832776e-002 -6.4212717964e-006
9.3916268572e-001 -2.2484549612e-001 -2.5964967289e-001
2.3459377636e-001 9.7206996340e-001 6.7636051892e-003
2.5087688186e-001 -6.7264322909e-002 9.6567919156e-001
-6.3536756806e-002 2.2138715162e-001 -1.4130751354e+001
2.7755687460e+004 1.2435918830e-002 3.8787972851e-005
9.6818161357e-001 -1.8909864343e-001 -1.6390871300e-001
1.8752642791e-001 9.8193736307e-001 -2.5156586575e-002
1.6570516582e-001 -6.3810708704e-003 9.8615469372e-001
-3.3739601877e-001 3.7182375437e-001 -9.5442822385e+000
5.5350023465e+004 7.9154332738e-003 1.6125953027e-006
9.9188912970e-001 -1.1824634120e-001 -4.6623568846e-002
1.1748821363e-001 9.9289841430e-001 -1.8688460210e-002
4.8502309619e-002 1.3059160717e-002 9.9873769544e-001
-6.6352754306e-001 4.0563502210e-001 -1.5931681422e+001
-5.8578837343e+004 1.3432030650e-003 2.9323291754e-007
9.9546456868e-001 -7.7476125995e-002 5.5206361976e-002
7.9441217801e-002 9.9624808359e-001 -3.4334368331e-002
-5.2339138475e-002 3.8564307787e-002 9.9788446663e-001
-9.5685035677e-001 4.9099756590e-001 1.1192434703e+001
0 0 0
0 0 0
0 0 0
0 0 0
0 0 0
8.3275858536e+004 1.1077386047e-002 6.8711337140e-007
-9.7885284218e-001 3.0119988891e-002 -2.0233610559e-001
-3.7406808003e-002 -9.9877843569e-001 3.2285710567e-002
-2.0111649378e-001 3.9171707404e-002 9.7878380313e-001
1.3740665458e+000 -5.0541792684e-001 1.7245144988e+001
-8.6539707776e+004 9.4203222363e-003 7.0579793669e-007
9.6527712385e-001 9.2275079571e-003 2.6106498669e-001
3.1688418466e-003 9.9888877950e-001 -4.7023022354e-002
-2.6120879123e-001 4.6217521427e-002 9.6417524761e-001
-1.5173988834e+000 5.8287789255e-001 1.7577943144e+001
3.0256759917e+004 4.1874542892e-002 3.2055411386e-005
9.5675829167e-001 4.5976771070e-002 2.8722762374e-001
-3.4453986072e-002 9.9839056666e-001 -4.5046634088e-002
-2.8883644881e-001 3.3202604127e-002 9.5680253601e-001
-1.5585016455e+000 6.0790518112e-001 -9.4184830610e+000
9.1294763763e+004 8.5339149635e-003 1.0064728950e-006
9.1150445218e-001 8.5893534956e-002 4.0222125044e-001
-5.5267542926e-002 9.9465991943e-001 -8.7161593481e-002
-4.0755997394e-001 5.7218400292e-002 9.1138406960e-001
-1.8524200930e+000 7.3461213579e-001 -2.2535321935e+001
3.7983739752e+004 -1.7196691863e-002 -3.2681406981e-005
8.6626327043e-001 1.2660382643e-001 4.8327985416e-001
-8.1263099484e-002 9.9018218600e-001 -1.1373454700e-001
-4.9293433129e-001 5.9251241778e-002 8.6804667811e-001
-2.0363673918e+000 8.2539593215e-001 -1.0367265721e+001
4.7005520938e+004 -1.8356051977e-001 -8.5229939432e-005
8.4525960618e-001 1.7262949446e-001 5.0570273462e-001
-1.2509767508e-001 9.8400689830e-001 -1.2681086622e-001
-5.1950627508e-001 4.3925866454e-002 8.5333683174e-001
-2.0623035057e+000 8.9308871561e-001 -1.2072750357e+001
6.5072013691e+003 -2.7752995014e+000 -5.4332177632e-003
7.9861606725e-001 1.8243351600e-001 5.7352453249e-001
-8.7290277339e-002 9.7798516665e-001 -1.8954002556e-001
-5.9547693877e-001 1.0130659430e-001 7.9695933983e-001
-2.2334995782e+000 1.0411288382e+000 -3.1816136161e+000
2.9915863319e+003 -8.8642317702e-001 7.0951673733e-001
7.5344425475e-001 1.9761393495e-001 6.2711281895e-001
-4.0034679180e-002 9.6578492269e-001 -2.5623564853e-001
-6.5629184015e-001 1.6795301673e-001 7.3557651181e-001
-2.3553906370e+000 1.1876142647e+000 -2.1870165346e+000
1.7779940094e+003 -3.1257384195e-001 7.5850388055e-003
7.5409899156e-001 1.8613134135e-001 6.2983318006e-001
9.0558713389e-003 9.5596133215e-001 -2.9335289776e-001
-6.5669833419e-001 2.2692081261e-001 7.1920389507e-001
-2.3747616140e+000 1.2495377872e+000 -1.8816694725e+000
1.4289356868e+003 -1.5236949365e-001 -1.3191909785e-001
7.4552502862e-001 1.7864343317e-001 6.4208952295e-001
1.0809363784e-001 9.1824213208e-001 -3.8098182677e-001
-6.5765355405e-001 3.5343727966e-001 6.6526227324e-001
-2.4233393468e+000 1.4305119495e+000 -1.5718234687e+000
0 0 0
0 0 0
0 0 0
0 0 0
0 0 0
1.1058383852e+003 1.2423427838e-002 -1.6120281768e-001
7.6378015085e-001 1.5058670537e-001 6.2766513790e-001
1.5428928182e-001 9.0162541150e-001 -4.0406241454e-001
-6.2676526601e-001 4.0545685528e-001 6.6540967819e-001
-2.4201301248e+000 1.4491575251e+000 -1.5065797067e+000
8.3286563630e+002 7.1552391627e-002 -1.0009032330e-001
7.5920419009e-001 1.3768793899e-001 6.3612186663e-001
1.8699272704e-001 8.9001684986e-001 -4.1581693930e-001
-6.2341215723e-001 4.3464012519e-001 6.4995787847e-001
-2.4574344317e+000 1.4479121496e+000 -1.3902396269e+000
8.7359844212e+002 7.2930296733e-002 -9.0718362708e-002
8.2652211214e-001 1.0256326474e-001 5.5348168432e-001
1.8098800574e-001 8.8263033987e-001 -4.3382833578e-001
-5.3301457759e-001 4.5874225865e-001 7.1095077199e-001
-2.2776719638e+000 1.4903725125e+000 -1.6443333033e+000
9.4802668339e+002 1.4627203652e-001 -1.6357241435e-001
2.6257676231e-001 -4.5119233039e-001 -8.5292375093e-001
-9.4061259874e-002 -8.9169919955e-001 4.4274712524e-001
-9.6031553319e-001 -3.6028024078e-002 -2.7657920781e-001
2.0825620652e+000 -1.5992106257e+000 1.8311188409e+000
7.8164797271e+002 1.7087715360e-001 -1.3789732260e-001
8.8814214203e-001 3.5057569089e-002 4.5822974849e-001
2.1465584710e-001 8.4999306113e-001 -4.8107656702e-001
-4.0635748160e-001 5.2562606754e-001 7.4738934583e-001
-2.0927838533e+000 1.5922845973e+000 -1.8124014047e+000
0 0 0
0 0 0
0 0 0
0 0 0
0 0 0
0 0 0
0 0 0
0 0 0
0 0 0
0 0 0
0 0 0
0 0 0
0 0 0
0 0 0
0 0 0
0 0 0
0 0 0
0 0 0
0 0 0
0 0 0
0 0 0
0 0 0
0 0 0
0 0 0
0 0 0
0 0 0
0 0 0
0 0 0
0 0 0
0 0 0
0 0 0
0 0 0
0 0 0
0 0 0
0 0 0
0 0 0
0 0 0
0 0 0
0 0 0
0 0 0
0 0 0
0 0 0
0 0 0
0 0 0
0 0 0
0 0 0
0 0 0
0 0 0
0 0 0
0 0 0
0 0 0
0 0 0
0 0 0
0 0 0
0 0 0
0 0 0
0 0 0
0 0 0
0 0 0
0 0 0
0 0 0
0 0 0
0 0 0
0 0 0
0 0 0
0 0 0
0 0 0
0 0 0
0 0 0
0 0 0
0 0 0
0 0 0
0 0 0
0 0 0
0 0 0
0 0 0
0 0 0
0 0 0
0 0 0
0 0 0
0 0 0
0 0 0
0 0 0
0 0 0
0 0 0
0 0 0
0 0 0
0 0 0
0 0 0
0 0 0
0 0 0
0 0 0
0 0 0
0 0 0
0 0 0
0 0 0
0 0 0
0 0 0
0 0 0
0 0 0
0 0 0
0 0 0
0 0 0
0 0 0
0 0 0
7.4087849248e-001 -4.3711590268e-001 2.9115799814e+000
34 64 36
9 21 865 -105.2100 58.9500 24 984 -197.1000 47.4300 20 849 -54.8600 18.0600 23 875 -194.3500 9.2800 18 804 -109.0300 -42.4500 19 947 -62.3300 34.5200 15 704 77.3600 -83.8800 16 798 23.2800 27.4300 17 842 25.7700 33.1500
7.4087849248e-001 -4.3711590268e-001 2.9115799814e+000
34 64 36
9 21 866 -105.2100 58.9500 24 983 -197.1000 47.4300 20 848 -54.8600 18.0600 23 874 -194.3500 9.2800 18 803 -109.0300 -42.4500 19 946 -62.3300 34.5200 15 705 77.3600 -83.8800 16 799 23.2800 27.4300 17 843 25.7700 33.1500
7.2576122848e-001 -3.6676759573e-001 3.2900196921e+000
183 33 40
2 21 689 -98.8000 285.3101 24 752 162.9500 270.2700
7.6406073598e-001 -3.8946794837e-001 2.8700662659e+000
174 31 40
7 21 514 -30.6000 273.4199 24 750 -148.4200 261.6599 23 621 -141.6900 217.5100 18 559 -14.9600 178.5300 19 503 23.4400 257.0901 15 431 207.2100 172.4800 17 524 149.3600 293.8201
7.5217884305e-001 -3.9826095887e-001 2.8855278839e+000
154 166 178
10 21 967 -75.0900 229.0200 24 1253 -179.0300 219.2700 20 1087 -21.0000 190.1799 23 1122 -175.0000 176.2600 25 1118 -125.8300 237.1100 18 886 -71.7800 129.8600 19 1053 -28.9700 208.7100 15 770 134.6400 112.9700 16 868 71.7800 225.1300 17 908 77.3100 235.3900
7.5223135290e-001 -3.9821958612e-001 2.8856513866e+000
154 166 178
9 21 968 -75.0900 229.0200 24 1252 -179.0300 219.2700 20 1086 -21.0000 190.1799 23 1123 -175.0000 176.2600 18 887 -71.7800 129.8600 19 1054 -28.9700 208.7100 15 769 134.6400 112.9700 16 869 71.7800 225.1300 17 909 77.3100 235.3900
7.6874608359e-001 -4.3633784911e-001 2.8839826202e+000
158 163 156
10 21 1007 8.0400 78.6200 24 1155 -113.4500 62.1000 20 1112 69.2600 38.6000 23 1156 -103.6700 24.4700 25 1159 -66.3700 74.1599 18 920 35.1400 -14.0600 19 1083 71.3100 61.9500 15 791 249.3400 -34.0500 16 787 193.4800 71.4000 17 928 198.6300 69.9399
7.6098717142e-001 -4.2451849969e-001 2.8889795528e+000
164 162 167
9 21 1150 -28.1600 124.8000 24 1376 -140.3300 110.9299 20 1180 29.3500 84.9399 23 1246 -133.2500 71.3500 18 986 -13.7500 28.0600 19 1145 26.3700 105.5901 15 779 192.1900 5.0900 16 935 135.4400 113.6799 17 990 141.2200 117.2700
7.4180559112e-001 -4.7183829219e-001 2.9228596462e+000
160 161 166
10 21 1113 -87.8500 -86.0699 24 1300 -181.8500 -97.4600 20 1130 -36.1600 -128.9500 23 1166 -176.5700 -133.0000 25 1300 -132.8000 -85.2100 18 933 -84.4800 -187.4800 19 1099 -38.1200 -112.1200 15 801 99.5600 -240.2500 16 820 49.3100 -131.6899 17 943 50.3500 -133.5601
7.6777998826e-001 -4.7020022859e-001 2.9000093982e+000
171 161 170
10 21 885 17.2000 -66.2500 24 1171 -100.7600 -88.8300 20 1016 78.2300 -107.9600 23 1042 -90.2600 -120.8900 25 972 -56.0300 -81.2200 18 820 44.5900 -154.6200 19 969 82.6600 -81.5400 15 624 249.2600 -181.8199 16 687 199.1900 -81.7100 17 860 203.0600 -91.8900
7.7243947046e-001 -3.6328811422e-001 2.8499560195e+000
134 147 171
5 21 955 -6.8200 393.7400 24 1243 -135.1900 384.8800 23 985 -126.9300 334.3101 15 591 258.5000 305.6200 16 630 186.3400 422.0400
7.4452870813e-001 -4.1791382963e-001 2.9012605134e+000
162 174 74
10 21 853 -98.1100 142.0801 24 971 -193.5300 132.4800 20 837 -47.2100 102.2800 23 864 -190.8000 92.2600 25 947 -140.4300 149.2900 18 687 -101.4600 40.4300 19 797 -55.8000 118.7900 15 615 91.7900 8.9700 16 664 34.0200 121.0300 17 725 38.0500 129.4399
7.6967883986e-001 -4.2591040281e-001 2.8795991750e+000
158 162 163
9 21 1097 6.7500 123.0500 24 1278 -115.4700 104.8900 20 1106 68.1400 84.0701 23 1140 -105.8000 66.5500 18 910 32.8500 31.8100 19 1073 69.2200 107.9399 15 782 251.3600 16.0600 16 881 192.7600 122.7900 17 925 198.7900 123.1899
7.5546192121e-001 -4.8634902494e-001 2.9174565850e+000
224 150 141
9 21 109 -26.6100 -139.8900 24 125 -131.5000 -159.7000 20 98 30.2500 -183.2700 23 113 -122.9600 -191.3101 18 283 -8.8200 -233.7300 19 353 33.2400 -160.6100 15 210 181.0800 -276.7500 16 253 134.4700 -174.6801 17 307 135.4600 -183.3600
7.6658464217e-001 -5.6877657565e-001 2.9463829901e+000
121 68 48
9 21 787 52.6600 -487.7400 24 1075 -56.5100 -520.5000 20 907 113.0800 -532.1300 23 947 -43.5000 -542.2400 18 734 81.6100 -559.9600 19 854 124.2100 -497.5900 15 577 251.9000 -603.2400 16 608 223.1900 -516.7800 17 683 224.3200 -548.9301
7.5949004752e-001 -4.1345458131e-001 2.8871730729e+000
161 164 157
10 21 1076 -38.6100 169.6599 24 1364 -146.8000 156.7200 20 1095 16.8400 130.4500 23 1232 -140.7500 116.1599 25 1342 -96.0400 172.2400 18 902 -29.5700 72.8000 19 1068 11.6300 150.6599 15 681 177.5300 53.3100 16 764 119.1500 163.1400 17 919 124.3200 169.0701
7.6426895791e-001 -4.4227805484e-001 2.8917577577e+000
150 169 133
10 21 867 -8.2300 50.3300 24 985 -123.6600 31.2500 20 850 51.1700 10.1900 23 878 -114.9800 -4.6000 25 954 -76.2000 42.7800 18 807 13.1100 -41.8500 19 948 51.6500 33.6700 15 711 220.8900 -65.3600 16 682 166.5800 39.6800 17 846 170.6500 37.8500
7.6088506596e-001 -4.2442380375e-001 2.8886873787e+000
164 162 167
10 21 1149 -28.1600 124.8000 24 1375 -140.3300 110.9299 20 1179 29.3500 84.9399 23 1245 -133.2500 71.3500 25 1349 -90.9600 125.6100 18 987 -13.7500 28.0600 19 1144 26.3700 105.5901 15 778 192.1900 5.0900 16 936 135.4400 113.6799 17 991 141.2200 117.2700
7.4910768609e-001 -4.3223498981e-001 2.9026821348e+000
26 65 36
10 21 1101 -73.8000 84.7100 24 1284 -173.2900 72.3101 20 1110 -21.1800 44.1600 23 1146 -168.8000 33.7800 25 1289 -122.0500 87.0400 18 991 -70.5100 -15.1900 19 1078 -26.3300 62.0400 15 788 124.4700 -48.4800 16 887 68.9300 61.5800 17 927 71.9600 65.9399
7.6530033403e-001 -3.9174680764e-001 2.8700723794e+000
151 169 194
6 21 44 -24.4800 265.0901 24 48 -143.4200 252.8301 18 238 -8.0800 170.3301 15 178 214.9200 164.0100 16 234 150.6800 275.3900 17 257 157.4900 284.6200
7.7593960237e-001 -4.3090287446e-001 2.8764617482e+000
140 162 52
7 21 362 33.9700 105.4299 24 87 -94.0300 84.7300 20 335 97.8300 65.9000 18 426 66.4500 16.3400 19 526 101.2600 92.5500 15 438 288.7700 4.5600 17 421 237.4200 106.8000
7.3422579239e-001 -3.6496104473e-001 3.2837833950e+000
160 35 42
2 21 341 -66.3500 291.3600 24 40 190.8100 284.1500
7.3976092820e-001 -4.6860830473e-001 2.9241512124e+000
170 36 45
9 21 562 -96.3700 -72.6300 24 498 -187.3600 -83.4600 20 557 -45.3900 -115.6100 23 668 -183.9200 -118.8700 18 445 -97.2400 -175.3700 19 544 -50.1300 -99.4399 15 449 82.7000 -230.0500 16 469 34.8400 -120.6300 17 553 35.5800 -120.3600
7.2689577691e-001 -3.5801726418e-001 3.2850016962e+000
171 35 40
2 21 682 -98.3100 325.9600 24 738 162.3000 304.2400
7.2890692739e-001 -3.6148903774e-001 3.2859374280e+000
180 39 47
2 21 686 -88.6900 308.4900 24 741 171.4900 293.2500
7.7177886990e-001 -4.4982648330e-001 2.8879303135e+000
27 63 37
9 21 869 24.8900 22.5900 24 987 -98.2300 0.4200 20 855 87.4600 -17.8000 23 882 -87.3000 -34.4100 18 813 55.0700 -65.3199 19 815 91.2000 8.3000 15 621 268.5000 -86.0601 16 685 214.4900 16.8400 17 742 219.8000 11.3500
7.6661261733e-001 -4.2216242908e-001 2.8813022378e+000
29 64 34
10 21 857 -6.8300 136.9399 24 773 -125.1600 118.7800 20 839 53.1400 97.8700 23 866 -116.7600 80.4500 25 766 -76.2500 131.3900 18 689 14.9400 44.6100 19 799 52.4800 121.2600 15 616 230.5000 29.0200 16 661 171.4700 136.2300 17 728 177.2400 138.0801
7.7354302033e-001 -4.1372971056e-001 2.8717199708e+000
28 61 30
9 21 847 17.8400 177.7300 24 1132 -108.2800 159.9199 20 975 80.3100 138.7500 23 1010 -98.3200 120.1799 18 788 45.6000 85.0601 19 926 81.1000 163.2200 15 610 270.2400 76.1599 16 767 209.3200 184.4399 17 813 216.4400 186.9199
7.4666216561e-001 -4.1339693992e-001 2.8935117844e+000
25 65 38
9 21 1084 -93.9500 160.1500 24 1360 -193.7400 150.5701 20 983 -36.6000 122.5801 23 1230 -190.1300 109.3101 18 905 -87.9800 62.3100 19 1066 -45.6700 139.2400 15 678 112.9100 36.6900 16 770 53.2700 148.2700 17 820 57.0600 156.4800
7.6529596698e-001 -4.3286281524e-001 2.8862169541e+000
149 174 116
10 21 864 -7.3900 90.9900 24 777 -125.0800 75.7100 20 847 52.2100 51.1200 23 869 -116.1300 37.1300 25 775 -76.9500 88.6200 18 695 14.7200 -2.7500 19 806 52.6500 73.7400 15 619 227.2400 -24.1000 16 674 169.7700 82.8600 17 735 174.7000 82.7800
7.5535656899e-001 -5.4247331103e-001 2.9410431987e+000
95 31 29
8 21 1035 -3.6800 -378.0800 24 1199 -106.6200 -400.3400 23 1075 -96.1000 -427.2700 18 847 18.3900 -465.0200 19 992 61.9200 -396.9600 15 743 192.5400 -519.9000 16 832 156.7500 -424.0000 17 884 156.6700 -445.3199
7.5807999884e-001 -5.5116507174e-001 2.9423567481e+000
106 18 19
8 21 913 10.9500 -414.7400 24 1066 -94.6000 -438.8700 23 941 -82.8800 -464.6100 18 851 35.6500 -497.7800 19 851 78.4900 -431.1600 15 745 209.8200 -549.7600 16 711 176.4600 -457.1000 17 886 175.8000 -481.4900
7.5949004752e-001 -4.1345458131e-001 2.8871730729e+000
161 164 157
10 21 1077 -38.6100 169.6599 24 1365 -146.8000 156.7200 20 1096 16.8400 130.4500 23 1233 -140.7500 116.1599 25 1343 -96.0400 172.2400 18 901 -29.5700 72.8000 19 1069 11.6300 150.6599 15 682 177.5300 53.3100 16 765 119.1500 163.1400 17 920 124.3200 169.0701
7.3785651748e-001 -4.5034347980e-001 2.9197180066e+000
170 41 42
10 21 1014 -112.1300 3.1700 24 1160 -201.0700 -5.9000 20 1000 -62.6500 -38.8800 23 1029 -198.5700 -43.6500 25 1170 -149.1500 8.7500 18 924 -117.5400 -101.6100 19 1093 -69.7300 -24.6400 15 795 63.4200 -152.9700 16 890 12.3100 -41.2300 17 937 13.7600 -36.5400
7.4371415920e-001 -4.4406600604e-001 2.9079907354e+000
164 161 171
8 21 1204 -93.3100 31.6700 24 1459 -189.3800 21.9500 23 1357 -185.6100 -15.6500 25 1429 -139.0800 37.8800 18 1074 -86.1000 -70.9200 15 877 106.8900 -110.6500 16 982 52.1500 -1.7800 17 1067 53.1400 0.9100
7.2576122848e-001 -3.6676759573e-001 3.2900196921e+000
183 33 40
2 21 688 -98.8000 285.3101 24 751 162.9500 270.2700
7.7593589992e-001 -4.3091999814e-001 2.8765521787e+000
140 162 52
7 21 363 33.9700 105.4299 24 88 -94.0300 84.7300 20 336 97.8300 65.9000 18 425 66.4500 16.3400 19 525 101.2600 92.5500 15 332 288.3300 3.9800 17 422 237.4200 106.8000
7.5928375813e-001 -3.6438735109e-001 2.8638692266e+000
158 172 195
6 21 499 -60.7700 376.3800 24 412 -174.4200 366.2400 23 598 -169.5100 319.9700 15 504 172.6400 284.6200 16 433 101.7000 398.8000 17 611 108.8300 415.2500
7.8082631158e-001 -4.5242723649e-001 2.8831476758e+000
23 61 36
9 21 1015 62.9300 16.2400 24 1163 -67.2500 -10.0200 20 998 128.5100 -23.6600 23 1031 -54.5800 -43.7100 18 814 99.3600 -67.6899 19 955 134.1700 5.8700 15 622 316.0200 -82.7700 16 804 264.3200 19.4700 17 851 271.8500 10.9000
7.5959880674e-001 -5.4078903936e-001 2.9371962100e+000
185 135 112
9 21 907 12.7600 -370.1801 24 1058 -94.4200 -395.8101 20 1035 71.3500 -414.1400 23 933 -82.8900 -422.4800 18 848 37.5500 -453.2100 19 993 80.2400 -386.6899 15 639 214.9500 -501.5300 16 708 179.9400 -407.6100 17 773 179.9500 -431.3600
7.4478175103e-001 -4.0001205323e-001 2.8925736057e+000
135 175 122
10 21 975 -104.7200 217.0601 24 1119 -201.9000 207.9399 20 968 -53.4700 178.5701 23 990 -199.4800 165.2700 25 1116 -147.4200 226.2300 18 778 -108.7000 116.2800 19 916 -63.5500 195.1799 15 670 91.7600 94.1000 16 752 29.2300 206.9099 17 804 33.5300 218.3101
7.5903800688e-001 -4.0464380145e-001 2.8817412634e+000
137 171 124
10 21 978 -44.4300 206.2100 24 1121 -155.1800 193.1500 20 971 11.9900 167.9299 23 997 -149.4400 151.7500 25 1122 -103.4600 209.6300 18 781 -33.4400 110.0400 19 923 6.8000 188.2200 15 672 178.1400 94.8800 16 756 116.8100 205.5801 17 809 122.3900 213.0801
7.5495356692e-001 -4.4197833340e-001 2.8985794353e+000
23 63 37
10 21 1109 -47.0200 46.0700 24 1382 -154.6000 31.9000 20 1121 10.3200 5.7600 23 1253 -148.1800 -5.5600 25 1360 -104.1300 44.7100 18 922 -32.6200 -49.8000 19 1089 7.6400 25.7300 15 708 169.1300 -80.2800 16 800 115.4100 27.5900 17 936 116.3400 26.7900
7.6468558006e-001 -5.6167576058e-001 2.9441126274e+000
146 63 41
7 21 1163 41.6800 -457.4200 24 1400 -66.5900 -488.3500 23 1315 -54.2900 -509.8900 19 1167 112.9700 -469.5300 15 845 240.7700 -578.5200 16 949 211.8000 -490.1700 17 1009 212.8700 -519.5500
7.6497586899e-001 -4.8172571663e-001 2.9049656523e+000
162 163 168
10 21 1152 10.7500 -116.7700 24 1386 -106.5300 -138.3000 20 1188 69.4700 -158.6600 23 1258 -95.3500 -169.8300 25 1367 -62.9500 -130.6600 18 1002 37.7100 -205.3000 19 1160 76.3300 -133.3300 15 840 242.8400 -237.6500 16 942 192.9100 -138.3500 17 1002 195.2300 -149.8500
7.4716180524e-001 -4.9866992542e-001 2.9296364219e+000
101 142 186
9 21 394 -54.3000 -195.8700 24 136 -151.7800 -212.2700 20 383 -0.4300 -239.5800 23 132 -144.8100 -243.3800 18 303 -43.9700 -292.6000 19 376 0.8200 -219.1700 15 225 135.4600 -348.4000 16 264 92.2400 -244.1700 17 444 91.9000 -252.4800
7.3695671690e-001 -4.6629839350e-001 2.9261319666e+000
169 37 48
9 21 1020 -108.8900 -65.0000 24 996 -196.9100 -74.7300 20 1009 -59.2600 -107.5100 23 1039 -193.6500 -111.2000 18 824 -112.6700 -168.5100 19 963 -64.6800 -92.7500 15 726 64.5200 -223.9399 16 812 16.2400 -113.5300 17 861 16.7100 -112.1801
7.7663539224e-001 -5.3929892298e-001 2.9274218338e+000
127 183 235
9 21 430 81.9000 -357.5900 24 194 -36.5900 -391.3700 20 444 145.4000 -400.6801 23 472 -22.5800 -414.9100 25 236 2.1400 -392.1400 18 328 115.3000 -428.7700 19 421 155.5300 -365.3500 16 286 264.3900 -371.8199 17 340 269.7300 -401.0200
7.5928375813e-001 -3.6438735109e-001 2.8638692266e+000
158 172 195
6 21 498 -60.7700 376.3800 24 413 -174.4200 366.2400 23 599 -169.5100 319.9700 15 503 172.6400 284.6200 16 432 101.7000 398.8000 17 610 108.8300 415.2500
7.4478199379e-001 -4.9957463286e-001 2.9306462181e+000
23 80 140
9 21 751 -63.6600 -200.3700 24 1020 -159.8600 -214.4700 20 878 -10.0700 -244.7800 23 910 -153.4600 -246.7300 18 717 -54.1800 -299.0601 19 837 -8.8400 -225.7000 15 562 126.0900 -357.2500 16 589 81.9800 -252.2200 17 673 80.7400 -260.0800
7.8471540728e-001 -4.5107122527e-001 2.8808569417e+000
137 153 157
8 21 871 77.6100 23.3000 24 1164 -54.6500 -2.9200 20 999 144.8600 -14.7800 18 809 116.6800 -57.4800 19 956 150.9900 15.3200 15 533 333.5800 -70.7800 16 686 283.0800 30.8300 17 743 291.7600 20.9900
7.5647442522e-001 -4.3245314808e-001 2.8942122037e+000
28 60 31
10 21 1006 -44.2300 87.1599 24 1287 -152.5000 72.4399 20 996 12.1500 47.3900 23 1147 -146.2100 34.2800 25 1157 -102.7300 85.8900 18 914 -31.2300 -8.0300 19 943 9.4400 67.9099 15 701 173.6200 -34.8200 16 786 116.7700 72.9800 17 836 121.1500 75.6500
7.6734771006e-001 -5.0638266805e-001 2.9156564058e+000
33 82 138
9 21 1116 29.4700 -220.3500 24 1308 -85.9500 -246.2900 20 1132 91.6600 -263.5000 23 1175 -74.2500 -274.6400 25 1304 -44.0300 -242.2400 18 938 59.9000 -303.9000 19 1103 97.7000 -234.3800 16 826 212.0000 -243.5699 17 881 214.3200 -262.0400
7.6734771006e-001 -5.0638266805e-001 2.9156564058e+000
33 82 138
9 21 1117 29.4700 -220.3500 24 1309 -85.9500 -246.2900 20 1133 91.6600 -263.5000 23 1176 -74.2500 -274.6400 25 1305 -44.0300 -242.2400 18 939 59.9000 -303.9000 19 1104 97.7000 -234.3800 16 827 212.0000 -243.5699 17 882 214.3200 -262.0400
7.7162288475e-001 -5.4538332518e-001 2.9328630944e+000
36 82 127
8 21 197 63.4600 -386.3300 24 225 -51.3200 -418.7800 20 174 124.6400 -430.3101 25 256 -12.4200 -419.1200 18 156 95.4800 -459.3300 19 215 136.1500 -395.7200 15 100 273.6400 -495.5601 16 143 241.0600 -407.9301
7.7167643996e-001 -5.4537820152e-001 2.9327875575e+000
36 82 127
5 21 198 63.4600 -386.3300 24 226 -51.3200 -418.7800 18 157 95.4800 -459.3300 19 216 136.1500 -395.7200 15 101 273.6400 -495.5601
7.5203017563e-001 -4.9951683883e-001 2.9260059599e+000
23 82 142
9 21 583 -34.6000 -197.2500 24 520 -136.1200 -215.5500 20 581 21.2000 -241.0000 23 413 -128.1100 -246.9600 18 472 -19.2400 -291.0800 19 567 23.9700 -218.9000 15 463 163.5900 -342.0900 16 484 119.9500 -239.7400 17 566 120.2700 -250.1600
7.8036023499e-001 -4.9748167323e-001 2.9052658341e+000
166 161 170
10 21 747 79.2300 -178.1600 24 807 -45.7100 -209.3600 20 876 144.8300 -218.5200 23 1059 -30.4300 -234.0900 25 1199 -2.9600 -204.6200 18 594 115.2200 -254.3101 19 832 153.6200 -185.0000 15 458 313.6600 -276.7100 16 582 272.9700 -183.3800 17 663 279.1300 -204.2700
7.6322181773e-001 -5.0450522130e-001 2.9173085058e+000
111 158 205
8 21 1029 11.9000 -214.0200 24 1191 -101.1200 -237.1801 23 1064 -89.4100 -266.8199 18 837 39.3100 -300.7300 19 983 79.5500 -230.6700 15 554 232.8000 -340.5300 16 699 189.0400 -242.8400 17 765 190.9500 -258.7400
7.6322181773e-001 -5.0450522130e-001 2.9173085058e+000
111 158 205
8 21 1028 11.9000 -214.0200 24 1190 -101.1200 -237.1801 23 1063 -89.4100 -266.8199 18 836 39.3100 -300.7300 19 982 79.5500 -230.6700 15 553 232.8000 -340.5300 16 698 189.0400 -242.8400 17 764 190.9500 -258.7400
7.6981090637e-001 -5.4140621471e-001 2.9307457087e+000
34 80 128
7 21 429 54.2600 -370.3800 24 193 -61.2700 -401.0200 25 235 -21.8900 -400.5300 19 420 126.4900 -381.4800 15 97 267.9200 -483.0400 16 294 234.0600 -393.7700 17 347 236.0800 -421.4200
7.7299239633e-001 -5.4298032761e-001 2.9297726729e+000
32 85 128
5 21 164 67.8600 -374.5800 24 196 -49.5900 -406.7800 20 171 131.6000 -418.1600 16 296 250.1700 -393.8800 17 350 253.6800 -422.8500
7.4762685069e-001 -4.0387734935e-001 2.8901208347e+000
29 61 40
9 21 977 -91.8300 202.4000 24 1251 -193.1300 192.3700 20 970 -38.3300 164.3000 23 1128 -189.7200 150.1000 25 1254 -140.0500 209.9700 18 889 -90.2500 104.0601 19 922 -46.4300 181.7600 16 753 51.9400 195.1300 17 806 55.3200 204.3600
7.6648362283e-001 -5.4377574347e-001 2.9336217075e+000
27 82 144
9 21 428 41.7500 -380.0200 24 192 -70.5200 -408.4100 20 450 102.7800 -424.4000 23 186 -57.8300 -433.5400 18 337 71.5400 -458.3300 19 429 112.8300 -393.0300 15 382 250.3300 -499.6899 16 494 219.6800 -410.9800 17 579 220.2800 -436.9500
7.5203017563e-001 -4.9951683883e-001 2.9260059599e+000
23 82 142
9 21 584 -34.6000 -197.2500 24 521 -136.1200 -215.5500 20 580 21.2000 -241.0000 23 412 -128.1100 -246.9600 18 473 -19.2400 -291.0800 19 568 23.9700 -218.9000 15 464 163.5900 -342.0900 16 485 119.9500 -239.7400 17 567 120.2700 -250.1600
7.4052138930e-001 -4.1605754612e-001 2.9041902989e+000
165 166 163
10 21 994 -115.5500 147.6300 24 1131 -207.0500 138.3201 20 980 -65.5200 107.6500 23 1009 -205.2900 97.5400 25 1141 -153.0900 155.5601 18 790 -122.9000 44.8500 19 931 -75.8200 123.1500 15 689 66.6300 11.6000 16 777 9.2900 124.5901 17 817 12.7800 134.2500
7.4052138930e-001 -4.1605754612e-001 2.9041902989e+000
165 166 163
10 21 993 -115.5500 147.6300 24 1130 -207.0500 138.3201 20 981 -65.5200 107.6500 23 1008 -205.2900 97.5400 25 1140 -153.0900 155.5601 18 791 -122.9000 44.8500 19 932 -75.8200 123.1500 15 690 66.6300 11.6000 16 778 9.2900 124.5901 17 818 12.7800 134.2500
7.6874608359e-001 -4.3633784911e-001 2.8839826202e+000
158 163 156
10 21 1008 8.0400 78.6200 24 1154 -113.4500 62.1000 20 1111 69.2600 38.6000 23 1155 -103.6700 24.4700 25 1158 -66.3700 74.1599 18 919 35.1400 -14.0600 19 1084 71.3100 61.9500 15 792 249.3400 -34.0500 16 788 193.4800 71.4000 17 929 198.6300 69.9399
7.5040261326e-001 -4.1853461860e-001 2.8946411453e+000
162 165 163
10 21 1148 -74.3600 142.5500 24 1363 -176.7400 131.0100 20 1176 -20.7700 103.2300 23 1242 -172.2600 90.5300 25 1346 -124.5700 146.6200 18 981 -69.8300 43.9700 19 1143 -26.8900 121.4000 15 832 132.4300 17.9800 16 934 72.5300 128.0901 17 989 76.3000 134.6599
7.8512583635e-001 -5.2714654189e-001 2.9192473217e+000
225 108 95
11 21 139 113.5700 -302.8300 24 171 -8.9700 -339.8500 20 139 178.1000 -344.3700 23 459 4.9400 -362.5400 25 195 30.8900 -341.7100 18 144 146.0800 -370.2000 19 408 186.4600 -306.8300 26 193 -38.9800 -393.5601 27 205 -56.5600 -421.1400 16 134 297.8400 -304.9399 17 335 306.5800 -334.0000
7.8250777277e-001 -4.9988658824e-001 2.9052754391e+000
174 48 50
7 21 578 90.1700 -186.0100 24 808 -35.4900 -217.8000 23 698 -21.4700 -244.9399 25 804 5.2300 -215.2800 18 468 126.8100 -261.2300 19 569 163.4400 -194.3900 16 381 283.3200 -190.4000
7.7955112145e-001 -5.4268833812e-001 2.9284832182e+000
18 79 142
10 21 910 95.4900 -371.6700 24 1202 -23.0500 -408.4600 20 898 159.1400 -413.6100 23 1076 -8.8300 -429.6600 25 1209 15.6200 -410.8000 18 727 128.7200 -438.4600 19 849 169.5100 -376.1000 26 1207 -49.1000 -464.0100 16 596 277.6900 -381.9700 17 772 283.6200 -412.5000
7.5324500574e-001 -4.2841952643e-001 2.8963477795e+000
135 172 120
9 21 1001 -58.6000 102.9500 24 1147 -163.2000 89.6699 20 994 -4.0000 63.0100 23 1022 -158.1600 50.8300 25 1149 -112.5800 104.2500 18 796 -50.1400 5.3000 19 941 -7.9200 82.2900 16 785 94.2400 86.1400 17 835 97.6000 90.0901
7.7544672624e-001 -4.9235696522e-001 2.9025354729e+000
158 25 30
8 21 1155 57.0500 -157.1200 24 1435 -68.6000 -184.7700 20 1190 121.6900 -199.0900 23 1310 -54.5300 -213.8500 18 1004 93.2400 -237.6300 19 1162 130.5900 -168.3300 16 899 252.4100 -165.9900 17 944 257.9900 -184.2200
7.5831114254e-001 -3.8507913138e-001 2.8751065350e+000
156 38 44
5 21 27 -55.5700 288.5701 24 31 -166.6300 278.1300 23 27 -160.5100 233.6200 19 45 -6.6700 271.0801 17 252 108.1000 308.7900
8.0931787437e-001 -4.7063848991e-001 2.8987406386e+000
159 21 26
7 21 877 190.4800 -52.1600 24 1173 70.1200 -86.4800 20 862 255.5400 -88.8400 23 1043 78.2800 -114.7000 18 438 211.2200 -115.6200 19 694 254.2900 -50.3500 17 287 384.8600 -44.4300
8.1152353180e-001 -4.9300839488e-001 2.9161419119e+000
167 112 89
7 21 742 210.8600 -147.8300 24 1017 96.7200 -189.8101 20 747 272.8500 -184.0601 23 906 105.0800 -211.3600 18 269 222.0700 -203.0200 19 557 269.5800 -141.9700 17 296 386.1900 -146.5200
7.8000653349e-001 -5.2420864223e-001 2.9181677146e+000
195 75 74
8 21 136 90.1500 -291.2100 24 168 -31.6000 -325.3400 20 420 154.0200 -333.8199 23 153 -17.5700 -349.5100 25 552 8.6400 -325.5100 19 407 163.8500 -298.4500 26 187 -58.8800 -374.9399 17 333 283.1800 -326.6700
7.5536776539e-001 -3.8696177769e-001 2.8769913752e+000
175 38 44
6 21 349 -66.8400 278.8700 24 436 -175.7400 268.7100 23 336 -171.8100 224.5801 18 236 -59.6100 180.6799 19 502 -19.9500 260.2600 17 412 94.5200 295.5601
8.1248205935e-001 -4.7162977559e-001 2.9015206840e+000
213 134 88
7 21 879 204.9000 -55.5300 24 1174 85.0800 -93.2300 20 864 269.2500 -91.3700 23 1044 93.9200 -118.8800 18 581 221.9400 -115.7100 19 819 266.7700 -51.5800 17 430 393.3100 -45.2400
7.5539005870e-001 -5.3897051422e-001 2.9400049741e+000
176 137 119
5 21 633 -5.5000 -363.9399 24 580 -108.2200 -387.6400 18 482 16.0100 -450.8800 19 590 59.9300 -382.3199 17 457 154.9700 -430.2100
7.7049985801e-001 -5.7948608653e-001 2.9501141030e+000
146 104 59
6 21 471 72.7800 -530.3199 24 660 -37.3000 -567.2400 20 476 134.4200 -575.2900 23 557 -22.7000 -587.4399 19 456 146.9000 -537.9000 17 476 247.6000 -590.2200
7.4854571252e-001 -4.8404069267e-001 2.9234463528e+000
189 140 132
8 21 569 -55.3900 -134.7300 24 795 -154.1800 -150.7100 20 565 -1.4100 -178.4100 23 684 -147.6200 -183.6899 25 792 -107.0800 -140.5699 18 590 -45.2600 -231.8300 19 552 -1.0800 -158.0400 17 558 92.9000 -183.4399
8.3323969622e-001 -3.8213445866e-001 2.8661323260e+000
165 32 30
3 21 330 253.3200 323.5100 24 740 136.5500 300.1300 23 319 137.7800 261.7400
7.6663153858e-001 -4.2219713898e-001 2.8809812548e+000
29 64 34
8 21 858 -6.8300 136.9399 24 772 -125.1600 118.7800 20 840 53.1400 97.8700 23 865 -116.7600 80.4500 25 765 -76.2500 131.3900 18 690 14.9400 44.6100 19 800 52.4800 121.2600 17 729 177.2400 138.0801
7.5090220724e-001 -4.9346967230e-001 2.9258850546e+000
92 23 45
8 21 1025 -41.9000 -173.4900 24 1305 -141.9400 -191.6000 20 1021 12.4700 -216.7400 23 1172 -134.3800 -223.2300 25 1196 -95.9800 -182.9500 18 831 -29.7800 -268.4600 19 980 14.0500 -195.6300 17 875 110.1400 -225.3900
7.4336360212e-001 -4.2257218911e-001 2.9047245312e+000
28 63 40
7 21 1094 -100.6500 122.5901 24 1276 -194.6500 113.7800 20 1102 -49.3700 81.8900 25 1273 -142.0000 130.2300 18 985 -105.4300 18.7900 19 1140 -58.5800 97.9399 17 923 32.6200 104.8900
8.1868383899e-001 -4.6686990837e-001 2.9069302640e+000
155 24 21
12 21 731 230.4300 -34.8000 24 1176 119.5500 -73.1600 20 737 292.4000 -69.0601 23 894 124.7600 -98.2200 25 1185 170.0200 -74.1000 18 434 234.1700 -92.8101 19 529 283.2800 -29.2700 26 1313 103.1000 -127.4900 27 1443 84.4700 -156.7600 30 1444 -37.5800 -186.0601 31 1333 -55.3800 -171.9301 32 1520 -124.4000 -70.6000
7.5073824801e-001 -4.8474545562e-001 2.9222554774e+000
142 27 30
7 21 383 -45.8300 -137.1600 24 120 -146.4100 -152.3199 20 566 8.5900 -181.4200 23 110 -139.4200 -185.7900 25 170 -100.1300 -143.1200 18 459 -33.9400 -234.2700 19 553 9.6800 -160.5500
7.6887092297e-001 -5.8296516144e-001 2.9526847459e+000
161 102 58
6 21 477 68.0300 -546.9600 24 665 -41.4500 -581.5200 20 643 129.7300 -591.8800 23 558 -27.0700 -601.6801 18 504 98.8800 -614.8101 19 458 141.4500 -553.7400
7.4877415705e-001 -4.2221781779e-001 2.8986475765e+000
166 172 61
5 21 712 -79.1700 126.4800 24 770 -179.2700 115.2500 23 638 -175.0900 75.9600 18 571 -76.4200 27.5000 19 679 -32.5900 105.2400
7.8345832269e-001 -5.4813724776e-001 2.9317926392e+000
176 143 108
5 21 914 113.8500 -391.3300 24 1203 -4.6900 -429.8900 20 901 178.1700 -433.7800 23 1187 10.9000 -451.8900 18 615 146.1100 -453.8900
7.6568455253e-001 -5.4213902686e-001 2.9346861987e+000
51 122 191
5 21 908 38.1900 -373.1300 24 1059 -73.3300 -402.0000 20 900 99.0500 -417.8199 23 934 -60.0800 -426.9000 18 728 66.4900 -451.7400
7.6138021900e-001 -4.0874453971e-001 2.8789386886e+000
26 61 37
7 21 986 -33.7900 190.2400 24 1261 -148.6700 176.4399 20 974 25.0200 152.2400 23 1129 -141.6200 135.3800 25 1255 -98.0400 192.3600 18 903 -17.8300 95.5200 19 925 21.2500 173.2400
7.7114418853e-001 -4.5649653494e-001 2.8895268715e+000
163 162 168
7 21 1219 26.4000 -6.9500 24 1482 -98.4800 -25.2200 20 1262 89.3600 -48.7500 23 1386 -85.9600 -61.0700 25 1453 -53.0300 -15.3300 18 1092 53.8400 -97.4500 19 1264 92.5600 -22.8200
7.6271498135e-001 -5.4921471890e-001 2.9402677683e+000
71 13 20
6 21 1225 28.9700 -404.1600 24 1486 -78.8800 -432.6500 20 1275 88.7900 -449.8500 23 1363 -66.8600 -456.8101 18 1099 55.5000 -485.0601 19 1268 98.0200 -419.7900
7.8988404275e-001 -4.8996968484e-001 2.9049477089e+000
165 164 160
6 21 1249 117.9000 -140.6700 24 1532 -5.7700 -176.0300 20 1303 181.3800 -179.0100 23 1413 6.4000 -203.0900 18 1127 144.8100 -212.9700 19 1300 185.7900 -145.3800
7.4187357994e-001 -4.1925354804e-001 2.9041767459e+000
31 60 30
6 21 523 -107.9000 135.9000 24 469 -201.6000 127.1500 20 530 -57.6300 95.6400 23 360 -199.2600 86.4399 25 97 -148.3800 144.6100 19 523 -66.4100 111.5100
8.2195265085e-001 -4.6547522227e-001 2.9105935574e+000
147 24 25
11 21 548 243.4300 -28.4100 24 1002 136.4900 -67.6200 20 548 304.0400 -62.1300 23 885 140.3300 -91.9500 25 974 188.1300 -69.0300 19 534 293.1600 -21.4900 26 1108 124.5500 -122.8199 27 1444 107.0700 -152.9500 28 1439 111.7500 -173.1100 29 1391 32.6000 -177.1600 30 1445 -14.5100 -185.9800
8.1781402592e-001 -4.6984890641e-001 2.9065649889e+000
175 97 66
5 21 880 226.3700 -48.5400 24 1177 113.3200 -87.6200 20 865 289.1300 -82.6899 23 1046 120.3800 -111.8000 19 696 282.9700 -41.5400
7.4739694694e-001 -4.7185980556e-001 2.9197985284e+000
172 34 40
5 21 733 -64.9600 -84.3900 24 787 -163.1400 -98.6100 20 739 -10.7300 -127.3199 25 784 -115.3900 -87.0300 19 700 -11.9200 -108.3600
8.0060312200e-001 -5.2358076917e-001 2.9228543942e+000
192 124 87
6 21 901 176.0600 -279.6200 24 1195 58.3400 -323.6801 20 888 240.4600 -317.9800 23 1068 70.1200 -344.2500 25 1204 100.0700 -329.3400 19 840 243.7700 -275.0400
8.0891317948e-001 -5.5242180973e-001 2.9536383191e+000
157 23 27
5 21 1037 225.6900 -399.4000 24 1322 125.4800 -451.7400 23 1189 133.9600 -464.6000 25 1315 170.1000 -463.0601 26 1519 114.8300 -529.7800
8.2488443261e-001 -3.7977410297e-001 2.8532514580e+000
137 143 123
3 21 1135 214.7300 334.7000 24 1425 87.2600 312.0400 23 1299 92.6800 271.1400
7.9159144054e-001 -5.2258411123e-001 2.9152985928e+000
188 94 74
7 21 1118 136.9000 -278.6200 24 1393 14.4600 -316.9800 20 1135 202.5700 -319.2200 23 1265 27.8700 -340.0900 25 1374 54.2000 -319.6801 19 1105 210.3200 -279.6801 26 1516 -16.9300 -373.0500
7.4334445005e-001 -4.2252504440e-001 2.9049258563e+000
28 63 40
6 21 1093 -100.6500 122.5901 24 1275 -194.6500 113.7800 20 1103 -49.3700 81.8900 23 1240 -192.1400 73.4700 25 1272 -142.0000 130.2300 19 1141 -58.5800 97.9399
8.0820585846e-001 -4.7612907192e-001 2.8953102060e+000
103 28 41
8 21 1184 187.8100 -75.3101 24 1463 63.3200 -110.8800 23 1334 74.1400 -137.6500 19 1154 253.3800 -73.7700 26 1601 34.8100 -162.7100 27 1713 11.8100 -189.3900 28 1713 12.2900 -205.2500 29 1669 -67.9500 -204.3199
8.0118588700e-001 -4.8170825266e-001 2.8981379152e+000
157 155 143
3 21 1153 160.8400 -101.3000 24 1464 33.7800 -139.6600 19 1157 229.2600 -101.1400
7.6454431851e-001 -5.6178000366e-001 2.9448547630e+000
146 63 41
4 21 1162 41.6800 -457.4200 24 1399 -66.5900 -488.3500 23 1314 -54.2900 -509.8900 19 1166 112.9700 -469.5300
7.8314054338e-001 -3.7124739519e-001 2.8418056824e+000
135 150 173
3 21 1198 35.0700 360.0000 24 1476 -98.9800 349.3500 23 1349 -89.2300 301.3101
7.6796298521e-001 -4.9465654612e-001 2.9043470249e+000
158 22 32
6 21 1240 24.7200 -170.0200 24 1516 -94.9100 -193.8199 20 1291 88.6100 -211.9000 23 1397 -83.3700 -224.0601 25 1484 -53.3300 -188.3400 19 1286 102.7100 -183.5601
8.4538658373e-001 -3.7815845612e-001 2.8882076808e+000
174 43 41
3 21 335 307.5300 338.0100 24 744 212.1000 314.2200 23 326 205.2200 277.8201
8.2867612855e-001 -3.9389583258e-001 2.8634684630e+000
70 100 105
3 21 45 237.6400 274.2800 24 51 114.4600 249.4099 23 43 117.8200 211.9399
8.3398706473e-001 -4.2044661826e-001 2.8948852555e+000
144 153 40
2 21 72 274.7600 160.8201 24 465 169.8800 128.4500
8.3398706473e-001 -4.2044661826e-001 2.8948852555e+000
144 153 40
2 21 71 274.7600 160.8201 24 464 169.8800 128.4500
8.1799764016e-001 -5.0659713953e-001 2.9335228697e+000
125 78 51
5 21 400 243.8600 -204.9700 24 824 143.1800 -251.2700 20 121 303.4500 -238.8900 23 712 147.1600 -269.4399 25 825 191.9400 -258.4900
8.1802989207e-001 -5.0663730192e-001 2.9336708578e+000
125 78 51
4 21 401 243.8600 -204.9700 24 823 143.1800 -251.2700 20 122 303.4500 -238.8900 25 824 191.9400 -258.4900
7.8368913214e-001 -5.2708576412e-001 2.9176168270e+000
150 51 46
6 21 137 105.2900 -300.9301 24 169 -16.2100 -336.8900 20 138 169.6000 -343.5100 23 166 -2.1500 -359.6300 25 193 23.1400 -338.3500 26 192 -45.8000 -390.3400
8.0143398906e-001 -5.4387996126e-001 2.9341306464e+000
192 120 91
9 21 169 187.3200 -365.5300 24 587 74.7600 -412.2600 20 155 249.7600 -403.9800 23 496 87.0900 -428.7100 25 593 115.0100 -420.3800 26 623 50.3400 -482.2700 27 726 32.5400 -516.7100 28 672 24.6600 -536.5500 29 611 -46.0300 -538.9301
8.0899978649e-001 -5.4073184595e-001 2.9430538317e+000
198 115 76
13 21 152 219.6100 -349.1801 24 588 114.9500 -399.1100 20 157 280.3700 -384.9500 23 479 122.9200 -414.3900 25 577 159.8200 -408.8600 26 599 100.1600 -473.4000 27 700 84.9600 -511.5601 28 673 78.2900 -534.4900 29 615 8.8800 -540.5699 30 641 -32.8900 -545.3101 31 564 -49.0300 -509.2800 32 649 -113.3800 -416.7700 34 638 -147.2200 -412.9301
8.0784397387e-001 -5.4451137218e-001 2.9445339437e+000
223 85 76
8 21 172 216.2300 -366.6700 24 612 111.1100 -416.7800 20 160 276.5500 -402.8400 27 729 81.1100 -529.5500 28 714 73.8700 -552.4399 30 647 -35.8800 -562.8900 31 573 -50.5700 -525.8700 32 653 -115.3600 -433.3000
8.1279813905e-001 -5.4189057427e-001 2.9543194948e+000
204 68 54
9 21 186 239.8200 -353.2300 24 589 142.5500 -405.5800 25 598 189.8900 -416.2400 26 968 135.1200 -483.7900 28 1062 119.1300 -549.5500 30 1043 11.0400 -567.7200 31 955 -8.4800 -532.8500 32 1105 -72.1000 -442.7200 34 652 -109.4700 -440.9900
8.0035540919e-001 -5.4905455517e-001 2.9385745284e+000
131 29 31
6 21 199 185.6200 -387.9100 24 233 74.2000 -435.1899 20 181 248.3900 -426.4100 23 201 86.1900 -451.4900 25 263 114.7000 -443.4700 27 270 34.7100 -541.3600
8.0797362617e-001 -5.4930234984e-001 2.9519935002e+000
208 57 59
3 21 213 220.2800 -387.6400 24 615 119.9500 -438.6300 23 515 128.7100 -452.0400
8.1283075779e-001 -5.5269156496e-001 2.9635077939e+000
196 65 51
11 21 221 247.9100 -398.0200 24 634 154.8400 -452.8500 25 624 200.9100 -465.8800 26 977 150.2500 -535.0800 27 1101 139.0400 -578.3900 28 1077 133.7000 -604.4100 30 1087 26.8600 -626.1500 32 1136 -58.8900 -500.8101 34 1049 -95.6700 -499.0900 35 1101 -128.1100 -498.8400 37 717 -68.5000 -501.2000
8.1168243961e-001 -5.5606671932e-001 2.9608358990e+000
202 66 51
2 21 227 239.9200 -415.1100 24 637 145.3600 -469.5200
8.1163970033e-001 -5.5629298884e-001 2.9609833838e+000
202 66 51
3 21 226 239.9200 -415.1100 24 636 145.3600 -469.5200 26 694 137.9400 -551.6400
8.0469478568e-001 -5.8775796702e-001 2.9774139889e+000
172 130 72
10 21 296 227.2800 -553.5500 24 680 135.2200 -610.9200 27 884 117.6300 -741.5200 28 849 105.4100 -766.2900 29 798 44.4600 -775.7300 30 822 7.8500 -784.3000 31 735 -9.5900 -740.6600 32 858 -71.4000 -653.7300 34 801 -103.9900 -648.3300 35 833 -131.8800 -645.3300
