# Bundle file v0.3
36 19952
1156.123261 0.0 0.0
0.564286 -0.637911 -0.524072
0.441045 -0.303688 0.844543
-0.697898 -0.707703 0.109981
-6.358875 9.885415 -10.609560
1147.258133 0.0 0.0
0.587457 -0.639556 -0.495846
0.439674 -0.262158 0.859046
-0.679398 -0.722663 0.127190
-5.741950 9.596395 -9.478382
1157.539636 0.0 0.0
0.614236 -0.646368 -0.452684
0.462672 -0.169725 0.870131
-0.639257 -0.743910 0.194805
-4.564025 10.097111 -8.248108
1163.671033 0.0 0.0
0.632563 -0.652212 -0.417712
0.472284 -0.102631 0.875451
-0.613850 -0.751057 0.243108
-4.185948 10.655395 -8.121711
1165.629871 0.0 0.0
0.662868 -0.649465 -0.372561
0.486870 -0.004138 0.873464
-0.568826 -0.760380 0.313462
-4.148023 9.979023 -8.314019
1164.127553 0.0 0.0
0.684560 -0.642598 -0.344161
0.487061 0.051938 0.871822
-0.542356 -0.764441 0.348539
-3.755683 10.259626 -7.844015
1163.547178 0.0 0.0
0.709630 -0.635230 -0.304809
0.481064 0.120748 0.868331
-0.514785 -0.762826 0.391272
-3.289712 10.023748 -6.916402
1164.365246 0.0 0.0
0.732871 -0.624748 -0.269423
0.482200 0.197586 0.853488
-0.479981 -0.755413 0.446059
-2.745086 9.904424 -6.312590
1174.646193 0.0 0.0
0.753857 -0.611570 -0.240172
0.480660 0.264105 0.836191
-0.447958 -0.745809 0.493054
-2.337983 9.533948 -6.008592
1170.590498 0.0 0.0
0.773068 -0.600075 -0.205611
0.475485 0.333649 0.813998
-0.419858 -0.727040 0.543260
-2.403615 9.145404 -5.879754
1152.962716 0.0 0.0
0.803986 -0.567301 -0.178260
0.463493 0.410038 0.785521
-0.372533 -0.714170 0.592604
-2.024359 9.021333 -5.481513
1155.355493 0.0 0.0
0.828580 -0.541263 -0.143144
0.445233 0.482008 0.754610
-0.339446 -0.688987 0.640370
-1.373748 8.695651 -4.438689
1160.611883 0.0 0.0
0.843275 -0.522147 -0.127471
0.436150 0.526171 0.730011
-0.314102 -0.671197 0.671442
-1.071132 8.241792 -4.295543
1149.969789 0.0 0.0
0.861709 -0.497231 -0.101088
0.417838 0.582348 0.697339
-0.287871 -0.643142 0.709577
-0.909913 7.703626 -3.861113
1156.975867 0.0 0.0
0.882969 -0.464957 -0.064661
0.394004 0.659147 0.640536
-0.255201 -0.591050 0.765201
-0.413185 7.530379 -3.088457
1160.545618 0.0 0.0
0.896441 -0.440505 -0.048459
0.376713 0.699864 0.606858
-0.233409 -0.562268 0.793331
0.015280 6.612530 -2.645272
1157.308218 0.0 0.0
0.918419 -0.394837 -0.024689
0.341407 0.759515 0.553695
-0.199868 -0.516953 0.832353
0.162002 5.772920 -2.509454
1152.718474 0.0 0.0
0.931406 -0.363569 -0.017348
0.331207 0.826807 0.454635
-0.150948 -0.429195 0.890509
0.468261 5.211912 -2.113442
1159.123169 0.0 0.0
0.945872 -0.324466 -0.006894
0.300459 0.867464 0.396523
-0.122678 -0.377131 0.917999
0.628530 4.637886 -1.803928
1145.964486 0.0 0.0
0.959396 -0.282026 0.004506
0.263171 0.900776 0.345462
-0.101488 -0.330249 0.938422
0.382199 3.623606 -1.772758
1155.058120 0.0 0.0
0.970103 -0.242651 0.004628
0.231120 0.929486 0.287472
-0.074057 -0.277807 0.957778
0.753013 3.342443 -1.391616
1141.368189 0.0 0.0
0.979335 -0.201166 0.020862
0.191023 0.953946 0.231295
-0.066429 -0.222531 0.972660
0.601235 2.566068 -1.359232
1144.491338 0.0 0.0
0.986131 -0.165349 0.014356
0.160180 0.970803 0.178562
-0.043462 -0.173786 0.983824
0.485210 1.900767 -2.024740
1147.425219 0.0 0.0
0.991848 -0.127084 0.009375
0.124761 0.983426 0.131560
-0.025939 -0.129318 0.991264
0.419829 1.525425 -1.651387
1148.775977 0.0 0.0
0.995945 -0.089868 -0.004172
0.089818 0.990614 0.103034
-0.005126 -0.102991 0.994669
0.424040 1.037320 -1.189513
1149.564548 0.0 0.0
0.999232 -0.038955 -0.004336
0.039026 0.999083 0.017610
0.003646 -0.017766 0.999836
0.259795 0.179740 -1.608640
1146.488730 0.0 0.0
0.999942 -0.009801 -0.004436
0.009765 0.999920 -0.008065
0.004515 0.008021 0.999958
0.080874 -0.133628 -1.524290
1151.808779 0.0 0.0
0.999178 0.035738 -0.019152
-0.036786 0.997666 -0.057525
0.017051 0.058182 0.998160
-0.052813 -0.432251 -1.269360
1158.248193 0.0 0.0
0.997104 0.072548 -0.022818
-0.074709 0.990505 -0.115404
0.014229 0.116774 0.993057
-0.052674 -1.049947 -1.204978
1138.227627 0.0 0.0
0.993123 0.113949 -0.026873
-0.117073 0.967834 -0.222693
0.000633 0.224308 0.974518
-0.371029 -2.475875 -0.908418
1137.037866 0.0 0.0
0.986445 0.159861 -0.037015
-0.163796 0.945773 -0.280509
-0.009835 0.282770 0.959137
-0.382399 -2.870300 -1.225613
1143.990875 0.0 0.0
0.980226 0.195672 -0.029485
-0.194578 0.925993 -0.323538
-0.036004 0.322877 0.945756
-0.647156 -3.725993 -1.506825
1154.192973 0.0 0.0
0.971247 0.235454 -0.035233
-0.230139 0.890641 -0.392166
-0.060957 0.388999 0.919219
-0.734604 -4.439598 -1.897015
1144.779075 0.0 0.0
0.966353 0.253471 -0.043746
-0.245678 0.859178 -0.448838
-0.076182 0.444483 0.892542
-0.697421 -5.178373 -1.836876
1154.927055 0.0 0.0
0.952182 0.299919 -0.058293
-0.282729 0.792613 -0.540211
-0.115816 0.530861 0.839508
-0.959162 -6.339813 -2.091788
1157.543281 0.0 0.0
0.942273 0.326550 -0.074068
-0.302658 0.735971 -0.605595
-0.143245 0.593053 0.792319
-1.125658 -7.578639 -2.824032
4.892902 -2.527296 -11.617451
148 134 118
24 26 1194 445.66 -222.41 28 1208 440.80 -232.30 25 1090 466.56 -208.15 22 1964 487.11 -162.01 23 1119 489.94 -167.85 24 1179 515.76 -206.18 29 1133 405.07 -261.35 19 1954 539.21 -130.09 20 1998 579.80 -116.26 21 1808 526.81 -148.67 18 1493 594.73 -66.36 16 1595 585.25 -89.40 14 1776 579.50 34.86 15 1703 612.45 -36.47 12 1632 573.56 55.40 10 1555 508.87 105.89 9 1279 501.60 111.77 7 1386 545.87 181.65 8 1269 558.18 148.02 6 1102 517.32 192.87 5 152 484.70 220.43 3 820 528.15 297.62 0 147 352.56 258.31 2 853 529.21 265.32
4.966538 -2.485643 -11.465641
111 95 91
30 26 2209 457.28 -221.34 28 2308 453.08 -233.90 25 2119 478.40 -206.45 27 2335 458.54 -222.37 22 1967 497.85 -156.73 23 2314 501.91 -163.80 24 2409 529.56 -203.81 29 2151 416.79 -264.47 19 2753 550.21 -121.00 20 2786 592.41 -107.97 21 2475 538.02 -141.63 30 1913 401.31 -248.49 17 2482 600.57 -39.90 18 2291 605.02 -55.41 16 2342 594.23 -76.00 13 2533 566.37 33.10 14 2665 586.89 50.73 15 2514 620.89 -21.45 11 2579 567.84 105.35 12 2516 578.21 72.24 10 2505 511.14 122.51 9 2042 501.99 127.79 7 2075 544.68 198.89 8 2020 557.60 164.89 6 1730 514.49 208.86 4 1646 459.69 217.91 5 1592 481.37 236.16 3 1459 522.38 312.62 0 1111 345.67 269.24 2 1544 521.82 280.22
4.922070 -2.465364 -11.565068
101 88 81
26 26 2206 450.00 -217.44 28 2295 445.89 -228.04 25 2117 471.01 -202.96 27 2331 450.85 -216.98 22 1963 489.89 -155.54 23 2310 493.40 -161.57 24 3217 520.15 -200.20 19 2752 541.03 -122.43 20 2785 582.44 -108.62 17 2486 591.66 -43.81 18 2328 595.82 -58.30 16 2341 585.18 -80.92 13 2532 558.88 24.91 14 2668 578.28 43.19 15 2536 611.71 -27.71 11 2618 560.94 95.52 12 2564 571.04 63.22 10 2508 505.97 112.90 9 2046 498.21 118.46 7 2078 541.40 187.89 8 2023 554.13 154.57 6 1732 512.91 199.18 4 985 459.29 209.11 5 992 480.66 227.34 3 1461 522.33 302.10 0 1174 347.04 261.08
4.936672 -2.562202 -11.515219
110 93 77
27 26 2211 452.84 -227.39 28 3086 447.47 -238.56 25 2894 473.83 -212.52 22 2734 494.71 -164.02 23 3134 498.37 -171.01 24 3218 525.12 -210.51 19 2755 548.64 -129.81 20 2788 590.25 -116.80 21 2477 535.30 -149.96 30 1940 395.16 -251.29 17 2487 600.65 -49.26 18 2329 604.27 -64.75 16 2344 594.95 -85.56 13 2538 569.41 24.29 14 2669 589.30 41.55 15 2540 622.60 -31.07 11 2622 571.64 96.96 12 2567 582.01 63.83 10 2512 515.41 115.03 9 2044 507.06 120.88 7 2079 551.12 193.05 8 2026 563.62 158.37 6 1733 521.15 203.70 5 1593 487.58 231.37 3 1462 529.98 308.94 0 1890 352.43 266.84 2 2139 530.03 277.25
4.796349 -2.882835 -11.692024
103 91 80
27 26 2247 434.98 -251.89 28 2351 426.48 -259.94 25 2169 457.00 -238.34 27 2369 433.52 -250.93 22 2021 483.15 -194.27 23 2387 484.23 -200.74 24 2456 508.92 -240.07 29 2179 388.89 -285.46 19 2020 541.95 -165.85 20 2102 580.77 -152.72 30 1939 373.44 -266.50 17 1711 599.22 -87.42 16 2418 596.71 -125.11 13 1725 580.38 -12.97 14 2750 596.99 2.85 15 2596 628.48 -70.92 11 2664 587.39 62.28 12 1675 595.69 27.84 10 1611 532.50 83.64 9 2081 526.96 91.82 7 2092 576.43 168.08 8 2054 587.20 130.69 4 1684 493.44 198.62 5 1623 514.49 214.46 3 2044 561.95 298.60 0 1893 379.47 265.32 2 1548 563.80 268.16
4.775805 -2.840022 -11.741535
121 105 98
29 26 2196 431.47 -246.85 28 2347 423.39 -254.29 25 2165 453.12 -233.53 27 2320 430.17 -245.60 22 2009 478.36 -190.60 23 2371 479.83 -196.63 24 3240 504.35 -235.30 29 2934 386.41 -279.28 19 2795 536.42 -163.43 20 2825 574.83 -149.75 21 1847 518.95 -180.37 17 2540 592.92 -86.36 18 2371 593.61 -100.95 16 2416 590.38 -124.56 13 2568 574.75 -14.58 14 2747 590.73 1.67 15 2590 621.51 -71.47 11 2663 581.59 59.32 12 2608 589.92 25.55 10 2563 527.62 80.81 9 2643 522.55 88.45 7 2128 571.87 163.09 8 2055 582.49 126.64 6 2268 543.70 177.31 4 2185 490.14 193.25 5 2104 510.60 209.13 3 2059 558.71 291.82 0 1928 377.89 258.71 2 2171 561.00 261.53
4.650341 -2.914420 -11.941421
222 130 65
26 26 3598 412.67 -249.43 28 3115 405.48 -253.94 25 2911 435.39 -237.34 27 3703 411.21 -246.62 22 2763 462.20 -199.34 23 2372 463.73 -204.11 19 2796 520.91 -176.88 20 2855 558.05 -162.37 17 2571 579.00 -103.50 18 2374 578.13 -117.28 16 2928 576.79 -144.55 13 1773 567.49 -37.01 14 2753 580.89 -20.10 15 2642 610.72 -92.84 11 2699 576.32 35.52 12 1733 584.24 2.61 10 2615 524.08 57.65 9 2117 520.56 64.16 7 2132 573.60 138.64 8 2098 582.42 101.74 6 293 548.13 154.38 5 1641 516.01 186.50 3 1490 568.34 270.96 0 1937 390.00 242.11 2 1572 572.21 240.80 1 652 457.74 205.88
4.582977 -3.041606 -12.025743
210 139 67
24 26 2233 405.87 -258.75 28 2333 395.86 -261.54 25 2151 428.00 -247.12 27 2357 403.56 -255.61 22 2012 456.64 -211.31 23 1178 456.42 -216.33 24 2499 479.13 -253.64 19 2047 516.98 -191.54 20 2098 552.91 -177.09 17 2569 576.86 -119.38 18 2403 575.08 -132.53 16 2453 577.21 -160.54 13 1774 570.23 -53.15 15 2646 611.41 -110.20 11 2702 581.38 19.69 12 1737 587.98 -13.69 10 1654 530.45 43.55 9 2124 527.32 50.65 7 2169 583.46 126.56 8 2102 591.03 88.67 6 1799 557.70 142.54 3 1497 580.97 264.02 0 1941 400.71 239.48 2 1578 585.77 234.42
4.204717 -3.763981 -12.507832
138 128 119
24 26 2277 361.45 -309.92 28 2372 345.04 -304.58 25 2249 385.19 -301.08 27 2399 355.22 -303.09 22 2096 424.48 -276.75 23 2463 419.29 -278.99 24 2590 437.14 -314.69 19 2891 495.22 -272.35 20 2949 524.52 -256.53 21 2579 464.57 -276.94 17 2655 566.27 -207.99 16 2538 573.93 -253.79 13 2702 588.66 -146.23 14 2886 592.62 -132.09 15 2725 616.40 -206.71 11 2813 611.72 -70.66 12 2754 613.11 -105.17 10 2726 565.26 -39.35 9 2753 571.19 -29.02 6 2363 621.26 77.03 4 2253 574.13 111.65 5 2186 591.06 121.57 0 1984 472.20 220.56 1 972 551.82 173.57
4.856558 -2.856417 -11.569127
193 123 61
30 26 3006 444.07 -252.05 28 3715 435.58 -261.86 25 2924 466.48 -238.08 27 3725 442.88 -251.97 22 2771 492.30 -191.32 23 3165 493.20 -198.40 29 3583 397.49 -289.07 19 3376 551.58 -159.22 20 3375 590.90 -146.51 30 3204 381.29 -271.04 17 3067 608.18 -78.26 18 2961 609.80 -94.30 32 2864 308.96 -296.14 16 2898 605.23 -114.60 33 2827 316.22 -303.19 14 3333 603.22 14.58 34 2837 291.24 -312.21 11 3301 590.74 75.28 12 3236 599.97 41.01 10 3216 534.87 97.08 9 2626 528.86 106.80 7 2648 576.09 181.74 8 2578 587.89 145.32 6 2271 546.89 196.37 4 2166 490.99 212.10 5 2107 512.72 228.18 3 2040 558.18 310.59 0 2508 374.86 274.59 2 2142 558.88 279.92 1 919 444.19 240.64
4.856586 -2.856163 -11.569361
193 123 61
28 26 3005 444.07 -252.05 28 3716 435.58 -261.86 25 2925 466.48 -238.08 22 2772 492.30 -191.32 23 3166 493.20 -198.40 29 3584 397.49 -289.07 19 3377 551.58 -159.22 20 3374 590.90 -146.51 21 2964 534.95 -178.63 30 3205 381.29 -271.04 17 3066 608.18 -78.26 18 2960 609.80 -94.30 32 2865 308.96 -296.14 16 2897 605.23 -114.60 14 3332 603.22 14.58 11 3302 590.74 75.28 12 3237 599.97 41.01 10 3217 534.87 97.08 9 2627 528.86 106.80 7 2647 576.09 181.74 8 2577 587.89 145.32 6 2272 546.89 196.37 4 2165 490.99 212.10 5 2108 512.72 228.18 3 2041 558.18 310.59 0 2509 374.86 274.59 2 2141 558.88 279.92 1 918 444.19 240.64
4.767028 -2.900725 -11.745764
207 199 188
31 26 2244 430.69 -252.45 28 3120 421.85 -259.96 25 2166 453.01 -239.38 27 2365 429.33 -251.42 22 2010 479.61 -196.15 23 2374 480.57 -202.08 24 2458 505.22 -241.32 29 2963 383.50 -284.91 20 2856 576.78 -155.31 30 2669 367.29 -265.53 17 2573 595.36 -91.09 18 2375 596.16 -105.90 31 2036 317.97 -296.86 32 2113 296.16 -288.47 16 2419 593.64 -129.10 33 2091 303.46 -294.05 13 2571 577.94 -17.95 14 2752 594.30 -2.09 15 2597 625.60 -75.74 34 2091 278.93 -300.56 11 2666 585.76 56.56 12 2611 593.81 22.62 10 2566 531.49 78.44 9 2083 526.90 85.98 7 2133 577.01 161.91 8 2057 587.22 124.75 6 2273 549.67 175.87 4 2187 496.28 192.07 5 2109 516.83 207.64 3 2063 565.39 292.22 0 2536 384.14 260.18
4.524147 -3.302473 -12.060525
224 217 199
25 26 3600 399.99 -280.50 28 3741 387.20 -282.08 25 3582 422.83 -269.22 22 3385 455.73 -234.24 29 3577 348.57 -300.97 19 3839 520.86 -216.80 20 3845 555.04 -202.60 21 3007 496.55 -228.46 17 3518 584.85 -144.45 18 3390 581.46 -158.13 16 3378 587.77 -185.48 13 3583 585.77 -74.09 15 3634 624.91 -134.39 12 3693 605.11 -32.82 10 3662 548.81 28.31 9 3098 548.70 37.76 7 3085 607.07 117.31 8 3049 614.26 77.50 6 2694 582.49 136.37 4 2675 531.01 160.80 5 2530 550.25 173.85 3 2484 608.06 266.49 0 2545 421.56 246.07 2 2635 613.64 238.47 1 1260 495.53 206.27
5.123227 -2.058523 -11.279890
229 216 189
33 26 4402 477.79 -185.77 28 4536 478.45 -201.23 25 4339 497.75 -169.59 27 4500 481.57 -187.43 22 4118 509.57 -115.74 23 4572 515.96 -122.69 24 4663 545.82 -161.96 29 4386 444.60 -236.91 19 4076 553.71 -74.61 20 4091 599.00 -61.01 21 3744 548.22 -97.29 30 3983 430.61 -224.72 17 3806 597.52 7.38 18 3635 605.33 -7.63 31 3714 380.78 -262.70 32 3844 359.86 -262.25 16 3582 586.43 -28.41 33 3817 369.39 -273.93 13 3791 548.05 74.99 14 4070 572.19 95.42 15 3849 608.28 25.82 34 3823 346.85 -291.76 12 3928 556.72 111.70 10 3912 487.02 156.00 9 3350 475.77 159.93 7 3355 511.55 224.06 6 2958 480.91 231.43 4 2976 426.60 235.29 5 2832 448.19 254.76 3 2788 483.00 321.88 0 2975 312.47 270.33 2 2961 480.73 287.68 1 1226 374.30 242.01
5.167443 -1.539479 -11.361436
192 81 57
34 26 4021 478.29 -137.62 28 4140 485.41 -152.65 25 3984 496.54 -121.78 27 4128 485.54 -138.51 22 3740 498.55 -70.29 23 4173 507.84 -75.56 24 4270 539.58 -112.34 29 3971 455.90 -189.99 19 3713 532.61 -31.05 20 4074 580.04 -15.03 21 3323 533.76 -50.68 30 3600 444.80 -180.17 17 3401 568.87 45.58 18 3276 579.60 33.64 31 3690 396.45 -220.65 32 3820 377.89 -222.33 16 3570 554.39 7.13 33 3790 389.46 -235.78 13 3479 510.35 97.20 14 4055 535.45 121.78 15 3836 571.75 57.30 11 3723 504.00 157.72 12 3591 517.50 129.91 10 3591 448.88 165.79 9 3014 435.85 165.26 7 3021 468.86 221.56 8 2991 483.65 195.28 6 2640 439.35 224.52 4 2636 388.16 222.29 5 2486 409.12 244.17 3 2452 441.70 302.15 0 3002 282.24 245.82 2 2960 439.12 264.97 1 1252 339.34 218.31
4.840152 -2.525966 -11.734895
216 135 59
33 26 3580 436.69 -219.83 28 4176 432.12 -228.16 25 3532 457.58 -206.01 27 4180 437.34 -218.50 22 3348 477.58 -162.65 23 3782 480.62 -168.20 29 4012 396.74 -255.01 19 3779 529.70 -134.14 20 3781 570.05 -119.85 21 2947 516.53 -150.65 30 3634 382.58 -237.92 17 3478 581.56 -58.39 18 3344 584.63 -71.91 31 3712 334.09 -271.05 32 3381 313.57 -265.49 16 3325 576.10 -96.84 33 3363 322.04 -272.46 13 3535 554.60 6.66 14 3776 572.19 25.27 15 3567 604.38 -45.33 11 3761 558.68 76.67 12 3635 568.02 44.69 10 3215 505.59 94.90 9 3060 498.42 100.07 7 3048 544.61 169.63 8 3014 555.27 135.58 6 2669 516.08 180.43 4 2653 464.67 192.05 5 2506 484.57 209.39 3 2480 530.28 286.01 0 3006 356.12 247.84 2 2632 531.52 253.47 1 1255 422.22 214.46
4.415412 -3.641645 -12.156092
185 96 52
29 26 4100 388.44 -307.64 28 4210 372.46 -306.92 25 4061 412.08 -296.83 27 4219 382.69 -303.14 22 3864 450.71 -265.25 23 4290 446.88 -269.49 29 4052 332.10 -321.90 19 3855 521.84 -251.99 20 4168 553.51 -237.63 21 3489 492.71 -261.69 30 3664 315.07 -297.09 17 3865 590.98 -179.97 18 3718 584.93 -193.79 31 3748 266.90 -322.45 32 3858 244.64 -308.55 16 3664 596.91 -221.85 33 3830 250.10 -309.03 13 3867 603.24 -106.49 14 4144 611.21 -93.84 34 3396 224.37 -307.18 11 4138 621.87 -27.49 12 4006 625.41 -63.35 10 3974 571.14 2.69 9 3410 573.73 14.21 6 3030 613.84 120.81 4 3029 561.98 150.98 5 2887 580.91 162.30 0 3016 451.59 250.53 1 1593 529.39 207.53
4.725045 -2.508576 -11.966124
209 121 48
34 26 4048 419.42 -214.73 28 4175 414.89 -219.85 25 4006 440.07 -202.32 27 4164 420.57 -212.22 22 3804 459.88 -163.88 23 4233 462.37 -167.96 24 4330 487.65 -204.14 29 3991 380.63 -244.00 19 3778 510.33 -140.40 20 3797 549.27 -124.63 21 3423 496.79 -153.29 30 3633 367.92 -226.45 17 3477 562.17 -69.10 18 3343 564.40 -81.12 31 3709 320.79 -258.10 32 3839 300.85 -250.68 16 3326 557.65 -109.93 33 3814 309.28 -256.48 13 3534 539.50 -12.18 14 3793 555.15 7.37 15 3592 586.27 -61.26 11 3779 545.42 54.32 12 3656 554.09 23.96 10 3628 494.61 72.75 9 3062 489.31 76.53 7 3066 537.87 144.02 8 3023 547.55 110.58 6 3004 512.26 154.85 4 2657 463.66 167.61 5 2528 482.45 184.39 3 2497 531.56 261.12 0 3037 361.46 227.07 2 2993 534.67 228.45 1 1607 426.57 190.56
4.433739 -3.130872 -12.259526
216 153 48
31 26 3597 386.04 -261.88 28 4186 375.81 -261.86 25 4035 408.62 -252.00 27 4198 383.29 -256.82 22 3831 438.00 -220.66 23 3831 436.57 -223.72 24 4355 457.69 -259.37 29 4011 338.63 -278.51 19 3817 499.24 -207.27 20 3840 532.54 -191.34 21 3441 476.62 -215.81 30 3196 324.31 -256.59 17 3514 560.73 -139.82 18 3685 557.71 -151.41 16 3363 562.63 -183.13 13 3579 561.11 -79.66 14 3829 571.04 -62.92 15 3629 597.38 -135.06 11 3819 575.16 -8.55 12 3694 580.26 -41.17 10 3659 526.75 16.05 9 3408 527.52 23.00 7 3098 586.18 97.69 8 3372 591.85 59.51 6 3024 562.98 114.49 4 2678 515.16 137.21 5 2883 533.60 151.74 3 2820 592.99 239.22 0 3040 414.08 221.18 2 2652 599.78 210.11 1 1610 485.34 178.81
5.383025 -1.539724 -10.932415
135 70 51
35 26 4644 514.75 -142.14 28 4825 522.25 -163.71 25 4595 533.42 -123.92 27 4758 522.67 -146.17 22 4365 534.54 -62.29 23 4800 545.09 -69.74 24 4874 579.26 -109.52 29 4679 491.40 -207.70 19 4319 568.79 -11.98 20 4327 619.35 2.08 21 3961 572.51 -38.46 30 4255 478.23 -200.64 17 4015 603.75 72.74 18 4078 616.88 57.85 31 4377 427.50 -243.85 32 4507 406.69 -248.72 16 3836 586.96 38.05 33 4499 418.04 -264.96 13 4011 534.33 136.06 14 4310 563.44 159.73 15 4106 602.64 92.93 34 4431 396.31 -290.71 11 4283 523.38 200.31 12 4150 538.94 170.90 10 4127 464.15 207.64 9 3584 448.61 208.53 7 3598 476.38 266.95 8 3555 494.29 240.31 6 3213 444.07 269.67 4 3249 388.22 264.42 5 3106 411.23 287.28 3 3013 437.54 345.45 0 3384 272.67 281.75 2 3211 432.38 308.41 1 1848 330.64 257.97
5.175852 -2.145689 -11.150053
177 81 53
34 26 4405 487.29 -195.03 28 4538 486.99 -212.50 25 4342 507.83 -178.46 27 4502 490.64 -197.61 22 4135 520.81 -121.23 23 4575 527.33 -129.31 24 4666 557.26 -169.64 29 4407 452.07 -249.68 19 4336 567.33 -77.34 20 4342 613.13 -64.63 21 3746 561.03 -102.30 30 3985 436.96 -238.04 17 4046 611.87 8.18 18 3896 620.04 -8.47 31 4086 386.33 -276.65 32 4205 364.26 -276.38 16 3859 601.08 -26.26 33 4198 373.63 -288.43 13 4023 561.70 81.60 14 4335 586.75 101.00 15 4130 623.41 30.16 34 4142 349.62 -306.86 11 4298 557.43 152.42 12 4164 570.51 120.11 10 4142 498.52 165.95 9 3598 486.61 170.79 7 3606 521.75 237.80 8 3562 537.74 206.50 6 3224 490.01 245.66 4 3257 433.46 248.89 5 3107 456.20 269.07 3 3014 489.36 338.52 0 3385 315.17 285.18 2 3212 485.86 303.70
4.886277 -2.265673 -11.743986
229 156 63
34 26 4401 440.16 -197.02 28 4535 438.60 -205.37 25 4337 460.26 -182.93 27 4777 442.47 -195.36 22 4385 475.46 -139.42 23 4811 479.87 -144.69 24 4889 506.93 -181.28 29 4385 405.41 -232.82 19 4351 522.15 -109.93 20 4358 563.74 -94.86 21 3985 512.58 -126.61 30 3980 392.36 -217.58 17 4058 570.01 -35.81 18 3906 574.62 -48.28 31 4083 344.54 -252.26 32 4185 324.59 -248.33 16 3874 562.86 -75.63 33 4180 333.93 -256.69 13 4040 537.34 22.04 14 4348 555.64 43.13 15 4159 588.30 -25.61 11 4315 539.60 88.71 12 4186 549.71 58.02 10 4155 486.18 104.60 9 3616 479.47 107.45 7 3629 522.71 172.66 8 3583 534.08 141.07 6 3244 495.19 181.91 4 3275 445.38 190.52 5 3125 465.08 208.76 3 3034 508.54 280.46 0 3400 339.15 239.27 2 3234 508.92 246.54 1 1860 403.08 206.52
4.886452 -2.602265 -11.613826
227 202 148
28 26 4058 445.19 -229.07 28 4557 439.87 -239.13 25 4358 466.89 -214.95 27 4518 445.71 -228.73 22 4149 488.20 -168.31 23 4589 491.04 -174.60 24 4683 517.17 -213.52 29 4014 403.28 -267.30 19 4100 542.10 -136.58 20 4128 582.65 -123.14 21 3770 528.42 -155.36 30 3649 388.15 -250.54 17 3824 594.68 -57.76 31 3738 338.84 -283.79 32 3841 317.40 -277.92 16 3603 589.88 -95.01 33 3834 325.74 -285.93 13 3815 565.44 12.44 14 4097 584.36 29.99 34 3820 301.99 -296.32 11 4078 569.19 84.33 10 3936 514.00 102.85 7 3363 552.42 180.49 8 3585 564.12 146.32 4 2995 470.23 204.63 5 2849 490.93 221.56 3 2789 535.40 300.22 0 3401 358.33 261.51
4.610573 -2.818156 -12.044096
241 191 83
32 26 4679 407.69 -239.34 28 4852 400.98 -243.12 25 4630 428.64 -227.11 27 4800 407.36 -236.49 22 4409 453.27 -191.19 23 4832 453.39 -194.97 29 4405 365.98 -265.71 19 4568 509.03 -171.23 20 4558 545.67 -155.79 21 3994 491.07 -183.09 30 3979 351.36 -245.38 17 4280 565.33 -100.91 18 4112 564.94 -112.95 31 4081 303.77 -275.12 32 4198 283.85 -266.53 16 4064 563.08 -142.61 33 4178 291.53 -270.89 13 4257 552.89 -40.69 14 4561 566.50 -22.66 15 4358 595.47 -93.36 11 4511 562.61 29.08 12 4381 569.73 -2.87 10 4174 512.56 50.58 9 3643 509.25 55.81 8 3803 570.09 91.31 6 3257 537.99 142.71 4 3293 489.45 161.44 5 3143 508.32 177.15 3 3046 561.14 259.31 0 3404 385.47 231.00 2 3252 565.47 228.10 1 1876 453.94 193.89
4.995747 -2.585538 -11.366055
151 77 49
33 26 4419 463.42 -231.65 28 4558 458.06 -244.83 25 4371 485.02 -216.51 27 4521 463.68 -233.09 22 4151 506.19 -165.10 23 4590 509.42 -172.89 24 4685 536.61 -213.19 29 4713 421.47 -276.38 19 4103 560.60 -128.00 20 4108 602.83 -115.81 21 3760 547.66 -150.37 30 4284 405.54 -260.74 17 3817 612.75 -44.55 18 3656 616.81 -60.76 32 4515 333.86 -290.65 16 3876 607.17 -78.85 33 4510 341.34 -300.38 13 4041 579.02 34.92 14 4350 600.07 51.17 15 3869 633.45 -23.28 34 4433 317.51 -313.07 11 4310 579.82 109.54 12 4178 590.84 75.46 9 3618 513.37 135.58 7 3615 555.25 208.74 8 3569 569.08 173.80 6 3233 524.28 220.63 4 3267 467.60 230.61 5 3116 489.70 248.60 3 3235 529.28 326.39 0 3659 348.48 282.68 2 3222 528.40 293.84 1 1850 415.30 251.54
4.627884 -3.342033 -11.855854
168 68 49
31 26 4717 415.50 -288.48 28 4886 402.28 -292.91 25 4647 438.93 -276.26 27 4832 411.31 -286.10 22 4426 472.69 -236.80 23 4846 470.84 -242.73 24 4942 492.83 -281.99 29 4736 362.29 -313.81 19 4381 539.28 -214.56 20 4394 574.64 -201.60 21 4012 515.14 -229.63 30 4297 345.40 -291.92 17 4089 603.90 -137.69 18 3940 601.24 -152.87 31 4405 296.05 -320.58 32 4220 273.38 -309.38 16 3914 606.54 -176.27 33 4195 279.42 -312.59 13 4070 601.62 -58.88 14 4386 613.88 -46.04 11 4343 613.73 19.27 12 4214 619.79 -16.36 10 4176 560.68 47.28 9 3644 559.37 58.19 6 3458 588.81 160.15 4 3280 534.41 183.68 5 3361 554.78 197.24 3 3247 608.79 290.79 0 3662 418.65 267.49 2 3455 612.59 262.39 1 2092 492.96 229.55
0.868116 -1.512202 -9.806324
198 187 166
31 26 4873 102.20 -158.31 28 5075 96.66 -155.68 25 4810 124.25 -149.03 27 5001 98.44 -146.72 22 4599 145.66 -118.24 23 5010 141.69 -117.78 24 5102 156.51 -149.18 29 4668 61.78 -197.23 19 4709 173.51 -98.04 20 4701 212.40 -75.93 21 4317 166.95 -105.66 30 4236 61.53 -175.03 17 4425 223.08 -23.77 18 4275 225.06 -33.89 16 4186 207.05 -58.62 13 4233 180.41 40.29 14 4715 197.23 69.88 15 4477 229.74 -7.52 11 4482 182.23 111.80 12 4510 195.08 76.79 10 4350 140.46 121.29 9 3818 133.70 120.83 7 3806 173.88 195.09 8 3777 186.82 158.57 6 3434 148.30 203.58 4 3474 115.97 200.67 5 3342 130.86 227.01 3 3230 172.03 310.48 0 3668 24.53 250.56 2 3438 167.75 267.98 1 2085 65.97 217.35
0.770930 -1.744612 -10.026615
213 197 171
31 26 4872 90.93 -178.45 28 5074 83.13 -172.45 25 4829 113.14 -170.39 27 5015 86.11 -165.60 22 4614 138.03 -144.44 23 5025 132.75 -143.15 24 5113 146.32 -174.13 29 4925 47.71 -209.41 19 4720 169.73 -130.23 20 4714 206.63 -107.61 21 4328 159.75 -134.95 30 4460 46.64 -184.39 17 4440 222.74 -58.87 18 4281 222.37 -68.43 16 4195 208.74 -95.76 13 4248 187.24 2.01 14 4721 202.23 31.47 15 4483 233.30 -46.73 11 4492 191.59 73.23 12 4371 203.44 38.77 10 4362 151.18 85.81 9 3826 146.60 85.86 7 3820 190.89 162.24 8 3786 202.32 124.40 6 3441 166.72 173.48 4 3487 135.91 176.69 5 3343 149.84 201.62 3 3240 196.32 291.16 0 3670 46.23 240.23 2 3633 193.51 250.77 1 2086 89.76 204.43
4.580215 -2.949719 -12.065911
218 119 62
34 26 4697 404.74 -250.18 28 4866 396.12 -253.35 25 4634 426.48 -238.55 27 4801 402.91 -246.74 22 4412 453.18 -202.98 23 4833 452.90 -207.03 24 4912 476.02 -243.96 29 4711 360.04 -274.63 19 4379 510.84 -184.04 20 4559 546.72 -168.96 21 4200 491.44 -195.58 30 4281 345.29 -253.75 17 4281 569.44 -113.36 18 4120 568.25 -125.87 31 4398 297.69 -282.72 32 4502 277.33 -273.22 16 4072 568.71 -154.94 33 4495 284.50 -276.99 13 4258 560.71 -51.16 14 4564 572.89 -34.22 15 4359 601.81 -105.67 11 4512 572.19 20.21 12 4382 578.37 -12.53 10 4175 521.95 43.33 9 3843 519.97 49.99 7 3834 573.71 122.95 8 3804 581.80 86.42 6 3457 549.36 138.64 4 3503 500.35 159.17 5 3360 518.94 173.40 3 3256 573.67 259.19 0 3679 395.42 234.30 2 3467 578.43 228.84 1 2105 465.40 196.00
4.535220 -3.444027 -11.976372
230 193 113
27 26 4715 403.72 -293.54 28 5116 389.25 -296.52 22 4424 462.87 -245.91 23 4857 460.36 -250.95 24 4943 481.27 -289.38 29 4953 348.34 -315.62 19 4592 531.27 -227.56 20 4573 565.07 -213.73 21 4209 505.10 -240.44 30 4479 330.31 -293.24 17 4299 597.83 -152.85 18 4126 593.62 -167.62 31 4592 281.93 -319.88 32 4701 259.33 -307.69 16 4083 601.51 -193.16 33 4695 265.23 -309.53 13 4264 600.90 -76.89 14 4573 611.66 -63.87 11 4680 615.70 2.58 12 4387 620.85 -33.90 10 4380 563.44 30.19 9 3844 563.48 41.08 6 3609 596.70 143.94 4 3492 543.30 170.02 5 3363 563.16 182.65 0 3942 431.16 259.22 1 2094 505.63 219.02
0.119661 -1.601720 -10.328735
184 160 132
29 26 4871 26.93 -160.12 28 5061 20.62 -146.49 25 4826 48.60 -154.89 27 5000 22.50 -143.19 22 4611 71.16 -142.48 23 5204 64.60 -137.12 24 5303 76.23 -163.48 19 4717 95.85 -142.52 20 4711 129.94 -116.45 21 4327 86.47 -137.56 17 4439 145.87 -84.00 18 4287 144.87 -88.69 16 4199 130.59 -127.04 13 4417 115.89 -43.86 14 4724 126.55 -11.44 15 4488 154.75 -86.25 11 4668 123.19 20.62 12 4533 134.06 -10.75 10 4530 89.03 32.93 9 4021 86.22 28.77 7 3995 133.53 98.43 8 3955 142.26 62.07 6 3614 113.19 109.02 4 3509 91.50 114.71 5 3369 102.43 139.35 3 3435 153.27 225.83 0 3958 13.09 183.43 2 3652 154.02 182.90 1 2113 53.90 141.88
3.924508 -3.834968 -13.006649
134 74 46
30 26 4712 326.92 -304.06 28 4882 311.51 -292.63 25 4663 349.69 -297.30 27 4828 321.08 -294.43 22 4461 388.23 -283.86 23 4874 382.34 -283.44 24 4955 398.98 -316.03 29 4720 274.01 -297.78 19 4419 456.80 -291.25 20 4413 483.72 -272.63 21 4035 424.82 -288.18 30 4278 259.90 -269.57 17 4127 528.58 -237.05 18 4145 518.25 -244.70 31 4393 214.79 -289.94 32 4500 195.41 -271.62 16 4103 537.43 -288.91 33 4492 201.39 -267.74 13 4302 562.19 -193.49 14 4599 561.22 -176.86 15 4394 581.66 -248.06 11 4551 590.43 -124.13 12 4422 589.42 -155.86 10 4228 549.50 -92.46 9 3878 559.07 -85.51 6 3495 621.32 16.98 4 3538 581.56 55.26 5 3398 595.15 64.41 0 3967 493.90 174.18 1 2125 573.50 120.57
3.975816 -3.406610 -12.972678
118 68 37
27 26 4907 331.49 -270.40 28 5106 319.91 -260.44 25 4871 353.17 -262.98 27 5042 327.58 -260.94 22 4797 385.39 -247.99 23 5230 381.82 -247.22 24 5327 399.74 -278.77 19 4744 446.79 -252.19 20 4735 475.75 -232.91 21 4356 420.55 -249.76 17 4561 512.22 -198.21 18 4310 504.99 -205.13 16 4324 517.62 -249.24 13 4544 532.59 -160.81 14 4877 534.70 -141.28 15 4624 557.30 -209.52 11 4793 555.68 -96.33 12 4671 556.64 -125.93 10 4657 514.56 -69.45 9 4153 521.74 -64.89 7 4121 594.68 7.01 8 4088 593.89 -31.31 6 3745 578.73 25.90 4 3686 540.50 58.29 5 3558 554.04 69.19 0 3981 458.33 166.59 1 2124 532.70 114.21
4.968881 -2.171453 -11.606941
187 76 55
32 26 5061 452.46 -190.22 28 5253 452.21 -201.81 25 5001 472.53 -176.01 27 5193 455.52 -189.95 22 4774 485.58 -128.85 23 5208 490.88 -134.13 24 5308 519.10 -171.76 29 5085 418.31 -233.08 19 4712 530.65 -95.76 20 4710 573.73 -81.01 21 4324 522.84 -113.80 30 4608 405.14 -218.60 17 4431 576.68 -19.90 18 4279 582.54 -33.08 31 4720 356.37 -254.65 32 4829 336.23 -251.45 13 4399 537.64 40.07 14 4855 558.43 60.74 15 4598 591.84 -7.34 11 4763 538.35 106.35 12 4638 549.32 75.88 10 4511 484.35 120.33 9 4002 475.79 123.54 7 4092 517.68 188.77 8 4058 529.71 157.39 6 3722 489.79 197.56 4 3644 437.90 203.43 5 3515 458.45 222.62 3 3544 498.87 292.48 0 4101 330.09 248.05 2 3753 498.59 258.01 1 2290 392.71 216.38
4.392689 -2.940017 -12.382294
189 85 55
30 26 4416 379.51 -243.80 28 4553 371.20 -241.97 25 4369 400.89 -233.68 27 4515 377.76 -238.20 22 4160 427.22 -205.28 23 4600 426.60 -207.63 24 4695 448.26 -242.05 29 4402 335.91 -258.37 19 4378 483.85 -193.82 20 4381 517.91 -177.00 21 3781 463.67 -200.51 30 3977 323.00 -236.22 17 4087 542.29 -129.41 18 3933 540.17 -139.54 16 3913 542.63 -174.30 13 4069 540.18 -78.28 14 4396 549.45 -59.40 15 4191 576.47 -128.88 11 4353 554.07 -10.72 12 4223 559.04 -41.66 10 4185 506.98 11.95 9 3656 506.85 16.91 7 3656 565.65 87.67 8 3621 571.00 51.56 6 3275 543.60 102.61 4 3310 498.81 124.11 5 3155 515.56 138.37 3 3059 575.53 222.08 2 3260 583.17 191.46 1 1895 472.23 161.19
4.392689 -2.940017 -12.382294
189 85 55
30 26 4417 379.51 -243.80 28 4554 371.20 -241.97 25 4370 400.89 -233.68 27 4516 377.76 -238.20 22 4159 427.22 -205.28 23 4601 426.60 -207.63 24 4696 448.26 -242.05 29 4403 335.91 -258.37 19 4377 483.85 -193.82 20 4382 517.91 -177.00 21 3780 463.67 -200.51 30 3978 323.00 -236.22 17 4086 542.29 -129.41 18 3932 540.17 -139.54 16 3912 542.63 -174.30 13 4068 540.18 -78.28 14 4397 549.45 -59.40 15 4192 576.47 -128.88 11 4352 554.07 -10.72 12 4222 559.04 -41.66 10 4184 506.98 11.95 9 3657 506.85 16.91 7 3657 565.65 87.67 8 3622 571.00 51.56 6 3276 543.60 102.61 4 3311 498.81 124.11 5 3156 515.56 138.37 3 3060 575.53 222.08 2 3261 583.17 191.46 1 1896 472.23 161.19
0.276142 -2.873049 -10.970018
154 133 111
28 26 4066 44.94 -270.65 28 3099 28.16 -254.36 25 4023 68.52 -267.30 27 3149 34.88 -254.75 22 4179 105.20 -262.15 23 4618 95.20 -257.50 24 4363 103.36 -287.25 19 4405 148.28 -277.89 20 4410 176.45 -254.19 21 3801 126.75 -268.20 17 4311 213.38 -223.11 18 4141 204.82 -229.00 16 4098 206.97 -271.26 13 4439 215.11 -176.29 14 4752 218.21 -151.09 15 4519 243.61 -231.86 11 4791 235.87 -103.30 12 4558 240.94 -138.12 10 4545 201.80 -76.21 9 4039 208.99 -74.61 7 4018 278.65 10.53 8 3972 280.52 -35.81 6 3744 261.30 34.67 4 3682 237.12 64.78 5 3548 247.05 81.96 3 3445 326.37 197.42 2 3656 335.23 161.99 1 2305 216.01 134.50
-1.506744 0.393262 -9.501164
189 161 149
28 26 5115 -148.50 34.86 28 5175 -148.67 62.37 25 5064 -129.60 36.93 27 5241 -150.23 62.06 22 4907 -122.10 35.36 23 5359 -126.71 49.04 24 5445 -117.08 34.21 19 4867 -131.35 33.01 20 4865 -93.74 69.79 21 4484 -125.83 49.74 17 4636 -99.59 79.51 18 4502 -94.31 84.00 16 4400 -127.48 33.64 13 4627 -158.46 75.11 14 4964 -147.61 126.46 15 4705 -119.60 64.32 11 4902 -164.33 117.83 12 4756 -146.65 94.89 10 4760 -186.68 108.97 9 4249 -201.29 90.50 7 4219 -175.17 132.45 8 4193 -161.55 110.53 6 3839 -194.42 126.49 4 3848 -201.30 103.07 5 3728 -192.99 139.24 3 3626 -169.52 188.54 2 3852 -176.76 131.76 1 2520 -251.22 78.12
-2.850440 1.102409 -8.735674
131 112 97
21 26 1606 -308.07 113.85 28 1611 -309.00 148.81 25 1545 -287.49 112.06 22 1397 -283.54 103.87 23 1759 -291.67 122.45 19 2476 -310.33 97.85 20 2446 -273.06 140.93 21 1306 -301.75 122.25 17 2212 -284.68 141.41 18 2003 -278.61 150.12 16 2116 -318.70 95.09 13 2345 -353.45 123.74 14 3207 -345.24 184.50 15 2989 -318.10 123.26 12 3123 -342.48 139.63 10 2416 -378.74 144.12 9 2604 -399.66 120.28 7 2098 -385.30 156.84 8 2547 -366.39 137.02 4 1713 -400.10 109.45 5 1650 -392.52 151.69
4.702187 -2.387091 -12.035741
201 104 56
26 26 2941 415.12 -202.70 28 3041 412.40 -207.20 25 2888 435.31 -190.52 27 3104 416.64 -199.53 22 3347 452.81 -153.80 23 3125 455.75 -157.13 24 3211 481.10 -192.30 29 2895 378.78 -230.61 19 3345 500.74 -131.75 20 3348 539.59 -115.14 21 2945 488.90 -143.79 17 3062 550.72 -62.86 18 2934 553.65 -73.85 16 2895 545.63 -104.88 13 3129 527.32 -10.93 14 3329 542.54 9.80 15 3186 572.84 -57.70 11 3330 532.94 53.73 12 3257 541.64 23.87 10 3248 483.00 70.51 9 2639 477.75 73.22 7 2670 525.96 137.91 8 2597 535.75 106.13 6 2304 500.98 148.18 4 2217 454.61 160.57 5 2132 473.48 178.23
4.418266 -3.427065 -12.208959
104 92 78
27 26 3025 387.25 -288.21 28 2377 373.58 -287.56 25 2942 410.30 -277.65 27 3188 382.53 -283.31 22 2807 444.80 -246.17 23 3230 441.81 -249.86 24 3304 461.73 -286.62 29 2951 334.66 -304.06 19 2847 510.99 -232.80 20 3426 543.87 -218.12 21 2557 485.09 -242.34 30 2658 318.60 -280.37 17 3129 577.09 -163.27 18 3000 572.27 -175.99 16 2975 581.02 -205.84 13 3201 584.24 -96.28 14 3410 592.76 -81.71 15 3258 619.27 -156.10 11 3388 601.10 -20.82 12 3321 605.04 -55.30 10 3290 551.83 7.13 9 2694 553.61 16.73 7 2720 615.53 97.14 8 2660 620.95 56.19 6 2331 592.21 117.07 4 2222 542.26 144.40 5 2157 560.84 156.85
4.318376 -3.704957 -12.314591
131 117 101
22 26 3024 375.51 -308.70 28 3145 359.34 -305.61 25 2973 399.07 -298.81 27 2402 369.83 -303.57 22 2842 438.37 -271.01 23 2465 434.35 -274.82 24 3309 453.27 -312.00 19 2888 509.71 -261.96 20 2923 540.54 -247.25 21 2582 479.58 -269.30 17 2657 579.91 -193.65 18 2462 572.83 -206.37 16 2996 586.91 -237.42 13 3221 597.73 -125.11 14 3430 603.76 -111.86 15 3276 628.97 -187.87 11 3408 618.59 -47.26 12 3343 620.91 -82.75 9 2720 572.89 -5.99 6 2358 617.58 100.79 4 2249 567.61 132.76 5 2161 585.79 143.69
4.318376 -3.704957 -12.314591
131 117 101
22 26 3023 375.51 -308.70 28 3146 359.34 -305.61 25 2974 399.07 -298.81 27 2403 369.83 -303.57 22 2843 438.37 -271.01 23 2466 434.35 -274.82 24 3310 453.27 -312.00 19 2889 509.71 -261.96 20 2924 540.54 -247.25 21 2581 479.58 -269.30 17 2658 579.91 -193.65 18 2463 572.83 -206.37 16 2997 586.91 -237.42 13 3222 597.73 -125.11 14 3431 603.76 -111.86 15 3277 628.97 -187.87 11 3409 618.59 -47.26 12 3344 620.91 -82.75 9 2721 572.89 -5.99 6 2359 617.58 100.79 4 2250 567.61 132.76 5 2162 585.79 143.69
4.258120 -3.690546 -12.427564
120 107 91
22 26 2276 367.97 -305.36 28 2374 352.33 -301.41 25 2242 391.60 -296.25 27 2400 362.13 -299.07 22 2840 429.89 -270.16 23 3234 425.22 -272.83 24 3302 443.52 -308.81 19 2886 499.57 -263.37 20 2921 529.81 -247.91 21 2580 470.16 -269.43 17 3147 569.84 -197.74 16 2998 576.54 -242.68 13 3220 588.72 -134.17 14 3432 593.61 -120.05 15 3274 618.06 -194.76 11 3432 610.26 -58.37 12 3354 612.28 -93.00 10 3308 563.00 -27.71 9 2722 567.91 -17.45 6 2361 614.97 87.68 4 2252 567.10 120.72 5 2185 584.22 130.99
4.203086 -3.763950 -12.504266
138 128 119
22 26 2278 361.45 -309.92 28 2373 345.04 -304.58 25 2248 385.19 -301.08 27 2398 355.22 -303.09 22 2095 424.48 -276.75 23 2462 419.29 -278.99 24 2589 437.14 -314.69 19 2890 495.22 -272.35 20 2948 524.52 -256.53 21 2578 464.57 -276.94 17 2654 566.27 -207.99 18 2487 558.38 -219.15 16 2537 573.93 -253.79 13 2703 588.66 -146.23 14 2887 592.62 -132.09 15 2724 616.40 -206.71 11 2814 611.72 -70.66 12 2755 613.11 -105.17 10 2727 565.26 -39.35 9 2752 571.19 -29.02 6 2364 621.26 77.03 4 2254 574.13 111.65
0.734241 -1.279359 -9.800170
71 73 53
29 26 3486 88.50 -134.92 28 3624 84.82 -130.82 25 3453 110.11 -126.06 27 3640 85.49 -122.30 22 3752 128.58 -97.18 23 4181 125.02 -95.52 24 4280 140.09 -125.45 29 3458 51.09 -172.20 19 3722 151.95 -77.79 20 3722 191.12 -54.30 21 3338 147.66 -83.72 30 3097 52.39 -150.78 17 3803 198.39 -6.46 18 3631 201.39 -14.83 31 2664 11.82 -193.37 32 2777 3.07 -193.88 16 3579 180.75 -42.36 13 3798 151.84 48.87 14 4067 168.80 81.28 15 3856 201.16 5.97 11 4049 151.94 116.28 12 3933 165.80 83.48 10 3914 112.10 123.57 9 3357 104.43 120.64 7 3358 142.56 189.31 8 3314 155.56 155.51 6 2979 118.02 195.88 4 2645 88.58 191.24 5 2494 102.52 218.36
4.151091 -3.554710 -12.653908
199 132 45
29 26 3627 352.95 -289.21 28 3736 338.65 -282.13 25 3606 375.78 -280.88 27 3748 347.77 -281.57 22 3407 411.35 -259.67 23 3847 407.52 -260.90 24 3912 425.82 -295.33 29 3570 300.86 -292.00 19 3853 477.66 -257.27 20 3863 507.21 -240.16 21 3486 448.97 -259.49 30 3195 286.43 -265.96 17 3563 545.40 -196.46 18 3405 538.17 -205.98 31 3258 240.93 -289.64 32 3378 220.87 -272.62 16 3389 551.55 -243.99 13 3608 565.26 -143.59 14 3850 569.11 -127.31 15 3650 592.60 -199.45 11 3852 587.65 -72.05 12 3727 588.95 -105.06 10 3701 542.74 -43.08 9 3132 547.75 -35.86 7 3443 617.13 41.83 8 3097 618.95 1.38 6 3061 597.39 62.00 4 2733 554.02 94.93 5 2578 569.64 105.52
1.263416 -0.993967 -9.548400
131 101 67
25 26 3989 144.98 -107.16 28 4089 145.54 -109.73 25 3961 165.72 -95.93 27 4093 144.59 -97.48 22 3729 178.70 -58.33 23 4164 178.39 -57.51 24 4263 197.18 -88.45 19 4054 199.96 -27.20 20 3705 243.63 -4.72 21 3314 200.83 -38.40 17 3774 242.23 51.58 18 3596 248.81 40.58 16 3541 222.36 18.30 13 3772 182.16 110.55 14 4040 204.00 144.22 15 3827 239.50 70.59 11 4017 177.24 177.40 12 3907 192.95 145.13 10 3893 133.06 180.23 9 3332 121.97 177.41 7 3339 153.87 243.03 8 3291 169.60 211.58 6 2954 126.74 245.96 4 2967 92.42 234.18 5 2824 108.32 263.28
5.410635 -0.919505 -11.015228
121 57 36
23 26 4338 514.16 -84.73 28 4494 530.08 -105.60 25 4290 530.43 -66.73 27 4444 526.19 -87.55 22 4091 519.85 -8.84 23 4529 533.65 -14.02 24 4621 570.23 -50.35 19 4038 542.30 38.75 20 4310 594.98 55.76 21 3942 553.26 16.08 17 3754 568.71 116.72 18 3863 584.60 105.25 16 3825 547.56 78.14 14 4302 518.93 189.09 15 4094 558.46 127.77 11 4282 475.04 215.69 12 4148 491.72 189.88 10 3883 418.51 217.33 9 3582 401.02 213.06 8 3554 444.09 239.70 6 3222 395.24 259.77 4 2971 344.03 248.82 5 2811 365.33 273.53
4.668252 -2.282344 -12.127509
128 72 36
25 26 4045 409.79 -192.14 28 4161 409.52 -195.17 25 4335 429.16 -180.73 27 4163 412.06 -188.44 22 4131 444.63 -145.29 23 4569 447.87 -148.24 29 3527 376.96 -220.31 19 4362 489.91 -125.70 20 4355 529.29 -107.80 21 3983 478.88 -136.30 17 4069 538.73 -59.20 18 3914 541.67 -68.92 16 3882 532.73 -102.73 13 4251 513.97 -13.50 14 4551 529.09 8.63 15 4352 559.52 -56.82 11 4506 520.16 48.90 12 4375 528.52 20.24 10 4376 471.09 65.95 9 3840 466.64 67.36 7 3649 516.44 130.38 8 3608 524.40 99.60 6 3254 492.54 140.22 4 3020 448.24 152.25 5 2864 465.60 169.58
4.651151 -2.437840 -12.100497
224 154 66
27 26 4400 408.67 -206.20 28 4534 405.61 -209.52 25 4354 429.09 -194.39 27 4498 409.92 -202.55 22 4146 447.65 -159.22 23 4588 449.83 -161.92 24 4679 474.64 -196.93 29 3988 372.39 -232.35 19 4099 496.08 -138.83 20 4372 534.51 -122.07 21 3757 483.31 -149.71 30 3611 360.41 -214.77 17 4071 547.14 -70.96 18 3916 549.12 -81.48 31 3689 314.01 -245.90 16 3884 542.29 -113.53 13 4056 525.86 -20.08 14 4376 540.44 0.63 15 4174 570.30 -66.89 11 4332 532.71 44.43 12 4203 540.78 14.73 10 3946 483.25 61.93 9 3383 479.08 64.54 7 3392 528.84 129.77 6 3006 504.42 140.41 4 3022 458.36 153.69 5 2866 476.48 170.63
4.546049 -2.673771 -12.214117
192 101 49
26 26 4418 397.73 -224.77 28 4556 391.78 -226.11 25 4356 418.39 -213.63 27 4517 397.25 -220.27 22 4148 440.13 -180.58 23 4587 441.28 -183.48 24 4697 464.68 -218.39 29 3989 357.27 -246.40 19 4117 492.20 -163.79 20 4125 528.96 -147.19 21 3768 476.12 -173.04 30 3631 344.64 -226.67 17 3838 546.49 -97.31 18 3676 547.03 -107.66 31 3706 298.54 -256.61 16 3619 543.68 -140.62 13 3834 532.88 -46.03 14 4125 545.61 -26.19 15 3907 574.00 -94.55 11 4106 543.23 20.27 12 3977 549.97 -10.09 10 3948 494.99 40.24 9 3384 492.89 44.67 6 3023 522.81 125.27 4 3023 477.36 142.80 5 2881 494.84 158.63
4.415523 -3.641416 -12.155651
185 96 52
