# Bundle file v0.3
51 8803
1669.252994 0.0 0.0
0.999939 -0.004848 -0.009920
0.004635 0.999761 -0.021373
0.010021 0.021326 0.999722
-7.005036 3.390472 -4.040109
1701.116307 0.0 0.0
0.998508 0.054128 0.007170
-0.052996 0.992378 -0.111252
-0.013137 0.110706 0.993766
-6.955844 3.797656 -3.660082
1707.436106 0.0 0.0
0.994633 0.103325 -0.005401
-0.102456 0.976308 -0.190590
-0.014420 0.190120 0.981655
-6.804037 4.122655 -3.428706
1676.549442 0.0 0.0
0.986401 0.161495 -0.030544
-0.163659 0.947974 -0.273059
-0.015143 0.274344 0.961512
-6.563174 4.234862 -3.134346
1700.189457 0.0 0.0
0.972042 0.229530 -0.049500
-0.230988 0.896878 -0.377166
-0.042175 0.378055 0.924822
-6.052826 4.447081 -2.363064
1710.065951 0.0 0.0
0.962855 0.258056 -0.079479
-0.266659 0.862470 -0.430160
-0.042457 0.435376 0.899247
-5.813662 4.678286 -2.392233
1703.717969 0.0 0.0
0.951474 0.293186 -0.093487
-0.302032 0.831531 -0.466189
-0.058943 0.471803 0.879732
-5.807107 4.413839 -2.208764
1702.332650 0.0 0.0
0.920813 0.367145 -0.131561
-0.367843 0.705487 -0.605788
-0.129597 0.606211 0.784674
-5.516236 4.680625 -1.332213
1679.218512 0.0 0.0
0.901001 0.397327 -0.174153
-0.413026 0.662873 -0.624507
-0.132692 0.634611 0.761355
-5.406250 4.692732 -1.394446
1700.952478 0.0 0.0
0.876450 0.433374 -0.209814
-0.450525 0.584373 -0.674934
-0.169889 0.686073 0.707419
-5.158123 4.778024 -1.039826
1697.078551 0.0 0.0
0.857455 0.451139 -0.247477
-0.475194 0.509764 -0.717169
-0.197388 0.732540 0.651478
-5.038785 4.544253 -0.867158
1690.284901 0.0 0.0
0.845838 0.467035 -0.257754
-0.489150 0.486287 -0.724056
-0.212817 0.738515 0.639770
-4.990944 4.341116 -0.716843
1682.182716 0.0 0.0
0.814281 0.485953 -0.317484
-0.504479 0.321897 -0.801176
-0.287137 0.812546 0.507268
-4.762554 4.376199 -0.016404
1681.428885 0.0 0.0
0.791371 0.483731 -0.373812
-0.522879 0.218765 -0.823857
-0.316748 0.847435 0.426057
-4.485732 3.670412 0.277505
1683.504859 0.0 0.0
0.761746 0.489069 -0.424918
-0.523340 0.077871 -0.848559
-0.381915 0.868762 0.315267
-4.237929 3.239608 0.849024
1688.687831 0.0 0.0
0.742970 0.482372 -0.464018
-0.532961 0.006973 -0.846111
-0.404905 0.875939 0.262266
-4.020567 3.045097 1.089029
1686.001280 0.0 0.0
0.713989 0.496738 -0.493428
-0.538984 -0.059876 -0.840185
-0.446897 0.865833 0.224983
-3.878042 2.764327 1.414197
1691.637080 0.0 0.0
0.665741 0.490188 -0.562587
-0.531650 -0.217429 -0.818580
-0.523581 0.844062 0.115856
-3.597955 2.127530 1.955018
1692.992045 0.0 0.0
0.647501 0.471805 -0.598450
-0.510864 -0.313981 -0.800272
-0.565474 0.823903 0.037725
-3.482941 1.781408 2.182558
1692.031807 0.0 0.0
0.627193 0.417784 -0.657332
-0.483797 -0.452426 -0.749167
-0.610384 0.787887 -0.081636
-3.470445 1.191850 2.065259
1682.392257 0.0 0.0
0.611249 0.411601 -0.675987
-0.470230 -0.498148 -0.728514
-0.636599 0.763173 -0.110946
-3.499233 0.853720 2.076063
1714.776536 0.0 0.0
0.596419 0.363432 -0.715683
-0.431458 -0.606702 -0.667649
-0.676852 0.706986 -0.205043
-3.575278 0.372944 1.889528
1697.471694 0.0 0.0
0.584856 0.323510 -0.743831
-0.414789 -0.668773 -0.617003
-0.697061 0.669391 -0.256948
-3.556742 -0.091159 1.843609
1683.362901 0.0 0.0
0.547017 0.298126 -0.782236
-0.366829 -0.754575 -0.544107
-0.752468 0.584583 -0.303405
-3.523589 -0.338058 2.075165
1693.299953 0.0 0.0
0.539579 0.252434 -0.803201
-0.324656 -0.817831 -0.475132
-0.776822 0.517135 -0.359330
-3.593665 -0.704699 1.874193
1737.352148 0.0 0.0
0.516848 0.200927 -0.832164
-0.270669 -0.883846 -0.381515
-0.812162 0.422426 -0.402429
-3.698358 -1.412526 1.592580
1685.518265 0.0 0.0
0.517142 0.156336 -0.841500
-0.235873 -0.919073 -0.315703
-0.822756 0.361751 -0.438416
-3.734451 -1.460314 1.568470
1746.849416 0.0 0.0
0.484461 0.131245 -0.864912
-0.180363 -0.952456 -0.245556
-0.856018 0.274960 -0.437756
-3.752282 -1.886249 1.557352
1712.533670 0.0 0.0
0.463821 0.070198 -0.883143
-0.099850 -0.986362 -0.130843
-0.880284 0.148870 -0.450487
-3.952256 -2.622237 1.369613
1724.053623 0.0 0.0
0.472961 0.019878 -0.880859
-0.051698 -0.997397 -0.050266
-0.879565 0.069313 -0.470702
-4.096078 -2.805671 0.957788
1695.242754 0.0 0.0
0.472290 -0.026578 -0.881043
-0.006471 -0.999623 0.026686
-0.881420 -0.006902 -0.472284
-4.332386 -3.007917 0.604337
1729.977534 0.0 0.0
0.458871 -0.090385 -0.883894
0.043140 -0.991373 0.123772
-0.887455 -0.094927 -0.451013
-4.460062 -3.352662 0.463900
1727.125541 0.0 0.0
0.470894 -0.144714 -0.870239
0.088697 -0.973689 0.209911
-0.877719 -0.176033 -0.445669
-4.630249 -3.600605 0.110640
1725.517900 0.0 0.0
0.478466 -0.184332 -0.858541
0.143735 -0.948091 0.283662
-0.866262 -0.259125 -0.427134
-4.776156 -3.849959 -0.242667
1739.157091 0.0 0.0
0.493763 -0.241319 -0.835442
0.212967 -0.897910 0.385230
-0.843115 -0.368134 -0.391962
-5.006241 -3.832747 -0.755704
1742.575723 0.0 0.0
0.501425 -0.284362 -0.817136
0.255462 -0.853679 0.453840
-0.826627 -0.436314 -0.355412
-5.140552 -4.015202 -0.963604
1742.478148 0.0 0.0
0.508371 -0.338273 -0.791915
0.295000 -0.795560 0.529206
-0.809032 -0.502648 -0.304649
-5.405113 -4.307424 -1.260717
1747.440026 0.0 0.0
0.526636 -0.381634 -0.759612
0.337593 -0.726192 0.598895
-0.780183 -0.571840 -0.253602
-5.643451 -4.327085 -1.674993
1750.534952 0.0 0.0
0.547227 -0.407132 -0.731291
0.376064 -0.660963 0.649388
-0.747742 -0.630374 -0.208589
-5.775009 -4.271334 -2.051267
1742.437415 0.0 0.0
0.562155 -0.457603 -0.688898
0.432830 -0.547006 0.716549
-0.704727 -0.700988 -0.109438
-6.128147 -4.171410 -2.487497
1741.040642 0.0 0.0
0.583454 -0.482503 -0.653279
0.463163 -0.463071 0.755676
-0.667130 -0.743476 -0.046703
-6.356200 -4.043178 -2.882457
1737.948548 0.0 0.0
0.598922 -0.521935 -0.607352
0.476672 -0.377077 0.794101
-0.643488 -0.765112 0.022952
-6.621577 -3.998170 -2.909588
1738.911474 0.0 0.0
0.629674 -0.538301 -0.560127
0.515226 -0.250258 0.819703
-0.581423 -0.804738 0.119766
-6.769137 -3.592071 -3.322443
1744.212838 0.0 0.0
0.662580 -0.544070 -0.514758
0.515893 -0.166734 0.840270
-0.542994 -0.822306 0.170208
-6.936146 -3.457104 -3.664666
1738.016870 0.0 0.0
0.688419 -0.556973 -0.464608
0.521044 -0.065852 0.850986
-0.504572 -0.827915 0.244874
-7.135809 -3.097761 -3.806831
1691.700269 0.0 0.0
0.711463 -0.557221 -0.428166
0.523682 0.014123 0.851797
-0.468592 -0.830244 0.301855
-7.222148 -2.882239 -3.821970
1710.598078 0.0 0.0
0.733240 -0.568364 -0.373257
0.518853 0.112875 0.847379
-0.439489 -0.814998 0.377662
-7.372032 -2.539783 -3.771739
1697.259417 0.0 0.0
0.773024 -0.548986 -0.317881
0.511897 0.243842 0.823713
-0.374694 -0.799472 0.469520
-7.475100 -1.977150 -4.052956
1711.401467 0.0 0.0
0.794806 -0.537776 -0.281211
0.496538 0.309868 0.810821
-0.348902 -0.784078 0.513312
-7.555812 -1.684415 -4.159178
1713.112823 0.0 0.0
0.826071 -0.517563 -0.223015
0.469907 0.414103 0.779555
-0.311117 -0.748764 0.585285
-7.658502 -1.076979 -4.229536
1694.696340 0.0 0.0
0.845506 -0.503987 -0.176397
0.449633 0.493815 0.744296
-0.288008 -0.708621 0.644133
-7.731408 -0.907954 -4.006038
7.583757 -2.127117 -1.058920
113 107 95
3 0 79 198.20 436.94 1 65 166.37 472.84 2 27 180.26 505.15
7.590469 -2.175308 -0.962509
109 95 79
2 0 80 204.26 428.14 1 66 170.83 461.68
7.612809 -2.148644 -1.030506
111 103 80
2 0 81 208.89 431.89 1 67 176.77 466.79
7.642506 -2.161771 -1.047547
107 96 75
2 0 82 218.34 426.20 1 68 185.61 460.82
9.034277 -2.040511 -1.393678
188 174 126
2 0 85 639.93 443.25 1 763 614.98 458.43
7.428491 -2.323444 -0.975769
104 94 92
2 0 122 149.03 376.51 1 93 112.14 412.18
7.449864 -2.402156 -0.883710
138 137 133
2 0 123 159.05 355.86 1 116 120.01 388.06
8.070700 -2.549391 -1.000113
73 54 37
2 0 172 363.44 300.78 1 175 323.19 321.23
6.420558 -2.715961 -0.210660
76 68 59
2 0 189 -224.58 279.61 1 829 -277.35 314.30
6.598064 -2.789281 -0.107756
110 97 88
2 0 192 -158.28 256.20 1 208 -212.63 282.97
6.130624 -2.833106 -0.212010
71 60 60
3 0 219 -337.69 232.53 1 861 -395.01 273.59 2 789 -400.61 308.39
6.191503 -2.871348 -0.130065
124 124 114
2 0 220 -321.02 221.32 1 863 -377.52 257.83
6.279081 -2.835678 -0.133398
98 95 82
2 0 224 -285.41 235.63 1 865 -341.47 270.49
8.152718 -2.814247 -0.957977
97 76 52
2 0 270 393.96 213.68 1 911 346.84 229.93
6.103414 -3.024471 -0.041279
149 145 133
2 0 309 -363.62 162.23 1 922 -423.94 197.41
6.241284 -2.969837 0.021640
116 113 99
2 0 311 -312.10 187.21 1 252 -371.86 217.47
6.241284 -2.969837 0.021640
116 113 99
2 0 312 -312.10 187.21 1 253 -371.86 217.47
7.803559 -2.955111 -0.626063
91 73 59
2 0 326 294.78 174.54 1 932 242.16 188.34
6.368437 -3.075749 0.098857
92 86 74
2 0 362 -263.71 145.30 1 283 -326.11 169.54
6.336346 -3.118807 0.146742
91 89 77
4 0 363 -281.01 127.77 1 310 -343.89 151.41 2 227 -355.22 173.09 3 378 -349.92 85.40
6.504496 -3.204435 0.102098
78 70 59
2 0 396 -206.54 91.10 1 336 -269.36 111.24
6.071623 -3.220042 0.028013
94 91 74
3 0 418 -382.25 82.33 1 328 -446.49 116.83 2 240 -457.98 146.15
9.152959 -3.210839 -0.876027
131 114 71
2 0 445 745.51 82.79 1 380 681.64 76.27
6.635203 -3.316842 0.175578
105 103 90
2 0 473 -153.97 43.84 1 401 -219.39 58.19
7.998253 -3.400098 -0.592976
85 70 65
2 0 526 367.42 14.74 1 1075 302.67 23.67
8.336035 -3.398189 -0.143788
157 166 165
2 0 532 541.20 14.09 1 434 469.97 -0.31
6.487946 -3.449655 0.227589
63 54 46
2 0 545 -220.99 -14.32 1 1070 -288.01 2.02
7.552808 -3.480047 -0.576581
76 61 56
2 0 550 207.34 -15.22 1 1073 140.75 3.19
8.089925 -3.679770 -0.423522
98 86 76
3 0 592 415.04 -90.86 1 1149 340.78 -87.04 2 416 317.02 -80.13
6.729874 -3.662369 0.339299
86 73 51
2 0 608 -116.93 -111.28 1 1164 -193.08 -102.93
6.766456 -3.710938 0.349900
85 70 46
2 0 631 -100.78 -133.50 1 1166 -178.06 -125.98
7.536506 -3.914647 -0.885417
62 43 29
2 0 645 188.99 -158.93 1 501 118.07 -130.24
8.074683 -3.853911 -0.498210
79 70 62
7 0 648 401.50 -153.39 1 1196 324.93 -144.69 2 479 297.40 -134.02 3 2133 280.20 -210.85 4 1524 344.79 -253.60 5 2168 355.25 -205.42 7 1431 190.08 -236.45
7.735938 -2.449148 -0.885095
78 60 45
4 0 981 256.25 340.18 1 1430 217.90 366.48 2 1404 225.74 388.20 3 1723 246.19 312.75
6.568845 -2.690433 -0.223886
117 109 98
6 0 999 -166.46 288.62 1 817 -217.66 321.43 3 1086 -204.58 268.57 4 1086 -120.01 264.93 5 1756 -69.70 297.57 7 1045 -182.01 214.16
6.342592 -2.784965 -0.152620
83 72 60
2 0 1022 -258.72 255.14 1 827 -313.69 289.47
6.417729 -2.748656 -0.148954
67 57 48
2 0 1023 -228.77 270.01 1 1456 -283.22 302.81
6.404110 -2.761859 -0.146627
161 155 141
2 0 1024 -234.13 264.78 1 828 -289.26 297.79
6.180443 -2.785993 -0.217730
86 81 78
3 0 1056 -318.56 250.94 1 1453 -373.73 291.55 2 1435 -378.58 325.21
6.313539 -2.856644 -0.053227
70 66 55
2 0 1058 -277.89 231.12 1 868 -333.12 262.34
6.302937 -2.881719 -0.015186
88 83 77
3 0 1059 -284.05 222.47 1 867 -341.92 252.77 2 1510 -348.48 279.06
7.198357 -2.636691 -1.672301
169 145 112
3 0 1067 65.49 241.22 1 836 22.70 294.56 2 778 27.78 339.75
8.303834 -2.697138 -1.048367
183 187 174
6 0 1073 437.11 249.38 1 1521 393.19 265.49 2 1522 396.72 282.21 3 1808 410.68 203.23 4 1898 527.00 182.98 5 1872 554.15 207.49
7.378715 -2.833212 -0.606856
135 155 150
3 0 1092 142.08 218.48 1 1542 92.27 240.66 2 1519 89.79 262.37
7.377907 -2.833632 -0.598652
135 155 150
4 0 1093 142.08 218.48 1 1541 92.27 240.66 2 1518 89.79 262.37 3 1816 100.00 184.02
7.426247 -2.835821 -0.597027
87 80 70
5 0 1094 159.03 217.48 1 1545 109.43 239.39 3 1819 118.20 180.95 4 1893 215.76 164.25 5 1867 249.04 193.41
7.982589 -2.818287 -0.828114
92 73 56
2 0 1102 345.28 216.54 1 1554 297.04 232.84
5.989440 -3.024855 -0.125537
150 150 132
2 0 1118 -401.70 159.32 1 920 -462.12 199.67
6.068896 -3.022769 -0.068710
150 148 135
2 0 1120 -375.15 162.02 1 921 -435.44 198.85
7.844959 -2.925929 -0.677743
93 76 60
3 0 1134 306.20 184.10 1 931 255.04 196.92 2 885 251.31 212.68
5.704788 -3.079340 -0.387128
114 111 114
2 0 1150 -484.81 130.99 1 940 -545.03 184.15
5.973256 -3.081118 -0.128236
140 136 124
3 0 1155 -407.86 136.49 1 943 -468.81 177.38 2 874 -477.65 213.09
6.178332 -3.081708 0.059473
110 102 87
3 0 1158 -341.05 141.22 1 1584 -403.51 171.98 2 879 -413.13 198.25
5.799087 -3.146035 -0.260932
150 148 133
6 0 1166 -462.37 106.92 1 942 -524.29 156.56 2 1548 -532.22 199.23 3 1835 -522.14 144.91 4 1879 -474.64 162.01 5 1851 -411.73 214.40
6.042623 -3.180624 0.012361
108 105 98
2 0 1169 -392.98 98.86 1 305 -456.74 133.42
6.115111 -3.153659 0.037290
101 97 85
3 0 1173 -365.05 110.39 1 963 -428.16 143.15 2 898 -439.88 171.75
6.200553 -3.126321 0.077691
110 103 85
2 0 1174 -333.21 123.10 1 308 -396.21 151.94
6.172350 -3.164388 0.092041
129 126 111
4 0 1175 -345.26 106.97 1 966 -409.92 136.47 2 899 -421.03 162.64 3 1244 -415.93 83.97
6.307462 -3.163800 0.145164
127 122 113
3 0 1178 -292.43 108.52 1 309 -357.13 132.78 2 243 -369.26 154.65
6.356045 -3.192069 0.121407
105 102 88
3 0 1179 -270.81 96.12 1 985 -334.00 120.06 2 924 -346.64 141.28
6.624414 -3.138365 0.119358
87 77 65
4 0 1186 -156.42 119.09 1 969 -218.09 137.12 3 1254 -227.27 60.40 6 604 -187.04 -108.29
9.270039 -3.131072 -0.600234
178 161 105
2 0 1202 831.90 114.91 1 347 767.20 96.05
6.094319 -3.208948 0.052451
121 115 101
7 0 1212 -376.07 87.68 1 977 -439.94 118.97 2 917 -451.09 149.40 3 373 -444.67 75.84 4 380 -389.95 63.57 5 352 -332.15 112.21 8 255 -481.68 6.17
6.357209 -3.277463 0.141132
76 67 60
4 0 1219 -271.14 60.11 1 1658 -336.20 82.85 2 939 -350.00 103.78 3 441 -348.02 20.94
6.495609 -3.233235 0.188968
110 101 90
2 0 1221 -214.79 79.75 1 986 -279.88 97.30
6.602257 -3.234469 0.204253
75 67 57
2 0 1223 -169.36 79.61 1 987 -234.32 93.88
8.308091 -3.249658 -0.240310
96 81 65
3 0 1230 518.46 72.79 1 1669 453.02 62.11 2 1691 437.15 56.01
9.275378 -3.223754 -0.814850
121 103 70
2 0 1233 796.88 79.31 1 1027 732.46 67.93
6.229777 -3.286392 0.087216
86 84 73
2 0 1244 -320.38 55.57 1 1005 -387.24 83.34
6.317482 -3.328163 0.132203
114 110 99
6 0 1249 -287.82 37.98 1 1012 -353.97 62.42 2 962 -367.32 85.29 3 1305 -365.86 3.90 4 1272 -308.46 -21.28 5 431 -256.15 28.56
6.320210 -3.292815 0.133383
140 138 126
6 0 1250 -287.20 52.94 1 1006 -352.09 77.55 2 1624 -365.54 99.96 3 1304 -362.52 17.90 4 2039 -304.55 -7.49 5 1313 -253.06 41.05
6.320238 -3.292872 0.132922
140 138 126
7 0 1251 -287.20 52.94 1 1007 -352.09 77.55 2 1625 -365.54 99.96 3 1303 -362.52 17.90 4 2038 -304.55 -7.49 5 1312 -253.06 41.05 6 601 -327.26 -125.27
6.348798 -3.352502 0.164941
97 90 80
2 0 1252 -276.68 27.89 1 1037 -342.92 49.86
6.623307 -3.333828 0.172899
128 143 134
3 0 1255 -158.59 36.34 1 1040 -224.86 51.48 2 963 -240.71 66.86
6.701634 -3.290504 0.163030
100 96 89
2 0 1257 -124.53 55.22 1 1018 -190.04 68.46
8.357527 -3.304159 -0.140485
180 178 166
3 0 1269 550.99 51.81 1 1695 481.60 36.38 2 1039 462.65 26.71
7.396922 -3.518742 -0.643221
42 27 24
2 0 1310 147.08 -28.13 1 1745 84.34 -5.46
7.605117 -3.533058 -0.692347
54 35 29
2 0 1314 220.26 -32.39 1 1097 155.24 -12.11
8.117335 -3.530359 -1.021032
82 69 61
2 0 1320 376.29 -26.17 1 1101 313.61 -7.60
8.004192 -3.586453 -0.595242
54 41 34
3 0 1340 370.16 -52.31 1 1122 299.82 -43.51 2 1059 279.67 -29.63
7.611512 -3.685012 -0.711255
55 35 32
2 0 1365 221.74 -85.47 1 1118 153.51 -64.06
7.611512 -3.685012 -0.711255
55 35 32
2 0 1366 221.74 -85.47 1 1119 153.51 -64.06
7.642210 -3.708848 -0.717698
56 35 32
2 0 1367 232.44 -93.66 1 1143 163.28 -72.45
7.754155 -3.769767 -0.772372
46 28 26
2 0 1393 269.09 -113.20 1 1146 198.34 -92.26
8.060558 -3.819312 -0.534892
35 26 19
2 0 1418 394.77 -138.72 1 1172 317.94 -129.84
7.427414 -3.985975 -0.851046
71 45 30
2 0 1442 152.72 -184.62 1 1193 81.06 -154.25
7.474717 -3.926708 -0.763193
62 39 25
2 0 1444 172.06 -168.16 1 1839 99.66 -141.03
7.684822 -3.953788 -0.830132
78 64 61
4 0 1447 241.52 -174.31 1 522 168.11 -149.24 2 1148 146.16 -122.99 3 1498 132.68 -177.94
6.888269 -3.866068 0.296193
70 56 44
2 0 1468 -45.18 -199.63 1 537 -124.73 -191.43
9.343600 -2.005735 -0.710359
157 144 92
2 0 1658 840.76 514.95 1 1384 818.54 504.35
6.067456 -2.257242 -0.144884
78 61 69
2 0 1675 -371.43 468.19 1 1364 -421.33 516.29
7.490316 -2.150223 -1.043461
81 78 72
3 0 1686 167.55 430.02 1 1388 135.00 467.80 2 1963 147.91 500.65
7.506945 -2.335750 -0.905819
66 57 48
3 0 1706 177.65 377.19 1 1404 140.31 409.94 2 1974 150.03 437.01
7.509211 -2.441608 -0.802568
101 92 82
3 0 1707 181.58 347.44 1 1420 142.05 376.36 3 2276 170.57 325.97
7.651580 -2.433454 -0.860597
77 60 48
4 0 1709 228.35 347.34 1 1426 190.69 374.25 2 1985 197.44 396.75 3 2282 218.86 322.83
7.651333 -2.434023 -0.852920
77 60 48
5 0 1710 228.35 347.34 1 1427 190.69 374.25 2 1986 197.44 396.75 3 2281 218.86 322.83 5 2294 375.07 340.99
7.776543 -2.396140 -0.921595
75 56 42
3 0 1711 269.13 355.33 1 1408 230.81 383.94 3 2284 262.96 329.87
7.807033 -2.408578 -0.918564
100 84 69
2 0 1712 279.15 352.54 1 1431 242.07 377.49
7.807033 -2.408578 -0.918564
100 84 69
2 0 1713 279.15 352.54 1 1432 242.07 377.49
7.188431 -2.429422 -0.867951
167 144 103
2 0 1721 69.53 346.86 1 1402 29.37 384.00
7.188431 -2.429422 -0.867951
167 144 103
2 0 1722 69.53 346.86 1 1403 29.37 384.00
7.618868 -2.525158 -0.831055
77 59 47
3 0 1729 218.91 317.15 1 1446 177.95 342.94 2 1425 182.93 366.02
9.001571 -2.422790 -1.255502
150 133 83
3 0 1741 645.88 331.23 1 1450 609.84 340.21 4 1822 778.65 236.76
6.442753 -2.664717 -0.264654
55 42 39
3 0 1742 -211.94 296.33 1 2025 -264.96 333.19 2 1993 -267.71 363.37
7.618602 -2.615632 -0.754655
77 59 47
2 0 1744 222.04 289.73 1 1462 178.73 312.85
6.628069 -2.730554 -0.207616
113 103 93
5 0 1756 -142.80 274.35 1 2040 -194.61 303.55 2 2011 -198.28 329.25 4 2769 -99.93 240.02 5 2322 -50.45 272.50
6.658695 -2.777855 -0.162382
62 41 38
6 0 1757 -131.13 257.28 1 1457 -186.13 284.84 2 2028 -190.21 309.26 3 2311 -177.70 225.11 4 2411 -91.71 210.70 5 2666 -45.26 245.44
7.709073 -2.707250 -0.760350
72 58 46
3 0 1772 253.53 257.61 1 1514 208.63 277.73 2 2037 208.95 297.35
7.905459 -2.645022 -0.876853
98 79 62
2 0 1780 315.72 273.99 1 1485 271.75 294.23
9.127088 -2.646146 -1.126924
141 119 70
2 0 1784 701.63 265.52 1 889 658.82 266.86
6.243281 -2.849522 -0.154963
141 143 129
2 0 1791 -298.28 229.02 1 1490 -354.28 265.20
6.340934 -2.807582 -0.120862
80 70 61
3 0 1794 -260.95 247.53 1 2053 -316.39 281.01 2 2021 -323.27 309.43
6.505519 -2.891344 0.072045
64 48 33
3 0 1799 -205.02 223.23 1 1535 -262.38 244.36 2 2051 -270.46 265.14
6.566918 -2.817198 -0.065001
68 56 48
2 0 1800 -173.32 247.10 1 2056 -227.43 272.86
7.400218 -2.822026 -0.609878
70 61 56
15 0 1806 148.96 223.28 1 1544 100.42 244.58 2 1520 97.97 261.65 3 1817 108.78 185.14 4 2431 207.66 174.98 6 957 174.38 43.40 7 2184 130.64 130.26 8 1758 90.14 53.47 9 1589 85.56 77.28 10 1577 65.17 10.04 11 2112 38.02 -74.32 12 1220 29.64 78.57 13 1566 83.38 -112.35 14 1169 100.69 -123.33 16 634 115.10 -205.94
7.607164 -2.754522 -0.681074
74 60 47
3 0 1808 221.09 244.57 1 1509 174.89 263.20 2 1474 173.37 283.82
7.599466 -2.796102 -0.722213
90 76 62
2 0 1809 217.45 227.31 1 2082 168.26 249.24
6.076724 -2.942682 -0.104546
95 91 82
4 0 1818 -370.39 192.86 1 2070 -427.50 232.00 2 2044 -434.99 265.22 3 2323 -422.76 194.46
6.223217 -2.881247 -0.097981
86 88 77
2 0 1823 -309.95 218.68 1 1489 -368.22 253.68
5.942821 -3.018755 -0.183294
154 152 139
2 0 1842 -413.88 159.89 1 2086 -475.30 203.13
6.491407 -2.983457 0.116709
90 81 72
6 0 1845 -213.31 184.90 1 1563 -273.67 206.41 2 2070 -283.02 225.36 3 2363 -274.99 132.69 4 2820 -200.82 106.48 5 2390 -151.20 143.00
6.205679 -3.085791 0.084724
144 140 123
2 0 1869 -331.56 140.38 1 1585 -394.49 169.10
6.307999 -3.086305 0.122459
94 86 75
3 0 1871 -291.77 141.60 1 1588 -353.67 165.84 2 1554 -364.09 188.76
6.320966 -3.107279 0.139216
136 137 123
6 0 1872 -288.28 132.11 1 1589 -350.41 157.10 2 1583 -361.69 178.71 3 1878 -355.22 92.14 4 1969 -289.73 68.21 5 1942 -236.50 111.22
6.436234 -3.068621 0.156002
63 54 45
4 0 1873 -238.34 149.90 1 1590 -300.53 170.95 2 1555 -312.60 189.30 3 1880 -305.76 98.38
6.516331 -3.067061 0.128534
54 39 32
5 0 1876 -202.99 150.40 1 1592 -264.47 169.50 2 2110 -275.85 187.12 3 1882 -268.96 95.70 4 1972 -198.07 66.14
6.536805 -3.073649 0.119815
72 61 55
5 0 1877 -193.72 146.51 1 949 -255.41 166.64 2 900 -265.97 184.32 3 1222 -260.52 92.64 5 1256 -141.07 101.80
6.627931 -3.111544 0.122321
56 46 37
2 0 1878 -155.10 131.24 1 1621 -216.54 147.84
6.645826 -3.118700 0.109620
91 77 64
6 0 1879 -146.14 127.86 1 1622 -208.51 145.29 2 1589 -220.22 159.28 3 1912 -216.78 67.93 4 1995 -143.67 33.83 5 1969 -99.58 73.45
7.352354 -3.003700 -0.877250
40 28 28
2 0 1884 125.95 149.88 1 1598 74.34 179.97
6.071629 -3.153517 0.030935
93 89 78
2 0 1898 -382.57 110.47 1 2146 -446.60 143.94
6.073139 -3.152442 0.027839
93 89 78
9 0 1899 -382.57 110.47 1 2145 -446.60 143.94 2 2098 -455.29 175.26 3 2692 -447.25 101.71 4 2813 -392.79 92.59 5 2698 -334.21 140.14 6 1680 -404.69 -22.85 7 2522 -462.09 87.57 8 2056 -482.31 31.21
6.093425 -3.174385 0.051781
132 128 117
4 0 1900 -375.27 101.93 1 1615 -439.74 134.64 2 2101 -450.43 163.63 3 2404 -443.37 88.95
6.156793 -3.185681 0.082082
83 78 67
6 0 1902 -351.68 97.48 1 1616 -415.39 128.13 2 1601 -426.53 155.45 3 1245 -420.70 76.97 4 1208 -365.19 62.04 5 1253 -309.10 109.40
6.552087 -3.161525 0.138766
71 61 52
4 0 1906 -187.66 110.05 1 1620 -251.26 127.96 2 1609 -263.55 144.85 3 1930 -259.97 54.03
7.734056 -3.115342 -0.566243
93 78 71
8 0 1908 272.28 118.84 1 2158 217.12 128.01 2 2129 207.50 144.07 3 2412 209.23 62.93 4 2506 301.37 32.82 5 2436 326.41 63.75 6 1403 254.78 -90.69 9 2073 134.58 -51.57
7.904105 -3.164555 -0.579732
68 54 45
8 0 1909 334.21 100.26 1 2190 276.04 110.06 2 2158 266.28 121.61 4 2523 358.57 1.78 5 1995 378.93 31.72 6 1028 305.86 -123.23 7 1881 244.04 -39.10 9 1719 178.37 -81.26
7.971276 -3.154182 -0.655647
66 50 37
5 0 1912 353.45 105.31 1 1643 295.90 109.98 2 2131 285.84 125.45 3 2435 285.49 43.49 4 2525 380.57 9.10
7.971276 -3.154182 -0.655647
66 50 37
5 0 1913 353.45 105.31 1 1642 295.90 109.98 2 2132 285.84 125.45 3 2434 285.49 43.49 4 2524 380.57 9.10
6.214555 -3.236238 0.099167
104 98 84
6 0 1924 -329.17 76.65 1 1633 -393.78 104.59 2 1603 -406.29 130.55 3 1925 -400.80 50.98 4 1228 -344.40 32.64 5 1284 -288.20 80.52
6.197319 -3.248491 0.108226
89 84 73
2 0 1925 -336.48 71.77 1 1632 -402.27 99.58
6.181702 -3.274703 0.090198
142 139 122
6 0 1927 -342.27 60.08 1 1004 -407.47 89.52 2 936 -419.72 115.95 3 1278 -415.12 39.42 4 2011 -360.07 21.76 5 1285 -304.68 71.06
6.298346 -3.221006 0.110860
135 132 114
3 0 1928 -294.41 83.55 1 1635 -358.31 109.21 2 921 -370.96 132.14
6.393605 -3.277912 0.135603
136 133 122
6 0 1930 -256.52 59.48 1 1659 -321.43 81.85 2 1626 -334.88 102.77 3 1955 -330.86 18.89 4 2543 -270.50 -9.48 5 1986 -220.31 37.52
6.524874 -3.216086 0.147363
103 94 85
11 0 1932 -201.20 86.59 1 1639 -264.80 105.46 2 1628 -278.25 122.12 3 1932 -275.53 32.82 4 2513 -209.10 -0.40 5 1989 -161.91 43.94 6 1409 -237.51 -128.60 7 1838 -299.84 -32.96 8 1401 -333.85 -90.75 9 1692 -345.30 -56.70 10 1696 -357.57 -116.46
7.566412 -3.224552 -0.639732
36 27 22
2 0 1936 208.18 77.08 1 1641 150.65 95.83
7.870540 -3.252618 -0.572694
45 27 23
2 0 1938 322.83 67.88 1 1665 261.31 78.72
6.285687 -3.340945 0.104183
115 111 100
3 0 1957 -298.70 32.90 1 1683 -365.01 58.04 2 1653 -378.56 83.24
6.620937 -3.287557 0.152225
112 108 96
3 0 1958 -158.77 56.21 1 1661 -224.02 72.01 2 1656 -238.96 87.78
7.701254 -3.307322 -0.637229
51 33 29
5 0 1962 257.41 47.67 1 1663 197.10 61.67 2 1660 183.45 82.82 3 1966 182.21 5.22 4 2047 265.43 -22.41
6.259355 -3.354632 0.086315
124 119 109
3 0 1983 -308.40 26.76 1 1681 -374.72 54.16 2 1650 -388.29 79.41
6.276688 -3.370509 0.109325
55 52 44
3 0 1984 -303.44 19.80 1 1682 -369.00 46.77 2 1651 -383.66 70.33
6.387689 -3.413075 0.163279
65 54 48
6 0 1986 -259.67 1.12 1 1701 -326.34 24.54 2 1675 -342.58 44.75 3 2486 -343.99 -38.63 4 2571 -287.67 -68.65 6 1049 -312.21 -180.54
6.442588 -3.408517 0.190026
56 48 46
5 0 1987 -237.63 3.66 1 1702 -304.09 23.84 2 986 -320.99 41.31 3 1361 -322.40 -43.33 5 1367 -218.59 -26.05
6.478646 -3.364990 0.177519
108 98 86
12 0 1988 -222.41 22.04 1 1686 -289.31 40.23 2 1655 -304.40 59.70 3 1983 -304.83 -26.27 4 2060 -243.92 -60.62 5 2025 -197.63 -11.80 6 1052 -272.40 -179.18 7 1896 -338.76 -77.30 8 1419 -370.89 -127.80 9 1182 -383.86 -90.34 10 1228 -394.91 -143.61 12 819 -439.76 -44.56
6.717231 -3.366238 0.151126
81 66 59
2 0 1992 -117.50 22.75 1 1041 -183.88 36.05
6.707346 -3.404709 0.169404
61 50 41
3 0 1993 -122.09 6.23 1 1071 -189.99 18.83 2 990 -206.74 33.88
6.790903 -3.374960 0.147901
76 58 54
3 0 1994 -85.68 19.35 1 1042 -152.27 30.34 2 1679 -169.64 44.30
8.345323 -3.412655 -0.134462
185 194 186
2 0 2000 546.28 8.20 1 1757 474.07 -6.58
6.457425 -3.499135 0.193745
76 66 54
2 0 2011 -230.94 -35.54 1 1734 -300.63 -16.67
6.763476 -3.435893 0.148921
45 31 27
4 0 2013 -96.75 -6.59 1 1072 -164.96 5.07 2 1701 -183.32 19.45 3 2037 -188.41 -70.08
7.119631 -3.493968 -0.481099
80 58 47
2 0 2015 50.04 -21.89 1 1709 -14.42 2.38
7.667315 -3.496298 -0.815995
73 58 51
2 0 2019 235.94 -17.79 1 1712 173.75 4.12
8.782173 -3.557871 -1.087611
74 55 48
2 0 2025 591.83 -33.69 1 1758 522.93 -25.07
6.814688 -3.558876 0.146783
47 28 22
3 0 2042 -75.07 -59.66 1 1770 -146.19 -47.10 2 1738 -165.48 -33.14
6.954390 -3.534099 0.069909
44 22 16
2 0 2043 -14.13 -47.12 1 1743 -85.03 -35.75
6.954390 -3.534099 0.069909
44 22 16
2 0 2044 -14.13 -47.12 1 1744 -85.03 -35.75
7.689669 -3.623241 -0.703609
74 57 53
2 0 2053 249.44 -63.79 1 1774 182.63 -44.59
8.046898 -3.581217 -0.633666
87 78 73
2 0 2054 382.15 -49.95 1 1780 312.24 -39.69
7.672940 -3.655746 -0.739276
74 59 52
2 0 2066 242.16 -74.49 1 1777 174.38 -53.66
7.691096 -3.700279 -0.735557
74 55 48
2 0 2069 248.45 -90.05 1 1799 180.09 -69.55
7.729368 -3.701316 -0.734091
55 37 30
2 0 2072 262.07 -90.43 1 1144 193.27 -70.65
7.837345 -3.795250 -0.793156
74 59 54
2 0 2092 295.81 -121.02 1 1817 226.37 -101.52
8.098766 -3.871007 -0.396091
115 105 93
2 0 2117 421.18 -163.64 1 1853 340.59 -159.09
8.346147 -3.805903 -0.361740
115 98 82
2 0 2120 518.38 -140.04 1 1855 438.22 -142.93
7.689838 -3.925437 -0.823830
44 30 27
6 0 2137 243.50 -165.37 1 1845 171.53 -139.98 2 1812 148.19 -114.80 3 2101 134.16 -170.05 4 2168 194.67 -186.08 5 2134 213.97 -133.55
8.009851 -3.957006 -0.581518
66 53 49
2 0 2138 373.19 -186.91 1 1878 292.45 -173.81
8.049529 -4.046149 -0.562777
63 48 45
2 0 2153 388.52 -219.96 1 1899 306.13 -207.39
8.149443 -4.004205 -0.503398
108 93 78
3 0 2155 430.18 -207.65 1 1901 348.29 -199.75 3 1562 292.28 -262.72
6.143068 -3.927035 0.564301
64 60 63
2 0 2163 -405.74 -248.70 1 1906 -486.19 -229.68
8.092392 -4.076502 -0.560711
70 51 45
2 0 2170 403.50 -230.85 1 1902 321.60 -219.25
8.105932 -4.102910 -0.574887
104 84 73
2 0 2171 407.80 -239.71 1 1249 324.17 -227.29
7.094405 -4.122076 -0.232097
159 131 91
2 0 2189 42.75 -269.85 1 2360 -36.50 -246.62
9.392024 -4.328299 -0.482419
162 142 91
3 0 2215 894.52 -326.73 1 2384 785.87 -340.06 3 1629 691.02 -435.82
5.882441 -2.446461 -0.093968
37 21 32
3 0 2274 -449.71 395.26 1 1996 -505.54 444.67 2 1960 -507.71 483.22
7.412806 -2.410134 -0.884795
72 64 62
3 0 2284 145.86 353.09 1 2006 107.13 385.74 2 2356 114.48 414.39
7.476778 -2.434356 -0.815466
65 58 50
9 0 2286 169.65 348.72 1 2015 130.75 378.93 2 1981 137.33 405.58 3 2275 158.85 329.91 4 2744 272.79 330.10 5 2628 312.31 356.43 6 1601 252.23 193.58 7 2452 224.85 272.39 8 2022 187.67 184.95
9.166359 -2.402930 -1.015442
168 151 97
4 0 2287 731.37 352.12 1 2019 694.34 350.04 2 2003 707.51 353.87 3 2318 728.50 251.74
7.135425 -2.477704 -1.003721
167 145 108
4 0 2290 50.16 321.00 1 2013 8.83 363.75 2 1978 14.71 400.30 3 2270 37.12 339.96
7.135425 -2.477704 -1.003721
167 145 108
4 0 2291 50.16 321.00 1 2014 8.83 363.75 2 1979 14.71 400.30 3 2271 37.12 339.96
7.548075 -2.476449 -0.815650
77 65 53
4 0 2294 195.09 334.77 1 2016 154.91 361.16 2 1984 160.42 388.05 3 2290 180.95 311.27
7.644866 -2.502934 -0.849353
97 83 70
2 0 2295 227.03 323.84 1 2017 186.83 349.80
8.988016 -2.448265 -1.296328
152 136 85
5 0 2296 635.02 319.54 1 2030 599.06 331.29 2 2016 610.93 342.92 3 2650 632.96 259.10 4 2773 767.24 232.25
9.220011 -2.499072 -0.806669
147 134 82
2 0 2300 781.15 332.26 1 2031 739.53 322.71
6.440701 -2.631510 -0.281120
78 65 60
3 0 2304 -213.09 308.48 1 2024 -264.83 345.99 2 1992 -264.98 376.50
6.996380 -2.526396 -0.987735
67 39 35
2 0 2308 4.15 306.37 1 2012 -38.44 349.50
8.978623 -2.473860 -1.378174
152 135 84
2 0 2310 623.21 308.34 1 2028 586.63 320.56
6.381059 -2.791011 -0.153481
83 73 63
3 0 2314 -243.01 252.59 1 2036 -297.85 286.29 2 2024 -303.51 314.56
6.566715 -2.784659 -0.130663
140 145 125
3 0 2317 -169.95 256.80 1 2448 -224.03 285.03 2 2380 -228.89 309.09
6.566715 -2.784659 -0.130663
140 145 125
3 0 2318 -169.95 256.80 1 2449 -224.03 285.03 2 2381 -228.89 309.09
7.311207 -2.607437 -1.499317
166 138 112
3 0 2322 99.46 257.22 1 2453 58.97 304.69 2 2372 65.76 345.24
6.233194 -2.802530 -0.177877
109 105 96
3 0 2331 -300.49 246.44 1 2035 -355.98 284.57 2 2007 -361.50 316.14
6.206587 -2.847394 -0.182918
130 132 121
2 0 2332 -310.67 228.51 1 2052 -366.86 266.41
6.267654 -2.804785 -0.196611
80 70 68
3 0 2333 -285.82 245.00 1 2463 -340.73 281.88 2 2379 -345.65 314.04
7.539297 -2.734799 -0.652629
75 59 46
4 0 2343 198.25 251.93 1 2062 150.63 273.65 4 2786 268.62 196.40 5 2668 301.98 225.08
6.118452 -3.024039 -0.049240
148 144 132
3 0 2357 -357.64 162.13 1 2090 -416.34 197.51 2 2066 -425.33 228.03
6.118452 -3.024039 -0.049240
148 144 132
3 0 2358 -357.64 162.13 1 2089 -416.34 197.51 2 2065 -425.33 228.03
6.270531 -2.988787 0.075978
90 87 73
2 0 2359 -304.15 181.32 1 2093 -364.51 209.03
6.252497 -3.017705 0.088051
91 85 73
4 0 2360 -312.59 168.49 1 2094 -373.41 197.65 2 2069 -382.87 222.64 3 2360 -375.14 137.56
6.343086 -3.031746 0.141086
153 146 130
6 0 2361 -276.88 165.66 1 2469 -338.59 189.01 2 2412 -348.90 210.30 3 2699 -342.43 120.79 4 2819 -276.45 97.86 5 2705 -223.24 138.67
6.511932 -3.018333 0.123751
106 97 84
6 0 2362 -204.89 170.69 1 2096 -264.99 190.62 2 1556 -275.04 208.96 3 1881 -268.68 116.76 4 2479 -195.77 87.74 5 2391 -146.95 125.99
6.604622 -3.028296 0.107588
80 66 56
6 0 2364 -164.42 165.37 1 2124 -224.88 184.97 2 2081 -235.08 201.05 3 2382 -228.68 107.49 4 2482 -153.39 75.76 5 1949 -107.24 113.76
6.672087 -2.979429 0.026633
86 74 61
2 0 2365 -132.64 184.14 1 2471 -191.36 203.53
7.451565 -2.938815 -0.577035
83 68 63
14 0 2370 169.27 181.28 1 2101 117.30 201.13 2 2085 112.36 219.35 3 2364 120.31 142.09 4 2822 214.98 117.28 5 2383 246.07 156.18 6 1367 178.67 -5.40 7 2228 129.21 82.35 8 1773 86.54 10.36 9 2017 79.64 34.02 10 1617 58.59 -26.91 11 2133 30.00 -110.23 12 1647 20.22 45.79 13 1249 70.70 -137.89
7.520180 -2.979169 -0.575163
83 68 61
5 0 2371 193.39 166.82 1 2132 141.42 184.90 3 2386 142.61 121.83 4 2823 236.32 100.41 6 1369 197.44 -25.00
9.274025 -3.004224 -0.774118
152 136 84
6 0 2377 802.90 156.24 1 2167 745.07 142.67 2 2437 741.54 136.32 3 2441 738.34 28.20 5 2767 861.43 -18.89 7 2352 697.16 -131.71
6.058289 -3.058942 -0.082258
71 65 53
3 0 2379 -378.39 146.92 1 2113 -439.22 184.26 2 2407 -446.89 217.22
6.200013 -3.059306 0.081860
98 91 80
3 0 2382 -334.60 151.41 1 2117 -395.89 180.91 2 2080 -405.39 206.00
6.188211 -3.106008 0.076900
161 157 136
2 0 2383 -338.50 131.65 1 2119 -401.09 160.87
6.230909 -3.092321 0.096229
70 67 52
13 0 2385 -320.09 138.60 1 2483 -382.07 166.49 2 2410 -392.54 191.10 3 2693 -385.63 108.31 4 3034 -324.01 90.40 5 2703 -269.03 134.31 6 1695 -342.67 -36.80 7 2524 -401.57 64.22 8 1769 -427.51 4.03 9 2272 -436.30 40.74 10 1980 -443.50 -24.38 11 2124 -476.08 -110.39 12 1618 -488.78 66.48
6.236009 -3.090681 0.099328
70 67 52
7 0 2386 -320.09 138.60 1 2484 -382.07 166.49 2 2411 -392.54 191.10 3 2694 -385.63 108.31 4 3035 -324.01 90.40 5 2702 -269.03 134.31 6 1696 -342.67 -36.80
6.278792 -3.107406 0.130121
144 140 125
13 0 2387 -308.51 130.09 1 2149 -371.13 155.71 2 2415 -379.93 181.16 3 2698 -372.72 96.32 4 2828 -309.79 74.95 5 2714 -255.20 118.88 6 1697 -326.83 -53.91 7 2244 -385.63 44.34 8 1786 -411.96 -16.45 9 2029 -421.44 17.82 10 1631 -429.36 -47.92 11 1750 -462.07 -135.50 12 1257 -473.39 39.99
6.481541 -3.125837 0.120931
130 125 114
3 0 2389 -217.20 124.88 1 2151 -279.50 144.94 2 2108 -291.19 164.16
6.514036 -3.106707 0.126687
95 86 77
6 0 2390 -204.17 133.18 1 2153 -266.41 152.85 3 2408 -272.97 79.44 4 2498 -202.48 49.74 5 2431 -154.29 90.67 6 1398 -228.84 -84.34
6.571767 -3.061036 0.112134
90 76 68
6 0 2391 -178.68 152.41 1 2125 -239.58 170.78 2 2112 -250.50 187.99 3 2380 -244.81 95.95 4 2481 -171.26 65.32 5 2414 -124.47 103.95
6.606474 -3.067417 0.119940
58 44 35
6 0 2392 -164.19 149.47 1 2127 -225.42 168.22 2 2114 -236.42 183.33 3 2409 -229.10 89.91 4 2501 -158.15 58.13 5 1951 -111.23 95.58
6.734983 -3.071882 0.071493
84 70 62
7 0 2394 -107.42 147.72 1 2489 -167.67 162.63 2 2419 -179.01 177.40 3 2717 -174.22 83.39 4 3051 -97.50 49.82 7 2548 -192.51 -2.82 9 2321 -242.26 -39.65
6.734408 -3.073329 0.068072
84 70 62
14 0 2395 -107.42 147.72 1 2490 -167.67 162.63 2 2420 -179.01 177.40 3 2716 -174.22 83.39 4 3050 -97.50 49.82 5 2726 -54.72 87.36 6 1917 -130.39 -89.49 7 2547 -192.51 -2.82 8 2116 -230.89 -68.14 9 2320 -242.26 -39.65 10 2263 -258.66 -104.83 11 2392 -290.16 -192.60 12 1925 -302.82 -23.53 13 1613 -253.45 -218.67
6.949830 -3.036063 -0.420754
72 52 38
2 0 2396 -14.43 148.66 1 2491 -68.73 174.76
7.420368 -3.089508 -0.692757
32 22 20
4 0 2397 156.32 124.81 1 2504 100.72 146.48 2 2423 92.24 169.92 3 2703 96.05 99.89
7.503423 -3.019201 -0.580610
51 36 31
12 0 2398 188.62 151.13 1 2133 134.16 170.08 2 2087 128.03 188.51 3 2387 133.41 111.22 4 2833 225.31 88.51 5 2417 255.26 121.87 6 1368 185.91 -34.49 7 2248 133.74 51.60 8 1789 90.88 -15.34 9 2034 82.13 9.77 10 2003 60.27 -49.68 11 1734 32.31 -130.30
6.017590 -3.176754 -0.001981
145 141 135
3 0 2405 -401.80 100.12 1 2144 -465.51 135.91 2 2100 -476.12 168.02
6.137486 -3.169802 0.066396
148 144 132
7 0 2406 -359.27 103.99 1 2147 -423.38 135.20 2 2104 -434.04 163.52 3 2707 -426.40 86.18 4 2827 -369.59 72.80 5 2712 -312.41 119.98 6 1694 -384.06 -45.06
6.387157 -3.183144 0.131386
128 127 107
6 0 2409 -259.22 100.32 1 2174 -322.84 122.26 2 2123 -334.49 143.48 3 2423 -329.29 57.39 4 2493 -264.98 31.00 5 2429 -214.61 75.12
6.451052 -3.202682 0.143739
141 139 127
5 0 2410 -231.91 91.95 1 2175 -295.14 112.93 2 2124 -307.81 131.85 3 2424 -305.05 43.46 4 2512 -240.28 14.01
6.525660 -3.154833 0.123550
102 101 89
5 0 2411 -198.47 112.68 1 2154 -260.64 131.66 2 2125 -272.63 149.88 3 2425 -269.58 59.65 4 2500 -202.75 29.35
6.567121 -3.183225 0.109738
108 101 88
2 0 2413 -180.19 100.31 1 2514 -243.03 118.74
6.567819 -3.183294 0.114229
108 101 88
3 0 2414 -180.19 100.31 1 2513 -243.03 118.74 2 2430 -255.52 136.06
6.893931 -3.154715 0.006939
81 64 48
4 0 2418 -40.52 111.41 1 2156 -101.28 125.17 2 2435 -113.42 138.22 3 2428 -110.42 46.80
7.703069 -3.102885 -0.589184
68 53 46
4 0 2420 260.63 121.66 1 2157 204.30 136.19 2 1611 195.38 151.60 3 1915 198.61 69.38
7.888073 -3.128407 -0.558705
67 52 45
2 0 2422 329.34 113.55 1 2189 272.59 122.98
7.994881 -3.170074 -0.636265
82 67 55
4 0 2423 362.98 97.52 1 2193 304.51 107.20 2 2159 294.79 117.96 3 2436 294.78 33.70
9.232446 -3.158915 -0.827605
162 148 111
6 0 2426 780.47 101.32 1 2214 718.37 91.28 2 2187 707.58 86.35 4 2585 810.88 -73.48 6 1479 732.49 -213.65 8 1497 579.77 -223.83
5.696932 -3.184033 -0.380294
77 70 63
2 0 2428 -488.59 91.54 1 2495 -549.07 144.11
6.578706 -3.226515 0.150787
145 146 133
10 0 2434 -176.92 82.62 1 2177 -240.79 99.38 2 2146 -254.46 115.38 3 2447 -253.05 24.25 4 2547 -186.12 -10.63 5 2450 -140.96 33.20 6 1437 -216.39 -139.53 7 2313 -281.53 -45.39 8 1856 -315.72 -102.45 9 2084 -328.75 -69.57
6.712162 -3.219484 0.117712
79 64 57
4 0 2437 -118.54 85.27 1 2178 -182.34 99.49 2 2148 -195.61 114.79 4 2548 -123.95 -16.04
6.711793 -3.219697 0.111852
79 64 57
3 0 2438 -118.54 85.27 1 2179 -182.34 99.49 2 2147 -195.61 114.79
6.764507 -3.221877 0.107882
36 26 17
12 0 2439 -96.94 84.17 1 2519 -159.74 98.20 2 2454 -174.59 110.77 3 2745 -173.95 17.85 4 2866 -101.88 -20.38 5 2756 -60.55 21.38 6 1750 -136.32 -152.16 7 2315 -202.49 -60.84 8 1861 -240.54 -119.27 9 2089 -254.40 -88.80 10 2045 -270.70 -147.17 11 2424 -302.97 -234.43
7.660051 -3.218146 -0.274741
75 60 53
2 0 2442 259.34 83.64 1 2208 202.01 88.09
7.720061 -3.212487 -0.510631
62 44 42
2 0 2443 270.73 82.94 1 2187 211.46 94.72
7.741694 -3.261274 -0.578250
61 46 41
7 0 2445 275.05 64.38 1 2533 214.52 79.34 2 2185 202.96 91.29 3 2455 201.42 11.57 4 2554 287.58 -17.83 5 2480 309.94 18.33 6 1442 237.85 -132.70
6.116578 -3.296940 0.087911
76 67 62
4 0 2453 -368.59 50.95 1 2200 -434.71 81.31 2 2142 -447.13 109.77 3 1924 -443.15 35.15
6.261119 -3.298432 0.120613
137 138 125
6 0 2455 -311.26 49.96 1 2528 -376.52 76.75 2 2444 -390.02 101.26 3 2738 -386.40 21.69 4 2849 -329.48 -1.42 5 2734 -276.62 47.57
6.461288 -3.343969 0.177263
69 52 44
6 0 2456 -229.39 31.56 1 2219 -295.59 50.58 2 2172 -309.80 69.69 3 2463 -310.13 -17.16 4 2562 -249.52 -50.79 5 2474 -202.95 -2.31
6.512051 -3.312867 0.173457
62 55 45
7 0 2457 -205.22 46.36 1 2204 -271.12 63.27 2 2171 -287.72 79.92 3 2464 -286.84 -8.49 4 2871 -225.63 -43.14 5 2754 -179.88 4.20 6 1452 -255.38 -164.59
6.528628 -3.337822 0.180225
100 93 83
4 0 2458 -200.10 34.36 1 2220 -266.64 51.74 2 2175 -281.49 69.02 3 2467 -281.73 -20.01
6.677590 -3.280807 0.146380
42 32 32
8 0 2460 -133.78 59.90 1 2206 -199.67 73.92 2 2177 -214.37 87.99 3 2449 -215.13 -3.72 4 2876 -146.21 -41.90 5 2476 -105.44 1.02 6 1759 -180.69 -168.78 7 2578 -246.98 -74.66
6.805505 -3.309816 0.095711
81 64 54
6 0 2461 -78.87 47.73 1 2222 -144.90 59.15 2 2181 -159.78 72.73 3 2468 -160.56 -17.10 4 2064 -88.58 -57.43 5 1374 -50.22 -13.97
6.954165 -3.330569 0.048122
76 62 53
3 0 2462 -14.74 38.45 1 2223 -80.24 49.42 2 2183 -96.21 62.06
7.774369 -3.354091 -0.701767
76 58 55
2 0 2465 279.55 31.15 1 1688 218.53 47.60
8.108184 -3.306626 -0.664804
165 173 169
2 0 2467 401.41 48.59 1 2229 339.40 57.05
8.224065 -3.304307 -0.227024
122 103 97
3 0 2468 487.99 51.25 1 1694 419.23 41.62 2 1690 402.10 38.36
8.291129 -3.343340 -0.207881
179 184 184
3 0 2470 515.51 35.95 1 2251 446.98 24.88 2 2228 427.89 18.91
8.436101 -3.305811 -0.306691
93 75 53
2 0 2471 561.37 50.61 1 2233 492.74 40.06
6.232527 -3.379469 0.093045
121 118 110
3 0 2477 -319.57 16.47 1 2217 -387.46 43.38 2 2170 -401.01 70.35
6.570286 -3.407189 0.197385
37 25 19
4 0 2480 -181.54 5.29 1 2555 -251.50 19.39 2 2192 -267.25 35.95 3 2489 -269.37 -51.77
6.570735 -3.407171 0.191877
37 25 19
12 0 2481 -181.54 5.29 1 2554 -251.50 19.39 2 2191 -267.25 35.95 3 2488 -269.37 -51.77 4 2572 -208.01 -89.89 5 2501 -164.80 -40.75 6 1469 -240.10 -207.63 7 1930 -307.23 -106.42 8 1448 -343.68 -156.48 9 1728 -357.53 -119.33 11 1833 -404.24 -252.24 12 326 -416.48 -70.11
6.748817 -3.409582 0.135900
72 58 49
2 0 2482 -102.97 4.28 1 2240 -170.94 17.63
7.449664 -3.399439 -0.684556
68 53 48
8 0 2483 165.05 15.36 1 2224 103.52 37.74 2 2466 91.37 60.83 3 2470 88.51 -7.43 4 2046 162.25 -25.93 5 2478 190.74 18.39 7 2294 65.90 -14.48 8 1841 25.58 -68.84
7.514609 -3.391934 -0.696744
60 46 43
8 0 2485 187.40 16.79 1 2225 126.02 39.36 2 2467 113.73 61.60 3 2471 111.16 -7.09 4 2552 188.00 -26.04 5 2479 214.13 17.03 6 1414 145.64 -122.16 7 1850 86.20 -19.12
7.711086 -3.370810 -0.669719
40 25 22
3 0 2486 257.94 24.70 1 2226 198.14 42.88 2 2196 183.89 59.13
7.751428 -3.413180 -0.622558
46 31 30
3 0 2487 275.74 10.00 1 2244 212.29 24.37 2 2200 198.46 40.91
7.909918 -3.398353 -0.640659
57 43 40
2 0 2492 332.06 15.42 1 2246 268.20 27.62
8.293586 -3.368902 -0.179567
110 102 100
2 0 2496 520.00 25.77 1 2252 449.99 13.71
6.512405 -3.440374 0.197946
67 51 45
3 0 2504 -208.04 -9.64 1 2239 -277.37 6.59 2 1696 -291.41 25.25
6.520565 -3.467867 0.198508
107 96 90
8 0 2505 -203.90 -21.75 1 2261 -272.72 -5.03 2 1697 -290.66 12.33 3 2508 -293.87 -72.68 4 2595 -235.23 -109.69 5 2502 -190.83 -58.52 6 1468 -268.17 -223.33 7 1929 -335.46 -118.59
6.601911 -3.475168 0.191073
108 101 95
6 0 2507 -168.04 -24.53 1 2262 -237.45 -9.29 2 2219 -254.89 6.72 3 2034 -259.15 -80.66 4 2596 -199.54 -120.24 5 2520 -157.90 -68.48
6.809221 -3.456603 0.149521
46 27 28
