# Bundle file v0.3
56 19157
1684.858835 0.0 0.0
0.601615 0.448453 -0.661022
-0.431698 -0.513731 -0.741429
-0.672084 0.731416 -0.115472
-5.855932 -6.199459 -10.654126
1691.725805 0.0 0.0
0.552220 0.436085 -0.710551
-0.431442 -0.579805 -0.691147
-0.713379 0.688227 -0.132035
-6.352032 -5.731020 -10.868812
1676.627857 0.0 0.0
0.513441 0.397564 -0.760474
-0.325780 -0.729550 -0.601352
-0.793880 0.556506 -0.245062
-6.938124 -4.662384 -11.261594
1681.383204 0.0 0.0
0.500862 0.356324 -0.788778
-0.309733 -0.777187 -0.547764
-0.808210 0.518664 -0.278898
-7.226849 -4.308959 -11.691807
1674.830971 0.0 0.0
0.518499 0.285354 -0.806059
-0.243182 -0.854537 -0.458943
-0.819769 0.433980 -0.373684
-7.208366 -3.315801 -12.934148
1668.794762 0.0 0.0
0.532161 0.226841 -0.815689
-0.207398 -0.899157 -0.385361
-0.820848 0.374246 -0.431450
-7.082674 -2.676391 -13.464022
1665.797714 0.0 0.0
0.518350 0.168475 -0.838409
-0.167316 -0.941474 -0.292629
-0.838641 0.291963 -0.459825
-7.052819 -1.562923 -13.646498
1663.573149 0.0 0.0
0.503104 0.131395 -0.854179
-0.155974 -0.958339 -0.239285
-0.850034 0.253615 -0.461650
-7.278250 -1.577352 -13.539813
1662.576300 0.0 0.0
0.500482 0.071450 -0.862794
-0.118091 -0.981640 -0.149793
-0.857655 0.176857 -0.482855
-7.251932 -0.566740 -13.726477
1653.875234 0.0 0.0
0.500624 0.015020 -0.865534
-0.072674 -0.995591 -0.059311
-0.862609 0.092594 -0.497325
-6.935789 0.039053 -13.887407
1662.553386 0.0 0.0
0.494609 -0.026044 -0.868725
-0.017099 -0.999649 0.020234
-0.868947 0.004847 -0.494881
-7.082754 0.840686 -13.766113
1641.213993 0.0 0.0
0.492843 -0.068319 -0.867432
0.046987 -0.993369 0.104934
-0.868849 -0.092474 -0.486365
-6.964540 1.834208 -13.431156
1655.811749 0.0 0.0
0.475482 -0.125426 -0.870738
0.090807 -0.977500 0.190391
-0.875026 -0.169597 -0.453394
-7.042035 2.141345 -12.891835
1649.421277 0.0 0.0
0.457765 -0.194622 -0.867510
0.121412 -0.952921 0.277850
-0.880744 -0.232516 -0.412584
-7.092622 2.992625 -12.151613
1655.007324 0.0 0.0
0.439763 -0.249812 -0.862672
0.198851 -0.909615 0.364774
-0.875824 -0.331957 -0.350339
-7.140783 3.735556 -11.450800
1651.298519 0.0 0.0
0.468660 -0.280958 -0.837509
0.240827 -0.871527 0.427134
-0.849918 -0.401876 -0.340787
-6.907304 4.646455 -11.302317
1647.481720 0.0 0.0
0.564859 -0.283955 -0.774793
0.246363 -0.838076 0.486758
-0.787553 -0.465830 -0.403439
-6.316750 5.358439 -12.078243
1663.366508 0.0 0.0
0.586381 -0.314919 -0.746313
0.274139 -0.789817 0.548668
-0.762237 -0.526322 -0.376802
-6.060566 5.317398 -11.812626
1663.426123 0.0 0.0
0.574687 -0.370150 -0.729880
0.315588 -0.722647 0.614967
-0.755076 -0.583755 -0.298481
-6.255718 6.146544 -10.666181
1659.457981 0.0 0.0
0.608146 -0.386269 -0.693509
0.340119 -0.662591 0.667302
-0.717271 -0.641693 -0.271574
-5.165944 6.200830 -10.902541
1659.051312 0.0 0.0
0.613392 -0.420643 -0.668438
0.375332 -0.589419 0.715340
-0.694893 -0.689670 -0.203664
-5.111214 6.860106 -10.459157
1661.154560 0.0 0.0
0.616458 -0.469879 -0.631818
0.384135 -0.520981 0.762246
-0.687328 -0.712596 -0.140666
-5.077157 7.288252 -9.657675
1664.976942 0.0 0.0
0.639508 -0.490086 -0.592321
0.424330 -0.417457 0.803538
-0.641072 -0.765209 -0.059009
-4.550858 7.466205 -8.882531
1654.764938 0.0 0.0
0.653887 -0.523534 -0.546209
0.450432 -0.310681 0.837012
-0.607901 -0.793341 0.032666
-4.153024 7.894512 -7.854655
1669.707821 0.0 0.0
0.676462 -0.530028 -0.511341
0.473913 -0.218191 0.853111
-0.563743 -0.819429 0.103590
-3.946679 8.269712 -7.126218
1681.777236 0.0 0.0
0.697487 -0.530390 -0.481870
0.480448 -0.152796 0.863610
-0.531679 -0.833870 0.148252
-3.603506 7.668207 -7.152501
1673.354731 0.0 0.0
0.740299 -0.520337 -0.425683
0.492796 -0.010687 0.870079
-0.457284 -0.853894 0.248509
-3.244638 7.646769 -6.613707
1663.478763 0.0 0.0
0.767786 -0.508478 -0.389813
0.497026 0.088753 0.863185
-0.404314 -0.856489 0.320870
-2.913919 7.379571 -6.104484
1661.473548 0.0 0.0
0.799497 -0.485405 -0.353818
0.494437 0.197336 0.846517
-0.341083 -0.851728 0.397772
-2.504967 7.536042 -5.564756
1658.939365 0.0 0.0
0.832767 -0.446490 -0.327331
0.489769 0.318490 0.811597
-0.258118 -0.836188 0.483905
-2.269506 7.265655 -4.872217
1656.832006 0.0 0.0
0.838350 -0.456617 -0.297775
0.470810 0.331141 0.817731
-0.274784 -0.825740 0.492592
-1.858151 6.772652 -4.355778
1649.308165 0.0 0.0
0.871371 -0.432919 -0.230854
0.439450 0.479453 0.759611
-0.218167 -0.763351 0.608028
-1.405784 6.327479 -3.141502
1651.198853 0.0 0.0
0.896327 -0.403507 -0.183791
0.407914 0.587958 0.698506
-0.173790 -0.701061 0.691599
-0.811572 5.942858 -2.275259
1650.146430 0.0 0.0
0.907778 -0.389711 -0.155124
0.389384 0.645467 0.657079
-0.155943 -0.656885 0.737688
-0.698539 5.410574 -1.954663
1667.780491 0.0 0.0
0.932130 -0.337130 -0.132204
0.347076 0.727578 0.591750
-0.103307 -0.597473 0.795207
-0.563660 4.985426 -1.489141
1656.393466 0.0 0.0
0.948050 -0.301056 -0.102790
0.307707 0.785832 0.536455
-0.080727 -0.540216 0.837646
-0.316651 4.504666 -1.234274
1651.987183 0.0 0.0
0.962673 -0.255233 -0.090094
0.268145 0.853979 0.445890
-0.036867 -0.453404 0.890542
-0.147332 3.917864 -0.697881
1655.693866 0.0 0.0
0.974616 -0.208511 -0.081526
0.223587 0.887807 0.402253
-0.011495 -0.410271 0.911891
0.102040 2.916926 -0.531345
1659.809842 0.0 0.0
0.985000 -0.157026 -0.071541
0.170481 0.949671 0.262794
0.026675 -0.271048 0.962196
-0.013691 1.863984 -0.278939
1654.460264 0.0 0.0
0.991758 -0.115800 -0.054835
0.124751 0.970321 0.207158
0.029219 -0.212291 0.976770
-0.161107 1.354783 -0.547531
1198.035138 0.0 0.0
0.758833 0.479409 -0.440839
-0.555467 0.122992 -0.822392
-0.340043 0.868930 0.359627
-3.849296 -7.092828 -4.082436
1662.736579 0.0 0.0
0.997274 -0.062878 -0.038619
0.066965 0.991020 0.115735
0.030995 -0.118006 0.992529
-0.141482 0.443396 -0.300865
1641.976261 0.0 0.0
0.999652 -0.012438 -0.023243
0.012213 0.999877 -0.009806
0.023362 0.009519 0.999682
-0.015559 -0.580987 -0.178713
1644.696077 0.0 0.0
0.998656 0.042314 -0.029914
-0.045983 0.989767 -0.135081
0.023892 0.136276 0.990383
-0.137299 -1.488793 -0.150130
1641.477474 0.0 0.0
0.994568 0.098441 -0.033833
-0.102574 0.982162 -0.157593
0.017716 0.160207 0.986924
-0.352249 -1.766210 -0.253921
1640.293203 0.0 0.0
0.987394 0.156288 -0.025031
-0.156869 0.945202 -0.286332
-0.021091 0.286649 0.957804
-0.133769 -2.965064 -0.009159
1642.883462 0.0 0.0
0.978914 0.195708 -0.058534
-0.203888 0.918486 -0.338841
-0.012551 0.343630 0.939021
-0.395392 -3.378294 -0.267823
1644.451442 0.0 0.0
0.965833 0.250090 -0.067976
-0.255295 0.872953 -0.415664
-0.044614 0.418816 0.906974
-0.540998 -4.251975 -0.552285
1634.496799 0.0 0.0
0.956265 0.272132 -0.107250
-0.288938 0.821751 -0.491162
-0.045528 0.500669 0.864441
-0.727154 -4.728139 -1.116454
1639.754457 0.0 0.0
0.935140 0.331646 -0.124596
-0.339641 0.739186 -0.581591
-0.100783 0.586187 0.803883
-1.182336 -5.371592 -1.664762
1627.725848 0.0 0.0
0.914839 0.366767 -0.168971
-0.378791 0.634387 -0.673847
-0.139951 0.680467 0.719291
-1.592120 -6.261427 -2.719959
1459.822642 0.0 0.0
0.679788 0.585164 -0.442121
-0.479323 -0.101793 -0.871715
-0.555101 0.804501 0.211284
-4.210140 -7.455422 -6.628131
1630.146578 0.0 0.0
0.893934 0.398776 -0.204598
-0.412219 0.552307 -0.724591
-0.175949 0.732076 0.658109
-1.910344 -6.517519 -3.319672
1486.698164 0.0 0.0
0.667316 0.547286 -0.505140
-0.512478 -0.154727 -0.844646
-0.540421 0.822519 0.177220
-4.441252 -7.030363 -6.924046
1432.512194 0.0 0.0
0.641735 0.552777 -0.531614
-0.552363 -0.147743 -0.820406
-0.532044 0.820128 0.210522
-4.778978 -7.053553 -6.647178
1450.844590 0.0 0.0
0.599812 0.557627 -0.573827
-0.590012 -0.176181 -0.787938
-0.540473 0.811180 0.223331
-5.292957 -6.779587 -6.545355
-0.770973 -0.763652 -8.076729
150 145 141
16 42 4511 -116.00 -253.48 43 4651 -138.60 -223.51 44 4694 -181.40 -230.57 41 3727 -110.62 -263.55 39 3298 -78.25 -230.70 38 3523 -15.90 -235.98 37 3698 37.22 -257.82 36 3311 7.48 -118.53 35 3004 2.67 -145.74 34 2308 9.55 -138.77 33 2468 34.05 -155.28 32 2997 66.80 -105.60 31 2354 25.80 -115.27 30 2439 54.50 -99.27 29 2352 14.80 16.99 28 2221 22.41 32.69
-0.650516 -0.673898 -8.023782
144 140 128
20 42 3934 -92.94 -236.28 43 4043 -114.91 -209.03 44 4111 -157.62 -217.69 45 4441 -141.44 -251.02 46 3952 -142.03 -235.34 47 3472 -162.44 -273.47 48 3311 -132.64 -225.66 49 3726 -199.01 -192.33 41 3306 -87.98 -242.86 39 3272 -56.58 -208.42 38 3093 6.19 -210.43 37 3329 58.34 -230.81 36 3287 27.57 -89.32 35 2984 21.08 -115.88 34 2280 26.84 -107.61 33 2446 48.95 -123.90 32 2757 79.72 -74.94 31 2335 37.41 -85.23 30 2438 63.23 -70.59 29 2006 22.56 44.66
-0.500609 -0.612651 -8.029940
124 117 107
15 42 4500 -63.94 -223.83 43 4044 -84.76 -198.10 44 4112 -126.58 -208.16 45 4442 -109.29 -243.07 47 3474 -129.18 -269.65 48 3313 -100.03 -223.92 41 3720 -59.67 -229.30 39 3553 -29.19 -193.48 38 3495 35.50 -193.60 37 3678 87.69 -211.76 35 3239 48.27 -96.04 34 2552 52.28 -86.99 32 2980 104.32 -52.35 31 2545 61.22 -62.86 30 2688 83.27 -49.13
-0.803320 -0.291996 -8.154730
151 149 126
20 42 2480 -123.19 -157.99 43 2520 -140.72 -126.71 44 2556 -178.04 -134.43 45 3677 -160.25 -162.17 46 3885 -156.32 -147.51 47 2616 -171.61 -187.00 48 2489 -138.48 -143.89 49 2841 -200.57 -113.13 50 1253 -198.50 -121.54 52 1184 -200.18 -81.76 41 1711 -121.42 -167.73 39 1993 -93.12 -140.19 38 2403 -36.57 -143.27 37 2684 9.26 -169.90 36 1925 -23.11 -38.56 35 1718 -31.79 -73.20 34 1061 -29.60 -72.52 33 1397 -10.06 -96.43 32 693 19.59 -54.24 31 506 -20.84 -76.47
1.192040 1.963292 -7.959907
50 30 17
11 42 4090 270.82 299.87 43 4227 291.74 315.67 44 4274 273.61 275.43 41 2791 243.70 307.78 39 2766 233.77 334.00 38 3235 281.01 362.77 37 2903 290.15 332.88 36 2325 231.80 448.99 35 2118 192.11 393.45 34 1372 173.55 388.68 32 1321 165.54 358.69
0.655788 2.077153 -8.122495
157 140 115
11 42 2932 160.13 314.47 43 2981 177.31 340.67 44 3043 162.72 308.04 41 2152 135.08 313.00 39 2296 128.82 330.13 38 2111 171.63 349.92 37 2451 182.58 309.69 36 1489 127.04 417.14 35 1328 92.45 356.69 34 1407 76.08 345.99 33 1778 60.14 292.50
-0.533799 0.263418 -8.271303
20 24 23
17 42 3742 -69.95 -47.00 43 3848 -81.41 -16.80 44 3896 -112.97 -29.04 45 4679 -86.19 -55.11 46 4880 -78.89 -46.56 47 4399 -88.93 -93.11 48 4330 -55.92 -59.49 49 4307 -114.19 -38.33 50 4142 -113.35 -61.71 52 4130 -113.34 -30.50 41 3012 -72.05 -55.91 39 2931 -50.85 -32.13 38 2848 2.27 -30.11 37 3075 40.84 -60.01 36 2999 3.46 62.86 34 1595 -11.66 19.73 33 1916 -1.75 -13.17
-0.574697 0.163321 -8.240446
26 21 25
12 42 3744 -77.98 -66.99 43 3869 -90.76 -37.11 44 3914 -123.46 -48.50 45 4735 -98.13 -75.57 46 4481 -92.02 -65.89 47 3945 -102.69 -111.47 41 3077 -79.51 -75.57 39 2997 -57.10 -50.85 38 2891 -3.03 -49.34 37 3128 36.80 -77.99 36 3069 0.23 46.74 33 1918 -1.23 -24.83
-0.871880 0.334974 -8.417206
16 12 13
22 42 4195 -132.84 -31.97 43 4302 -143.70 4.83 44 4340 -173.69 -3.28 45 4652 -149.34 -21.01 46 4847 -139.36 -8.30 47 4387 -147.86 -49.80 48 4327 -111.78 -14.63 49 4882 -167.32 11.43 50 4823 -162.43 -11.40 52 4817 -160.01 21.65 41 3525 -135.23 -48.15 39 2927 -113.89 -31.21 38 2840 -64.65 -34.12 37 3126 -27.55 -72.41 36 3062 -63.74 42.41 35 2743 -76.18 -4.06 33 1951 -63.27 -48.71 51 3905 -166.75 49.08 53 3413 -113.39 91.21 54 3458 -128.62 58.40 55 3564 -154.19 64.09 40 4175 -119.25 64.80
-0.872627 0.338182 -8.421648
16 12 13
10 42 4196 -132.84 -31.97 43 4303 -143.70 4.83 44 4341 -173.69 -3.28 45 4653 -149.34 -21.01 46 4848 -139.36 -8.30 41 3526 -135.23 -48.15 39 2928 -113.89 -31.21 36 3063 -63.74 42.41 35 2744 -76.18 -4.06 33 1952 -63.27 -48.71
-1.064917 -0.287069 -8.049042
12 10 13
11 42 4397 -176.06 -159.33 43 3931 -194.36 -127.52 44 4013 -231.25 -134.06 41 3654 -174.11 -168.72 39 3512 -145.73 -143.51 38 3442 -91.70 -147.82 37 3619 -47.03 -175.93 36 3592 -80.44 -44.60 35 3237 -89.43 -78.92 34 2233 -88.44 -77.33 33 2024 -69.57 -103.30
-0.393211 -0.488032 -8.041551
24 19 27
13 42 4503 -43.05 -198.52 43 4637 -62.45 -174.02 44 4659 -103.45 -185.97 45 4995 -83.33 -222.12 46 5182 -83.61 -210.47 41 3703 -39.33 -201.86 39 3551 -10.86 -166.28 38 3493 52.55 -164.12 37 3639 102.98 -181.47 36 3598 70.46 -41.16 35 2912 62.14 -67.95 34 2218 65.71 -58.16 33 2415 84.44 -74.71
-0.371735 -0.551636 -8.042287
119 107 91
13 42 3905 -38.01 -211.13 43 4017 -58.73 -186.79 44 4113 -100.17 -198.71 45 4444 -81.30 -234.58 46 4608 -82.40 -222.46 41 3274 -33.89 -215.00 39 3239 -4.65 -178.42 38 3062 59.22 -176.01 37 3278 111.27 -193.44 36 3263 78.50 -51.98 35 2959 70.56 -77.52 34 2219 75.07 -66.92 33 2417 94.93 -82.70
-1.185337 -0.549184 -7.947929
87 63 37
10 42 4824 -203.96 -215.03 43 4959 -224.86 -184.33 41 4008 -200.09 -225.16 39 3797 -166.39 -193.78 38 3796 -110.74 -201.29 37 3946 -62.40 -225.86 36 3972 -95.12 -92.39 35 3558 -102.49 -124.25 34 2887 -99.61 -121.76 33 2869 -75.82 -140.41
-2.367304 -1.023999 -7.821671
143 123 96
11 42 4834 -448.46 -317.44 43 4971 -470.52 -275.05 44 5011 -512.75 -264.41 41 4026 -445.58 -340.04 39 3811 -406.10 -319.10 38 3862 -357.94 -343.14 37 4014 -313.06 -382.05 36 3980 -340.28 -250.46 35 3563 -341.59 -289.25 34 2896 -338.17 -297.10 33 2940 -304.40 -325.60
-0.370151 2.274326 -9.766766
133 116 87
17 42 4086 -30.97 295.56 43 4735 -20.62 362.66 44 4770 -28.57 352.76 45 5081 17.90 384.71 46 5408 47.36 400.55 47 4904 64.09 371.19 48 4753 111.49 400.94 49 5272 86.73 429.56 50 5075 107.29 382.05 52 5077 131.22 402.42 41 3437 -43.33 250.88 39 3390 -38.08 234.66 38 3252 -4.60 225.92 37 2963 13.66 149.07 36 3501 -27.23 223.11 35 2625 -49.26 146.95 34 1463 -56.05 117.73
0.306364 0.499276 -8.340421
25 19 26
15 42 4189 92.46 0.46 43 4330 86.61 23.15 44 4356 55.50 1.26 45 4669 94.97 -32.02 46 4867 101.39 -32.55 48 4363 120.48 -62.68 49 4950 62.19 -51.64 50 4221 54.05 -84.62 52 4209 51.85 -62.01 39 2869 101.86 28.05 38 2775 158.87 39.28 37 3004 194.02 14.73 36 2937 152.94 139.81 35 2645 132.91 100.99 34 1473 129.30 102.91
-1.054601 -0.160946 -8.048254
19 15 14
12 42 4396 -175.26 -134.87 43 4529 -192.44 -103.42 44 4531 -228.28 -110.17 45 4856 -212.64 -136.80 46 4996 -206.92 -120.89 41 3608 -173.68 -144.74 39 3493 -146.03 -118.43 38 3400 -93.31 -121.76 37 3225 -50.12 -148.59 36 3194 -84.46 -18.60 35 2323 -94.35 -55.75 34 1658 -94.17 -56.37
-0.579257 1.742849 -9.515881
132 111 80
10 42 4611 -68.28 211.27 43 4748 -64.57 272.69 44 4786 -77.68 264.21 41 3446 -77.11 172.54 39 3404 -66.76 162.97 38 3268 -29.30 154.27 37 3495 -7.63 85.08 36 3511 -47.48 166.93 35 2634 -66.28 96.87 34 2029 -71.31 70.03
-0.465955 -0.514457 -8.027501
138 131 108
16 42 4502 -57.51 -204.26 43 4633 -77.22 -179.12 44 4656 -118.39 -190.34 45 4988 -99.12 -226.22 46 5179 -99.28 -213.69 47 4685 -118.23 -255.62 48 4022 -89.15 -211.46 49 4506 -155.18 -181.74 50 4436 -158.49 -185.80 41 3702 -53.58 -208.11 39 3549 -24.73 -172.94 38 3491 38.36 -171.62 37 3635 89.13 -189.42 36 3595 56.79 -49.01 35 2956 48.42 -75.74 34 2210 52.73 -66.46
-0.581122 0.225449 -8.262359
139 134 114
15 42 926 -79.15 -55.03 43 953 -91.15 -24.32 44 958 -123.22 -35.69 45 2729 -97.33 -61.52 46 1142 -90.12 -52.52 47 2513 -100.66 -98.16 48 994 -67.57 -63.55 49 1139 -125.79 -41.32 50 1086 -124.53 -63.78 52 1057 -124.66 -31.91 41 656 -81.05 -63.69 39 691 -59.18 -40.02 37 633 32.96 -68.50 36 575 -3.87 54.91 35 471 -17.43 14.27
0.275282 0.088115 -8.248380
129 120 92
11 42 3762 87.96 -79.73 43 3874 77.04 -59.43 44 3951 41.01 -79.99 45 4304 74.49 -117.07 46 4514 76.85 -115.12 47 3986 62.54 -167.49 39 3046 106.89 -45.20 38 2886 168.52 -34.73 37 3113 209.84 -53.54 36 3046 171.74 79.23 35 2267 153.70 47.52
-1.601562 0.382939 -7.703094
169 149 116
11 42 3716 -300.67 -29.10 43 4301 -316.68 0.65 44 4339 -346.69 -3.61 45 4651 -332.86 -33.36 46 4460 -322.42 -19.17 47 3931 -331.79 -69.04 39 2926 -276.12 -13.12 38 2838 -231.95 -15.06 37 3072 -196.72 -43.06 36 2994 -234.78 82.32 35 2690 -246.26 38.51
0.166758 0.585981 -8.371921
131 126 104
12 42 2304 65.15 16.94 43 2332 60.05 42.19 44 2348 30.11 21.62 45 2688 69.65 -8.19 46 2886 77.27 -7.82 47 2472 70.02 -62.95 48 2391 99.42 -37.28 50 1104 36.63 -60.53 41 576 59.27 12.91 39 520 73.42 39.10 38 484 129.07 49.00 36 372 120.98 142.92
0.856760 2.708782 -8.032534
72 50 27
15 42 2828 200.11 447.39 43 3533 229.69 478.79 44 3623 222.02 441.72 45 3901 316.82 418.28 46 4097 344.82 397.95 47 3649 370.55 302.55 48 3544 411.34 291.50 49 4008 378.04 252.70 50 3987 372.19 131.26 52 4047 380.84 106.53 41 2027 166.93 439.86 39 2256 151.85 449.86 38 2064 188.82 472.71 37 1560 190.02 422.69 36 1421 129.20 523.36
-0.628562 1.493734 -9.582523
146 119 89
11 42 2126 -74.86 167.46 43 2112 -72.92 227.86 44 3096 -87.25 221.33 45 3345 -51.11 242.77 46 3490 -28.55 257.98 47 3035 -21.90 229.05 41 1343 -82.71 127.51 39 384 -71.85 117.33 38 1387 -31.28 110.32 37 1841 -7.17 42.42 36 1685 -45.13 126.69
0.273257 0.556647 -8.366161
133 127 102
14 42 3702 85.81 11.54 43 3813 80.84 35.09 44 3875 50.38 13.76 45 4259 90.50 -18.26 46 4470 97.69 -18.35 47 3937 89.63 -74.36 48 3856 118.02 -48.67 49 4320 60.88 -38.09 50 4217 53.70 -72.41 41 2934 80.25 8.99 39 2442 93.98 36.75 38 2292 150.16 47.43 37 2570 184.16 21.13 36 1694 142.40 144.22
-0.575994 0.481300 -8.381772
19 20 14
7 42 4197 -76.53 -4.54 43 4791 -85.55 28.64 45 5156 -86.42 -4.76 41 3508 -80.93 -16.75 38 2793 -10.98 4.41 37 3016 23.71 -31.07 36 2509 -15.01 85.80
-0.544766 0.332622 -8.297017
132 127 98
15 42 3184 -72.00 -33.93 43 3826 -82.97 -2.72 44 3322 -113.53 -14.90 45 4275 -86.24 -40.01 46 4461 -78.29 -31.23 47 3317 -87.41 -78.26 48 3847 -53.99 -44.99 49 3606 -111.06 -23.44 50 3402 -109.94 -48.91 52 3397 -109.04 -18.27 41 2446 -74.52 -42.65 39 2491 -53.87 -20.30 38 2330 -2.05 -18.70 37 2596 35.79 -49.52 36 2511 -1.64 71.49
-0.462543 0.293056 -8.278226
136 130 107
14 42 4245 -56.20 -41.31 43 4345 -67.14 -11.62 44 4370 -98.73 -24.77 45 4677 -70.68 -51.26 46 4885 -63.35 -43.40 48 4333 -40.72 -58.12 49 4902 -98.58 -37.36 50 4144 -98.51 -62.13 52 4133 -98.72 -32.04 41 3016 -58.35 -49.59 39 2932 -38.03 -25.28 38 2847 15.39 -22.13 37 3073 53.50 -51.77 36 2997 16.07 71.16
-0.509448 0.194210 -8.246409
129 122 103
14 42 4242 -65.26 -60.73 43 4346 -77.55 -31.27 44 4418 -110.14 -43.87 45 4739 -83.61 -71.03 46 4882 -77.11 -62.36 47 4441 -88.14 -108.94 48 4374 -55.74 -74.67 49 4903 -114.46 -52.50 50 4173 -114.50 -74.86 52 4159 -115.41 -43.08 39 3000 -45.25 -43.67 38 2893 8.84 -41.31 37 3129 48.43 -69.65 36 3067 11.63 54.92
-1.791030 -0.724762 -7.616363
27 16 14
7 42 3345 -340.02 -262.23 43 3385 -363.86 -230.88 41 3317 -338.03 -273.21 39 2621 -301.39 -241.74 38 2495 -250.06 -251.51 37 3343 -202.18 -275.69 36 3323 -233.72 -135.04
0.925578 2.314559 -7.948391
29 20 25
15 42 4768 216.04 371.15 43 4902 240.76 394.02 44 5039 228.02 356.27 45 5335 316.39 319.62 46 5572 338.87 297.37 47 5065 357.65 201.18 48 4932 393.08 192.07 49 5470 351.03 155.71 50 5262 339.83 48.74 52 5265 343.22 31.70 41 3950 184.88 371.91 39 3626 172.88 391.32 38 3592 213.73 416.18 37 3437 220.12 374.96 36 3437 160.53 483.15
-0.546707 1.542951 -9.560941
129 106 75
8 42 4133 -61.01 176.01 43 3658 -58.39 236.71 45 4572 -35.48 248.23 41 3458 -69.24 138.56 39 3413 -57.00 131.23 38 3278 -18.45 121.11 37 3500 3.48 52.64 36 3520 -34.30 137.96
-0.320477 -0.460687 -8.061186
136 123 95
10 42 4470 -28.31 -192.46 43 4638 -47.25 -168.55 44 4664 -88.18 -181.30 45 4996 -67.06 -217.69 46 5183 -67.18 -206.83 41 3675 -24.69 -195.40 39 3528 3.13 -159.40 38 3462 66.79 -156.63 37 3638 117.26 -173.61 36 3571 84.14 -33.49
0.815580 -0.758118 -7.255837
92 53 22
6 42 4709 217.84 -278.83 43 4864 192.86 -288.55 44 4712 138.71 -316.94 41 3893 224.13 -247.08 39 3710 251.83 -174.66 36 3768 357.28 61.71
-0.289512 -0.931341 -7.895822
127 119 107
15 42 4710 -22.67 -293.23 43 4860 -47.01 -270.55 44 4893 -93.94 -282.15 45 5209 -76.38 -323.43 46 5386 -81.41 -309.24 47 4881 -104.78 -348.44 48 4734 -78.28 -297.92 49 5075 -148.45 -264.83 50 4868 -154.82 -257.73 52 4862 -162.74 -213.31 41 3904 -15.37 -294.37 39 3723 17.84 -252.92 38 3804 88.02 -248.79 37 4007 147.42 -259.10 36 3910 116.59 -106.93
0.200906 0.597009 -8.376860
128 122 98
12 42 2305 70.80 18.90 43 2333 66.46 43.85 44 895 37.65 23.39 45 2689 76.46 -7.16 46 2887 84.02 -6.79 47 2473 77.05 -62.21 48 2392 106.49 -36.74 50 1105 44.53 -61.04 52 1144 43.15 -38.86 41 580 66.09 15.62 39 519 79.99 41.72 37 497 169.32 24.43
-0.210380 0.495212 -8.331359
122 114 98
14 42 740 -7.65 -1.72 43 853 -15.21 26.68 44 2346 -44.73 10.64 45 2681 -11.93 -16.71 46 2883 -3.63 -12.15 47 2468 -11.36 -63.18 48 2352 20.38 -33.97 49 2746 -36.39 -18.20 50 1098 -38.28 -49.27 52 1061 -38.04 -23.06 41 1558 -11.10 -6.81 39 570 5.55 15.48 38 525 59.06 21.22 37 561 93.83 -8.36
-0.902311 0.224900 -8.353887
29 24 21
10 42 921 -139.99 -54.99 43 943 -152.73 -19.12 44 2389 -183.03 -26.43 45 3615 -160.00 -43.92 46 2874 -152.88 -32.68 47 2508 -162.20 -72.99 48 2347 -126.37 -36.16 39 690 -117.96 -50.82 38 562 -67.42 -53.98 37 689 -29.19 -89.67
1.037760 2.501645 -7.913484
178 158 119
7 42 2853 239.98 411.55 43 2911 268.70 435.18 44 2969 257.70 395.15 41 2032 206.74 412.81 39 1435 191.41 429.27 38 2068 232.08 455.93 37 1563 233.24 413.33
0.370060 0.505558 -8.348046
119 115 93
13 42 3163 104.74 1.85 43 3228 99.24 23.72 44 3295 67.87 1.69 45 3593 108.64 -32.73 46 3794 114.67 -33.41 47 3319 105.53 -89.87 48 3182 133.47 -64.66 49 3629 74.85 -54.26 50 3436 66.17 -87.58 52 3430 63.00 -65.32 39 1832 113.98 30.29 38 2293 171.14 42.90 37 1870 205.92 18.03
0.576622 0.114262 -8.264278
20 19 15
12 42 2422 146.72 -74.02 43 2436 136.77 -56.60 45 2816 137.32 -120.57 46 3019 138.81 -121.60 47 2619 124.05 -177.07 48 2491 147.90 -147.42 49 2884 83.80 -133.83 50 1361 70.02 -157.51 52 1278 63.48 -130.95 39 1900 163.15 -34.07 38 1554 226.97 -19.45 37 1906 268.41 -36.41
-2.574177 -0.958934 -7.777109
51 28 14
5 42 3359 -492.97 -307.34 43 3406 -516.85 -260.69 39 2683 -451.24 -312.69 38 2576 -406.08 -338.40 37 2312 -363.28 -377.17
0.948126 2.151929 -7.973052
25 14 12
5 42 2900 220.46 337.35 43 2962 241.67 358.33 39 2285 182.69 360.48 38 2100 227.34 386.41 37 2425 235.97 350.70
-0.579941 2.257645 -9.697973
144 105 62
12 42 3561 -66.52 294.00 43 3596 -57.98 363.43 44 3644 -65.73 352.71 45 3913 -20.90 388.40 46 4094 9.06 403.92 47 3633 25.06 373.50 48 3502 73.25 403.73 49 3941 48.37 434.82 41 2827 -79.44 248.76 39 2784 -73.91 230.51 38 2692 -41.22 220.89 37 2961 -23.46 142.07
0.130008 0.512663 -8.351405
134 127 105
8 42 3701 58.19 2.75 43 4321 52.20 27.67 46 4864 66.60 -21.68 47 4425 58.21 -75.99 48 4352 87.67 -49.07 49 4314 29.80 -36.16 39 2895 68.73 26.07 37 2993 159.29 8.45
0.056270 0.489234 -8.338927
26 20 22
12 42 4185 44.21 -1.91 43 4318 37.24 23.49 44 4348 6.67 4.45 45 4660 43.21 -25.83 46 4859 50.34 -23.93 47 4423 41.89 -77.57 48 4350 71.70 -49.96 49 4940 14.43 -36.38 50 4203 9.42 -68.25 52 4197 7.90 -43.92 39 2887 55.64 20.60 37 2995 146.01 2.07
0.205107 0.542238 -8.360107
21 18 19
14 42 4188 72.72 8.60 43 4295 67.08 32.97 44 4353 36.76 12.20 45 4664 75.72 -19.01 46 4861 82.96 -18.73 47 4431 74.92 -73.91 48 4358 104.05 -47.73 49 4946 46.71 -36.17 50 4214 40.00 -69.81 52 4206 38.58 -47.18 41 2932 67.35 5.27 39 2867 81.82 32.78 38 2774 137.96 42.79 37 2998 172.07 16.14
0.232077 0.471822 -8.340718
140 131 116
13 42 4220 78.22 -5.01 43 4328 71.70 18.48 44 4354 40.45 -2.49 45 4667 78.87 -34.86 46 4865 85.21 -34.53 47 4433 76.22 -89.60 48 4360 104.61 -62.71 49 4948 46.45 -50.73 50 4215 39.33 -82.80 52 4207 37.12 -59.34 39 2898 88.43 21.41 38 2777 145.35 31.83 37 3001 180.83 6.41
0.404054 0.448746 -8.331281
19 19 20
14 42 3726 111.90 -9.21 43 4336 105.53 12.21 44 3900 73.70 -10.50 45 4721 113.57 -45.66 46 4926 119.08 -47.00 47 4489 109.06 -103.71 48 4419 136.16 -77.61 49 4322 76.77 -66.70 50 4225 67.47 -98.87 52 4302 63.85 -76.07 41 2987 106.74 -9.54 39 2906 121.52 21.63 38 2780 180.01 33.78 37 3008 215.31 11.20
-0.416117 0.383012 -8.307972
135 130 105
14 42 3720 -46.93 -23.53 43 3829 -56.90 6.32 44 3898 -87.96 -7.58 45 4654 -57.92 -33.14 46 4849 -50.07 -26.11 47 4403 -58.91 -74.50 48 3850 -25.82 -42.97 49 4892 -83.21 -23.54 50 4145 -83.26 -50.88 52 4134 -83.09 -22.18 41 2957 -50.24 -32.15 39 2934 -30.95 -8.86 38 2842 22.11 -5.14 37 3017 59.41 -35.65
-0.268469 0.441181 -8.319476
138 130 106
13 42 3721 -18.41 -12.01 43 3831 -27.21 16.52 44 3873 -57.62 0.96 45 4655 -25.50 -25.85 46 4850 -17.57 -20.55 47 4408 -26.20 -70.82 48 3852 6.05 -40.86 49 4893 -50.93 -23.55 50 4150 -52.35 -53.18 52 4137 -52.74 -26.15 39 2881 -4.27 4.98 38 2794 48.67 10.10 37 3019 85.30 -19.52
-0.241058 0.379197 -8.295945
27 21 22
13 42 4200 -13.11 -23.94 43 4306 -22.55 3.58 44 4379 -53.62 -12.08 45 4691 -21.94 -40.38 46 4852 -14.77 -35.25 47 4411 -24.07 -85.53 48 4338 7.23 -55.01 49 4923 -50.50 -37.50 50 4152 -52.64 -65.77 52 4177 -53.79 -37.89 39 2944 1.90 -4.84 38 2795 56.10 0.59 37 3021 93.62 -27.49
-0.092638 0.436442 -8.312117
19 17 23
10 42 4204 15.55 -12.44 43 4310 7.31 13.87 44 4344 -23.55 -3.62 45 4656 10.76 -32.96 46 4855 17.79 -29.45 47 4415 8.89 -81.55 48 4344 39.41 -52.57 49 4935 -18.23 -37.18 39 2883 28.60 8.43 37 3024 120.01 -11.83
0.483725 0.231757 -8.277277
118 108 91
11 42 4288 128.20 -51.33 43 4397 119.42 -32.54 44 4470 84.59 -55.76 45 4786 122.59 -94.28 46 4986 125.66 -95.13 47 4557 112.82 -150.85 48 4475 138.11 -122.14 41 3531 125.33 -49.36 39 2986 142.14 -14.27 38 3318 203.72 -1.57 37 3060 242.73 -19.96
0.570920 0.174592 -8.273608
113 106 88
13 42 3751 145.44 -62.35 43 3880 136.29 -44.52 44 3964 100.50 -68.61 45 4311 138.20 -108.40 46 4526 140.46 -109.72 47 3995 126.36 -165.96 48 3943 150.83 -136.66 49 4414 87.53 -123.69 52 3493 68.11 -123.23 41 3063 143.06 -58.91 39 2989 160.38 -23.15 38 2887 223.41 -9.10 37 3062 263.27 -25.90
0.570710 0.174598 -8.272694
113 106 88
12 42 3750 145.44 -62.35 43 3879 136.29 -44.52 44 3963 100.50 -68.61 45 4310 138.20 -108.40 46 4525 140.46 -109.72 47 3994 126.36 -165.96 48 3942 150.83 -136.66 49 4415 87.53 -123.69 41 3062 143.06 -58.91 39 2988 160.38 -23.15 38 2888 223.41 -9.10 37 3063 263.27 -25.90
0.311491 0.014627 -8.260031
12 10 14
11 42 3765 95.68 -93.98 43 3901 83.69 -73.61 44 4520 46.85 -94.09 45 4305 79.60 -131.19 46 4516 80.97 -129.04 47 3989 65.42 -180.71 48 3240 89.86 -148.25 41 3118 95.20 -93.86 39 3049 115.61 -58.39 38 2934 178.46 -47.92 37 3115 221.23 -66.16
-0.509533 0.194303 -8.246115
129 122 103
11 42 4243 -65.26 -60.73 43 4347 -77.55 -31.27 44 4419 -110.14 -43.87 46 4883 -77.11 -62.36 48 4375 -55.74 -74.67 49 4904 -114.46 -52.50 50 4174 -114.50 -74.86 52 4160 -115.41 -43.08 39 2999 -45.25 -43.67 38 2892 8.84 -41.31 37 3130 48.43 -69.65
0.265116 -0.086910 -8.247155
22 20 25
12 42 3798 86.89 -113.88 43 3902 73.36 -93.46 44 3987 35.59 -113.16 45 4327 66.17 -150.26 46 4541 67.39 -146.62 47 4015 51.18 -196.85 48 3932 76.36 -162.46 49 3696 10.94 -142.70 41 3158 87.75 -114.26 39 3106 109.47 -78.21 38 2980 173.42 -68.66 37 3175 217.46 -86.13
-0.412771 1.413852 -9.592633
60 43 25
10 42 3624 -35.49 153.79 43 4249 -34.42 212.72 44 4289 -50.58 203.02 45 3989 -14.94 220.93 46 4161 6.33 235.09 48 3569 53.63 239.42 41 3470 -44.41 118.01 39 3423 -33.66 111.30 38 3281 6.19 103.55 37 3501 30.25 37.68
-0.411515 1.413109 -9.587623
60 43 25
9 42 3625 -35.49 153.79 43 4248 -34.42 212.72 44 4290 -50.58 203.02 45 3990 -14.94 220.93 46 4162 6.33 235.09 41 3469 -44.41 118.01 39 3422 -33.66 111.30 38 3280 6.19 103.55 37 3502 30.25 37.68
0.506823 0.156621 -8.272959
20 18 19
12 42 4290 132.94 -65.80 43 4456 123.31 -47.45 44 4523 87.70 -70.57 45 4847 124.51 -109.60 46 5046 126.79 -110.46 47 4614 113.02 -165.41 48 3941 137.62 -135.81 49 4413 74.70 -122.45 41 3533 130.71 -63.73 39 3465 148.32 -27.72 38 3335 211.18 -14.82 37 3518 251.65 -32.36
0.505688 0.156445 -8.272539
20 18 19
7 42 4291 132.94 -65.80 43 4457 123.31 -47.45 44 4524 87.70 -70.57 41 3534 130.71 -63.73 39 3466 148.32 -27.72 38 3336 211.18 -14.82 37 3519 251.65 -32.36
0.432807 0.137942 -8.281732
140 134 112
7 42 4343 118.55 -69.44 43 4454 108.61 -50.08 44 4521 72.99 -72.25 41 3556 116.70 -68.40 39 3463 134.86 -33.14 38 3337 197.36 -21.36 37 3529 238.28 -39.78
0.357480 0.114404 -8.278555
22 17 19
7 42 4341 103.93 -74.25 43 4450 93.42 -53.95 44 3954 57.56 -75.30 41 3555 102.57 -73.97 39 3473 121.32 -39.28 38 3334 183.31 -28.25 37 3531 224.63 -47.19
0.454887 0.063531 -8.297321
33 31 23
10 42 3766 122.74 -84.16 43 3877 112.13 -63.93 44 3957 75.56 -86.14 45 4308 109.65 -123.62 46 4521 112.06 -123.20 47 3992 98.07 -176.21 41 3119 121.80 -82.81 39 3050 140.92 -47.28 38 3339 204.47 -35.60 37 3532 246.77 -53.38
0.245371 -0.014983 -8.249651
139 133 111
7 42 4393 82.27 -100.01 43 4516 69.93 -79.18 44 4518 32.93 -98.96 45 4905 64.75 -135.75 39 3474 103.32 -65.28 38 3358 166.13 -55.74 37 3547 209.49 -74.05
-0.115803 -0.145227 -8.168555
25 20 17
9 42 4384 12.05 -127.51 43 4557 -2.79 -104.13 44 4562 -40.50 -120.06 45 4890 -13.79 -155.28 46 5083 -12.11 -148.43 47 4601 -27.78 -195.86 48 3919 -0.27 -158.91 39 3481 36.66 -96.00 37 3566 143.43 -109.45
-0.753155 -0.249056 -8.155669
29 25 13
13 42 3827 -113.44 -149.39 43 3932 -130.35 -118.78 44 3980 -167.46 -127.51 45 4857 -148.39 -155.72 46 4540 -143.73 -141.36 47 3979 -159.79 -182.31 48 3910 -126.68 -140.38 49 4368 -188.84 -110.70 50 4237 -187.36 -120.35 52 4221 -189.28 -81.39 39 3128 -84.46 -130.83 38 3026 -27.60 -132.74 37 3587 17.82 -158.88
0.216120 -0.589910 -7.558669
80 44 26
7 42 4512 81.41 -232.58 43 4654 58.85 -226.65 44 4698 12.32 -246.62 41 3709 86.52 -217.15 39 3538 114.26 -160.72 38 3677 187.70 -145.05 37 3612 243.45 -137.49
-0.395816 -0.487970 -8.041188
24 19 27
13 42 4504 -43.05 -198.52 43 4636 -62.45 -174.02 44 4658 -103.45 -185.97 45 4994 -83.33 -222.12 46 5181 -83.61 -210.47 47 4687 -102.43 -253.03 48 4023 -73.84 -209.87 49 4507 -140.13 -180.95 50 3511 -145.31 -185.84 52 3521 -150.75 -146.05 39 3552 -10.86 -166.28 38 3494 52.55 -164.12 37 3640 102.98 -181.47
-0.541238 -0.547215 -8.018512
30 26 25
14 42 4498 -72.45 -211.27 43 4635 -92.51 -185.50 44 4651 -134.03 -195.66 45 5019 -115.80 -230.56 46 5178 -115.77 -217.24 47 4680 -134.74 -258.31 48 4554 -105.07 -213.29 49 4500 -171.11 -182.41 50 4429 -174.02 -185.56 52 4402 -178.67 -144.18 41 3699 -68.24 -215.87 39 3547 -38.70 -180.97 38 3489 23.87 -180.60 37 3676 74.83 -199.09
0.649820 -1.136663 -7.404713
155 107 69
7 42 4001 179.29 -356.05 43 4103 148.24 -355.48 44 3565 92.10 -378.98 41 3352 191.54 -334.88 39 3317 225.58 -264.16 38 3125 313.29 -245.48 37 3685 383.17 -225.74
-1.501605 -0.689136 -7.732909
35 17 17
6 42 4509 -274.52 -250.51 43 4649 -296.58 -219.90 41 3717 -271.32 -259.70 39 3582 -237.47 -228.42 38 3521 -183.57 -237.50 37 3696 -135.24 -259.26
-1.666993 -0.673696 -7.689193
29 17 17
9 42 4508 -311.49 -249.05 43 4036 -334.82 -216.00 44 4684 -375.64 -215.77 45 5014 -370.40 -249.46 46 5166 -366.25 -225.77 41 3716 -308.56 -258.41 39 3580 -273.24 -228.94 38 3517 -220.68 -238.74 37 3706 -171.44 -262.66
0.475500 2.314060 -8.267596
178 148 120
11 42 4071 121.07 355.88 43 4731 140.68 389.96 44 4771 130.23 360.60 45 5243 203.83 342.26 46 5415 228.26 330.76 47 4914 246.24 251.90 48 4776 286.21 252.27 41 3409 96.67 345.72 39 3365 90.56 355.12 38 3233 128.80 370.50 37 3771 139.06 321.57
-0.518617 1.445198 -9.582113
86 64 43
11 42 4621 -56.23 159.99 43 4763 -53.75 219.29 44 4795 -69.37 210.70 45 5106 -34.36 230.02 46 4761 -11.39 244.11 47 4235 -5.22 215.25 48 4175 37.68 249.00 41 3832 -63.82 121.98 39 3658 -50.87 114.12 38 3627 -11.09 105.27 37 3809 14.25 39.31
-1.143229 -0.168604 -7.990024
100 79 52
9 42 4682 -195.47 -136.04 43 4951 -212.59 -105.75 44 4991 -248.50 -113.75 45 5300 -232.78 -140.00 46 5470 -227.13 -125.35 47 4861 -240.19 -165.34 41 3880 -194.40 -146.62 38 3672 -113.01 -122.81 37 3841 -69.76 -150.94
0.432105 -0.702329 -7.292909
121 81 49
9 42 4707 131.29 -264.61 43 4863 106.71 -268.81 44 4900 54.93 -293.69 45 5218 83.78 -366.15 46 5395 70.34 -367.06 47 4891 42.43 -430.28 41 3892 137.40 -239.84 39 3798 165.89 -173.39 37 3937 304.67 -130.32
0.974966 2.583130 -7.960234
187 169 133
9 42 1854 226.33 426.01 43 1879 255.58 451.85 44 1840 245.47 413.12 45 2114 340.92 381.88 46 2239 367.25 358.50 47 1997 389.48 261.58 48 1975 428.14 249.59 41 1086 193.04 424.29 38 43 216.31 463.42
-0.654296 2.270518 -9.795980
104 66 29
8 42 1993 -77.56 292.86 43 1970 -69.42 363.93 44 1899 -78.05 357.34 45 3241 -35.54 394.55 47 2915 11.17 384.05 41 1293 -89.63 245.58 39 1560 -82.52 225.88 38 241 -48.05 214.40
-0.662889 0.609830 -8.509900
142 137 115
17 42 2295 -91.68 19.61 43 3202 -100.14 56.83 44 2284 -127.10 46.11 45 3524 -98.87 31.54 46 3733 -87.28 41.27 47 3251 -93.02 -2.41 48 3123 -57.08 29.26 49 3548 -109.72 51.59 50 3340 -105.31 21.95 52 3350 -101.46 50.66 41 1520 -95.46 4.17 39 563 -76.54 18.70 38 516 -28.85 17.97 51 2861 -104.55 42.36 53 2331 -49.98 79.34 54 2482 -66.27 39.14 40 3049 -57.81 64.87
-0.340865 0.502123 -8.350226
143 137 117
13 42 736 -32.41 -0.45 43 2327 -40.65 29.90 44 2342 -70.25 15.04 45 2679 -38.31 -9.53 46 2826 -29.56 -3.78 47 2467 -37.21 -53.29 48 2350 -4.54 -23.44 49 2743 -60.32 -5.74 50 2436 -60.28 -36.44 52 1060 -59.21 -9.47 41 1557 -36.54 -8.98 39 566 -18.15 13.41 38 524 33.83 17.32
1.261855 2.365497 -7.940622
70 49 25
6 42 1885 285.37 383.44 43 2927 315.15 402.17 44 2992 301.86 360.30 41 1128 252.27 387.69 39 91 236.52 408.96 38 1151 279.49 437.73
-1.703238 0.590126 -7.851623
90 73 57
4 42 3156 -314.77 13.67 43 3201 -329.75 48.30 41 1500 -318.57 1.94 38 1505 -253.24 14.03
-1.123562 0.109368 -8.149576
29 19 19
5 42 3241 -187.51 -80.84 43 3273 -201.96 -44.94 44 3338 -234.08 -50.45 41 2473 -188.46 -94.00 38 1594 -112.25 -72.64
1.070911 2.464899 -7.939488
62 41 26
10 42 2861 246.70 402.86 43 2912 274.55 426.08 44 2970 263.49 385.80 45 3933 358.16 349.50 46 4124 382.84 324.94 47 3676 402.79 226.74 48 3598 439.34 214.83 41 2051 213.74 403.70 39 1436 198.00 422.29 38 2069 239.68 448.43
1.206342 2.234640 -7.946603
151 130 101
11 42 3530 274.30 355.68 43 3600 300.80 373.17 44 3663 286.76 331.55 45 3968 377.24 289.69 46 3495 399.63 264.60 47 3096 414.19 167.20 48 2069 449.62 156.30 49 2531 402.08 119.14 41 2768 241.50 361.52 39 2276 229.00 384.50 38 2084 272.16 412.83
-0.491759 1.840965 -9.656119
56 35 18
13 42 2077 -51.54 225.02 43 2065 -45.70 288.09 44 2010 -57.55 279.82 45 3303 -17.09 304.86 46 3438 8.81 319.76 47 2991 20.08 289.44 48 2891 65.33 321.09 49 3281 34.61 351.24 50 3099 52.19 311.99 52 1966 71.80 336.86 41 1320 -61.92 183.61 39 1615 -53.39 172.32 38 2208 -16.53 162.55
0.921038 0.072721 -7.997812
67 63 62
10 42 1061 220.35 -85.81 43 2486 209.97 -77.83 44 1248 170.50 -107.83 45 3680 212.13 -160.23 46 3105 209.81 -167.48 47 1495 191.15 -232.16 48 2589 211.18 -204.35 41 2474 217.55 -68.95 39 1903 234.52 -24.66 38 2315 302.92 -1.31
-1.839093 0.296963 -7.778040
77 55 31
10 42 3740 -346.45 -47.28 43 4343 -363.01 -10.93 44 4368 -393.05 -11.25 45 4273 -382.38 -38.99 46 4459 -370.68 -20.75 47 4385 -380.67 -65.58 48 4326 -336.66 -29.36 41 2443 -348.69 -58.62 39 2500 -321.08 -39.51 38 2337 -279.24 -46.62
-1.569176 -0.596637 -7.680623
89 60 45
11 42 3927 -291.15 -232.94 43 3357 -314.74 -202.57 44 4099 -354.70 -202.53 45 4432 -347.47 -236.77 46 4594 -342.98 -215.02 47 4037 -360.45 -253.75 48 4008 -320.54 -204.03 49 3722 -388.52 -168.02 41 3293 -288.42 -241.73 39 2591 -256.45 -210.21 38 2463 -202.46 -218.82
-1.707757 -0.688223 -7.636040
72 48 33
5 42 3316 -321.98 -254.41 43 3356 -345.13 -223.20 44 3447 -386.59 -221.22 41 2607 -319.75 -261.93 38 2494 -231.92 -242.05
-2.141897 -1.020116 -7.755286
53 38 32
7 42 3953 -405.84 -319.05 43 4068 -429.32 -277.41 44 4133 -472.44 -269.23 45 4475 -474.51 -295.77 46 4653 -467.76 -263.41 39 2685 -364.56 -314.69 38 2578 -313.02 -335.17
-2.578290 -1.148509 -7.818521
144 127 99
4 42 3382 -491.06 -343.42 43 3440 -514.62 -296.80 41 2683 -488.60 -369.48 38 2595 -399.64 -380.33
2.161190 0.241429 -6.845916
141 121 110
6 42 3755 544.86 -58.60 43 3955 539.30 -102.45 44 4044 487.95 -159.46 41 2946 534.76 8.35 39 2850 536.07 101.16 38 2724 625.19 161.50
0.303936 0.704354 -8.478490
110 107 93
5 42 3674 90.93 39.55 43 3801 87.66 65.90 46 4449 109.09 16.91 39 2868 96.97 59.22 38 2757 151.14 69.06
-0.690362 0.556484 -8.466813
40 32 35
14 42 4183 -98.66 9.20 43 4292 -107.21 46.24 44 4327 -134.45 35.68 45 5155 -106.91 19.43 46 5322 -95.59 29.39 47 4831 -101.64 -14.80 48 4687 -66.11 17.12 49 5190 -119.25 39.64 52 4791 -111.65 40.18 41 2955 -101.58 -5.14 38 2791 -34.41 9.37 51 3907 -116.67 38.75 53 3415 -62.57 76.88 40 4184 -69.75 59.77
-0.092720 0.436575 -8.311886
19 17 23
11 42 4205 15.55 -12.44 43 4311 7.31 13.87 44 4345 -23.55 -3.62 45 4657 10.76 -32.96 46 4856 17.79 -29.45 47 4416 8.89 -81.55 48 4345 39.41 -52.57 49 4936 -18.23 -37.18 41 2966 11.53 -17.81 39 2884 28.60 8.43 38 2798 83.54 15.70
-0.166086 0.407522 -8.303074
131 121 100
12 42 4202 1.36 -18.30 43 4309 -7.47 8.75 44 4381 -38.49 -7.93 45 4693 -5.43 -36.80 46 4853 1.53 -32.53 47 4409 -7.57 -83.77 48 4340 23.44 -54.02 49 4925 -34.25 -37.63 50 4154 -37.26 -66.80 52 4181 -38.14 -39.96 39 2882 15.76 1.86 38 2799 70.16 8.15
0.432570 0.379341 -8.312394
114 102 91
12 42 3728 117.65 -22.36 43 4338 110.60 -2.11 44 4412 77.59 -25.10 45 4725 117.03 -61.51 46 4930 121.69 -62.50 47 4491 110.96 -119.02 48 4420 137.17 -92.16 49 5000 76.86 -81.12 50 4315 66.46 -111.57 52 4307 62.31 -87.93 39 2913 128.55 10.30 38 2824 188.18 22.89
0.457695 0.305723 -8.291942
19 18 24
10 42 4286 122.80 -36.81 43 4393 114.90 -17.26 44 4468 81.06 -40.53 45 4783 119.72 -77.98 46 4984 123.43 -79.01 47 4556 111.56 -135.18 48 4474 137.31 -107.52 49 5002 76.02 -95.62 39 2914 135.28 -1.84 38 2833 195.95 11.01
-0.487892 0.356603 -8.300218
22 19 22
13 42 3719 -60.79 -28.86 43 3827 -71.23 1.42 44 3894 -102.48 -11.15 45 4675 -73.48 -36.59 46 4462 -65.90 -28.94 47 3932 -73.98 -76.31 48 3848 -42.18 -44.06 49 4291 -98.37 -23.80 50 4141 -98.26 -49.71 52 4131 -97.99 -19.80 41 3014 -64.04 -37.66 39 2930 -43.77 -14.82 38 2841 8.96 -12.39
-0.314793 0.349869 -8.289287
137 130 102
6 42 3722 -27.61 -30.18 43 4304 -37.30 -1.49 44 4371 -68.64 -16.42 46 4893 -31.06 -38.08 39 2938 -11.22 -11.67 38 2851 42.62 -7.06
0.410199 -0.029305 -8.324218
22 20 25
11 42 3804 114.02 -101.77 43 3906 102.00 -80.91 44 3993 64.76 -101.81 45 4330 97.85 -138.16 46 4543 99.08 -136.01 47 3387 84.33 -186.65 48 3243 109.16 -153.26 49 3698 45.08 -134.88 41 3163 113.89 -102.19 39 3055 134.10 -66.40 38 2937 197.84 -56.23
0.101835 -0.070969 -8.238310
116 110 87
10 42 3795 54.44 -111.64 43 4511 41.29 -89.13 44 3985 3.71 -106.91 45 4898 33.70 -142.73 46 5095 35.52 -137.91 47 3984 19.91 -186.72 48 3926 46.65 -152.08 49 4397 -16.63 -131.39 39 3100 77.05 -78.81 38 2976 139.51 -71.10
-1.835100 -0.016746 -7.675386
39 26 20
6 42 3783 -348.79 -113.47 43 3893 -368.57 -81.35 44 3940 -402.72 -80.71 41 3139 -348.70 -121.79 39 2515 -318.53 -98.08 38 2994 -274.04 -104.34
-0.744047 -0.652366 -8.056373
150 150 142
13 42 3932 -112.01 -231.58 43 4040 -133.10 -201.99 44 4106 -174.61 -209.67 45 4439 -160.12 -240.69 46 4606 -159.11 -224.16 47 4075 -178.24 -261.49 48 4016 -146.94 -213.28 49 4491 -212.54 -178.46 50 3510 -212.54 -177.55 52 3518 -216.55 -133.13 41 3302 -107.22 -239.78 39 3269 -75.90 -207.28 38 3091 -14.07 -210.70
-0.044560 -1.133002 -7.614178
109 90 80
7 42 3394 28.01 -344.61 43 3469 0.40 -331.89 44 3544 -51.57 -346.79 45 3840 -34.19 -399.51 41 3346 37.91 -337.89 39 2660 72.74 -284.38 38 3140 150.35 -278.02
-0.722366 1.496771 -9.568084
153 119 75
8 42 4131 -90.01 168.62 43 4240 -88.99 229.89 44 4282 -103.96 223.27 45 4571 -69.71 244.98 46 4752 -46.35 261.18 41 3456 -97.85 128.59 39 3420 -85.81 118.23 38 3275 -46.64 108.73
-0.004939 0.809885 -8.558402
92 87 79
7 42 4881 32.25 59.50 43 5032 28.72 91.26 45 5417 39.74 51.70 46 5588 51.44 54.06 41 3987 25.91 48.93 39 3666 39.67 67.12 38 3297 89.29 71.71
-0.434033 0.615875 -8.458258
150 137 111
16 42 4651 -48.56 21.94 43 4792 -56.21 55.32 44 4832 -83.93 41.63 45 5275 -54.10 22.23 47 4949 -48.31 -19.13 48 4807 -15.23 11.17 49 5329 -68.63 29.75 50 5122 -67.30 -1.71 52 5125 -64.06 24.47 41 3496 -53.05 9.86 38 3310 14.75 31.01 51 4105 -76.22 11.26 53 3618 -22.60 46.28 54 3464 -39.53 7.93 55 3575 -65.95 7.28 40 4381 -29.11 33.87
-1.468173 0.511540 -7.779744
133 116 88
