# Bundle file v0.3
60 10475
0 0 0
0 0 0
0 0 0
0 0 0
0 0 0
0 0 0
0 0 0
0 0 0
0 0 0
0 0 0
0 0 0
0 0 0
0 0 0
0 0 0
0 0 0
0 0 0
0 0 0
0 0 0
0 0 0
0 0 0
1.6760098382e+003 7.0899042384e-002 -1.5166134756e-002
7.4559714968e-001 -5.8436448868e-001 -3.2031708470e-001
4.4447726075e-001 7.7952359206e-002 8.9239195109e-001
-4.9651269375e-001 -8.0773855551e-001 3.1785778404e-001
-3.5986344484e+000 8.9619946289e+000 -3.9392158956e+000
1.6891294655e+003 5.0860295190e-002 -4.9108291262e-002
7.8040269964e-001 -5.6394510796e-001 -2.7006951253e-001
4.4657215085e-001 2.0037286804e-001 8.7202295144e-001
-4.3765847470e-001 -8.0113458854e-001 4.0821370698e-001
-3.1776603660e+000 8.4656666606e+000 -3.3254348218e+000
1.6844345997e+003 6.4409445690e-002 -8.0722797876e-002
8.0499418747e-001 -5.4330940850e-001 -2.3832592134e-001
4.4845819180e-001 2.9423944116e-001 8.4398365000e-001
-3.8841937175e-001 -7.8628114431e-001 4.8051259478e-001
-2.5467589443e+000 8.2282854921e+000 -2.7740896908e+000
1.6874438048e+003 5.4716603002e-002 -1.0650270921e-001
8.2912740214e-001 -5.2215954179e-001 -1.9974274442e-001
4.4716425427e-001 4.0496451507e-001 7.9752609439e-001
-3.3554713638e-001 -7.5056855413e-001 5.6925825845e-001
-2.4198854510e+000 7.8569009408e+000 -2.0207373691e+000
1.6733502464e+003 8.8032690794e-002 -2.8233347435e-001
8.6195019622e-001 -4.7847068394e-001 -1.6765340393e-001
4.2115642614e-001 4.9163614713e-001 7.6218184415e-001
-2.8225719470e-001 -7.2757109855e-001 6.2527687675e-001
-2.0878245754e+000 7.4114097800e+000 -1.7744393039e+000
1.6777414809e+003 5.8448784370e-002 -1.6477325035e-001
8.8066626319e-001 -4.5030952480e-001 -1.4713349299e-001
4.0719302921e-001 5.6079704436e-001 7.2090256762e-001
-2.4211726466e-001 -6.9478630305e-001 6.7723793695e-001
-1.7471470209e+000 7.1231597879e+000 -1.3561675447e+000
1.6654284716e+003 1.1297693913e-001 -2.4444307142e-001
9.0775659594e-001 -4.0604519222e-001 -1.0538151835e-001
3.7365552324e-001 6.6844413553e-001 6.4308940873e-001
-1.9068170465e-001 -6.2314503893e-001 7.5850560180e-001
-1.4135502169e+000 6.3680124694e+000 -5.6530537505e-001
0 0 0
0 0 0
0 0 0
0 0 0
0 0 0
1.7006631312e+003 2.0262767225e-002 -5.2667682387e-002
9.2716480953e-001 -3.6426379983e-001 -8.7620203776e-002
3.3856760450e-001 7.1448160080e-001 6.1228099702e-001
-1.6042877908e-001 -5.9735075647e-001 7.8577011943e-001
-1.5534432526e+000 6.0902109706e+000 -7.8165352322e-001
1.6793174908e+003 5.5100988382e-002 -8.8938636183e-002
9.4255063267e-001 -3.2785779470e-001 -6.4090337145e-002
3.0803110712e-001 7.7870819147e-001 5.4656233824e-001
-1.2928705235e-001 -5.3490449520e-001 8.3496229801e-001
-1.3973885374e+000 4.9079712961e+000 7.7233177812e-002
1.6751263220e+003 3.4678212520e-002 -4.6303546496e-002
9.5741486221e-001 -2.8381146321e-001 -5.2989008048e-002
2.7673109765e-001 8.4975398261e-001 4.4870710784e-001
-8.2320600208e-002 -4.4426256019e-001 8.9210654991e-001
-1.1369946253e+000 4.1597403716e+000 4.2220313661e-001
1.6857071361e+003 1.7420058657e-002 -1.3666258828e-002
9.7366107272e-001 -2.2470615686e-001 -3.8616816761e-002
2.2471778882e-001 9.1714231057e-001 3.2916849416e-001
-3.8549070728e-002 -3.2917643480e-001 9.4348123665e-001
-5.3641850360e-001 2.9929680918e+000 7.5529976690e-001
1.6713019600e+003 5.5761604877e-002 -9.2682181813e-002
9.8487894033e-001 -1.7019186254e-001 -3.2375960640e-002
1.7288224045e-001 9.5343754841e-001 2.4712056213e-001
-1.1189452201e-002 -2.4898106597e-001 9.6844371284e-001
-6.6035386600e-001 2.1357275463e+000 8.3814772717e-001
1.6760051591e+003 4.3694998816e-002 -7.0157613314e-002
9.9107091860e-001 -1.2799512029e-001 -3.7358847627e-002
1.3273960708e-001 9.7358668478e-001 1.8576642303e-001
1.2594880948e-002 -1.8906669827e-001 9.8188347200e-001
-7.2698946379e-001 1.6558654679e+000 9.4741264122e-001
1.6994308032e+003 -5.0012419527e-003 2.3200757105e-002
9.9810281809e-001 -6.0503539296e-002 1.1405535894e-002
5.9317161904e-002 9.9459539237e-001 8.5214316744e-002
-1.6499661209e-002 -8.4376105665e-002 9.9629736222e-001
-4.4307570699e-001 8.0828028383e-001 1.6229242095e+000
1.6672994683e+003 7.0093450056e-002 -1.1197660346e-001
9.9979109534e-001 -4.2169967080e-003 -1.9999565400e-002
4.0974867697e-003 9.9997352780e-001 -6.0128451170e-003
2.0024392115e-002 5.9296410510e-003 9.9978190776e-001
-5.5315316845e-001 -3.3756347725e-001 1.3885291127e+000
1.6808552587e+003 3.7322994437e-002 -5.1239692068e-002
9.9832650364e-001 4.8555053233e-002 -3.1410172430e-002
-5.0583240490e-002 9.9644487801e-001 -6.7371662172e-002
2.8027270792e-002 6.8847744246e-002 9.9723340307e-001
-6.9392934913e-001 -1.1088622901e+000 1.7621358098e+000
1.6637664049e+003 6.8997006000e-002 -1.0204459868e-001
9.9595473653e-001 7.5339476749e-002 -4.8970664899e-002
-8.2210300395e-002 9.8398691573e-001 -1.5814934773e-001
3.6271604408e-002 1.6153548503e-001 9.8620011042e-001
-7.7342869246e-001 -2.1568759631e+000 1.5002959763e+000
0 0 0
0 0 0
0 0 0
0 0 0
0 0 0
1.6682384435e+003 5.7297349307e-002 -8.8142754263e-002
9.8896151702e-001 1.3162752584e-001 -6.8039049826e-002
-1.4440607401e-001 9.5907711333e-001 -2.4355282072e-001
3.3196440298e-002 2.5068961912e-001 9.6749817117e-001
-1.1337671123e+000 -2.9595642949e+000 1.2219485010e+000
1.6674120186e+003 5.7345972790e-002 -8.2645992469e-002
9.8077636552e-001 1.6484105910e-001 -1.0442770744e-001
-1.9162571625e-001 9.1465140698e-001 -3.5593874273e-001
3.6841630215e-002 3.6910734068e-001 9.2865626867e-001
-1.2598908233e+000 -4.3778861116e+000 8.1317993749e-001
1.6868812926e+003 1.6510601369e-002 -1.7225742748e-002
9.6787121609e-001 2.1514282319e-001 -1.3014943220e-001
-2.5042316699e-001 8.7140961946e-001 -4.2182165964e-001
2.2661564454e-002 4.4086147568e-001 8.9728903524e-001
-1.2289619647e+000 -5.1330300551e+000 3.3644659129e-001
1.6753725931e+003 4.5629576699e-002 -9.4016819328e-002
9.4987217957e-001 2.6918364254e-001 -1.5900631770e-001
-3.1260903704e-001 8.2475280395e-001 -4.7123073153e-001
4.2933015841e-003 4.9731577390e-001 8.6755898278e-001
-1.8899211437e+000 -6.6647783939e+000 6.4963131862e-002
1.6652932055e+003 5.9124542944e-002 -1.1106916544e-001
9.3483628559e-001 2.9398670986e-001 -1.9913044359e-001
-3.5497163559e-001 7.8755304746e-001 -5.0374133776e-001
8.7325291821e-003 5.4160134035e-001 8.4059010883e-001
-2.2628013381e+000 -8.0275137976e+000 -6.1818803982e-001
1.6538944873e+003 8.3212563137e-002 -1.3407866267e-001
9.1652259486e-001 3.2354954905e-001 -2.3516382040e-001
-3.9991158231e-001 7.3014734208e-001 -5.5403572556e-001
-7.5537707406e-003 6.0183099635e-001 7.9858774870e-001
-2.8751589453e+000 -8.5725044068e+000 -1.3591345813e+000
1.6593338072e+003 4.8975076485e-002 -5.2707320382e-002
8.9019115780e-001 3.5631615432e-001 -2.8389875087e-001
-4.5448660272e-001 6.5125064775e-001 -6.0771253217e-001
-3.1648546997e-002 6.7000850142e-001 7.4167848661e-001
-3.5702533507e+000 -8.6820019544e+000 -2.1501037631e+000
1.6728877370e+003 -7.2429929896e-003 4.7121515827e-002
8.6474460984e-001 3.8743733385e-001 -3.1954510181e-001
-4.9209464754e-001 5.2660650850e-001 -6.9320158906e-001
-1.0029764511e-001 7.5668877192e-001 6.4603597797e-001
-4.0720481385e+000 -8.8627030917e+000 -3.5845104000e+000
1.6706950919e+003 2.2565131049e-002 -5.9855268366e-002
8.4201610151e-001 4.0003087370e-001 -3.6191737300e-001
-5.2429332517e-001 4.4892316749e-001 -7.2359138944e-001
-1.2698580226e-001 7.9902646375e-001 5.8773405232e-001
-4.7759057563e+000 -8.9091871861e+000 -4.0298873543e+000
1.6636237775e+003 6.1004272597e-002 -9.1879733718e-002
8.1144105027e-001 4.0601676311e-001 -4.2037341735e-001
-5.6577834495e-001 3.6544182917e-001 -7.3915298408e-001
-1.4648647147e-001 8.3761725004e-001 5.2624999392e-001
-5.9639015450e+000 -8.7162203456e+000 -4.9307808903e+000
0 0 0
0 0 0
0 0 0
0 0 0
0 0 0
1.6730489168e+003 4.3249995809e-002 -9.0004133873e-002
7.9208148429e-001 4.1028600878e-001 -4.5196494692e-001
-5.8673693831e-001 3.0751650421e-001 -7.4911505449e-001
-1.6836474532e-001 8.5854469344e-001 4.8430808572e-001
-6.5371926988e+000 -8.7285035288e+000 -5.5875334844e+000
1.6681759748e+003 5.1551813502e-002 -8.8230890298e-002
7.6049957620e-001 4.0584014840e-001 -5.0688674133e-001
-6.1422820664e-001 1.9640359030e-001 -7.6429663082e-001
-2.1062788220e-001 8.9259139793e-001 3.9864331373e-001
-6.8468377157e+000 -8.2630083342e+000 -6.6777215772e+000
1.6655533615e+003 4.1834895213e-002 -6.0866549558e-002
7.3178420865e-001 4.1795716788e-001 -5.3833416926e-001
-6.2584229941e-001 9.9362125997e-002 -7.7359458645e-001
-2.6983937489e-001 9.0301659660e-001 3.3428690974e-001
-7.3038009468e+000 -8.4169067109e+000 -7.6522678855e+000
1.6798881345e+003 3.2778414905e-002 -8.6259838979e-002
6.9889866880e-001 4.1600575121e-001 -5.8179022483e-001
-6.3960423541e-001 -4.9531015314e-004 -7.6870421927e-001
-3.2007354280e-001 9.0936184747e-001 2.6573286882e-001
-8.2040240109e+000 -7.9611384247e+000 -8.1871966507e+000
1.6796253967e+003 2.3206404069e-002 -5.4502985390e-002
6.5980518241e-001 3.9700166193e-001 -6.3800219568e-001
-6.3709193337e-001 -1.5467191289e-001 -7.5510957337e-001
-3.9846077560e-001 9.0469126214e-001 1.5087322665e-001
-8.5849160091e+000 -7.2666761189e+000 -9.3705252316e+000
1.6824893556e+003 2.6652699541e-002 -7.5065230619e-002
6.3788373761e-001 3.7409234908e-001 -6.7317104190e-001
-6.4700113548e-001 -2.1380371402e-001 -7.3189992661e-001
-4.1772463176e-001 9.0240948922e-001 1.0565626242e-001
-8.8852168993e+000 -7.0726471773e+000 -9.7555047694e+000
1.6607292736e+003 5.2495221584e-002 -9.1484520719e-002
6.1145050157e-001 3.4065787956e-001 -7.1419919716e-001
-6.2911165670e-001 -3.3816545412e-001 -6.9990188530e-001
-4.7994458798e-001 8.7726639895e-001 7.5404064401e-003
-9.0472415601e+000 -6.3608624287e+000 -1.0774661960e+001
1.6786693653e+003 5.8697510643e-003 -1.0427679884e-003
5.8934778512e-001 3.2635208459e-001 -7.3902875794e-001
-6.2419647851e-001 -3.9680100936e-001 -6.7299904546e-001
-5.1288199851e-001 8.5792964505e-001 -3.0145974045e-002
-9.3985842617e+000 -6.2595736960e+000 -1.1099005672e+001
1.6514218236e+003 7.0739946627e-002 -1.0328308110e-001
5.5647153876e-001 2.7093913638e-001 -7.8544981439e-001
-5.7147792555e-001 -5.6140201886e-001 -5.9853216608e-001
-6.0311889968e-001 7.8193334601e-001 -1.5756850969e-001
-9.3863502349e+000 -5.0497175243e+000 -1.2222286266e+001
1.6569912405e+003 5.8266348772e-002 -8.5929058503e-002
5.4241399600e-001 2.2087319707e-001 -8.1055665302e-001
-5.3684384378e-001 -6.5100708707e-001 -5.3664556271e-001
-6.4620874672e-001 7.2622641331e-001 -2.3454093942e-001
-9.4149200676e+000 -4.0501923636e+000 -1.3050076790e+001
0 0 0
0 0 0
0 0 0
0 0 0
0 0 0
0 0 0
0 0 0
0 0 0
0 0 0
0 0 0
0 0 0
0 0 0
0 0 0
0 0 0
0 0 0
0 0 0
0 0 0
0 0 0
0 0 0
0 0 0
0 0 0
0 0 0
0 0 0
0 0 0
0 0 0
0 0 0
0 0 0
0 0 0
0 0 0
0 0 0
0 0 0
0 0 0
0 0 0
0 0 0
0 0 0
0 0 0
0 0 0
0 0 0
0 0 0
0 0 0
0 0 0
0 0 0
0 0 0
0 0 0
0 0 0
0 0 0
0 0 0
0 0 0
0 0 0
0 0 0
0 0 0
0 0 0
0 0 0
0 0 0
0 0 0
0 0 0
0 0 0
0 0 0
0 0 0
0 0 0
0 0 0
0 0 0
0 0 0
0 0 0
0 0 0
0 0 0
0 0 0
0 0 0
0 0 0
0 0 0
0 0 0
0 0 0
0 0 0
0 0 0
0 0 0
0 0 0
0 0 0
0 0 0
0 0 0
0 0 0
-1.0120003861e-001 2.4557336960e+000 -9.4118949813e+000
213 220 204
16 19 3245 -101.5500 455.0300 20 3627 -87.8600 448.9000 21 3753 -54.4800 399.3600 23 3771 -64.2300 395.5200 16 2416 -166.0100 401.1400 17 2917 -152.8100 437.4300 15 1809 -156.1000 400.5800 14 1473 -266.1200 368.1000 13 1457 -314.5000 303.2400 12 970 -303.2600 361.0100 10 1382 -274.2600 348.1600 8 1195 -314.0500 250.8000 9 1300 -276.7100 298.9100 7 1344 -348.4500 240.9700 6 1348 -312.1800 180.1600 5 1259 -387.3400 135.9100
-9.5505460245e-001 1.5777562277e+000 -1.0565152998e+001
74 63 72
15 19 1917 -238.4800 237.2100 20 2635 -240.8600 238.9700 21 2632 -210.2300 222.3500 18 2182 -304.4400 267.6700 16 2115 -261.1800 145.6600 17 2576 -255.3500 188.4800 15 1546 -244.9800 128.3400 14 1530 -336.8800 84.8800 13 1518 -378.6300 10.9100 12 1035 -358.5900 72.9500 10 1438 -322.0300 48.8500 8 1235 -343.2000 -47.6700 9 1232 -311.9300 1.4100 7 1268 -365.8700 -66.7500 6 1245 -321.8700 -125.3100
-1.0316066736e+000 2.3204171072e+000 -1.0844031775e+001
188 171 125
14 19 3569 -243.6900 359.5500 20 4014 -239.6800 372.2100 18 3056 -315.2500 386.6100 16 2686 -281.3400 244.1200 17 3202 -271.2400 291.5600 15 1982 -270.7300 219.7100 14 1637 -362.5800 164.3800 13 1614 -406.1400 81.5900 12 1112 -388.7200 124.6300 10 1517 -358.4600 94.0900 8 1329 -383.5700 -25.3200 9 1335 -352.2700 31.2000 7 1374 -410.6000 -57.2300 6 1394 -370.7000 -130.0400
-8.2626315640e-001 2.5549358991e+000 -1.0643775648e+001
195 175 125
15 19 2926 -212.2600 411.9900 20 3131 -204.4900 425.6200 21 3135 -170.4000 409.2300 18 2503 -285.0800 444.4300 23 3764 -174.3600 435.8700 16 2085 -259.9500 297.7400 17 2546 -247.9900 345.2200 15 1509 -251.1600 275.1700 14 1076 -346.6000 218.1100 13 987 -391.2700 136.6300 12 407 -375.6400 179.0800 10 974 -346.6600 151.9600 8 851 -374.0100 35.5200 9 799 -342.3700 90.3000 7 823 -402.7300 8.8700
-1.5923794941e+000 3.1012913098e+000 -1.1748418337e+001
92 59 49
13 19 3243 -310.6400 456.6300 20 3622 -304.1000 492.1801 21 3737 -268.4000 500.4200 18 2713 -387.6900 462.3200 16 2257 -353.2400 284.1300 17 2737 -340.1400 343.0100 15 1675 -348.3600 240.5700 14 1504 -434.2900 159.8000 13 1500 -477.0400 62.4300 12 1031 -459.6400 82.7300 10 1435 -434.1800 44.1500 8 1246 -458.0700 -106.3200 9 1243 -427.3600 -37.6400
-6.5510140508e-001 2.9266483833e+000 -1.0451554577e+001
146 98 52
9 19 1684 -187.0500 489.1200 20 1784 -174.7100 506.0300 18 1436 -262.1400 526.8900 16 1085 -245.5800 373.9200 17 1151 -231.6500 421.0200 15 805 -239.5700 351.8000 14 638 -337.7700 293.8700 13 587 -383.5900 211.9800 12 380 -370.0800 248.6200
1.0543629512e-001 2.6631270789e+000 -9.0536623460e+000
91 70 67
8 19 2909 -64.0400 521.5500 20 3106 -45.5200 514.2600 16 2218 -140.2800 478.6000 17 2699 -125.1300 513.6400 15 1633 -131.7900 483.2500 14 1457 -247.6000 453.3100 13 1445 -297.8500 391.0700 12 953 -288.4500 446.9400
3.5934860977e-001 -9.3124825004e-001 -7.8924409674e+000
63 49 72
8 19 1627 -8.3300 -313.5300 20 1720 -34.7000 -416.3500 23 1017 -89.8700 -502.0100 16 1624 26.9900 -162.3600 17 1899 10.3600 -168.8000 15 1080 85.8199 -99.8100 14 822 -30.6200 -20.2100 13 315 -69.7000 -6.3900
-1.1148727238e+000 8.8489968154e-001 -1.0606113892e+001
213 215 212
8 19 469 -264.7000 109.9700 20 445 -274.1400 104.5200 18 1166 -326.5400 135.4900 16 1486 -272.1200 28.7100 17 1654 -269.5900 68.9800 15 1004 -250.2100 10.7500 14 812 -339.7600 -27.7400 13 716 -380.0900 -100.0600
-8.7326004622e-001 2.6316544470e+000 -1.0675397930e+001
108 69 54
11 19 2925 -220.5700 424.1500 20 3130 -213.1300 439.2800 21 3750 -179.9000 424.0000 18 2502 -293.2600 455.1400 23 3754 -183.4400 452.7100 16 2084 -267.6400 306.3200 17 2532 -255.6700 353.9200 24 3619 -118.0100 410.6900 15 1508 -259.3500 281.9600 14 1062 -353.6100 224.9400 13 986 -398.1200 142.7100
-1.7704016738e-001 2.3448501624e+000 -9.5152322161e+000
211 224 210
10 19 2927 -114.2400 424.6200 20 3132 -102.9300 417.5900 21 3153 -71.0700 371.3000 18 2500 -183.1000 490.2500 23 3069 -82.0500 370.6400 16 2069 -172.2900 371.7000 17 2525 -159.9800 407.7600 15 1478 -161.9200 370.4700 14 1305 -268.9700 338.8500 13 1249 -316.2800 274.9200
-3.9813957074e-001 1.1046729858e+000 -9.6502347794e+000
210 230 218
11 19 1991 -154.5400 166.1600 20 2118 -158.5900 142.6400 21 2741 -131.5500 103.8100 18 2193 -213.6000 222.9700 23 1982 -154.6500 107.8300 16 1898 -176.6600 139.8200 17 2181 -172.8800 169.6000 24 2410 -100.7300 32.1600 15 1548 -153.8600 143.8700 14 1352 -255.0500 128.0400 13 1338 -298.3000 74.0800
-2.7260902508e-001 2.3152040966e-001 -9.2139193705e+000
209 225 210
5 19 1452 -136.7400 -11.3000 20 2267 -149.7000 -55.4200 17 2334 -140.1700 27.7600 14 1381 -208.2300 31.4600 13 1364 -249.6300 -7.4500
-4.4082097760e-001 6.5025194051e-001 -9.6651136535e+000
206 232 217
9 19 2582 -162.6700 74.6600 20 2821 -171.6400 45.6800 21 2838 -145.7600 10.1100 18 2256 -217.9500 127.0800 16 2143 -172.2500 56.3700 17 2613 -171.8000 84.5900 15 1708 -144.6500 60.7500 14 1542 -243.3200 50.3700 13 1522 -284.1500 -0.7100
-5.8010531153e-001 1.8636439084e-001 -9.7346030036e+000
71 67 68
11 19 2678 -188.2200 -18.8100 20 2898 -202.8000 -49.7100 21 2900 -177.5900 -78.6800 18 2355 -240.3700 27.0500 23 2777 -208.7300 -67.5400 16 2155 -184.0000 -37.0300 17 2634 -186.7600 -8.6800 24 2515 -160.1700 -129.2600 15 1577 -152.3400 -33.8900 14 1565 -247.7900 -42.6900 13 1534 -286.5500 -93.4300
-7.7509800510e-001 -1.1256635460e+000 -9.5323503362e+000
210 223 218
12 19 2300 -233.0400 -288.3000 20 2376 -263.4100 -332.6000 21 3034 -239.6600 -347.1500 18 2467 -275.8500 -257.2900 23 2160 -281.9100 -323.7000 16 2193 -190.8000 -294.6700 17 2678 -204.0600 -268.7200 24 2046 -239.0400 -365.9000 15 1777 -144.3000 -291.7600 14 1588 -234.7900 -287.3900 13 1546 -267.4900 -331.7500 25 1167 -189.0300 -369.7800
-1.0130485971e+000 2.5392135231e+000 -1.0906427861e+001
128 90 70
10 19 3565 -236.2000 397.1800 20 4010 -230.3600 413.4600 21 4192 -197.1000 403.4300 18 2971 -310.4000 423.5300 23 4181 -202.1100 438.0200 16 2580 -282.1500 273.6900 17 3089 -270.3400 321.9400 15 1972 -274.7800 245.8500 14 1636 -368.3000 184.8900 13 1608 -412.9100 99.4300
-3.2447463782e-001 7.0455326840e-001 -9.4755257272e+000
210 227 211
8 19 3014 -142.9800 87.1600 20 3298 -150.6800 52.9200 18 2572 -198.0700 147.9200 16 2311 -156.6000 81.6300 17 2785 -155.5800 107.3300 15 1706 -129.3000 90.1400 14 1533 -230.7600 84.1400 13 1623 -271.8000 35.1100
-1.0055961274e+000 2.7247008630e-001 -1.0310491567e+001
201 230 214
10 19 2649 -254.1000 -0.8100 20 2870 -269.2700 -17.7200 21 2862 -242.0600 -33.4100 18 2331 -310.5200 28.3300 23 2737 -267.6100 -8.9000 16 2340 -247.8500 -59.4400 17 2813 -249.8000 -22.8300 15 1749 -219.6700 -70.1400 14 1691 -308.4600 -98.0000 13 1641 -346.4100 -162.5400
3.9365610686e-001 1.2954296770e+000 -8.3295115626e+000
204 226 209
10 19 3501 -0.9100 243.3900 20 3954 4.0600 188.3900 21 4134 27.6000 104.4700 18 2985 -55.4900 352.5100 23 4196 -6.3400 67.0800 16 2577 -48.1000 305.8500 17 3091 -42.0300 319.3200 15 2078 -24.6600 342.5000 14 1741 -147.5000 360.0300 13 1678 -197.9700 329.4800
3.0569431305e-001 6.9031696930e-001 -8.2989208875e+000
92 74 87
10 19 3292 -19.6300 99.3600 20 3707 -22.7100 31.6700 21 3845 -1.3300 -48.9400 18 2762 -68.9300 205.4000 23 3848 -42.7700 -84.2200 16 2450 -47.9700 182.0600 17 2963 -46.2900 191.0000 15 1977 -18.0700 221.8400 14 1761 -139.9200 252.3700 13 1686 -188.8700 229.2600
1.4470852418e-001 -6.5731123662e-002 -8.4419414299e+000
205 223 210
8 19 3103 -55.4400 -83.4900 20 3444 -70.6600 -155.2800 18 2799 -96.7100 8.0100 16 2328 -52.9500 2.7700 17 2808 -58.6200 9.6400 15 1866 -13.8700 43.7000 14 1664 -127.4500 84.2500 13 1709 -171.6500 68.6100
1.4645558018e-001 -6.4452832676e-002 -8.4460110499e+000
205 223 210
10 19 3104 -55.4400 -83.4900 20 3445 -70.6600 -155.2800 21 3553 -51.7500 -218.0900 18 2798 -96.7100 8.0100 23 3539 -99.5600 -236.5900 16 2327 -52.9500 2.7700 17 2809 -58.6200 9.6400 15 1867 -13.8700 43.7000 14 1665 -127.4500 84.2500 13 1710 -171.6500 68.6100
2.6088911469e+000 1.7811274687e+000 -9.6442729019e+000
118 103 65
9 19 1871 459.8101 310.4300 20 2622 507.2300 261.1500 21 2667 534.5100 198.0300 18 1570 402.5400 398.2300 23 2595 516.8300 158.8000 16 1110 359.0100 355.4300 17 1253 380.1000 371.0500 15 795 368.1700 381.1600 14 87 249.0400 376.3000
-8.1549710982e-001 -9.8404564071e-001 -9.6335814418e+000
201 204 205
9 19 786 -237.7900 -255.9200 20 909 -266.4000 -296.8200 21 1651 -242.1000 -312.0100 18 1395 -282.1400 -225.5100 23 774 -282.7700 -287.9800 16 1669 -199.6100 -268.8400 17 1917 -211.4900 -241.7200 15 1123 -155.7000 -267.6600 14 418 -246.0000 -267.2300
-1.0864069710e+000 2.5352793978e+000 -1.0989079874e+001
106 70 57
7 19 2362 -248.6400 393.5900 20 3137 -242.7200 411.3700 18 2112 -321.7900 417.2300 16 1833 -291.0700 264.9100 17 2095 -279.7200 314.6000 15 881 -282.5900 236.1500 14 709 -373.9100 174.1400
3.6357171263e-001 -9.5911127007e-001 -7.8885228336e+000
191 196 201
6 19 841 -7.4400 -320.7200 20 1731 -35.3800 -424.4500 16 865 29.8100 -169.1900 17 967 12.1800 -176.2000 15 1093 89.2100 -106.4100 14 823 -25.9700 -25.2400
-4.2901825567e-001 1.3412105263e+000 -9.7484910662e+000
213 226 213
9 19 1958 -158.2200 211.6600 20 2678 -160.3200 192.7900 21 2705 -132.4000 155.5700 18 1622 -219.1700 267.4000 23 2582 -153.1200 161.2200 16 1884 -185.7200 174.5900 24 2390 -97.4600 87.6000 15 1332 -165.6100 175.1900 14 1107 -266.3200 153.0400
-2.8269852199e-001 9.7374726590e-001 -9.4171095494e+000
212 225 212
7 19 2030 -134.9400 143.8600 20 2760 -139.5600 112.5700 18 2208 -192.5500 207.8900 16 1899 -157.4900 135.2000 17 2182 -154.0200 161.8200 15 1549 -133.9700 144.4200 14 1113 -238.3300 135.9600
-5.6154086793e-001 1.2391785510e+000 -9.9410802520e+000
204 227 213
8 19 1956 -180.4300 187.4100 20 2706 -184.1600 171.6700 18 2191 -241.5100 235.3300 23 2599 -176.4800 150.9900 16 1895 -202.7800 140.4500 17 2178 -198.2500 174.1300 15 1344 -181.9400 136.9700 14 1134 -279.6800 112.0100
-2.1170485477e-001 -5.8368301764e-001 -8.8729057687e+000
211 231 219
9 19 2263 -131.1000 -193.8200 20 3020 -154.9700 -255.2400 21 3020 -134.9500 -296.3000 18 2435 -170.7600 -128.8500 23 2900 -181.8900 -295.6000 16 1985 -105.7700 -142.9300 17 2424 -116.3400 -129.2200 15 1410 -60.6200 -115.8100 14 1200 -162.4200 -86.8800
4.3666179231e-001 -9.6027559970e-001 -7.7727914472e+000
62 50 75
7 19 2887 11.3800 -327.6100 20 3096 -16.5600 -437.1300 21 2377 -6.6400 -503.9600 18 2464 -10.6000 -222.6400 17 2664 30.3700 -171.5400 15 1597 108.0200 -93.5300 14 1397 -10.3900 -4.9800
-5.9833703222e-001 3.5872024917e-001 -9.7507838446e+000
103 75 84
11 19 3047 -191.2200 15.2800 20 3346 -204.0600 -14.7900 21 2877 -178.1100 -44.5000 18 2590 -245.6300 62.8600 23 3340 -207.0700 -32.6400 16 2336 -192.6000 -6.0800 17 2806 -193.6100 22.7400 24 2489 -157.2500 -95.3700 15 1728 -163.8900 -4.3500 14 1557 -260.4100 -16.0400 25 2208 -92.1300 -112.9000
-7.0453393655e-001 4.6032959598e-001 -9.9752433136e+000
198 228 206
8 19 3025 -206.4900 35.0200 20 3322 -218.7400 11.8300 21 3398 -192.1500 -13.2900 18 2588 -262.1000 76.2300 16 2325 -207.8600 -2.2300 17 2796 -208.5200 29.1900 15 1726 -179.7500 -5.7700 14 1558 -273.9500 -22.5100
9.2851182575e-002 -5.3908451729e-001 -8.4001675565e+000
121 73 96
8 19 3183 -69.5500 -196.5800 20 3553 -92.2700 -274.5200 21 3652 -75.1900 -331.0000 18 2642 -104.2400 -112.5100 16 2351 -48.1500 -101.7900 17 2825 -58.8200 -97.2500 15 1883 0.2000 -59.7900 14 1679 -110.2700 -9.2500
-5.0658498596e-001 -5.3405142525e-001 -9.2987593244e+000
204 229 211
7 19 3155 -183.3600 -172.3500 20 3493 -206.6100 -220.3300 18 2821 -228.3800 -122.2700 16 2505 -160.0900 -157.5100 17 2839 -168.5900 -137.0000 15 1899 -119.8500 -145.0100 14 1695 -216.6300 -133.9600
3.0787365508e+000 1.7605693878e+000 -9.9846612462e+000
59 46 22
9 19 1874 535.3101 295.5900 20 2036 587.9301 246.5400 21 2678 614.4700 189.6300 18 1588 479.3500 377.5800 23 2615 600.4800 152.5200 16 1137 431.6400 338.5900 17 1266 455.6200 353.4800 24 2417 675.1100 41.8300 15 195 441.7600 362.1600
-6.5278913395e-001 1.8040323466e+000 -1.0177204732e+001
93 67 78
7 19 252 -192.2700 289.7300 20 1271 -190.5800 285.4200 21 1320 -159.6400 258.5600 18 958 -258.6500 333.8300 23 1228 -172.8800 274.4100 17 441 -218.9600 255.7800 15 348 -212.3900 206.4300
-6.5278913395e-001 1.8040323466e+000 -1.0177204732e+001
93 67 78
7 19 251 -192.2700 289.7300 20 1270 -190.5800 285.4200 21 1319 -159.6400 258.5600 18 957 -258.6500 333.8300 23 1227 -172.8800 274.4100 17 440 -218.9600 255.7800 15 349 -212.3900 206.4300
-2.5800843741e-001 1.4153266101e+000 -9.4709487177e+000
86 58 55
6 19 328 -129.6100 234.8400 20 352 -128.9800 210.4900 18 297 -191.4900 298.7700 16 423 -164.1100 211.9700 17 512 -157.8000 241.4100 15 350 -144.9700 217.6500
-4.6536676897e-001 1.3240987122e+000 -9.8169148464e+000
214 223 214
5 19 368 -164.1800 206.7100 20 348 -165.7800 189.3200 18 341 -225.8300 259.6000 16 497 -191.4600 166.0100 15 397 -171.8200 164.4500
-3.9489569279e-001 8.7210146674e-001 -9.6149412174e+000
204 225 216
7 19 1377 -154.1700 119.8800 20 2160 -159.8800 92.2900 21 2193 -132.4800 53.8100 18 1142 -211.6300 176.2400 16 597 -171.7200 100.3100 17 662 -169.0800 129.2400 15 471 -147.0300 106.0000
1.8493596816e-001 -4.2056836966e-001 -8.2995433053e+000
193 225 208
8 19 1533 -48.8600 -170.9800 20 1608 -69.2400 -251.7800 21 1667 -52.6700 -313.6800 18 1309 -84.0000 -78.9100 23 1590 -106.5400 -332.1600 16 801 -32.4900 -66.4300 17 877 -42.7000 -64.0100 15 566 14.0800 -20.4100
-7.8346954722e-002 -8.9423190198e-001 -8.5291680764e+000
212 215 220
6 19 812 -106.7400 -275.8900 20 1671 -134.8600 -351.7000 18 1400 -140.7700 -203.7000 16 861 -71.9000 -194.3100 17 965 -86.2600 -186.9000 15 633 -20.5300 -157.4800
2.4393227055e+000 1.7539045735e+000 -9.4979388616e+000
76 59 29
10 19 2458 430.3600 309.6100 20 3202 475.7100 259.4600 21 3278 504.5800 193.2700 18 2135 374.1700 400.2500 23 3240 486.7300 153.6500 16 1782 331.8101 357.0600 17 2064 352.4800 372.0300 24 3160 557.9900 31.0500 15 788 342.2200 384.0900 25 2186 632.5400 -48.0100
1.5401354040e+000 6.2210512403e-001 -7.7504437501e+000
123 108 69
9 19 3017 300.9301 89.6500 20 3348 320.0000 -12.7900 21 3470 330.1200 -123.6500 18 2196 266.8300 235.4700 23 3470 274.7800 -193.3000 16 1841 245.5300 264.1200 17 2568 250.7200 255.0400 24 3454 318.8900 -368.7200 15 850 278.0500 336.6500
3.0266850563e+000 1.4920041565e+000 -9.9036709891e+000
102 86 60
9 19 2494 530.3600 244.4800 20 2064 578.0200 190.7300 21 2731 600.3400 132.5400 18 1610 478.6700 328.6700 23 2639 580.4600 94.8800 16 1828 438.4800 299.2100 17 2107 457.9600 312.1600 24 2460 649.1600 -15.0000 15 854 450.7000 326.2700
-9.8813052800e-001 2.7569658862e+000 -1.0885255378e+001
188 141 114
9 19 1045 -235.4100 438.1900 20 1134 -227.3200 457.5200 21 1185 -192.9800 446.6900 18 833 -309.6800 462.6800 23 1091 -194.5000 480.2000 16 1147 -282.9400 306.9400 17 1229 -270.2300 357.2300 24 1081 -128.7100 444.0200 15 867 -275.9800 278.3700
7.2771487178e-001 -6.4699351150e-001 -7.3621982255e+000
50 37 64
5 19 1616 90.7400 -261.9800 20 2417 69.8900 -388.8100 18 1343 72.1899 -126.4800 17 1840 95.1100 -67.5000 15 986 169.1100 39.9000
2.5397903822e+000 1.7805722622e+000 -9.5934039284e+000
128 111 69
8 19 2460 447.7700 312.2700 20 2621 493.8101 263.5900 21 3282 521.4399 198.9200 18 2138 391.6400 400.6500 23 3213 503.0699 159.1100 16 1783 348.0500 357.3600 17 2542 369.2700 371.9600 15 1239 358.2900 382.6900
2.6876545109e+000 1.7746910827e+000 -9.6848119186e+000
116 100 66
6 19 2960 474.2800 307.1500 20 3205 523.1200 257.0200 18 2140 417.0300 394.9100 16 1787 371.5200 353.3100 17 2543 393.0400 368.3100 15 1261 381.0601 378.8800
-6.6425121937e-001 2.4332045838e+000 -1.0354607872e+001
195 177 132
6 19 1758 -190.3900 402.6300 20 1893 -182.9900 409.3000 18 1505 -262.1400 442.1600 16 1821 -238.9000 304.4400 17 2057 -227.2000 349.3500 15 1280 -229.0600 286.9100
-2.9650742744e-001 2.0453447337e+000 -9.6774128827e+000
213 207 206
7 19 1781 -133.9500 356.3300 20 1950 -126.3900 346.4300 21 2022 -94.8900 304.3500 18 1507 -202.0000 415.8500 16 1824 -183.6200 304.0900 17 2084 -173.1900 339.6100 15 1283 -170.8700 301.8000
-4.7136262995e-001 1.3865842176e+000 -9.8356576572e+000
79 66 80
9 19 2502 -165.7300 218.4000 20 2677 -167.1900 200.9700 21 2686 -137.9000 165.6800 18 2183 -228.2800 270.6400 23 3203 -154.6700 176.0600 16 1881 -194.4300 175.4400 17 2146 -188.3900 209.0500 24 3693 -96.2700 103.0100 15 1330 -175.1400 174.2600
-1.0842214705e+000 1.6947296201e+000 -1.0738329670e+001
208 219 205
6 19 1878 -255.5000 253.2000 20 2004 -257.2000 257.7400 18 1621 -322.8700 280.0700 16 1893 -280.8100 153.1000 17 2141 -273.5100 197.2400 15 1341 -266.0200 130.7700
4.6535121324e-001 -8.4080424513e-001 -7.7417827685e+000
57 44 65
7 19 2310 18.5000 -297.6400 20 2412 -8.3900 -407.3000 21 1782 2.9400 -479.5500 18 2046 -4.6800 -187.4400 16 1981 49.6700 -128.5500 17 2429 33.7300 -138.9800 15 1397 108.1500 -59.1300
-2.1246752423e-001 -5.8388131718e-001 -8.8743816050e+000
211 231 219
8 19 2262 -131.1000 -193.8200 20 3021 -154.9700 -255.2400 21 3021 -134.9500 -296.3000 18 2434 -170.7600 -128.8500 23 2899 -181.8900 -295.6000 16 1984 -105.7700 -142.9300 17 2423 -116.3400 -129.2200 15 1409 -60.6200 -115.8100
3.7363575656e+000 1.8054762220e+000 -9.7909877381e+000
126 90 32
10 19 2474 682.1300 312.9400 20 3210 746.9900 253.1800 21 3300 775.1700 186.3900 18 2523 624.9100 405.6500 23 3244 758.7100 136.2800 16 2067 558.2900 383.2400 17 2530 585.5699 393.0000 24 3184 838.0601 8.6800 15 1468 564.6801 415.9200 25 2700 903.7100 -80.7000
-3.1829809966e-001 2.2246255603e+000 -9.7652053885e+000
89 72 75
5 19 2365 -137.4800 388.3000 20 2509 -128.6300 383.5000 18 2099 -206.2500 445.7400 17 2533 -178.2900 363.4800 15 1487 -177.5400 321.2700
3.0765593340e+000 1.5657825698e+000 -9.9769897581e+000
100 83 55
9 19 2479 536.5400 257.8300 20 2701 584.4000 205.5700 21 2732 609.6000 148.8500 18 2161 482.3900 339.6300 23 2637 590.0200 111.7900 16 2093 441.1200 306.6400 17 2553 461.1899 320.7200 24 2432 661.2600 2.2100 15 1493 452.6100 332.8200
-6.8721892765e-001 2.0187704029e+000 -1.0300567682e+001
209 223 209
10 19 2422 -195.4500 326.5400 20 3161 -191.7500 327.3200 21 3185 -160.2800 302.3800 18 2149 -263.6600 367.3000 23 3093 -171.2100 320.6700 16 2098 -234.5100 242.0800 17 2555 -224.8600 284.5100 24 2944 -110.6000 263.9500 15 1521 -221.2500 228.0200 25 1939 -25.3700 239.9000
-1.0453324784e+000 1.3762348855e+000 -1.0623915331e+001
206 225 217
8 19 2498 -251.6400 198.7300 20 2675 -256.1700 197.6200 21 2682 -225.8700 183.1300 23 2546 -240.7000 209.5800 16 1915 -270.9700 109.8800 17 2591 -265.3400 152.3100 24 2329 -184.7800 167.7000 15 1556 -253.5000 90.7100
-1.0429154889e+000 1.3750586728e+000 -1.0616994282e+001
206 225 217
9 19 2499 -251.6400 198.7300 20 2676 -256.1700 197.6200 21 2683 -225.8700 183.1300 23 2547 -240.7000 209.5800 16 1914 -270.9700 109.8800 17 2592 -265.3400 152.3100 24 2330 -184.7800 167.7000 15 1557 -253.5000 90.7100 25 2007 -108.3900 156.3700
-5.7708324108e-001 1.8574947709e-001 -9.7098089864e+000
71 67 68
10 19 2679 -188.2200 -18.8100 20 2899 -202.8000 -49.7100 21 2901 -177.5900 -78.6800 18 2356 -240.3700 27.0500 23 2778 -208.7300 -67.5400 16 2156 -184.0000 -37.0300 24 2516 -160.1700 -129.2600 15 1578 -152.3400 -33.8900 25 1571 -97.8900 -151.8100 26 2359 -171.4400 -357.4800
-1.5907099097e+000 3.1003821576e+000 -1.1743923726e+001
92 59 49
7 19 3242 -310.6400 456.6300 20 3621 -304.1000 492.1801 21 3736 -268.4000 500.4200 18 2712 -387.6900 462.3200 16 2256 -353.2400 284.1300 17 2736 -340.1400 343.0100 15 1676 -348.3600 240.5700
-8.1357124828e-001 1.9256718014e+000 -1.0460758509e+001
208 225 213
8 19 2955 -214.9400 303.3400 20 3174 -213.2100 305.8900 21 3186 -182.4200 285.4600 18 2531 -282.2900 339.1900 23 3108 -194.1200 308.0000 16 2276 -248.4400 213.6100 17 2748 -240.0100 255.8300 15 1681 -234.0800 196.9400
-6.2341089118e-001 1.7095897601e+000 -1.0160671031e+001
88 69 91
6 19 2965 -186.9700 272.6500 20 3195 -186.1000 266.4800 18 2532 -252.3600 316.6800 16 2277 -220.0200 203.9100 17 2751 -212.6300 241.7500 15 1682 -203.9500 193.4900
-5.2984782319e-001 1.4476394526e+000 -9.9084920194e+000
207 227 214
8 19 2977 -174.6700 229.2400 20 3663 -175.4500 215.1400 21 3811 -145.9800 181.6000 18 2540 -238.1000 279.1400 23 3806 -163.9600 190.6500 16 2291 -204.5600 179.3200 17 2762 -198.0900 214.0000 15 1696 -186.4900 174.4100
-2.6106653628e+001 7.6229979699e+000 -6.8815124692e+001
112 71 128
5 19 2981 -628.1200 188.6300 20 2577 -609.8700 313.1400 21 2420 -578.8000 466.7100 18 2354 -701.5200 24.4800 15 1796 -644.8300 -477.2200
-6.8314959679e-003 1.8291186622e+000 -9.0933999412e+000
205 223 210
8 19 3258 -83.5300 335.8100 20 3647 -74.9800 310.4600 21 3791 -44.8300 250.8900 18 2718 -148.9700 415.6900 23 3800 -64.0600 236.8800 16 2248 -137.7000 323.8100 17 2728 -127.4800 351.8700 15 1816 -123.4400 335.4400
-1.4649800945e+000 2.6078090976e+000 -1.1398232934e+001
160 127 83
11 19 2930 -302.0000 389.8900 20 3127 -297.2900 413.7100 21 3123 -263.0700 415.9300 18 2722 -377.0400 402.1500 23 2303 -264.2700 458.9800 16 2440 -341.1700 240.9900 17 2940 -329.2300 294.7800 24 2817 -201.0800 441.9100 15 1834 -333.9800 202.2300 25 1821 -113.1600 446.4600 26 2521 -147.4500 258.2700
-2.5232601200e-001 1.3747063602e+000 -9.4607248535e+000
213 223 210
10 19 2487 -128.6300 226.5900 20 3233 -128.2000 201.9100 21 2687 -100.2400 156.3700 18 2539 -190.1100 291.0000 23 2601 -121.8000 153.7900 16 2278 -162.9700 205.5000 17 2752 -156.8700 234.5500 24 2391 -65.2700 66.6300 15 1836 -143.2600 210.9800 25 2137 13.1200 24.8800
-1.9129224226e+001 6.3800811379e+000 -7.0118542156e+001
123 51 55
6 19 2998 -443.7900 155.1900 20 3194 -427.5800 269.8400 21 3122 -397.1600 417.8600 18 2601 -513.5500 0.6900 17 3011 -431.4100 -186.1100 15 1932 -453.5500 -469.1900
-1.9845108851e+001 5.4008472731e+000 -6.6849504092e+001
111 103 128
7 19 3285 -486.4000 137.2700 20 3651 -470.1800 253.0500 21 3752 -439.2900 400.5800 18 2804 -556.2700 -18.3000 16 2532 -489.6300 -327.4500 17 3017 -473.7800 -207.1600 15 1935 -494.2800 -494.1801
2.1755100310e-001 1.2494578630e+000 -8.6202629851e+000
87 70 82
6 19 3500 -40.3400 223.5700 20 3958 -37.6300 176.8800 18 2988 -95.8800 318.8800 16 2582 -80.2700 263.8900 17 3095 -75.3900 279.8300 15 1961 -57.1800 293.5700
3.0898641845e-001 6.9007257197e-001 -8.2818676104e+000
92 74 87
8 19 3293 -19.6300 99.3600 20 3708 -22.7100 31.6700 21 3846 -1.3300 -48.9400 18 2761 -68.9300 205.4000 23 3849 -42.7700 -84.2200 16 2449 -47.9700 182.0600 17 2962 -46.2900 191.0000 15 1976 -18.0700 221.8400
-2.4740775949e-002 9.3372533458e-001 -8.9628244962e+000
202 227 208
6 19 3514 -90.8700 143.2000 20 3967 -95.2700 101.8900 18 2998 -143.9000 223.0100 16 2591 -113.2700 167.7900 17 3104 -110.9500 187.1600 15 1983 -86.7400 188.2400
6.1239578076e-001 -5.3511061912e-001 -7.5736425461e+000
79 58 97
6 19 3552 56.9200 -222.9700 20 4045 38.2800 -336.2900 18 3029 33.3300 -96.4500 16 2619 73.0699 -37.1700 17 3137 59.1700 -50.9400 15 2016 128.8199 40.6800
-8.2321153017e-001 4.8635456743e-001 -1.0077396271e+001
108 78 95
7 19 3435 -226.8800 39.5100 20 3881 -239.8000 19.6200 21 4044 -213.7800 -2.3900 18 2908 -282.5300 77.0000 16 2612 -226.7800 -6.3400 17 3126 -227.4800 27.1600 15 2025 -197.8200 -11.2200
-2.4256527281e+001 7.7042491886e+000 -6.7896264701e+001
102 41 54
6 19 3403 -589.0900 192.8500 20 3842 -572.2300 315.6100 21 3994 -541.9100 468.2100 18 2912 -662.2000 32.0400 16 2635 -599.1200 -290.5200 15 2060 -607.1900 -462.0500
-2.2559833630e+001 6.2747364592e+000 -6.9371838069e+001
170 39 54
7 19 2997 -531.4700 154.7700 20 3650 -517.5000 272.0900 21 3748 -485.1900 423.2500 18 2803 -606.5800 -5.1700 16 2527 -538.3700 -320.0200 17 3152 -523.6400 -199.2200 15 2065 -547.2400 -492.2400
-6.6127164531e-001 5.6959663242e-001 -9.9492761712e+000
100 66 90
6 19 3527 -199.8300 56.6000 20 3978 -210.0000 33.9000 18 3009 -255.5300 99.2100 16 2605 -202.9300 20.0800 17 3121 -203.5600 51.3400 15 2106 -175.0400 17.6600
-7.9569076902e-001 1.3980793190e+000 -1.0353909913e+001
77 61 79
5 19 3623 -212.8300 208.2500 20 4070 -216.2900 200.8800 18 3115 -276.9400 247.2400 17 3361 -231.5000 175.9100 15 2224 -221.6000 120.9500
-2.1194164097e+001 8.7909376340e+000 -6.7906733165e+001
201 199 184
7 19 3622 -513.7200 220.4100 20 4063 -495.6100 339.8200 21 4236 -464.8200 491.9399 18 3124 -584.7200 64.3700 16 2849 -522.1800 -249.9400 17 3378 -503.7300 -129.9000 15 2256 -529.1400 -414.5700
-3.4441699452e-001 2.8735226776e+000 -9.9102622959e+000
202 180 123
3 19 1654 -139.9400 510.1200 20 1754 -124.8200 519.4100 16 109 -207.0900 419.5200
2.4005599172e+000 2.2867071781e+000 -9.6595513752e+000
94 76 40
5 19 1750 415.6200 412.3500 20 1942 467.7400 374.6200 18 812 351.3101 497.0200 16 137 299.6100 431.2800 17 1136 323.5900 452.4200
-2.8569989680e-001 2.6780011387e+000 -9.7699950006e+000
131 95 60
4 19 929 -131.3800 479.7300 20 1106 -116.9700 482.4400 16 171 -195.2400 401.5300 17 189 -181.3000 443.1300
-9.3311635027e-001 3.0061259619e+000 -1.0859063352e+001
113 69 44
5 19 1681 -227.0200 482.7100 20 2441 -216.7100 506.0900 18 1435 -302.7900 508.8500 16 264 -279.6600 346.6500 17 1183 -265.6500 398.5200
-8.8697377690e-001 2.2292059910e+000 -1.0621276305e+001
181 160 132
8 19 1105 -224.4500 353.2400 20 1229 -220.0600 362.8100 21 2001 -187.3100 345.8300 18 896 -294.8100 385.3800 23 1841 -194.6400 371.8400 16 365 -263.3000 248.0800 17 372 -253.1500 293.9300 24 1793 -132.3300 325.6900
4.1602581913e+000 1.9820568697e+000 -9.1134020085e+000
171 125 48
4 19 1102 835.2700 379.8500 20 2002 919.8600 304.6600 23 1978 933.1400 134.9300 16 988 671.1600 491.7000
-1.6106788486e-001 2.1817338248e+000 -9.4453595973e+000
97 72 77
5 19 1075 -110.8900 394.7800 20 1206 -100.4500 383.2100 18 836 -179.8100 462.2700 16 1087 -168.3900 350.5000 17 1186 -156.7700 385.0700
2.2094640954e+000 1.7887194391e+000 -9.3526776478e+000
82 68 35
5 19 2946 388.8199 321.5100 20 3199 431.8400 272.0600 18 2118 332.7600 414.7300 16 1097 292.8400 368.8700 17 2036 312.6801 384.4000
2.3484330078e+000 1.7632673336e+000 -9.4405724059e+000
76 59 30
8 19 2457 414.1899 313.9900 20 2617 458.3000 264.1700 21 3276 485.4399 197.0400 18 1565 359.4700 404.7200 23 2591 467.9800 157.0000 16 1099 317.9600 360.7200 17 1249 338.0100 376.0500 24 3156 538.6000 33.0500
2.3503680461e+000 1.7645171023e+000 -9.4475931604e+000
76 59 30
10 19 2456 414.1899 313.9900 20 2618 458.3000 264.1700 21 3277 485.4399 197.0400 18 1566 359.4700 404.7200 23 2590 467.9800 157.0000 16 1100 317.9600 360.7200 17 1250 338.0100 376.0500 24 3155 538.6000 33.0500 25 1520 613.1200 -45.7900 26 2342 540.6300 -346.1400
3.0779080200e+000 1.7606169481e+000 -9.9810106960e+000
59 46 22
8 19 1875 535.3101 295.5900 20 2035 587.9301 246.5400 21 2679 614.4700 189.6300 18 1589 479.3500 377.5800 23 2614 600.4800 152.5200 16 1138 431.6400 338.5900 17 1267 455.6200 353.4800 24 2416 675.1100 41.8300
-9.2222083063e-003 1.7616470796e+000 -9.1072438924e+000
82 68 76
4 19 2424 -84.2400 320.5800 20 2578 -77.4400 294.6100 18 1548 -148.0800 399.3400 16 1151 -134.1400 310.6100
-1.1272225157e+000 2.7055758670e+000 -1.1074830611e+001
130 82 59
7 19 1047 -253.9900 418.6500 20 1854 -247.4800 441.4700 21 1910 -213.7800 435.0600 18 862 -328.3100 440.1400 23 1766 -215.0700 473.1600 16 1170 -297.3500 283.3700 17 1271 -285.8200 335.5000
-6.6946257679e-001 9.6744609687e-001 -9.9984155947e+000
89 82 87
5 19 1345 -199.0000 133.3600 20 1406 -205.7600 115.7000 21 459 -177.7200 87.4000 16 1432 -214.3700 87.3000 17 699 -211.2700 120.1400
1.8417053960e+000 -4.1111038307e-001 -7.4860678599e+000
59 43 20
6 19 3157 396.5000 -191.7900 20 3807 403.0601 -329.2700 21 3978 398.2400 -435.0200 18 2404 388.7500 -38.6200 16 1488 389.2700 56.5600 17 2337 381.5900 29.7800
1.3078180721e-001 -4.7997623530e-001 -8.3569013465e+000
206 222 212
5 19 2264 -61.1900 -183.5200 20 2359 -83.1000 -262.6300 18 1969 -96.1200 -95.4000 16 1603 -41.5600 -85.1200 17 1855 -52.2300 -81.2100
1.4803734150e+000 2.3295005524e+000 -8.9850701923e+000
129 113 74
4 19 3247 243.1100 455.7800 20 3833 284.5500 419.7800 16 1732 136.7900 474.3600 17 2505 158.1500 497.1200
3.0480335324e-001 1.9653353638e+000 -8.5712583584e+000
215 223 213
7 19 2366 -19.9300 391.8700 20 2522 -6.0600 357.5200 21 2603 23.0600 278.7000 18 2093 -84.1900 493.0100 23 2516 1.1500 246.9400 16 1753 -86.9600 409.2500 17 2005 -75.3300 432.5500
1.9917370045e+000 1.9294193638e+000 -9.2065908006e+000
69 54 22
8 19 2938 349.2200 356.7700 20 3179 390.8101 311.2400 21 3238 421.0500 239.5700 18 2100 288.6200 452.7800 23 3811 404.2400 198.3600 16 1757 246.2400 398.6700 17 2012 265.6400 416.1000 24 3702 477.3900 67.4300
2.2744310918e+000 1.7709124136e+000 -9.3867784133e+000
62 47 18
7 19 2947 402.8900 316.6100 20 3200 444.8600 267.3700 21 3274 472.7600 199.2900 18 2133 344.6801 409.4600 23 3814 453.7300 158.8600 16 1781 304.1300 364.5100 17 2039 323.5699 379.7700
2.8710276229e-002 1.9254268191e+000 -9.1375410607e+000
78 67 74
