# Bundle file v0.3
36 7673
1125.744269 0.0 0.0
0.395685 -0.499984 -0.770357
0.596757 -0.497621 0.629488
-0.698079 -0.708794 0.101468
-8.829683 7.336841 -10.077829
1133.706921 0.0 0.0
0.427200 -0.519773 -0.739821
0.620858 -0.426202 0.657942
-0.657294 -0.740397 0.140632
-8.237506 7.369014 -9.770548
1128.550615 0.0 0.0
0.456994 -0.527206 -0.716387
0.647703 -0.354762 0.674258
-0.609620 -0.772138 0.179349
-7.956085 7.674343 -9.130920
1132.459986 0.0 0.0
0.491382 -0.540683 -0.682793
0.666854 -0.270710 0.694278
-0.560223 -0.796479 0.227534
-7.339940 8.291191 -8.467362
1133.376891 0.0 0.0
0.510901 -0.547154 -0.663025
0.675244 -0.221890 0.703428
-0.532002 -0.807086 0.256099
-7.149560 8.427112 -8.305412
1122.963066 0.0 0.0
0.538902 -0.554436 -0.634182
0.663070 -0.185132 0.725303
-0.519541 -0.811374 0.267862
-7.187122 7.568885 -7.815281
1123.536247 0.0 0.0
0.568563 -0.569582 -0.593559
0.672499 -0.093744 0.734137
-0.473794 -0.816571 0.329744
-7.047342 8.040845 -7.388723
1129.048960 0.0 0.0
0.602636 -0.562793 -0.565769
0.679038 -0.010794 0.734024
-0.419210 -0.826528 0.375653
-6.406872 8.278061 -7.027092
1131.313775 0.0 0.0
0.632811 -0.552359 -0.542633
0.678150 0.057124 0.732700
-0.373716 -0.831647 0.410731
-5.828328 8.477055 -6.645163
1124.272775 0.0 0.0
0.651671 -0.558406 -0.513330
0.674550 0.117179 0.728870
-0.346854 -0.821250 0.453035
-5.449800 8.224924 -5.645950
1138.835464 0.0 0.0
0.676976 -0.558095 -0.479827
0.658951 0.169188 0.732912
-0.327854 -0.812346 0.482293
-5.584557 7.970048 -5.250157
1121.865093 0.0 0.0
0.715382 -0.544310 -0.438128
0.640128 0.259167 0.723234
-0.280115 -0.797847 0.533831
-4.821515 7.537491 -5.319119
1127.795236 0.0 0.0
0.734048 -0.537652 -0.414854
0.628907 0.307719 0.713992
-0.256221 -0.785009 0.564014
-4.829835 7.540642 -5.517642
1115.990160 0.0 0.0
0.764300 -0.516567 -0.386010
0.610537 0.386967 0.691015
-0.207583 -0.763816 0.611142
-4.266566 7.572494 -5.327087
1117.713190 0.0 0.0
0.793236 -0.498419 -0.349794
0.585381 0.466037 0.663429
-0.167649 -0.731019 0.661442
-3.852792 7.146747 -4.533499
1111.649960 0.0 0.0
0.807215 -0.485752 -0.335335
0.572715 0.507074 0.644107
-0.142836 -0.711984 0.687515
-3.582891 6.964115 -3.773105
1111.380044 0.0 0.0
0.840528 -0.460547 -0.285323
0.528709 0.582359 0.617514
-0.118233 -0.669891 0.732985
-3.029685 6.793614 -3.541834
1116.986769 0.0 0.0
0.855383 -0.447825 -0.260333
0.508404 0.629544 0.587537
-0.099223 -0.634923 0.766177
-2.713538 6.201171 -3.297362
1117.352885 0.0 0.0
0.875362 -0.423329 -0.233525
0.477633 0.682405 0.553344
-0.074888 -0.595916 0.799548
-2.368423 6.099353 -2.838339
1123.521232 0.0 0.0
0.899718 -0.386587 -0.202625
0.434081 0.744008 0.507963
-0.045617 -0.544979 0.837208
-1.924910 5.836446 -2.065551
1117.682418 0.0 0.0
0.918085 -0.356142 -0.174017
0.394846 0.783064 0.480528
-0.034870 -0.509876 0.859541
-1.379181 5.726423 -1.805387
1117.958997 0.0 0.0
0.930856 -0.334657 -0.146672
0.364362 0.820117 0.441190
-0.027359 -0.464126 0.885347
-1.409475 5.279417 -1.344564
1119.864845 0.0 0.0
0.951624 -0.284399 -0.116316
0.307172 0.871174 0.383017
-0.007598 -0.400217 0.916389
-1.110603 4.195303 -1.107860
1107.424653 0.0 0.0
0.962687 -0.251480 -0.099963
0.270592 0.899698 0.342525
0.003798 -0.356793 0.934176
-0.771550 3.905694 -0.792698
1135.845440 0.0 0.0
0.973901 -0.214454 -0.074332
0.226904 0.927883 0.295885
0.005518 -0.305030 0.952327
-0.553202 3.408512 -0.790112
1114.669053 0.0 0.0
0.981504 -0.182676 -0.057269
0.191047 0.953846 0.231686
0.012302 -0.238341 0.971103
-0.434732 2.408506 -0.360869
1116.018743 0.0 0.0
0.988389 -0.146535 -0.040190
0.151403 0.972129 0.179003
0.012839 -0.183010 0.983027
-0.424067 1.634323 -0.371674
1112.394929 0.0 0.0
0.995246 -0.095920 -0.016848
0.097253 0.988012 0.119891
0.005146 -0.120960 0.992644
-0.242999 1.240130 -0.081745
1133.109350 0.0 0.0
0.998646 -0.051792 -0.004894
0.051968 0.997487 0.048147
0.002388 -0.048336 0.998828
-0.206325 0.433855 0.064182
1131.177898 0.0 0.0
0.999990 -0.004137 0.001494
0.004145 0.999976 -0.005460
-0.001472 0.005467 0.999984
0.005642 -0.102323 0.084163
1113.912987 0.0 0.0
0.998322 0.055889 0.015123
-0.054760 0.996259 -0.066850
-0.018803 0.065910 0.997648
-0.008631 -0.680353 0.236929
1126.797820 0.0 0.0
0.995970 0.087909 0.017754
-0.085874 0.991873 -0.093876
-0.025862 0.091973 0.995426
0.053705 -1.054062 -0.065887
1118.423171 0.0 0.0
0.988380 0.145921 0.042559
-0.136415 0.975058 -0.175080
-0.067046 0.167240 0.983634
-0.024990 -1.751827 -0.027316
1134.494713 0.0 0.0
0.980129 0.196650 0.026002
-0.185599 0.955413 -0.229650
-0.070003 0.220261 0.972926
0.003575 -2.040404 -0.334661
1121.585792 0.0 0.0
0.969912 0.242335 0.023319
-0.225381 0.929997 -0.290360
-0.092051 0.276368 0.956633
-0.046180 -2.530830 -0.262272
1128.340748 0.0 0.0
0.956147 0.292061 0.021978
-0.266674 0.899147 -0.347015
-0.121111 0.325936 0.937602
0.000769 -3.012968 -0.441031
0.801909 -2.994037 -12.227147
186 85 58
31 29 1099 75.22 -282.75 31 1043 34.08 -265.95 28 1008 77.69 -293.55 30 897 40.73 -266.07 32 1008 -16.44 -235.09 27 1141 98.62 -292.29 33 1050 -10.14 -197.25 34 986 -24.15 -170.88 26 1089 123.94 -316.11 35 920 -32.81 -146.12 25 942 155.26 -304.25 22 1447 194.83 -287.80 23 1381 197.42 -275.09 24 1018 176.65 -278.42 21 1656 222.24 -236.12 18 1799 253.07 -240.00 19 1571 256.32 -237.74 20 1049 264.41 -226.52 17 1382 259.65 -254.40 14 1360 271.41 -201.17 15 1296 289.11 -216.10 16 1003 264.07 -219.08 13 1542 274.28 -161.88 11 1379 318.87 -182.28 12 1252 269.08 -177.72 9 1776 378.19 -63.72 10 932 317.10 -124.47 7 1986 320.62 -13.86 8 1542 354.82 -15.67 5 1439 330.06 -26.64 2 1433 327.72 120.19
0.773124 -2.913088 -12.256836
218 166 96
31 29 1374 71.71 -274.26 31 1182 31.40 -257.28 28 1313 73.96 -285.26 30 1133 37.65 -257.17 32 1132 -19.41 -225.56 27 1437 94.55 -284.39 33 1185 -12.40 -187.85 34 985 -26.08 -161.82 26 1397 119.14 -308.31 35 1099 -33.40 -138.23 25 1249 150.27 -296.61 22 1894 189.53 -280.99 23 1705 191.98 -268.08 21 1929 216.02 -229.92 18 1958 245.95 -235.95 19 1726 249.11 -232.84 20 1319 257.76 -220.96 17 1554 252.19 -250.68 14 1552 264.55 -200.02 15 1433 281.35 -214.17 16 1173 256.46 -216.30 13 1764 267.26 -161.70 11 1539 310.42 -183.46 12 1470 261.85 -177.96 9 1924 370.19 -66.46 7 2143 312.97 -18.76 8 1788 347.93 -17.89 6 1776 278.50 -18.97 5 1614 323.00 -33.05 2 1582 322.32 111.52 3 1701 362.34 132.68
1.469452 -3.184490 -11.480667
230 183 106
30 29 1273 146.55 -320.24 31 1194 99.13 -311.98 28 1190 150.59 -325.35 30 1042 107.56 -308.86 32 1141 44.73 -285.48 27 1320 172.74 -315.84 33 1193 47.65 -250.96 34 1134 30.98 -228.25 26 1277 199.11 -333.53 35 1105 20.51 -207.86 25 1125 233.62 -314.05 22 1765 274.01 -273.93 23 1707 277.74 -267.00 24 1180 255.64 -278.02 21 1640 302.55 -207.26 18 1948 322.89 -190.21 19 1719 333.11 -195.35 20 1195 343.90 -190.44 17 1541 325.98 -198.74 14 1345 326.97 -121.02 16 997 327.96 -154.07 13 1732 322.49 -75.74 11 1328 362.80 -78.15 12 1200 312.99 -80.54 9 1877 411.54 61.77 10 1022 354.75 -2.46 7 1930 337.27 107.02 8 1906 379.76 107.98 6 1575 294.82 109.70 5 1575 330.30 101.19
2.018160 -1.427474 -9.321111
173 165 154
25 29 1226 247.72 -181.03 31 1171 210.75 -210.20 28 1137 239.70 -165.76 30 1022 216.49 -192.41 32 1128 160.55 -209.08 27 1270 250.86 -132.34 33 1186 168.21 -189.46 34 1131 154.98 -185.21 26 1197 261.32 -135.44 35 1104 149.97 -183.34 25 1058 288.86 -89.39 22 1521 283.12 0.13 23 1465 303.73 -2.98 24 945 297.69 -26.80 21 1519 288.29 91.43 18 1663 254.09 109.05 19 1427 285.62 112.39 20 930 318.97 113.76 17 1261 239.23 97.93 14 1428 192.99 165.55 15 1162 220.46 163.69 16 903 229.34 147.53 13 1373 174.89 195.40 11 1001 172.13 199.18 12 1084 143.63 191.23
-2.860395 -1.375747 -8.328855
191 165 157
18 29 884 -394.74 -199.60 31 849 -412.44 -187.28 28 952 -410.95 -206.98 30 663 -423.06 -184.59 27 1097 -385.26 -190.13 26 1048 -366.43 -218.24 25 909 -345.90 -189.77 22 1373 -339.51 -147.24 24 980 -332.96 -135.50 21 1377 -335.24 -79.00 18 1516 -310.55 -108.37 19 1515 -314.86 -91.70 20 804 -283.52 -67.06 17 1137 -313.26 -133.02 14 1310 -330.98 -90.43 15 1046 -335.17 -101.03 16 814 -321.96 -88.74 11 1113 -355.34 -96.69
-1.572792 -1.015226 -8.227382
48 37 47
21 29 1347 -219.12 -150.65 31 1283 -237.70 -157.00 28 1265 -235.85 -148.46 30 1117 -245.23 -147.14 32 1237 -284.59 -148.39 27 1389 -215.31 -123.77 33 1283 -262.28 -111.63 26 1344 -202.19 -143.40 25 1326 -181.37 -105.47 22 1841 -185.68 -44.11 24 1238 -171.57 -44.39 21 1880 -183.31 33.79 18 1876 -179.39 13.09 19 1791 -173.13 29.76 17 1469 -186.77 -9.27 14 1633 -214.82 36.99 15 1363 -211.02 32.84 16 1093 -195.24 37.14 13 1828 -213.72 64.57 11 1455 -238.38 41.51 12 1547 -256.07 46.31
0.856764 -1.996197 -10.948607
212 168 123
20 29 1526 89.61 -212.34 31 1383 54.76 -210.63 28 1467 85.55 -215.09 30 1217 58.40 -204.39 32 1251 7.72 -190.99 27 1612 102.73 -204.15 26 1588 120.60 -222.16 25 1450 148.41 -198.88 22 1960 166.48 -159.02 23 1912 176.90 -151.25 24 1354 162.90 -160.29 21 1991 183.50 -96.29 18 2144 190.39 -97.41 19 1907 202.51 -92.55 20 1373 220.88 -83.21 17 1635 188.78 -111.93 14 1786 177.11 -58.55 16 1252 186.45 -72.95 11 1640 192.41 -40.69 12 1708 154.53 -38.96
1.712839 -1.194470 -9.114835
210 203 195
23 29 1729 214.75 -156.53 31 1610 181.55 -186.40 28 1660 204.53 -141.35 30 1478 185.51 -168.18 32 1570 133.20 -186.42 27 1791 214.74 -108.78 33 1605 142.84 -166.93 34 1562 130.92 -163.14 26 1761 223.63 -111.69 35 1638 127.30 -162.54 25 1633 249.51 -65.00 23 2084 261.02 22.67 24 1541 256.89 -1.35 21 2151 241.57 114.78 19 2030 236.97 134.25 20 1508 271.83 136.99 17 1864 191.21 112.60 14 1981 145.24 172.91 15 1734 169.85 173.03 16 1438 181.16 160.02 13 2165 128.26 199.63 11 1847 121.74 198.79 12 1897 95.84 192.49
-1.361671 -1.493064 -8.650782
199 83 60
21 29 1683 -183.47 -204.95 31 1544 -207.98 -205.09 28 1619 -196.24 -205.20 30 1370 -212.71 -198.02 27 1747 -174.80 -182.59 26 1715 -158.74 -202.67 25 1590 -135.09 -169.04 22 2143 -129.96 -112.37 23 2097 -112.32 -102.75 24 1496 -121.93 -112.43 21 2165 -122.05 -35.42 18 2321 -114.26 -46.01 19 2093 -108.24 -35.35 20 1570 -77.14 -19.71 17 1925 -119.65 -65.40 14 2046 -143.06 -9.97 15 1795 -136.48 -19.22 16 1499 -127.07 -17.64 13 2227 -142.37 24.30 11 1897 -158.42 8.22 12 1946 -180.64 9.98
-1.608070 -0.942160 -8.203532
183 160 125
22 29 1210 -224.34 -140.60 31 1150 -242.20 -147.66 28 1120 -241.71 -138.39 30 996 -250.03 -137.63 32 1107 -288.88 -139.49 27 1253 -221.31 -113.95 33 1168 -265.89 -102.92 34 1104 -276.48 -90.92 26 1190 -208.95 -134.14 35 1217 -272.46 -80.33 25 1054 -188.24 -96.34 22 1342 -193.41 -35.15 23 1485 -172.24 -25.15 24 942 -178.85 -35.48 21 1537 -191.76 41.84 18 1444 -187.98 19.11 19 1231 -181.92 36.71 20 950 -147.33 54.37 17 1074 -195.55 -4.08 14 945 -223.91 40.53 16 749 -203.90 41.23 13 1119 -222.87 66.38
0.949348 -3.081864 -12.047659
216 160 86
22 29 703 90.09 -295.13 31 874 47.25 -279.93 28 586 93.07 -304.99 30 506 54.41 -279.33 32 615 -4.12 -249.74 27 974 115.02 -302.28 34 584 -13.30 -186.40 26 899 140.50 -324.28 35 691 -22.60 -162.67 25 759 172.63 -310.92 22 1449 212.58 -289.01 23 1205 216.06 -278.19 24 687 194.47 -282.86 21 1451 240.47 -234.31 18 1584 270.21 -232.83 19 1363 274.75 -232.72 20 874 282.71 -222.92 17 1182 275.80 -245.97 14 1111 287.16 -186.08 15 1090 305.06 -202.90 16 844 279.61 -208.71 13 1268 288.15 -144.76
1.645436 -3.208591 -11.276025
194 113 71
19 29 1118 166.62 -328.61 31 1067 117.72 -323.07 28 1021 171.61 -332.50 30 913 126.67 -319.39 32 851 62.43 -297.98 26 1278 220.53 -336.07 25 961 255.80 -314.82 22 1438 296.50 -266.38 23 1386 300.49 -261.81 24 867 278.58 -274.32 21 1441 324.52 -196.03 18 1563 341.60 -172.23 19 1340 353.78 -179.75 20 852 365.87 -177.69 17 1161 343.90 -179.46 14 1319 340.03 -98.19 15 1264 365.44 -115.95 16 821 345.09 -132.76 13 1473 333.14 -49.82
1.999992 -0.428328 -9.089984
211 207 196
23 29 1512 250.80 -59.48 31 1462 226.66 -97.64 28 1442 234.82 -41.64 30 1275 228.55 -75.75 32 1417 183.65 -103.57 27 1579 239.16 -9.97 33 1452 198.18 -88.04 34 1424 190.86 -89.23 26 1549 241.08 -13.93 35 1572 191.47 -94.12 25 1415 262.37 33.84 22 1811 238.00 115.67 23 1883 263.63 115.00 24 1326 264.59 94.61 21 1843 233.62 199.33 18 1842 189.02 194.77 19 1762 222.37 209.92 20 1229 260.35 215.77 17 1421 170.81 176.78 14 1418 119.50 221.85 15 1329 144.07 226.84 16 1051 159.57 219.10 13 1608 101.95 239.48
1.622792 -2.918018 -11.320346
181 88 68
14 29 939 163.79 -298.48 31 881 117.88 -294.30 28 834 167.02 -301.38 27 976 187.72 -289.57 25 943 246.12 -282.84 22 1757 280.86 -237.08 24 1173 266.97 -243.71 18 1935 319.99 -150.81 19 1715 332.38 -155.34 20 1181 345.64 -150.55 17 1360 320.95 -160.22 14 1504 315.24 -86.20 15 1409 339.42 -100.82 13 1720 308.91 -42.39
1.852897 1.024815 -9.256605
211 205 194
16 29 1486 226.53 122.61 31 1332 222.79 82.96 28 1421 200.51 136.67 27 1566 197.32 156.87 26 1533 188.97 144.44 25 1485 202.90 185.28 22 1992 161.78 236.34 23 1941 191.44 243.57 24 1386 198.06 234.82 21 2027 147.26 302.16 18 2182 100.09 262.05 19 1947 131.31 292.21 20 1419 171.09 306.20 17 1785 81.82 234.93 14 1833 31.89 245.54 13 2024 18.99 248.89
1.007104 -2.340757 -11.161234
156 43 47
18 29 1737 103.40 -243.15 31 1614 64.58 -237.37 28 1673 102.83 -247.24 30 1440 70.10 -232.56 27 1804 121.14 -236.83 26 1779 142.06 -255.36 25 1650 171.15 -234.16 22 2200 197.84 -197.16 23 2143 205.70 -189.21 21 2221 216.35 -133.21 18 2327 225.97 -128.34 19 2103 237.18 -126.08 20 1578 252.99 -117.53 17 1931 226.04 -141.69 14 2003 215.89 -82.42 15 1761 234.22 -93.22 16 1506 224.36 -101.46 13 2194 210.07 -45.91
3.341643 -2.152769 -9.272081
202 103 91
19 29 1252 413.64 -271.68 31 1201 358.47 -309.17 28 1175 414.93 -250.31 30 1050 371.82 -289.56 32 1152 297.25 -309.75 27 1287 428.24 -207.20 33 1204 295.75 -293.84 26 1236 444.14 -200.30 25 1073 480.55 -146.09 22 1545 482.84 -26.11 23 1495 502.16 -38.40 24 962 493.12 -74.04 21 1523 492.63 83.08 18 1420 443.03 133.37 19 1428 486.59 124.75 20 931 521.13 116.59 17 1253 424.26 131.03 14 1187 363.46 226.08 16 720 411.29 191.56
0.809634 -2.820447 -12.219829
160 72 60
18 29 1248 74.91 -266.01 31 1183 35.26 -249.94 28 1166 76.43 -276.69 30 1029 41.06 -249.46 27 1310 97.24 -275.63 26 1269 121.23 -299.39 25 1118 152.06 -287.16 22 1629 189.57 -270.49 23 1573 192.76 -257.79 24 1016 171.96 -261.07 21 1655 215.36 -219.16 18 1798 243.89 -224.73 19 1570 247.50 -221.53 20 1045 256.65 -210.14 17 1377 249.58 -239.77 14 1551 259.88 -188.87 15 1294 276.81 -202.91 16 1002 253.52 -205.32
-2.827640 -1.277324 -8.269660
45 34 40
22 29 1681 -394.08 -187.17 31 1541 -410.74 -176.64 28 1618 -411.25 -194.00 30 1366 -421.73 -173.17 32 1501 -461.03 -159.30 27 1746 -384.71 -176.42 33 1454 -433.87 -113.16 34 1418 -446.42 -93.37 26 1711 -366.72 -204.30 35 1401 -443.17 -74.93 25 1588 -346.43 -174.68 22 2104 -341.31 -131.28 23 2044 -323.25 -115.55 24 1499 -332.74 -119.66 21 2116 -337.60 -62.48 18 2279 -313.68 -92.77 19 2052 -317.32 -75.46 20 1527 -286.43 -50.79 17 1878 -317.06 -118.18 14 1997 -335.27 -76.77 15 1755 -339.52 -86.14 16 1456 -325.95 -74.02
2.136498 -1.744163 -9.516632
235 228 218
22 29 1738 254.87 -215.30 31 1661 213.71 -240.36 28 1712 249.43 -201.59 30 1488 220.69 -224.45 32 1617 161.77 -236.04 27 1836 262.68 -170.13 33 1655 167.77 -214.81 34 1620 153.43 -208.23 26 1807 276.83 -173.52 35 1686 147.43 -204.26 25 1695 308.12 -128.29 22 2218 309.39 -38.45 23 2163 328.76 -41.72 24 1602 320.83 -66.64 21 2250 318.53 54.84 18 2384 290.13 79.17 19 2161 320.58 79.64 20 1633 351.21 80.10 17 1981 277.46 70.01 14 2099 232.38 143.28 15 1843 262.18 139.78 16 1551 267.46 121.17
2.376059 1.142553 -9.116724
196 189 174
21 29 1484 297.33 138.27 31 1421 293.25 90.41 28 1423 269.44 156.35 30 1247 289.43 119.26 32 1375 262.83 78.63 27 1458 261.43 181.43 33 1423 288.63 88.29 34 1377 293.36 81.53 26 1422 249.78 172.96 35 1466 304.84 69.82 25 1276 262.15 218.27 22 1792 213.15 275.03 23 1737 245.23 280.84 24 1203 254.81 270.57 21 1673 197.00 342.71 18 1822 137.66 303.78 19 1588 175.42 334.97 20 1063 217.62 347.98 17 1407 116.63 276.73 15 1127 83.92 301.24 16 876 105.49 305.24
3.787235 -1.268138 -8.698703
193 142 121
18 29 257 500.39 -173.23 31 346 452.28 -231.78 28 495 492.61 -141.47 30 474 464.18 -203.50 32 312 393.85 -246.01 27 574 497.01 -89.51 33 364 395.19 -239.44 34 610 377.74 -246.72 26 509 502.43 -76.42 35 432 366.44 -256.61 25 398 531.87 -11.58 22 654 506.49 120.75 23 89 535.34 106.81 21 607 502.25 233.47 18 621 424.70 269.25 19 489 478.99 272.08 20 315 522.82 264.70 16 20 379.43 316.05
3.372797 -2.147349 -9.222745
200 106 77
16 29 928 420.65 -272.70 31 884 364.56 -310.96 28 817 419.46 -250.22 30 728 377.13 -290.58 32 646 302.83 -311.80 27 925 433.46 -206.49 33 714 301.22 -296.67 26 837 449.92 -199.14 22 1061 488.12 -22.13 23 1093 508.32 -34.57 21 1026 497.93 88.49 18 672 446.91 139.98 19 932 491.05 131.21 20 541 524.50 120.99 17 466 427.80 137.83 16 334 414.17 197.87
3.224658 -2.230218 -9.409563
224 165 97
12 29 1251 393.00 -277.03 31 1061 339.39 -311.42 28 1174 394.05 -257.28 30 909 351.75 -292.80 32 860 278.99 -309.38 27 1301 408.92 -216.83 26 1040 426.77 -212.04 23 1666 485.12 -57.17 24 974 475.05 -91.02 18 1664 435.82 109.99 20 1103 508.48 92.91 16 905 407.18 166.41
3.760862 -1.206107 -8.738158
143 75 40
18 29 868 494.51 -164.23 31 861 447.73 -222.14 28 736 486.24 -132.93 32 840 390.18 -236.25 27 851 490.14 -82.35 33 884 392.52 -229.84 34 830 375.41 -237.05 26 768 495.12 -69.64 35 951 364.87 -246.90 25 619 524.19 -5.54 22 1014 497.88 124.13 23 1024 526.88 110.93 24 499 527.83 73.42 21 992 493.46 234.85 18 620 416.94 268.97 19 896 470.45 272.19 20 517 513.85 264.94 17 749 389.91 259.50
1.707366 -3.152878 -11.210663
199 131 70
14 29 724 174.29 -325.26 31 683 125.33 -320.92 28 603 178.65 -327.68 32 639 69.92 -296.68 33 682 72.17 -263.88 34 600 54.51 -242.66 25 765 261.92 -306.86 22 1224 301.45 -257.49 23 1212 305.98 -253.02 24 671 285.06 -266.90 21 1196 328.88 -185.39 18 1274 343.79 -161.10 20 638 370.08 -165.50 17 903 344.52 -168.49
3.264283 -0.656727 -8.403110
162 132 118
16 29 1194 445.56 -95.72 31 1169 408.92 -157.86 28 1088 430.30 -63.77 30 1004 417.15 -127.97 32 1126 357.63 -176.78 27 1207 430.16 -13.56 33 1184 365.30 -171.59 26 1141 429.90 -2.78 22 1659 415.00 184.17 23 1413 447.66 174.12 24 1059 453.30 141.39 21 1485 405.45 291.00 18 1374 326.74 306.82 19 1389 378.34 319.34 20 904 425.63 317.91 17 1010 299.54 293.15
-3.494151 -0.879340 -7.910085
140 83 72
14 29 1339 -509.62 -138.63 31 1266 -522.17 -125.95 28 1258 -529.44 -147.11 32 1216 -575.50 -107.60 27 1259 -499.67 -131.25 26 1202 -480.81 -163.58 25 1064 -462.76 -134.04 23 1500 -440.89 -77.01 24 953 -450.57 -78.03 21 1575 -460.59 -28.38 18 1491 -429.95 -72.86 19 1253 -438.73 -48.90 20 981 -404.82 -20.37 17 1118 -433.40 -102.42
0.703046 -2.193543 -11.242422
244 208 160
16 29 1736 71.01 -221.79 31 1660 37.30 -217.61 28 1672 68.23 -226.65 27 1802 86.22 -220.80 33 1604 0.18 -167.42 34 1560 -12.39 -146.82 26 1777 105.56 -243.03 25 1673 133.85 -224.44 22 2198 158.56 -195.73 23 2141 166.38 -185.07 24 1583 150.46 -191.54 21 2220 178.06 -136.70 18 2369 189.24 -134.47 19 2145 199.23 -131.23 20 1617 215.71 -122.09 17 1966 188.76 -148.58
-1.573290 -0.979813 -8.209381
116 94 93
15 29 580 -219.53 -145.97 31 280 -237.74 -152.86 28 489 -236.44 -143.66 32 558 -284.68 -144.57 27 212 -216.08 -118.88 33 271 -262.01 -107.85 34 221 -272.58 -96.07 26 565 -203.48 -138.69 35 287 -269.11 -85.52 22 234 -187.60 -39.36 23 740 -166.66 -29.47 24 89 -173.46 -38.94 21 706 -185.53 38.52 18 173 -182.43 17.76 19 158 -175.93 34.34
3.787626 -1.268414 -8.699838
193 142 121
16 29 258 500.39 -173.23 31 347 452.28 -231.78 28 496 492.61 -141.47 30 475 464.18 -203.50 32 313 393.85 -246.01 27 575 497.01 -89.51 33 365 395.19 -239.44 34 611 377.74 -246.72 26 510 502.43 -76.42 35 433 366.44 -256.61 25 399 531.87 -11.58 22 655 506.49 120.75 23 88 535.34 106.81 21 608 502.25 233.47 18 622 424.70 269.25 19 490 478.99 272.08
0.915170 -2.991147 -12.107148
186 109 67
10 29 935 86.12 -284.96 31 873 44.42 -269.98 28 829 88.46 -295.09 32 835 -6.58 -239.92 27 973 109.88 -292.60 22 1239 206.42 -281.84 23 1204 209.15 -270.12 24 863 187.50 -274.51 18 1305 262.68 -228.53 20 873 275.24 -217.73
-0.664464 -1.244843 -8.732279
183 173 161
14 29 1051 -86.62 -170.60 31 1019 -110.39 -180.06 28 946 -99.89 -166.63 30 864 -113.78 -169.23 27 1268 -82.56 -142.40 26 1213 -70.00 -158.55 25 1070 -46.93 -121.54 22 1560 -49.08 -57.22 23 1490 -29.84 -50.40 24 961 -36.82 -63.40 21 1558 -43.90 21.57 18 1686 -47.90 12.72 19 1460 -35.87 24.35 20 966 -3.70 37.80
1.670715 -3.146134 -11.246778
186 104 64
14 29 1116 169.73 -323.09 31 1207 121.14 -318.39 28 1191 174.61 -326.49 30 1058 130.34 -314.32 32 1142 65.55 -294.01 33 1194 67.78 -260.88 25 1120 258.02 -306.98 22 1633 297.14 -258.39 23 1575 301.64 -253.52 24 1021 279.64 -267.66 21 1439 324.44 -187.17 18 1787 339.89 -164.14 19 1559 352.33 -171.48 20 1040 365.85 -167.84
1.263834 1.082832 -9.584278
238 234 224
15 29 1705 147.79 124.64 31 1638 144.08 97.31 28 1587 123.43 132.89 30 1455 139.17 117.28 32 1541 115.80 96.08 27 1718 123.36 146.66 26 1687 117.16 130.07 25 1558 131.67 164.35 22 2071 98.32 201.24 23 2008 124.82 211.96 24 1460 129.39 207.72 21 2086 87.76 259.11 18 2183 52.55 213.78 19 2017 77.72 244.30 20 1497 113.74 261.14
-1.513628 -0.965869 -8.250486
149 37 41
15 29 1677 -209.54 -144.17 31 1605 -227.66 -151.49 28 1659 -227.27 -140.88 30 1430 -235.36 -141.04 32 1563 -273.96 -141.84 27 1790 -207.35 -116.04 33 1598 -251.31 -105.19 26 1765 -195.03 -135.33 25 1635 -174.16 -96.42 22 2134 -179.33 -36.82 23 2086 -158.02 -26.75 24 1542 -164.50 -36.72 21 2155 -177.30 39.81 18 2311 -174.66 18.76 19 2088 -168.04 35.53
-1.654439 -0.863203 -8.202031
171 144 114
14 29 1207 -231.02 -129.73 31 1148 -247.63 -136.30 28 1263 -248.92 -127.26 30 1115 -256.12 -125.99 27 1246 -228.49 -103.76 34 1098 -280.95 -79.85 26 1189 -216.37 -124.92 35 1216 -276.56 -69.12 25 1040 -195.95 -86.90 22 1534 -201.98 -27.94 23 1457 -180.71 -17.63 24 941 -187.06 -26.60 21 1535 -201.12 48.00 19 1440 -191.41 41.13
0.586996 3.126362 -11.690997
199 191 177
13 29 1627 55.37 302.31 31 1555 69.91 306.25 28 1493 26.10 291.49 30 1380 59.14 316.00 27 1634 22.77 275.82 26 1615 14.44 240.44 25 1478 22.17 251.18 22 1995 -7.30 225.21 23 1939 15.20 248.83 24 1378 18.87 264.67 21 1950 -18.44 245.93 19 1870 -20.03 204.75 20 1338 6.86 231.40
2.415138 -2.143010 -9.617210
98 43 37
16 29 1807 287.68 -259.35 31 1724 241.56 -283.87 28 1768 286.88 -245.41 30 1547 251.44 -268.35 32 1693 185.40 -278.86 27 1891 301.60 -212.15 33 1727 187.10 -257.24 34 1678 168.58 -248.96 26 1852 319.20 -215.52 25 1714 350.67 -173.48 22 2245 361.32 -78.20 23 2183 377.11 -84.59 24 1630 365.35 -111.97 21 2263 371.83 20.29 19 2188 376.87 53.47 20 1665 403.70 48.89
-1.680084 -0.807724 -8.226120
158 128 104
15 29 1206 -234.12 -121.62 31 1147 -250.35 -127.99 28 1104 -252.05 -120.00 30 982 -258.69 -118.13 32 1101 -296.62 -119.39 27 1245 -231.80 -96.86 33 1157 -272.56 -82.86 34 1097 -282.61 -70.48 26 1177 -220.08 -117.60 35 1215 -278.14 -60.20 25 861 -199.82 -80.70 22 1320 -205.75 -23.65 23 1292 -184.55 -12.76 21 1032 -205.39 51.41 20 352 -161.04 63.25
-0.647363 0.163502 -9.412913
165 156 151
14 29 1308 -79.31 13.40 31 1239 -88.12 4.67 28 1221 -99.31 13.83 30 1082 -95.41 17.25 32 1185 -127.99 17.83 27 1199 -88.32 24.89 33 1232 -102.78 48.50 34 1178 -105.48 61.57 26 1311 -82.42 1.05 25 1161 -64.02 30.60 22 1503 -77.56 61.08 23 1428 -56.38 75.08 24 904 -59.01 73.75 20 743 -44.33 120.37
1.457038 -1.006922 -9.008894
161 151 141
16 29 1800 184.44 -134.43 31 1689 154.32 -164.13 28 1745 172.23 -118.91 30 1517 157.25 -145.42 32 1657 107.30 -165.67 27 1864 182.44 -85.52 33 1691 119.34 -145.71 34 1614 108.74 -142.28 26 1830 189.70 -90.08 35 1683 107.13 -142.31 25 1708 214.08 -45.26 22 2236 202.46 40.16 23 2174 225.27 39.71 24 1619 220.58 17.77 21 2233 202.58 126.40 20 1632 233.32 145.50
3.846265 -1.013280 -8.624563
137 82 52
10 29 846 512.70 -140.67 31 631 468.23 -203.64 28 719 501.88 -107.20 30 667 478.72 -173.06 27 823 503.71 -54.86 26 747 506.26 -41.40 25 605 533.84 24.50 22 1008 501.17 155.55 23 1017 532.04 142.28 21 590 493.56 266.75
3.884945 -1.178146 -8.568342
223 185 170
10 29 871 521.10 -163.99 31 642 472.91 -226.52 30 480 485.58 -197.04 32 610 414.29 -243.33 34 616 397.94 -247.87 26 511 519.70 -60.73 25 400 548.81 6.26 22 80 518.43 143.33 23 650 549.14 128.79 21 603 511.97 257.85
3.812982 -1.115629 -8.671838
147 82 54
11 29 1053 505.26 -153.45 31 1033 459.25 -213.97 28 932 496.10 -121.03 30 883 470.89 -184.94 27 1050 498.83 -69.12 26 960 502.64 -56.04 25 829 531.20 9.21 22 1289 501.29 140.14 23 1263 531.23 126.73 24 498 533.52 89.15 21 1264 495.13 251.43
0.518979 -2.933780 -12.483445
126 88 77
14 29 1463 47.17 -271.39 31 1392 8.44 -250.82 28 1401 48.92 -284.70 30 1226 13.90 -251.94 32 1330 -40.84 -217.48 27 1542 69.98 -287.23 33 1374 -33.23 -178.39 34 1322 -46.45 -149.67 26 1595 95.00 -312.03 25 1462 125.09 -303.40 22 2057 164.99 -294.33 23 1986 166.86 -278.95 24 1443 145.83 -279.24 21 2080 191.53 -248.07
-2.603496 -0.917353 -8.213581
40 30 35
15 29 1675 -364.27 -137.77 31 1601 -379.17 -132.64 28 1612 -382.82 -141.92 30 1428 -390.54 -126.48 32 1492 -428.36 -117.97 27 1742 -357.98 -123.89 33 1523 -400.36 -75.29 34 1482 -412.09 -57.40 26 1705 -342.60 -150.92 35 1567 -407.48 -41.92 25 1584 -323.14 -119.37 22 2095 -323.99 -75.29 23 2036 -304.17 -60.11 24 1490 -312.30 -64.01 21 2108 -322.37 -6.58
-2.283501 -1.149645 -8.832408
178 124 90
14 29 1444 -298.46 -156.77 31 1144 -318.12 -147.80 28 1461 -313.17 -163.53 30 1112 -325.89 -143.50 32 987 -367.33 -129.74 27 1597 -288.79 -150.21 33 839 -343.41 -86.85 34 785 -355.64 -67.06 26 1650 -271.72 -177.43 25 1512 -249.52 -150.68 22 2100 -242.58 -113.64 23 2045 -225.53 -98.28 24 1494 -236.27 -101.33 21 2112 -238.01 -50.03
-2.859374 -0.979953 -8.006836
98 34 24
14 29 1674 -409.91 -150.78 31 1537 -423.76 -144.86 28 1614 -428.68 -154.95 30 1357 -436.31 -139.34 32 1497 -474.30 -130.59 27 1741 -402.93 -135.69 33 1521 -445.77 -85.83 34 1409 -457.69 -68.19 26 1708 -386.69 -163.33 25 1583 -368.31 -131.24 22 2138 -369.89 -85.28 23 2089 -349.98 -69.94 24 1489 -358.11 -74.11 21 2158 -369.30 -14.56
-2.570742 -0.833341 -8.217567
149 131 127
9 29 836 -359.71 -126.00 31 1010 -373.65 -121.73 28 928 -377.37 -130.09 30 839 -384.27 -115.50 27 866 -353.73 -112.16 26 1008 -337.55 -139.17 25 673 -319.42 -107.26 22 256 -322.39 -63.62 23 737 -302.03 -48.29
-3.544325 -0.482132 -7.969390
72 43 27
14 29 1318 -513.27 -80.06 31 1249 -522.19 -68.43 28 1234 -534.80 -87.94 30 1093 -537.42 -62.54 32 1196 -574.57 -50.68 27 1220 -505.60 -75.91 33 1240 -541.31 -2.14 34 1182 -552.92 19.73 26 1161 -488.26 -109.56 35 1296 -549.41 38.34 25 1028 -470.96 -80.68 22 1330 -471.27 -50.82 23 1475 -450.89 -30.42 24 930 -459.89 -28.27
-1.604872 -0.942131 -8.200890
183 160 125
12 29 1211 -224.34 -140.60 31 1149 -242.20 -147.66 28 1121 -241.71 -138.39 30 997 -250.03 -137.63 32 1108 -288.88 -139.49 27 1254 -221.31 -113.95 33 1169 -265.89 -102.92 34 1105 -276.48 -90.92 26 1191 -208.95 -134.14 35 1218 -272.46 -80.33 25 1055 -188.24 -96.34 22 1341 -193.41 -35.15
0.018212 -1.126995 -9.233364
186 182 170
8 29 1214 1.79 -144.91 31 1167 -22.78 -158.64 30 1121 -24.31 -145.30 27 1255 4.73 -119.48 26 1195 16.18 -135.12 22 1343 36.87 -39.15 23 1315 55.27 -32.17 24 943 48.59 -45.06
-3.159419 -0.923080 -7.888668
209 108 66
13 29 1202 -462.04 -145.55 31 1140 -474.27 -136.95 28 1110 -480.64 -150.84 30 991 -488.80 -132.10 32 982 -526.80 -121.78 27 1262 -453.60 -132.65 33 1012 -496.14 -75.17 34 1081 -510.68 -56.21 26 1205 -435.33 -161.76 25 1066 -416.42 -129.59 22 1557 -415.02 -84.30 23 1317 -396.31 -68.75 24 955 -404.70 -71.18
0.313543 -0.123506 -9.449451
154 146 135
10 29 1415 37.60 -20.75 31 1352 23.17 -37.69 28 1344 20.27 -14.13 30 1184 19.33 -23.46 32 1293 -14.57 -30.55 26 1313 32.48 -15.14 25 1162 48.80 13.05 22 1678 35.92 65.02 23 1620 57.84 74.93 24 1081 56.03 69.09
-1.602030 -0.850546 -8.233693
45 33 37
13 29 1345 -223.20 -127.30 31 1273 -239.97 -134.30 28 1264 -240.99 -124.72 30 993 -248.04 -123.38 32 1235 -286.35 -126.97 27 1377 -220.76 -101.24 34 1099 -272.78 -78.08 26 1341 -208.65 -121.98 35 1329 -268.58 -68.24 25 1185 -188.21 -83.81 22 1705 -194.45 -26.32 23 1636 -173.18 -15.62 24 1107 -179.14 -24.96
2.059779 0.232703 -9.224026
212 209 195
14 29 1414 255.78 22.00 31 1351 240.49 -17.75 28 1342 235.03 39.68 30 1186 240.15 5.52 32 1295 203.16 -24.12 27 1345 234.26 66.90 33 1346 222.22 -10.10 34 1297 219.69 -10.95 26 1307 230.91 60.71 35 1484 224.78 -16.21 25 1283 246.74 106.51 22 1800 211.02 173.33 23 1746 239.11 176.60 24 1210 244.20 161.58
-2.798114 -1.442179 -8.408467
149 57 29
11 29 1233 -381.87 -206.81 31 1025 -400.98 -194.03 28 1145 -396.96 -214.58 32 812 -452.33 -175.12 27 1415 -371.77 -198.48 33 863 -427.08 -127.99 26 1378 -354.75 -226.01 25 1343 -332.01 -198.16 22 1865 -327.20 -155.57 23 1809 -309.02 -140.12 24 1258 -319.23 -144.35
0.873620 -3.014533 -12.137872
194 103 74
14 29 1469 82.05 -286.17 31 1393 40.66 -270.47 28 1402 84.42 -296.42 30 1227 46.81 -269.82 32 1331 -10.21 -240.11 27 1543 106.14 -294.88 33 1297 -3.97 -202.73 34 1242 -18.40 -176.70 26 1506 131.59 -318.11 35 1347 -26.62 -152.96 25 1371 162.82 -305.37 22 1896 202.31 -286.70 23 1838 204.74 -274.36 24 1282 183.72 -278.34
3.612210 0.462758 -8.032000
198 185 169
13 29 1575 516.41 60.56 31 1519 497.08 -22.11 28 1516 488.99 100.09 32 1486 454.74 -54.32 27 1653 476.67 149.69 33 1527 470.42 -58.20 34 1487 466.51 -79.14 26 1626 460.62 160.53 35 1575 468.34 -106.10 25 1483 475.82 230.06 22 1901 407.50 341.71 23 1852 447.33 335.58 24 1301 463.94 307.20
3.775543 0.224624 -7.926521
207 195 182
14 29 1712 548.23 25.66 31 1649 521.56 -58.44 28 1648 522.63 67.74 30 1463 527.91 -18.55 32 1561 476.10 -92.61 27 1775 510.02 123.80 33 1651 488.80 -97.16 34 1609 482.26 -119.95 26 1684 496.06 137.45 35 1684 480.87 -146.07 25 1550 512.84 210.75 22 1986 444.81 334.78 23 2000 486.15 325.20 24 1457 501.33 292.87
2.236844 1.564377 -9.104632
246 241 235
9 29 1564 277.79 192.49 31 1508 279.72 146.05 28 1502 246.74 209.05 27 1641 238.27 228.87 26 1618 224.41 216.88 25 1480 235.76 260.13 22 1987 183.63 308.27 23 1934 217.28 316.30 24 1375 228.16 309.19
1.199496 -2.961003 -11.525694
229 209 219
10 29 1257 119.22 -296.93 31 880 75.77 -287.97 28 1316 121.80 -302.82 30 902 82.86 -284.96 27 1545 142.38 -294.80 26 1599 166.99 -313.77 25 1535 199.31 -295.55 22 2052 237.43 -260.19 23 1988 241.32 -251.97 24 1444 220.67 -261.22
1.498722 -3.052555 -11.341321
184 81 67
14 29 1537 151.84 -310.63 31 1396 106.67 -305.83 28 1561 153.65 -313.31 30 1295 113.77 -300.68 32 1343 52.55 -280.73 27 1695 175.09 -303.07 33 1381 55.81 -246.97 34 1246 39.53 -226.08 26 1667 200.33 -320.07 35 1353 29.07 -206.24 25 1536 233.87 -299.68 22 2054 271.98 -258.79 23 1990 276.17 -252.09 24 1445 255.30 -263.25
-3.655405 -0.321378 -7.937725
251 227 161
9 29 1662 -532.46 -56.67 31 1591 -540.01 -44.80 30 1465 -556.01 -39.97 27 1732 -524.04 -54.81 26 1700 -506.84 -89.87 25 1579 -489.21 -61.56 22 2091 -489.06 -33.81 23 2085 -468.93 -12.45 24 1481 -477.35 -8.73
-3.650953 -0.322085 -7.930752
251 227 161
13 29 1661 -532.46 -56.67 31 1590 -540.01 -44.80 28 1601 -554.23 -66.08 30 1464 -556.01 -39.97 32 1551 -592.56 -26.20 27 1731 -524.04 -54.81 33 1583 -557.71 22.09 34 1541 -569.88 43.47 26 1699 -506.84 -89.87 35 1611 -564.88 62.75 25 1578 -489.21 -61.56 22 2092 -489.06 -33.81 24 1480 -477.35 -8.73
3.162195 -0.362584 -8.397652
167 149 134
10 29 1766 430.07 -55.49 31 1684 397.27 -118.05 28 1707 412.86 -23.81 30 1516 404.22 -87.30 27 1833 411.58 23.87 26 1756 407.75 33.10 25 1622 431.08 97.28 22 2119 389.35 213.19 23 2074 422.42 205.21 24 1524 429.24 173.76
-3.463048 -0.773703 -7.949952
73 25 23
12 29 1723 -502.70 -123.70 31 1651 -514.40 -112.08 28 1710 -522.82 -131.07 32 1648 -566.20 -92.60 27 1787 -493.43 -116.22 33 1643 -535.05 -43.75 34 1638 -547.52 -22.86 26 1763 -475.43 -147.99 25 1670 -457.47 -118.00 22 2136 -455.43 -81.41 23 2087 -435.60 -62.59 24 1576 -445.34 -62.92
-3.129141 -1.176436 -8.006577
105 37 28
12 29 1727 -449.61 -179.27 31 1604 -463.19 -168.86 28 1666 -467.85 -186.39 30 1431 -476.21 -165.26 32 1566 -514.20 -152.48 27 1796 -441.07 -167.98 33 1595 -485.43 -105.01 26 1773 -422.63 -196.80 25 1641 -404.66 -166.42 22 2148 -402.10 -121.59 23 2096 -382.92 -105.30 24 1549 -392.41 -108.90
2.055909 -2.374736 -9.826462
226 208 149
12 29 1775 240.43 -281.40 31 1693 193.34 -298.78 28 1717 240.42 -271.46 30 1523 202.38 -286.16 32 1620 138.59 -289.08 27 1805 257.33 -242.38 33 1660 140.31 -264.00 26 1780 276.51 -247.33 25 1646 308.76 -208.43 22 2151 323.97 -125.12 23 2102 337.32 -128.01 24 1556 324.18 -151.50
2.115505 1.196938 -8.999790
173 165 152
12 29 1788 268.08 147.76 31 1708 265.71 100.72 28 1735 239.35 165.01 30 1534 261.74 127.63 32 1680 236.54 88.61 27 1855 232.19 189.10 33 1710 262.93 98.55 35 1730 280.31 80.23 25 1661 232.28 224.03 22 2167 182.51 277.58 23 2118 214.83 284.33 24 1565 224.87 275.36
0.709616 -2.188481 -11.402886
244 208 160
10 29 1735 71.01 -221.79 31 1659 37.30 -217.61 28 1671 68.23 -226.65 30 1483 40.36 -211.84 27 1803 86.22 -220.80 26 1776 105.56 -243.03 25 1674 133.85 -224.44 22 2199 158.56 -195.73 23 2142 166.38 -185.07 24 1584 150.46 -191.54
1.117629 -0.683396 -8.880532
74 62 45
8 29 1189 142.58 -93.79 31 1015 118.64 -124.85 28 1085 127.63 -80.01 30 845 118.84 -105.62 27 822 136.97 -49.82 26 506 142.73 -56.86 25 390 165.20 -10.89 23 670 171.41 69.92
2.499101 1.015096 -9.104712
208 201 187
10 29 974 313.26 122.65 31 940 306.68 73.76 28 866 285.58 142.15 30 788 304.75 101.83 32 913 275.56 61.25 27 1006 278.63 168.39 33 958 300.12 69.64 26 712 267.56 161.29 23 999 264.04 273.50 24 468 273.93 261.56
-2.735492 -0.952695 -8.169959
138 101 74
7 29 833 -385.15 -143.77 31 832 -399.97 -137.04 32 803 -450.00 -122.36 27 878 -377.84 -131.03 33 836 -422.50 -78.36 26 810 -361.35 -159.00 23 1102 -322.40 -67.02
0.589038 3.118922 -11.669209
199 191 177
9 29 1628 55.37 302.31 31 1554 69.91 306.25 28 1492 26.10 291.49 30 1381 59.14 316.00 27 1633 22.77 275.82 26 1614 14.44 240.44 25 1479 22.17 251.18 23 1940 15.20 248.83 24 1379 18.87 264.67
-0.339887 -0.039569 -9.300952
197 195 187
13 29 1501 -43.34 -10.44 31 1436 -55.18 -22.96 28 1526 -61.53 -8.29 30 1343 -60.47 -9.91 32 1474 -93.53 -14.22 27 1576 -50.57 6.73 33 1434 -70.17 14.07 34 1389 -74.12 25.70 26 1634 -44.82 -14.19 35 1473 -67.07 33.13 25 1500 -26.40 17.88 23 1959 -17.47 68.63 24 1406 -20.92 64.42
3.547060 0.711690 -8.121263
150 136 123
12 29 976 501.95 94.54 31 956 486.21 15.08 28 869 472.42 131.69 30 797 489.23 53.96 32 727 447.75 -16.64 27 1009 457.53 178.81 33 800 466.86 -20.94 34 958 465.72 -41.98 26 927 440.23 186.58 35 1086 469.74 -68.58 25 574 453.70 252.93 24 714 440.58 326.34
3.774439 -1.249247 -8.729419
178 143 135
11 29 1054 496.52 -169.96 31 1037 448.92 -227.95 28 934 488.92 -138.83 30 882 460.73 -199.83 32 841 390.96 -241.96 33 1059 393.06 -235.69 34 999 375.47 -242.32 26 1157 498.82 -74.60 35 958 364.37 -252.18 25 1020 528.43 -10.24 24 917 532.44 69.38
-3.507406 -0.881289 -7.935811
140 83 72
10 29 1340 -509.62 -138.63 31 1265 -522.17 -125.95 28 1257 -529.44 -147.11 30 1108 -536.57 -122.22 32 1215 -575.50 -107.60 27 1258 -499.67 -131.25 33 1262 -544.64 -58.69 26 1201 -480.81 -163.58 25 1065 -462.76 -134.04 24 954 -450.57 -78.03
-1.581714 -0.775160 -8.228902
209 90 81
12 29 1331 -220.72 -116.96 31 1274 -236.94 -124.82 28 1246 -239.15 -114.67 30 1104 -245.13 -114.23 32 1225 -282.78 -117.13 27 1376 -219.02 -91.16 33 1272 -259.11 -80.91 34 1223 -268.82 -69.18 26 1330 -207.41 -111.30 35 1328 -264.17 -59.03 25 1183 -186.72 -73.23 24 1097 -176.49 -13.74
-2.937953 -0.875107 -7.883526
152 66 43
12 29 1203 -428.99 -138.20 31 1141 -442.35 -133.16 28 1111 -448.67 -142.42 30 850 -454.87 -126.93 32 969 -493.26 -119.94 27 1264 -422.01 -122.72 33 1017 -463.79 -74.57 34 1091 -476.93 -57.08 26 1183 -405.29 -150.20 35 1050 -471.91 -40.83 25 1190 -387.46 -116.16 24 1125 -376.92 -57.73
2.473061 0.992915 -9.097364
208 199 182
9 29 1487 309.88 119.92 31 1424 303.55 71.16 28 1424 282.48 139.61 30 1248 301.17 99.14 33 1425 296.71 67.37 26 1425 265.08 158.38 35 1467 310.65 47.67 25 1277 278.51 205.02 24 1206 272.35 258.53
-1.662831 2.950585 -13.969936
225 220 210
9 29 1553 -137.83 238.64 31 1493 -132.40 275.45 28 1415 -158.41 212.23 30 1310 -141.40 272.13 32 1450 -158.72 323.95 27 1562 -150.88 180.69 26 1536 -148.34 133.54 25 1281 -136.61 127.31 24 1216 -132.34 124.00
3.261923 -2.322031 -9.404936
189 87 84
12 29 1473 398.74 -286.80 31 1490 341.31 -323.04 28 1478 399.58 -269.45 30 1297 354.83 -304.34 32 1351 280.52 -319.29 27 1620 414.92 -227.10 33 1393 278.54 -301.50 34 1344 256.54 -297.83 26 1591 432.64 -222.29 35 1427 244.01 -293.67 25 1523 469.37 -172.11 24 1346 485.28 -100.66
0.241722 -0.745693 -8.996790
197 193 184
12 29 1722 29.04 -101.88 31 1687 8.16 -121.04 28 1657 14.75 -93.85 30 1515 5.72 -105.96 32 1650 -33.90 -116.14 27 1786 27.87 -69.66 33 1687 -16.43 -89.49 34 1645 -24.69 -81.37 26 1698 35.43 -81.82 35 1710 -21.86 -76.80 25 1506 55.91 -41.22 24 1411 64.60 13.91
3.777430 -1.149827 -8.707795
133 82 67
6 29 252 498.18 -156.97 31 322 452.36 -216.48 28 492 488.76 -125.05 32 295 395.10 -231.43 26 179 497.03 -61.57 25 123 525.26 2.60
3.325232 -2.198512 -9.251580
214 129 98
7 29 692 412.19 -277.72 31 415 356.70 -314.75 28 282 413.03 -256.57 30 261 370.00 -295.26 27 350 427.43 -213.60 26 287 444.28 -206.53 25 188 480.33 -152.58
3.926647 0.973836 -7.776276
214 196 182
5 29 458 580.64 137.93 31 474 568.53 44.38 27 29 525.01 234.29 26 29 501.03 245.82 25 327 511.77 317.68
1.966699 0.145272 -9.294188
190 182 170
9 29 982 241.62 11.69 31 1117 224.71 -26.33 28 654 222.10 28.01 30 806 224.48 -4.49 32 1070 186.33 -31.36 27 784 222.73 55.81 34 1075 202.15 -15.59 35 1195 206.82 -19.46 25 587 237.10 93.82
-1.730785 -0.768115 -8.270671
39 34 48
11 29 1185 -240.20 -115.45 31 1146 -255.85 -120.94 28 1098 -258.45 -114.19 30 981 -264.49 -111.00 32 1100 -302.03 -112.12 27 1063 -237.98 -92.16 33 1156 -277.55 -74.80 34 1096 -287.23 -61.95 26 990 -226.11 -114.14 35 1202 -282.67 -50.91 25 648 -206.09 -77.48
-3.601268 -0.687315 -7.995297
207 178 118
11 29 1023 -519.80 -110.77 31 1132 -530.56 -96.83 28 905 -540.16 -119.50 30 973 -545.59 -93.58 32 1075 -583.49 -76.99 27 1056 -510.29 -105.28 33 1129 -551.37 -27.30 34 1188 -563.99 -4.48 26 800 -492.11 -138.42 35 1299 -560.85 16.40 25 667 -474.43 -109.52
-1.779870 -0.853158 -8.228059
134 127 118
8 29 577 -248.30 -128.00 31 593 -264.59 -132.73 28 733 -266.27 -127.04 32 553 -311.40 -124.18 27 568 -245.37 -103.75 33 597 -287.17 -86.20 35 642 -293.17 -61.94 25 675 -212.50 -89.38
4.088114 1.042138 -7.611574
199 73 76
11 29 1300 618.39 151.68 31 1104 606.05 50.63 28 1204 583.15 198.37 30 1081 611.16 98.29 32 1195 568.75 5.55 27 1173 557.00 253.71 33 989 588.20 -8.09 34 1213 589.96 -39.86 26 1117 530.56 267.67 35 1226 594.01 -77.16 25 985 540.14 342.66
-0.743746 0.388197 -9.591834
168 158 149
11 29 1155 -90.01 40.52 31 1106 -97.16 35.42 28 1059 -110.45 38.57 30 943 -104.67 47.05 32 1055 -133.10 48.45 27 1187 -99.13 45.80 33 1099 -106.54 80.37 34 1043 -107.93 94.37 26 1130 -94.84 20.09 35 1155 -98.37 104.95 25 998 -78.09 46.50
-2.903002 -1.316889 -8.280703
33 18 23
9 29 1232 -402.95 -192.99 31 1017 -420.61 -180.77 28 1143 -419.26 -200.67 27 1275 -392.84 -183.66 33 1029 -445.95 -115.60 34 970 -459.19 -94.83 26 1226 -374.39 -210.89 35 1078 -457.07 -74.79 25 1080 -355.23 -182.14
3.302559 -2.278316 -9.302629
229 166 100
11 29 1266 407.56 -286.10 31 1071 351.09 -321.59 28 1177 409.00 -265.78 30 1051 364.65 -302.86 32 1032 289.02 -320.66 27 1302 423.80 -223.06 33 1076 286.81 -303.86 34 1013 265.55 -299.92 26 1258 441.26 -216.89 35 1128 251.32 -298.10 25 1086 477.78 -163.84
3.339609 -2.234704 -9.253657
196 86 80
11 29 1267 414.55 -282.43 31 1072 357.86 -319.24 28 1176 415.44 -261.11 30 1052 371.64 -299.87 32 1031 295.34 -319.33 27 1303 429.85 -217.67 33 1077 293.38 -302.81 34 1014 272.45 -299.44 26 1237 446.99 -210.64 35 1129 258.42 -298.20 25 1087 483.11 -156.77
-1.378027 -1.595552 -8.735674
232 174 129
