# Bundle file v0.3
54 5693
1644.387728 0.0 0.0
0.999982 0.002352 0.005456
-0.002483 0.999708 0.024054
-0.005398 -0.024067 0.999696
0.029017 0.201336 2.642148
1629.599191 0.0 0.0
0.995797 0.087667 0.026528
-0.086428 0.995255 -0.044706
-0.030321 0.042226 0.998648
0.185661 -0.165957 2.828028
1631.958487 0.0 0.0
0.988013 0.151864 0.027705
-0.146695 0.979530 -0.137845
-0.048071 0.132129 0.990066
0.231060 -0.827355 2.763328
1638.989639 0.0 0.0
0.977854 0.207533 0.027057
-0.197323 0.957294 -0.211310
-0.069755 0.201291 0.977045
0.199970 -1.376596 2.527478
1639.285355 0.0 0.0
0.962484 0.271236 0.007497
-0.258511 0.925025 -0.278389
-0.082444 0.266007 0.960439
0.142184 -1.676963 2.189747
1635.165883 0.0 0.0
0.947420 0.319684 0.014044
-0.299073 0.900239 -0.316427
-0.113800 0.295589 0.948513
0.121798 -2.311272 2.095757
1646.657532 0.0 0.0
0.912843 0.407193 -0.030199
-0.377318 0.812977 -0.443508
-0.156042 0.416248 0.895762
-0.121239 -3.010084 1.745247
1621.993017 0.0 0.0
0.896209 0.442400 -0.033044
-0.401797 0.777865 -0.483204
-0.188066 0.446329 0.874884
-0.293881 -3.573314 1.707508
1665.226518 0.0 0.0
0.869040 0.488610 -0.077649
-0.429778 0.667829 -0.607697
-0.245071 0.561485 0.790364
-0.456058 -4.232710 0.902598
1654.552379 0.0 0.0
0.814501 0.574134 -0.083421
-0.474600 0.576675 -0.664982
-0.333681 0.581220 0.742186
-0.652476 -4.766398 0.769752
1654.304234 0.0 0.0
0.788697 0.600368 -0.132346
-0.498644 0.498789 -0.708917
-0.359599 0.625114 0.692763
-0.840361 -4.905696 0.409767
1654.070347 0.0 0.0
0.738594 0.644860 -0.196554
-0.535898 0.384726 -0.751531
-0.409013 0.660409 0.629736
-1.157567 -5.290930 0.056826
1643.672549 0.0 0.0
0.711158 0.662900 -0.234135
-0.548508 0.314851 -0.774601
-0.439765 0.679288 0.587515
-1.437185 -5.349590 -0.348595
1655.168407 0.0 0.0
0.666836 0.694367 -0.270526
-0.553035 0.217796 -0.804188
-0.499482 0.685872 0.529243
-1.784538 -5.704206 -0.859418
1650.018116 0.0 0.0
0.630499 0.706049 -0.322437
-0.546626 0.108975 -0.830256
-0.551063 0.699728 0.454653
-2.093055 -5.862699 -1.317941
1636.896283 0.0 0.0
0.583717 0.715409 -0.384011
-0.565452 0.018760 -0.824568
-0.582700 0.698454 0.415480
-2.452039 -5.911676 -1.534225
1646.768192 0.0 0.0
0.537043 0.724350 -0.432322
-0.530764 -0.108181 -0.840587
-0.655648 0.680892 0.326361
-2.912457 -6.030580 -2.107978
1652.649980 0.0 0.0
0.510455 0.718704 -0.472123
-0.514860 -0.184306 -0.837228
-0.688734 0.670444 0.275952
-3.126749 -5.765236 -2.564753
1646.041214 0.0 0.0
0.474282 0.699159 -0.535008
-0.468833 -0.313781 -0.825674
-0.745152 0.642432 0.178968
-3.483441 -5.944494 -3.383951
1610.482039 0.0 0.0
0.423450 0.689526 -0.587575
-0.420899 -0.424597 -0.801599
-0.802206 0.586747 0.110425
-3.841734 -5.672121 -3.650345
1650.483027 0.0 0.0
0.375113 0.681876 -0.627961
-0.391854 -0.497285 -0.774053
-0.840084 0.536427 0.080657
-4.438002 -5.559615 -4.004664
1621.375346 0.0 0.0
0.346416 0.651321 -0.675112
-0.326504 -0.590961 -0.737672
-0.879427 0.475968 0.007941
-4.791071 -5.070117 -4.063019
1681.703554 0.0 0.0
0.300738 0.632580 -0.713722
-0.296262 -0.649377 -0.700384
-0.906524 0.422081 -0.007883
-5.191112 -4.641095 -4.056243
1655.267856 0.0 0.0
0.277818 0.578948 -0.766575
-0.270192 -0.718681 -0.640698
-0.921853 0.385120 -0.043236
-5.483829 -4.565361 -4.488594
1652.064412 0.0 0.0
0.259804 0.545390 -0.796901
-0.220026 -0.770099 -0.598779
-0.940261 0.330905 -0.080075
-5.728268 -4.261276 -4.734459
1681.418933 0.0 0.0
0.239092 0.485613 -0.840842
-0.128409 -0.842539 -0.523106
-0.962469 0.233042 -0.139087
-5.945627 -3.440217 -5.294012
1686.037159 0.0 0.0
0.199915 0.437828 -0.876550
-0.094184 -0.881880 -0.461971
-0.975276 0.174911 -0.135065
-6.275849 -3.066414 -5.016765
1658.170496 0.0 0.0
0.181508 0.379092 -0.907383
-0.014232 -0.921601 -0.387879
-0.983286 0.083317 -0.161883
-6.476738 -2.650855 -5.191952
1620.869886 0.0 0.0
0.188783 0.298241 -0.935635
0.081141 -0.954246 -0.287802
-0.978661 -0.021586 -0.204345
-6.712074 -1.975314 -5.837700
1642.362549 0.0 0.0
0.171717 0.241601 -0.955061
0.114018 -0.967820 -0.224329
-0.978526 -0.070374 -0.193738
-6.771674 -1.473885 -5.471366
1645.013562 0.0 0.0
0.150933 0.192920 -0.969536
0.170298 -0.971184 -0.166737
-0.973765 -0.139944 -0.179437
-6.999267 -1.059493 -5.165488
1648.370706 0.0 0.0
0.178210 0.114654 -0.977290
0.236668 -0.969027 -0.070528
-0.955107 -0.218724 -0.199825
-6.914530 -0.280397 -5.222393
1648.303788 0.0 0.0
0.239332 0.052016 -0.969543
0.344512 -0.938140 0.034711
-0.907762 -0.342327 -0.242448
-6.842762 0.479016 -5.540190
1644.865343 0.0 0.0
0.236005 -0.011633 -0.971682
0.375527 -0.921155 0.102237
-0.896259 -0.389022 -0.213029
-6.922818 0.730552 -5.281506
1654.323320 0.0 0.0
0.283980 -0.079521 -0.955527
0.422780 -0.884063 0.199222
-0.860588 -0.460553 -0.217436
-6.698987 1.500680 -5.321324
1636.450136 0.0 0.0
0.273209 -0.151423 -0.949962
0.519223 -0.808112 0.278141
-0.809793 -0.569233 -0.142161
-6.784855 2.144882 -4.705442
1631.939237 0.0 0.0
0.268185 -0.206658 -0.940941
0.528637 -0.784963 0.323072
-0.805370 -0.584059 -0.101268
-6.774617 2.282439 -4.521555
1622.062564 0.0 0.0
0.304178 -0.277545 -0.911287
0.594674 -0.692006 0.409256
-0.744203 -0.666406 -0.045444
-6.660916 2.995481 -4.211343
1633.826761 0.0 0.0
0.340216 -0.303858 -0.889901
0.622063 -0.636967 0.455313
-0.705188 -0.708480 -0.027687
-6.319884 3.130618 -4.092615
1648.359986 0.0 0.0
0.373802 -0.360262 -0.854683
0.638069 -0.568900 0.518865
-0.673156 -0.739300 0.017216
-5.977259 3.693687 -3.843040
1625.738460 0.0 0.0
0.395107 -0.417974 -0.818039
0.673044 -0.474359 0.567447
-0.625222 -0.774778 0.093893
-5.853423 3.978812 -3.279385
1621.675978 0.0 0.0
0.433016 -0.445731 -0.783467
0.689637 -0.395868 0.606374
-0.580429 -0.802878 0.135975
-5.605123 4.378840 -2.906955
1654.440763 0.0 0.0
0.485507 -0.484535 -0.727673
0.697398 -0.287270 0.656591
-0.527180 -0.826258 0.198442
-4.884545 4.523687 -2.558977
1651.409668 0.0 0.0
0.521061 -0.512026 -0.682880
0.696932 -0.206638 0.686722
-0.492728 -0.833745 0.249176
-4.551680 4.853361 -2.244155
1622.286362 0.0 0.0
0.561145 -0.524368 -0.640433
0.702374 -0.107715 0.703611
-0.437935 -0.844651 0.307859
-4.310423 4.972819 -1.783410
1628.897636 0.0 0.0
0.617397 -0.526984 -0.584045
0.691553 0.009736 0.722260
-0.374933 -0.849819 0.370448
-3.949991 5.140504 -1.384960
1607.184687 0.0 0.0
0.647033 -0.538072 -0.540209
0.672989 0.070014 0.736332
-0.358377 -0.839986 0.407418
-3.705088 4.989645 -1.260458
1633.061996 0.0 0.0
0.690959 -0.545718 -0.474096
0.659109 0.206227 0.723220
-0.296903 -0.812196 0.502182
-3.323134 5.161852 -0.385051
1637.784434 0.0 0.0
0.728156 -0.544151 -0.416761
0.636199 0.310334 0.706360
-0.255031 -0.779482 0.572160
-3.051138 4.851835 0.077673
1625.263578 0.0 0.0
0.770908 -0.536170 -0.343834
0.602854 0.439964 0.665581
-0.205590 -0.720384 0.662405
-2.410516 4.592859 0.877820
1745.414237 0.0 0.0
0.956887 -0.290407 0.005613
0.271614 0.901478 0.336991
-0.102924 -0.320938 0.941491
-0.017704 2.489845 2.676701
1627.263946 0.0 0.0
0.807946 -0.511825 -0.291990
0.559358 0.510335 0.653205
-0.185314 -0.691082 0.698616
-2.142213 4.634264 1.070349
1767.812061 0.0 0.0
0.974305 -0.223876 0.024696
0.210277 0.943410 0.256438
-0.080709 -0.244656 0.966245
0.020585 1.865025 2.489990
1757.137442 0.0 0.0
0.987779 -0.154721 0.018787
0.149627 0.975118 0.163575
-0.043628 -0.158765 0.986352
-0.129497 1.288514 2.510876
0.570012 1.137039 -6.806285
18 10 20
5 0 9 223.16 464.03 2 172 331.41 486.73 3 168 339.14 436.03 5 350 374.34 279.10 6 384 447.16 299.94
-0.380879 0.767783 -7.846095
166 150 142
4 0 40 -124.54 247.13 2 296 -82.78 356.12 1 145 -109.11 322.57 3 308 -75.05 362.35
0.631982 0.462990 -6.709165
236 235 233
4 0 48 252.24 202.31 2 195 315.82 195.24 3 208 303.05 148.79 4 43 324.38 179.26
-0.375176 0.284231 -7.881725
54 25 24
2 0 54 -122.23 93.09 2 21 -102.91 194.26
0.302480 0.264370 -7.042313
146 133 125
3 0 57 109.76 110.82 2 203 146.79 138.57 3 328 136.04 116.45
-0.277385 0.045756 -6.914883
82 44 35
12 0 66 -110.65 31.68 2 210 -92.00 84.94 3 46 -97.17 71.82 4 219 -61.07 133.76 5 55 -82.26 0.92 6 256 -54.91 73.98 7 191 -112.15 -33.39 8 496 -51.95 43.68 9 69 -106.55 -3.17 10 405 -45.17 61.63 11 450 10.09 29.33 12 337 6.63 66.53
-0.163176 0.116499 -7.022803
124 111 102
3 0 68 -63.58 56.92 2 36 -42.93 109.19 1 29 -59.81 107.90
-0.110219 0.108469 -6.956191
166 157 148
2 0 73 -45.77 54.25 2 40 -21.07 101.09
0.026160 -0.028127 -6.889103
132 119 111
5 0 87 7.57 0.71 2 56 24.38 40.01 3 61 13.21 18.21 5 84 15.16 -61.66 7 86 -21.30 -103.61
0.045484 -0.045854 -6.897618
155 142 134
4 0 88 14.13 -4.14 2 57 31.08 28.68 4 75 45.05 69.95 5 85 19.63 -67.39
1.181298 0.003093 -6.211433
247 87 98
3 0 89 546.59 23.75 2 107 585.91 -67.78 1 194 575.76 6.79
-0.278306 -0.165736 -6.829462
33 17 4
4 0 98 -114.00 -51.04 2 67 -105.56 -2.40 3 71 -114.04 -14.46 4 89 -82.19 52.89
1.038316 -0.180491 -6.360618
206 50 54
2 0 100 459.75 -59.94 2 131 478.91 -127.21
-0.812543 -0.274337 -6.478185
94 23 19
3 0 105 -353.12 -97.70 2 87 -356.40 -37.74 3 80 -358.22 -47.65
-0.702075 -0.279019 -6.591808
122 38 20
2 0 107 -296.80 -98.06 2 91 -299.07 -38.74
-0.498179 -0.271793 -6.665642
118 12 13
2 0 110 -208.09 -94.30 2 96 -206.48 -43.11
-0.258528 -0.248973 -6.891176
131 107 70
3 0 112 -104.12 -82.30 2 78 -100.84 -33.16 1 67 -111.28 -33.96
-0.332087 -0.314325 -6.808275
130 109 98
2 0 125 -134.89 -109.22 2 100 -136.18 -60.42
-0.496562 -0.371726 -6.657509
32 12 14
9 0 142 -208.19 -134.94 2 117 -212.52 -84.44 1 103 -221.42 -84.68 3 95 -221.90 -92.78 4 112 -187.73 -15.63 5 109 -214.70 -149.31 6 126 -201.14 -67.28 7 100 -265.49 -172.99 8 112 -205.87 -82.63
-0.510661 -0.395898 -6.650170
179 154 126
5 0 143 -214.17 -144.52 2 118 -219.76 -94.00 1 102 -228.76 -95.45 3 103 -229.24 -101.77 4 109 -195.41 -23.54
-0.490502 -0.392301 -6.657254
175 116 101
4 0 144 -205.42 -143.54 2 120 -210.98 -93.68 1 105 -219.31 -93.16 3 108 -220.83 -101.60
-0.490135 -0.390634 -6.651965
175 116 101
3 0 145 -205.42 -143.54 2 119 -210.98 -93.68 3 107 -220.83 -101.60
-0.493769 -0.408227 -6.645107
34 17 11
2 0 148 -207.05 -150.86 2 123 -213.99 -101.51
-0.342742 -0.448533 -6.768802
201 196 193
2 0 151 -140.95 -163.85 2 127 -148.92 -116.24
-0.168666 -0.470367 -6.967109
255 251 242
3 0 164 -68.81 -166.80 2 128 -77.90 -117.77 3 116 -93.90 -120.99
0.444839 -1.172443 -7.357231
162 140 96
4 0 194 152.69 -406.22 2 160 101.15 -358.02 1 129 117.37 -370.64 3 146 63.75 -344.82
-0.290989 0.921855 -7.756396
207 44 50
6 0 211 -98.32 300.75 2 7 -44.72 406.84 1 140 -76.35 377.20 3 171 -35.47 409.22 4 7 18.43 465.73 5 10 10.79 351.02
0.042242 0.704935 -7.277450
194 185 180
9 0 216 10.60 260.04 2 181 67.01 322.80 1 252 34.71 318.82 3 182 70.93 305.42 5 194 102.98 215.91 6 226 156.33 285.00 9 360 154.18 178.42 10 369 228.42 231.82 12 306 301.97 193.24
-3.721535 1.014501 -12.254995
35 29 31
3 0 230 -650.60 161.91 2 173 -663.39 439.03 1 253 -669.88 304.25
-0.365543 0.304084 -7.897235
212 52 51
4 0 233 -119.05 98.67 2 193 -98.20 198.74 1 23 -117.30 169.83 3 26 -99.13 211.79
-0.299293 0.306194 -7.834777
207 200 186
6 0 234 -101.23 100.05 2 415 -77.63 197.35 1 343 -96.79 168.62 3 421 -78.08 205.59 4 447 -37.16 272.40 6 525 -9.22 266.93
0.139319 0.249145 -6.970217
154 140 124
7 0 240 49.00 107.78 2 321 84.72 141.75 1 275 64.43 149.71 4 339 108.16 169.65 5 226 85.77 28.32 6 418 118.95 86.15 9 401 71.03 -20.77
1.141825 0.191021 -6.264679
25 15 23
5 0 243 519.32 109.13 2 230 575.45 25.93 4 271 532.05 -21.34 5 296 494.00 -209.51 6 489 496.87 -212.02
-0.050750 0.042770 -6.954444
118 107 101
16 0 253 -22.60 29.78 2 327 -2.10 71.52 1 183 -18.06 75.40 3 225 -11.82 55.88 4 231 19.25 113.87 5 254 -3.80 -21.23 6 425 22.31 46.87 8 326 22.12 15.77 9 601 -34.27 -33.99 10 641 24.61 27.17 11 694 77.03 -7.87 12 347 69.22 29.34 13 469 34.02 -28.14 14 497 55.26 -21.75 15 343 83.09 -54.64 17 451 60.61 27.63
-0.121174 0.018474 -6.903376
122 107 102
15 0 257 -49.62 21.44 2 213 -30.95 64.11 1 182 -47.40 68.64 3 223 -39.93 48.87 4 230 -7.88 108.30 5 252 -31.08 -27.36 6 269 -6.00 41.46 7 205 -63.45 -66.38 8 325 -5.63 9.16 9 406 -63.42 -41.29 10 427 -4.41 22.49 11 471 47.49 -11.61 12 359 40.79 26.98 13 163 5.52 -31.32 14 153 26.89 -23.25
1.168633 0.001195 -6.224254
233 78 82
3 0 258 538.44 23.15 2 106 577.47 -66.60 3 122 533.98 -132.11
-0.243230 -0.105961 -6.813176
115 33 22
11 0 262 -98.60 -25.96 2 337 -86.91 17.98 1 289 -100.91 21.47 3 341 -97.02 4.50 4 241 -64.48 69.45 5 260 -89.12 -66.43 6 288 -68.34 6.31 7 327 -128.35 -101.94 8 523 -70.71 -21.44 9 628 -133.46 -70.51 10 426 -75.18 -2.50
-0.227298 -0.130182 -6.803993
149 67 49
7 0 263 -93.59 -36.14 2 226 -83.05 7.13 1 191 -96.28 11.17 3 74 -92.40 -7.61 6 119 -65.89 -6.03 7 225 -126.18 -111.94 8 86 -69.13 -32.01
-0.227376 -0.130280 -6.803991
149 67 49
8 0 264 -93.59 -36.14 2 227 -83.05 7.13 1 190 -96.28 11.17 3 73 -92.40 -7.61 4 92 -61.58 58.26 6 118 -65.89 -6.03 7 226 -126.18 -111.94 8 85 -69.13 -32.01
0.008889 -0.204346 -6.865236
206 201 197
3 0 273 -0.89 -65.83 2 236 7.36 -33.18 3 88 -6.53 -47.76
0.128348 -0.200410 -6.852594
234 227 221
2 0 274 46.97 -64.14 2 247 55.17 -39.46
0.214740 -0.169215 -6.883595
238 235 229
3 0 275 80.64 -51.66 2 237 90.34 -30.57 3 254 72.33 -48.67
1.042812 -0.206852 -6.377779
161 38 46
3 0 283 460.41 -70.34 2 267 474.98 -139.81 3 278 434.26 -185.51
-0.691210 -0.300319 -6.603153
154 52 29
3 0 286 -291.66 -106.50 2 241 -294.02 -47.36 1 292 -306.54 -48.36
0.437106 -0.350395 -6.908220
211 204 195
4 0 297 165.45 -122.20 2 265 165.20 -111.21 3 120 138.88 -129.65 4 275 149.61 -67.45
-0.546694 -0.387892 -6.649612
50 50 69
5 0 307 -228.88 -142.05 2 250 -235.14 -89.54 3 262 -243.88 -96.48 4 107 -208.09 -17.46 5 108 -235.27 -150.27
-0.345003 -0.420107 -6.747386
163 155 150
5 0 309 -142.01 -152.56 2 260 -148.66 -106.71 1 222 -155.99 -105.54 3 272 -161.76 -112.87 4 124 -133.32 -37.05
-0.287773 -0.416759 -6.799845
174 164 161
5 0 311 -117.44 -149.93 2 261 -124.09 -103.57 1 114 -130.81 -103.98 3 110 -138.09 -110.69 4 117 -110.99 -35.53
-0.287575 -0.416740 -6.808681
174 164 161
2 0 312 -117.44 -149.93 2 262 -124.09 -103.57
-0.205330 -0.395760 -6.881787
185 178 170
4 0 315 -83.31 -140.20 2 254 -88.50 -94.01 1 220 -95.53 -93.99 3 267 -103.53 -100.58
0.261281 -0.528502 -6.979202
156 144 127
2 0 326 95.80 -188.66 2 134 83.04 -162.75
1.326678 -0.440238 -6.122807
239 225 177
2 0 329 633.63 -186.78 2 280 629.51 -293.73
0.498232 -0.655069 -6.803720
158 145 125
4 0 337 195.21 -247.72 2 272 174.23 -240.99 1 236 179.17 -225.53 5 430 103.84 -320.03
0.629965 -0.780763 -6.838991
246 231 218
2 0 338 244.83 -294.69 2 151 215.76 -293.13
0.385436 -1.190348 -7.418734
165 149 102
5 0 341 128.62 -408.18 2 156 78.10 -353.68 1 318 95.05 -368.88 3 376 42.21 -337.90 4 149 41.88 -252.68
0.474060 -1.162628 -7.317293
233 219 164
7 0 342 164.40 -405.75 2 285 113.27 -360.92 1 319 129.68 -372.20 3 289 75.80 -349.38 4 296 72.00 -265.15 5 320 30.43 -370.86 6 340 17.04 -273.09
-0.006890 1.159933 -7.398728
202 190 185
2 0 347 -5.28 408.99 2 293 72.66 494.93
0.759312 0.895032 -6.601748
18 3 6
5 0 349 312.81 389.94 2 392 415.13 377.56 1 245 370.99 416.92 3 411 413.36 314.55 5 468 426.60 147.58
0.758882 0.811684 -6.529591
167 39 45
3 0 351 319.63 362.39 2 303 418.45 340.98 3 417 411.07 278.95
0.908726 0.640653 -6.456495
18 7 11
16 0 354 389.86 295.85 2 410 478.80 254.32 1 256 441.97 308.84 3 428 464.47 187.10 4 461 482.21 201.82 5 485 457.22 15.15 6 559 492.67 14.32 7 454 433.12 -136.56 8 672 474.32 -112.65 9 791 418.70 -225.59 10 676 465.32 -192.59 11 766 503.34 -284.89 12 612 459.85 -259.30 13 567 392.02 -339.81 14 590 389.47 -357.24 15 416 388.41 -415.49
0.268562 0.715853 -7.157603
184 177 167
6 0 355 94.91 270.87 2 399 156.17 317.26 1 331 124.76 320.47 3 410 156.95 292.16 4 326 198.71 329.19 6 389 235.96 241.95
0.788853 0.558243 -6.520577
222 53 59
2 0 356 332.40 254.88 2 192 410.48 225.46
-0.162834 0.540619 -7.460930
170 161 154
3 0 364 -58.70 192.47 2 407 -21.05 271.35 1 337 -44.03 255.22
0.391390 0.119925 -6.822079
154 141 132
6 0 376 151.07 61.89 2 430 181.97 70.43 3 441 167.39 40.32 4 474 188.61 87.36 5 494 161.61 -60.89 6 449 186.17 -12.55
-0.329340 0.033728 -6.967878
72 27 22
4 0 380 -129.05 26.18 2 326 -111.53 85.07 1 278 -128.09 81.90 3 434 -117.55 74.59
-0.236253 -0.046873 -6.847095
142 119 110
9 0 381 -95.07 -1.19 2 330 -79.95 43.31 3 337 -88.34 28.17 4 351 -55.40 91.31 7 432 -114.99 -79.82 8 649 -56.74 -0.50 9 766 -117.76 -50.11 10 771 -58.13 16.70 11 950 -7.88 -12.50
-0.509247 -0.094235 -6.748393
86 18 7
7 0 385 -209.12 -21.17 2 432 -198.18 36.32 1 354 -212.12 34.53 4 349 -163.41 94.04 5 490 -185.33 -40.91 6 422 -161.78 38.33 7 428 -222.96 -71.44
-0.261819 -0.116866 -6.806325
165 80 59
6 0 388 -106.05 -30.59 2 224 -96.84 14.88 1 189 -109.48 17.52 3 231 -105.13 0.75 4 242 -72.91 66.52 5 269 -96.39 -69.30
-0.656671 -0.271224 -6.719513
134 33 10
2 0 395 -268.63 -92.89 2 231 -271.85 -29.75
-0.306027 -0.334587 -6.859169
113 94 79
5 0 407 -122.75 -116.00 2 352 -125.46 -66.22 1 295 -133.99 -67.47 3 265 -137.96 -72.51 4 102 -108.62 0.57
0.529208 -0.334247 -6.857190
172 163 148
4 0 410 204.02 -116.96 2 361 205.13 -114.44 3 361 177.59 -135.15 5 421 149.68 -215.42
-0.382083 -0.414367 -6.699712
181 172 170
5 0 416 -157.93 -152.25 2 455 -166.09 -103.73 1 304 -172.74 -104.26 3 357 -177.24 -113.60 4 273 -147.56 -38.08
-0.327118 -0.440582 -6.765512
253 254 249
4 0 417 -134.64 -159.99 2 358 -142.33 -113.84 1 305 -148.61 -114.49 3 358 -155.76 -120.39
0.404423 -0.587977 -6.935648
229 226 218
8 0 426 152.92 -213.15 2 475 136.13 -197.38 1 385 138.35 -187.15 3 478 106.39 -207.74 4 382 112.31 -138.48 5 427 75.94 -267.47 6 481 75.12 -195.25 7 256 13.77 -290.39
0.404423 -0.587977 -6.935648
229 226 218
8 0 427 152.92 -213.15 2 474 136.13 -197.38 1 386 138.35 -187.15 3 477 106.39 -207.74 4 381 112.31 -138.48 5 426 75.94 -267.47 6 480 75.12 -195.25 7 255 13.77 -290.39
1.047388 -0.727501 -6.365569
18 1 7
6 0 430 465.30 -304.49 2 371 436.53 -363.44 1 476 455.92 -319.00 3 293 380.11 -394.39 4 412 355.21 -332.96 5 340 304.93 -487.87
0.792536 0.798335 -6.546564
196 55 61
16 0 438 333.82 357.43 2 400 430.66 334.04 1 326 389.65 380.52 3 418 423.95 270.32 4 446 450.50 284.52 5 469 429.99 100.13 6 411 478.09 102.98 7 425 420.86 -46.56 8 749 470.56 -25.50 9 785 424.05 -140.30 10 794 478.10 -110.02 11 880 527.76 -208.68 12 721 487.17 -188.76 13 842 423.83 -279.52 14 759 427.51 -306.76 15 581 431.71 -373.69
-0.477415 0.944053 -7.956096
30 16 16
4 0 439 -151.38 295.83 2 493 -105.56 417.29 1 401 -134.91 377.62 3 403 -93.43 427.40
0.897271 0.620491 -6.459215
176 42 37
7 0 443 385.73 287.37 2 504 471.60 245.56 1 335 437.04 300.26 3 427 457.19 180.00 4 460 474.05 194.97 5 486 448.56 9.60 6 560 482.29 9.01
0.050722 0.615347 -7.257208
186 177 168
25 0 446 11.55 229.56 2 404 64.60 289.02 3 416 65.79 273.05 4 442 108.62 319.40 5 464 93.43 186.77 6 527 144.43 253.77 7 398 98.47 144.02 9 749 134.90 150.64 10 753 206.61 201.11 11 824 282.15 148.35 12 669 276.01 171.26 13 796 246.37 90.21 14 819 279.77 78.07 15 636 318.34 21.86 16 728 280.69 -10.92 17 751 302.64 66.94 18 896 324.83 -64.74 19 358 339.09 -52.89 20 765 213.30 -102.50 21 622 221.34 -39.41 22 1088 175.35 12.47 23 1077 187.68 -154.16 24 1007 168.37 -165.54 25 687 187.92 -67.70 26 575 156.36 -111.22
0.474449 0.551912 -6.944055
166 157 150
7 0 448 178.40 222.77 2 411 238.26 241.20 1 338 208.51 259.67 3 519 231.04 207.97 4 456 262.18 243.12 6 535 285.10 130.71 8 641 292.03 56.26
0.265994 0.341186 -7.075935
123 110 99
2 0 455 95.28 137.68 2 419 135.71 171.99
1.123942 0.223964 -6.267111
25 5 9
11 0 459 510.31 123.85 2 437 569.63 42.50 1 349 550.75 113.76 3 452 534.99 -27.27 4 503 529.50 -7.13 5 529 492.23 -194.28 6 603 497.16 -196.62 7 576 427.99 -343.39 8 694 446.73 -303.18 9 688 368.43 -405.62 10 541 400.06 -362.06
-0.013470 0.185529 -7.059924
178 169 160
6 0 460 -7.21 81.41 2 511 19.98 127.55 1 417 0.29 129.35 4 462 45.11 168.27 5 477 23.70 34.62 6 543 57.11 100.44
-0.013470 0.185529 -7.059924
178 169 160
6 0 461 -7.21 81.41 2 512 19.98 127.55 1 418 0.29 129.35 4 463 45.11 168.27 5 478 23.70 34.62 6 544 57.11 100.44
0.326992 0.184735 -6.841371
142 129 113
8 0 462 123.34 85.37 2 516 158.98 101.37 1 419 139.37 119.59 3 631 147.49 71.81 4 575 171.34 119.24 5 683 148.79 -29.37 6 766 175.37 19.28 7 610 119.37 -98.14
0.718265 0.092601 -6.699448
195 188 178
5 0 470 289.28 52.72 2 436 323.34 33.86 1 352 306.55 69.73 4 368 311.33 33.58 5 403 280.28 -122.55
0.173762 0.027376 -6.848219
192 182 172
4 0 473 64.35 25.56 2 333 87.71 45.92 3 443 75.02 25.38 4 354 99.70 78.72
0.175453 -0.008223 -6.853709
203 194 187
3 0 474 64.92 10.73 2 434 86.39 33.93 3 445 72.57 11.41
1.182829 0.006639 -6.231848
243 79 98
9 0 475 543.30 25.14 2 541 583.09 -64.75 1 433 573.09 8.81 3 470 539.43 -130.86 4 509 524.23 -102.15 5 534 482.56 -287.36 6 720 473.81 -283.52 7 581 401.90 -423.10 8 794 413.71 -370.77
-0.183464 -0.049800 -6.835182
183 173 164
10 0 477 -74.95 -5.03 2 433 -60.39 39.35 1 356 -74.29 42.41 3 442 -69.42 23.59 4 473 -36.97 84.19 5 493 -60.99 -51.98 6 556 -38.26 18.55 7 433 -97.55 -90.07 9 611 -100.90 -63.24 11 692 7.14 -28.99
1.166036 -0.168463 -6.289507
249 79 93
7 0 487 528.33 -54.52 2 468 550.31 -139.13 1 527 545.77 -69.51 3 480 502.76 -196.34 4 512 484.57 -159.98 5 718 439.69 -332.43 6 796 425.23 -317.67
-1.046341 -0.269317 -6.515951
135 113 67
3 0 488 -451.50 -93.49 2 343 -458.00 -17.04 1 360 -470.55 -25.57
-3.199225 -0.645508 -11.672012
44 39 39
4 0 497 -597.60 -131.76 2 514 -633.18 117.28 1 429 -632.31 -3.14 3 517 -636.97 208.12
-0.566353 -0.329890 -6.683614
188 105 67
7 0 499 -236.13 -117.59 2 534 -239.16 -59.85 1 443 -248.70 -64.15 3 551 -244.82 -68.55 4 589 -207.56 8.62 5 507 -234.83 -123.10 6 575 -218.82 -39.24
0.548617 -0.327001 -6.796378
243 240 231
8 0 501 213.85 -115.85 2 551 217.04 -118.07 1 454 213.69 -95.48 3 569 189.02 -141.33 4 609 194.96 -83.70 5 628 160.49 -225.14 6 709 162.88 -169.83 7 567 100.82 -275.98
0.655373 -0.325543 -6.678323
172 158 147
16 0 502 264.72 -118.50 2 464 267.99 -134.74 1 380 266.23 -103.45 3 472 236.59 -163.45 6 488 200.44 -206.63 7 363 136.15 -317.97 8 561 167.25 -238.91 9 664 90.83 -297.12 10 687 129.87 -234.78 11 761 153.17 -267.41 12 435 130.54 -220.30 13 530 78.34 -257.32 14 558 82.62 -238.45 15 381 87.42 -259.70 16 226 31.12 -243.93 18 297 54.79 -199.35
0.833366 -0.312201 -6.517249
158 145 134
4 0 503 351.86 -115.56 2 465 359.38 -154.34 3 475 321.24 -192.83 4 383 316.65 -142.91
-0.407825 -0.433727 -6.699331
236 232 229
2 0 505 -169.80 -159.94 2 454 -176.86 -112.40
-0.090554 -0.482866 -7.041048
255 254 249
3 0 511 -37.23 -168.74 2 457 -49.69 -121.21 1 378 -51.18 -125.22
0.890860 -0.512205 -6.448477
182 159 106
5 0 517 385.03 -204.74 2 478 376.41 -250.90 1 388 381.24 -206.61 3 368 332.20 -285.55 4 391 316.95 -228.27
0.915618 -0.622443 -6.518368
169 147 134
17 0 518 391.78 -250.19 2 568 370.79 -289.31 1 470 379.64 -250.41 3 584 323.66 -317.71 4 623 307.35 -257.23 5 648 262.68 -407.01 6 728 240.33 -357.26 7 583 170.73 -464.25 8 793 186.96 -374.57 9 815 98.62 -428.70 10 834 128.05 -361.12 11 901 136.88 -384.40 12 735 106.95 -328.91 13 564 50.92 -354.02 14 574 46.50 -323.94 15 403 43.41 -335.97 16 245 -17.66 -305.13
0.453773 -1.185959 -7.331939
45 32 34
3 0 521 154.29 -413.07 2 369 105.65 -365.58 3 377 66.88 -352.86
0.873448 -1.044100 -6.748455
253 82 93
4 0 522 350.78 -409.29 2 486 301.13 -419.72 4 410 229.18 -350.95 5 444 181.61 -480.96
0.358074 1.085350 -6.999336
219 212 209
3 0 528 132.43 421.56 2 581 225.04 466.40 1 398 180.30 475.03
-0.041248 1.156661 -7.432900
192 35 44
3 0 529 -17.65 404.82 2 491 58.88 493.82 1 397 18.27 475.55
0.807270 0.851412 -6.586735
16 12 9
7 0 530 333.85 373.07 2 585 434.33 353.78 1 487 390.92 397.96 3 700 429.53 291.85 4 730 458.15 305.91 5 746 439.38 122.04 6 880 490.75 126.73
0.871945 0.660427 -6.484625
203 42 57
17 0 531 371.83 301.44 2 503 460.22 265.23 1 403 423.74 317.35 3 523 446.90 199.60 4 567 466.01 215.31 5 583 441.71 30.59 6 672 479.47 31.67 7 547 420.78 -116.94 8 762 464.57 -93.24 9 890 411.26 -205.15 10 906 460.35 -172.81 11 984 501.38 -265.70 12 729 458.95 -241.12 13 850 393.29 -322.97 14 765 393.91 -342.68 15 587 393.36 -401.88 16 677 318.98 -423.25
-0.367179 0.819697 -7.798641
206 191 183
17 0 532 -120.55 268.75 2 583 -74.44 377.26 1 489 -102.51 344.38 3 615 -65.29 381.53 4 652 -12.88 441.08 5 666 -23.32 329.24 7 646 1.84 339.28 8 880 82.19 431.33 10 1012 151.99 463.27 11 1057 252.35 430.47 12 908 262.55 451.72 13 1011 253.45 371.69 14 1050 309.68 365.82 15 879 374.66 306.82 16 924 364.00 272.10 18 1101 448.64 172.97 19 590 494.21 167.72
0.446146 0.574778 -6.964635
181 174 166
2 0 533 166.67 230.87 2 596 227.21 252.88
-0.165011 0.575930 -7.432983
208 199 190
6 0 535 -59.53 206.08 2 499 -18.39 284.75 1 408 -44.08 269.06 3 514 -15.64 277.57 4 557 29.39 332.47 5 459 14.01 209.28
1.024583 0.387438 -6.320095
214 49 60
4 0 536 458.42 195.60 2 607 530.25 126.93 3 537 504.57 59.47 4 675 506.04 74.80
1.000066 0.273140 -6.382475
235 64 73
4 0 542 439.22 139.93 2 521 499.29 80.80 5 611 439.15 -142.59 6 706 450.96 -137.69
1.110053 0.199461 -6.265027
229 58 64
13 0 544 504.69 113.12 2 612 561.53 31.94 1 501 542.55 103.07 3 553 526.58 -36.45 4 604 520.40 -14.81 5 629 483.02 -202.67 6 789 485.70 -204.12 7 577 416.57 -349.92 8 787 435.12 -307.87 9 910 357.48 -407.86 10 838 390.32 -363.09 11 994 404.40 -434.25 12 634 358.76 -392.72
0.674175 0.147132 -6.764460
170 163 153
3 0 545 266.96 73.67 2 520 302.39 62.02 1 420 286.19 93.28
-0.042345 0.072191 -6.962389
179 168 162
21 0 546 -18.82 40.65 2 517 2.89 83.01 1 423 -13.16 86.45 3 528 -5.97 66.70 4 572 25.23 124.58 5 588 2.68 -11.43 6 670 29.74 55.95 7 421 -26.95 -50.98 8 743 30.60 24.17 9 860 -24.86 -28.12 10 880 34.40 33.15 11 948 87.39 -2.65 12 687 79.64 33.60 13 805 44.61 -24.24 14 830 66.07 -18.83 15 643 93.33 -54.39 16 738 48.82 -62.54 17 762 71.72 27.18 18 763 98.41 -72.62 19 271 103.87 -38.40 20 594 -12.43 -70.33
-0.016044 0.044485 -6.930224
182 171 165
7 0 548 -9.17 30.13 2 518 11.51 69.53 3 440 1.72 53.05 4 574 32.33 108.87 5 589 9.26 -28.42 6 551 33.95 40.10 7 423 -22.52 -68.75
1.127928 0.021592 -6.207147
204 53 62
11 0 549 521.08 32.72 2 632 561.63 -55.88 1 517 549.95 17.55 3 567 521.49 -122.65 5 637 467.55 -280.98 6 719 460.10 -277.74 8 700 401.32 -367.29 9 705 316.54 -460.65 10 717 344.10 -410.43 11 914 353.89 -472.29 12 751 306.27 -424.74
1.194544 0.051743 -6.220547
29 12 20
8 0 550 551.35 45.69 2 540 595.31 -45.47 1 511 584.61 28.85 3 568 551.98 -112.91 4 611 537.97 -86.15 6 617 488.68 -272.55 7 369 415.91 -416.99 8 571 426.93 -367.15
0.639958 0.021044 -6.662114
162 150 138
19 0 554 257.05 24.81 2 619 286.73 7.71 1 426 272.98 41.32 3 643 264.80 -31.15 4 686 275.50 12.10 5 700 245.21 -144.82 6 782 257.71 -107.68 7 631 195.72 -228.90 8 868 233.14 -165.05 9 979 166.08 -239.86 10 981 210.02 -185.44 11 1044 241.96 -234.30 12 891 215.42 -194.29 13 922 162.42 -247.61 14 948 166.87 -240.06 15 853 175.22 -272.72 16 906 117.09 -270.29 17 871 123.51 -177.55 18 1002 132.16 -245.43
1.105387 -0.007790 -6.217870
169 29 40
9 0 555 508.75 19.03 2 539 548.64 -67.34 1 432 538.14 4.83 3 571 506.97 -132.09 4 616 492.61 -101.40 5 636 451.31 -285.32 6 616 443.90 -280.09 7 483 371.36 -419.89 8 698 385.38 -366.23
0.321558 -0.046887 -6.786918
204 194 185
4 0 556 124.08 -3.53 2 525 145.41 5.63 1 431 132.12 25.74 4 586 146.18 32.68
0.018485 -0.137009 -6.843015
177 166 162
4 0 559 3.39 -38.48 2 622 15.75 -9.23 1 513 4.40 0.04 3 547 2.06 -24.93
0.446213 -0.144696 -6.733211
224 221 214
6 0 560 176.50 -42.37 2 629 192.17 -43.97 1 441 182.28 -20.38 3 650 169.56 -72.10 4 601 181.59 -19.34 5 619 150.68 -165.96
-0.818606 -0.236852 -6.498736
145 60 38
3 0 563 -354.26 -79.72 2 527 -354.76 -18.73 1 438 -368.90 -20.45
-0.187801 -0.269811 -6.842869
238 235 230
3 0 564 -77.10 -91.30 2 450 -74.69 -48.87 1 446 -84.15 -45.59
0.048278 -0.275277 -6.886577
205 191 182
5 0 565 13.95 -93.66 2 536 19.07 -61.09 1 448 10.64 -54.70 3 556 1.56 -75.14 4 599 23.40 -9.77
0.048278 -0.275277 -6.886577
205 191 182
5 0 566 13.95 -93.66 2 537 19.07 -61.09 1 449 10.64 -54.70 3 557 1.56 -75.14 4 600 23.40 -9.77
0.916480 -0.236095 -6.472250
164 149 141
16 0 569 391.97 -82.70 2 555 406.02 -133.26 1 526 402.56 -84.73 3 576 367.02 -176.04 4 615 359.56 -130.77 5 635 319.70 -291.34 6 615 313.52 -261.25 8 693 267.04 -313.40 9 805 185.72 -383.35 10 830 218.70 -326.58 11 902 234.68 -367.07 12 731 200.19 -320.59 15 686 132.95 -366.06 16 765 69.30 -347.37 17 795 73.35 -248.85 18 928 77.07 -292.49
-0.164322 -0.318784 -6.908156
241 240 237
6 0 571 -66.67 -109.10 2 535 -68.01 -64.52 1 447 -75.24 -64.23 3 464 -82.21 -72.86 4 489 -56.44 -2.51 5 510 -84.28 -130.98
0.286631 -0.340836 -6.947964
215 208 200
4 0 572 106.39 -117.80 2 546 104.88 -96.57 1 453 101.37 -85.97 3 564 83.88 -109.64
-0.533580 -0.389536 -6.648175
46 42 53
2 0 575 -223.52 -143.09 2 544 -229.45 -91.08
-0.255714 -0.397803 -6.833120
159 143 131
4 0 577 -104.20 -141.50 2 545 -109.34 -95.90 1 452 -116.47 -95.84 3 563 -123.72 -102.42
0.394215 -0.551521 -6.943099
254 255 250
5 0 585 148.93 -199.21 2 639 133.70 -182.02 1 531 134.43 -172.29 3 573 106.44 -192.87 4 612 112.68 -125.36
0.488749 -0.537491 -6.851997
151 132 94
3 0 586 188.80 -197.75 2 470 175.76 -191.53 1 462 177.92 -174.76
0.634951 -0.599344 -6.698690
239 233 224
5 0 588 258.20 -228.72 2 561 239.47 -240.12 1 464 246.19 -215.47 3 579 201.43 -260.11 4 621 196.77 -195.60
0.414095 -0.719864 -7.000697
254 255 250
7 0 593 153.34 -261.78 2 560 128.65 -239.15 1 469 133.12 -235.68 3 578 97.16 -244.82 4 516 100.97 -171.80 5 539 64.67 -296.09 6 598 60.65 -218.90
0.934853 -0.910677 -6.589293
28 11 12
7 0 596 393.72 -367.29 2 487 349.78 -395.90 1 545 371.23 -367.56 3 596 297.13 -413.56 4 538 275.39 -341.78 5 545 224.88 -481.20 6 634 193.11 -417.49
0.336219 -1.226843 -7.485512
208 191 147
9 0 598 110.12 -416.39 2 647 58.13 -354.41 1 543 73.79 -374.15 3 588 23.61 -336.75 4 622 23.28 -249.30 5 644 -16.84 -348.39 6 715 -26.58 -243.64 7 570 -84.45 -311.18 8 770 -53.47 -187.16
0.338469 1.152949 -7.046566
196 34 40
36 0 606 122.54 439.85 2 656 217.77 491.05 1 549 171.69 496.00 3 679 229.25 455.31 4 716 280.30 484.33 5 732 272.32 327.06 6 872 348.29 370.37 7 649 305.94 238.92 8 938 387.92 276.18 9 1059 372.07 179.16 10 1079 452.36 212.06 11 1126 541.04 116.32 12 975 521.97 122.19 13 1081 481.42 9.93 14 1080 510.66 -32.18 15 951 544.44 -116.03 16 1016 493.55 -178.17 17 1032 501.05 -106.20 18 1133 497.06 -257.55 19 614 496.14 -263.03 20 1035 350.24 -316.54 21 808 350.47 -278.33 22 1302 294.78 -245.95 23 1208 277.83 -397.80 24 1158 244.24 -405.70 25 884 239.19 -298.35 26 796 192.40 -348.25 27 830 162.55 -382.32 28 740 99.60 -349.58 29 693 108.88 -354.31 30 646 41.74 -356.77 31 725 62.91 -310.41 32 719 49.29 -268.12 34 685 15.27 -282.91 35 558 -61.06 -203.95 36 594 -100.84 -249.66
0.395693 1.107497 -6.975018
206 37 44
37 0 607 146.72 430.89 2 657 243.74 472.67 1 483 196.68 482.64 3 686 252.96 433.28 4 717 301.38 458.73 5 735 291.83 297.86 6 812 364.00 335.11 7 703 320.42 201.33 8 889 397.68 234.89 9 1060 378.80 136.60 10 1082 455.78 168.60 11 1127 538.81 71.93 12 978 517.21 79.01 13 1085 473.29 -30.60 14 1126 500.74 -70.67 15 954 528.63 -153.19 16 969 474.16 -210.67 17 1035 479.57 -137.95 18 1135 473.89 -281.37 19 613 469.23 -284.26 20 1013 323.53 -332.78 21 762 320.32 -292.35 22 1257 262.50 -257.53 23 1166 246.87 -401.65 24 1075 212.81 -406.04 25 837 208.34 -295.85 26 728 160.18 -340.73 27 791 131.24 -370.99 28 637 73.84 -335.30 29 659 81.40 -337.44 30 548 14.21 -335.63 31 615 37.88 -286.98 32 614 26.95 -241.38 33 547 -22.58 -310.42 34 631 -3.09 -252.53 35 508 -76.81 -173.95 36 548 -114.62 -220.64
0.811498 0.770174 -6.529443
17 1 8
7 0 611 342.36 344.58 2 587 436.51 319.00 1 488 395.97 366.24 3 624 428.52 255.03 4 663 453.74 269.51 5 676 432.64 85.50 6 827 479.90 86.92
-0.446859 0.978441 -7.868810
193 36 43
7 0 612 -144.02 312.21 2 582 -94.32 431.43 1 485 -124.00 393.19 3 504 -83.08 438.59 4 551 -26.23 499.66 5 559 -32.44 388.84 6 511 35.35 495.46
0.634878 0.700448 -6.727373
148 124 116
28 0 613 251.21 298.46 2 591 331.62 296.13 1 490 295.16 328.44 3 627 326.77 245.85 4 662 356.49 270.34 5 674 337.22 102.04 6 756 383.24 123.07 7 604 330.05 -13.82 8 849 385.57 19.54 9 960 341.72 -78.68 10 968 399.61 -42.79 11 1028 454.06 -127.45 12 798 423.26 -106.98 13 917 369.08 -191.84 14 946 379.74 -214.03 15 789 391.45 -276.15 16 845 329.02 -305.91 17 877 330.92 -221.49 18 930 325.02 -323.92 19 383 310.25 -303.10 20 796 176.23 -332.82 21 545 159.67 -272.55 22 1021 95.94 -225.02 23 892 93.18 -341.23 24 619 64.67 -330.42 25 437 69.67 -208.29 26 361 18.93 -232.36 27 252 0.93 -246.03
0.623214 0.662171 -6.734780
221 212 203
17 0 614 247.20 282.18 2 597 323.40 280.27 1 492 288.72 311.91 3 626 317.21 231.78 4 661 346.03 257.64 5 675 326.26 90.23 6 757 370.30 112.77 7 603 316.66 -22.52 8 848 371.42 13.02 9 961 326.72 -83.81 10 967 383.94 -46.31 11 1026 437.17 -128.46 12 880 407.31 -106.55 13 983 353.81 -189.25 14 1026 364.67 -209.15 15 855 376.97 -269.40 17 937 318.33 -212.92
-0.157160 0.621109 -7.439631
150 141 131
8 0 616 -55.39 221.79 2 669 -12.57 302.16 1 558 -38.06 285.74 4 656 37.11 346.74 5 672 22.65 222.27 6 814 74.50 303.56 7 651 29.35 204.35 8 937 101.78 282.62
0.416466 0.333135 -7.051141
142 132 119
18 0 621 151.79 137.81 2 602 194.55 159.13 1 495 171.67 173.48 3 628 184.28 132.79 4 668 210.85 176.37 5 679 188.55 33.89 6 760 222.02 85.30 7 602 170.23 -29.18 8 844 223.22 33.45 9 954 174.42 -31.50 10 960 232.48 18.97 11 1018 286.38 -33.35 12 871 270.19 -4.69 13 906 228.85 -69.47 14 929 247.86 -73.00 15 762 270.55 -119.00 16 822 223.53 -132.77 17 771 238.04 -48.98
1.080187 0.278093 -6.292598
232 58 71
13 0 622 486.34 146.63 2 611 549.34 71.58 1 497 527.39 140.74 3 540 518.69 2.74 4 595 516.57 22.94 5 624 481.15 -165.05 6 787 489.10 -167.98 7 575 422.90 -314.65 8 785 444.98 -276.91 9 907 370.94 -379.76 10 921 404.98 -337.54 11 910 424.65 -413.31 12 821 375.76 -373.45
0.404489 0.148808 -6.836207
194 184 174
9 0 623 155.78 72.83 2 691 190.16 82.58 1 500 172.08 103.04 3 635 174.62 51.44 4 576 195.33 97.51 5 592 170.11 -50.77 6 681 193.81 -3.68 7 544 135.83 -119.70 8 753 182.69 -56.11
0.412027 0.043462 -6.778050
146 136 127
18 0 624 158.72 30.43 2 693 188.00 36.36 1 508 172.80 58.96 3 719 170.72 6.61 4 748 188.89 54.58 5 759 162.16 -93.57 6 839 180.33 -46.40 7 677 120.81 -162.89 8 914 166.41 -96.55 9 1033 104.90 -162.70 10 1049 153.81 -106.98 11 1094 193.61 -152.38 12 945 174.49 -114.06 13 1044 128.20 -168.68 15 849 151.56 -198.86 16 899 96.65 -200.83 17 925 110.43 -109.60 18 994 122.26 -188.36
0.779030 0.081404 -6.649740
188 181 171
20 0 625 318.35 52.48 2 620 353.63 23.85 1 506 338.85 64.38 3 644 328.56 -18.88 4 594 335.77 18.79 5 702 304.59 -140.81 6 702 315.69 -111.97 7 632 254.83 -233.82 8 773 288.31 -176.27 9 898 220.33 -253.87 10 982 262.99 -202.41 11 1045 292.71 -256.38 12 811 263.23 -217.64 13 925 206.41 -271.00 14 949 209.19 -265.90 15 790 213.79 -302.20 16 844 153.14 -299.85 17 876 158.20 -207.25 18 1008 161.84 -272.13 19 456 146.30 -226.80
-0.270555 0.015991 -6.901022
77 20 13
23 0 626 -108.18 20.23 2 608 -91.51 72.22 1 503 -107.00 72.24 3 633 -97.59 58.76 4 670 -61.99 122.00 5 681 -84.63 -12.33 6 759 -58.30 60.78 7 606 -115.72 -45.76 8 842 -55.45 32.67 9 952 -113.45 -16.06 10 956 -51.85 49.70 11 1076 1.34 18.19 12 862 -1.76 56.24 13 962 -33.61 -1.39 14 997 -10.81 5.91 15 837 18.93 -26.63 16 878 -24.29 -34.59 17 914 2.42 57.24 18 1056 36.27 -47.23 19 502 42.13 -12.74 20 857 -71.38 -46.69 21 609 -88.15 41.63 22 1171 -145.88 115.97
-0.230864 -0.004936 -6.874788
156 144 132
16 0 627 -93.53 11.85 2 609 -76.66 60.77 1 504 -91.89 62.37 3 634 -83.93 46.11 4 671 -49.42 109.05 5 682 -72.30 -26.26 6 762 -47.12 45.59 7 607 -105.31 -62.33 8 846 -45.73 16.02 9 953 -104.94 -34.10 10 957 -44.79 31.51 11 1017 7.20 -0.59 12 863 2.31 38.21 13 964 -30.89 -18.88 14 921 -9.36 -11.29 15 754 19.37 -43.62
0.550638 0.024351 -6.686651
160 150 141
8 0 629 220.92 24.99 2 618 250.22 15.71 1 509 237.30 46.73 3 548 228.88 -19.58 4 592 241.76 25.53 5 605 213.17 -127.70 6 697 225.13 -89.30 7 558 163.80 -209.04
0.643618 -0.019050 -6.623220
209 200 193
3 0 631 263.03 8.55 2 702 291.03 -11.69 1 515 278.43 24.01
-0.349557 -0.320223 -6.756470
169 145 135
3 0 645 -143.63 -111.79 2 628 -144.56 -65.13 1 522 -153.93 -64.38
0.393794 -0.350202 -6.913257
227 220 210
9 0 646 148.50 -121.84 2 636 147.77 -108.84 1 525 144.35 -94.92 3 566 123.44 -125.08 4 607 134.04 -63.38 5 626 101.44 -198.20 6 703 107.57 -133.81 7 559 47.80 -234.84 8 674 86.42 -149.53
0.685232 -0.317336 -6.639566
177 166 154
13 0 647 279.40 -113.65 2 554 284.97 -136.57 1 459 282.07 -103.69 3 574 252.63 -167.19 4 613 253.29 -113.25 5 633 216.79 -263.11 6 599 213.21 -216.62 7 475 148.54 -329.45 8 687 177.69 -251.74 9 800 100.86 -311.89 10 812 138.35 -249.49 11 763 160.86 -282.71 12 609 136.41 -235.84
-0.077783 -0.525628 -7.070683
50 39 37
4 0 651 -30.52 -184.16 2 553 -45.39 -134.19 4 505 -45.65 -59.85 5 524 -77.81 -181.16
-0.502579 -0.551254 -6.855059
40 34 25
5 0 658 -201.32 -201.80 2 638 -216.10 -138.43 1 529 -221.16 -148.62 3 656 -228.50 -137.69 4 605 -198.31 -55.26
0.438948 -0.597224 -6.915653
254 253 249
7 0 660 166.32 -217.84 2 641 149.43 -203.95 3 661 118.96 -215.61 4 697 123.59 -147.31 5 713 86.98 -276.97 6 714 84.69 -205.84 7 571 22.59 -301.60
0.955963 -0.872799 -6.585352
250 255 249
6 0 664 401.24 -352.11 2 650 361.56 -383.38 1 542 380.24 -352.29 3 595 309.02 -402.51 4 636 287.19 -332.68 5 653 237.63 -473.08
0.236287 0.965568 -7.202190
221 215 212
5 0 675 81.34 358.01 2 660 158.28 414.89 1 551 119.21 413.75 3 690 166.04 389.29 4 721 213.23 426.45
0.815616 0.718774 -6.519252
227 55 67
9 0 676 344.93 322.80 2 672 435.43 295.31 1 557 396.50 342.87 3 706 425.15 233.25 4 733 448.59 248.31 5 750 427.03 64.54 6 826 469.44 67.40 7 672 412.97 -81.94 8 911 460.95 -59.96
0.441954 0.793466 -6.992272
228 223 217
14 0 677 162.11 312.43 2 739 239.44 340.79 1 613 202.05 356.82 3 699 238.01 303.73 4 726 277.09 335.21 7 709 268.92 96.64 9 1068 302.15 52.43 11 1135 438.36 12.56 12 981 418.79 29.37 13 1090 374.36 -60.37 14 1087 393.50 -82.50 15 907 418.65 -149.40 16 1015 369.72 -190.18 17 991 374.18 -109.31
0.684659 0.672100 -6.606633
219 53 65
4 0 678 281.92 295.76 2 742 363.39 282.29 1 615 328.17 321.85 3 757 355.56 226.57
-0.248437 0.806269 -7.678366
156 143 134
30 0 679 -89.92 263.94 2 662 -39.31 363.16 1 554 -69.97 335.64 3 692 -30.87 363.51 4 720 20.27 420.60 5 734 10.63 304.52 6 871 72.59 396.55 7 701 33.81 302.79 8 935 113.79 387.50 9 1050 94.46 348.32 10 1120 179.06 408.37 11 1170 276.28 367.72 12 1004 282.38 388.23 13 1112 269.65 306.14 14 1140 321.82 296.14 15 965 381.06 234.42 16 1026 364.22 197.91 17 1045 398.22 267.81 18 1187 437.37 105.70 19 634 474.40 102.37 20 1050 350.34 33.86 21 819 385.62 91.29 22 1317 357.82 140.16 23 1252 368.88 -73.64 24 1175 352.70 -106.06 25 926 374.90 -32.88 26 809 356.68 -98.87 27 871 342.21 -189.03 28 764 265.71 -223.27 29 737 306.62 -243.37
0.096065 0.710898 -7.271783
221 214 208
10 0 682 30.55 262.28 2 666 87.70 322.26 1 556 56.51 318.03 3 698 90.79 303.95 4 724 133.54 349.70 5 743 120.41 213.64 6 817 174.60 278.87 7 653 129.13 169.09 8 887 200.69 232.52 10 1023 245.66 218.38
0.436493 0.681152 -6.983077
240 233 227
11 0 683 163.38 270.58 2 671 229.89 296.49 1 561 197.60 311.42 3 704 228.08 261.54 4 729 261.99 295.73 5 744 244.89 142.44 6 822 293.75 183.23 7 660 243.51 60.05 8 899 306.17 107.44 9 1020 269.00 24.92 10 1032 333.05 67.06
0.010490 0.676878 -7.299838
207 198 193
4 0 684 -0.01 247.21 2 670 53.09 314.14 1 560 22.75 307.22 3 697 56.82 298.59
0.807556 0.486103 -6.561353
215 204 198
8 0 686 338.08 222.33 2 681 407.83 191.67 1 564 378.46 238.16 3 709 391.46 135.76 4 738 407.90 159.24 5 818 380.61 -16.13 6 833 411.63 -3.55 7 678 352.08 -142.68
0.014932 0.555971 -7.280564
204 193 187
4 0 687 1.34 206.32 2 678 48.19 268.48 1 562 20.70 262.37 3 703 49.29 253.91
0.843038 0.442480 -6.490203
213 45 54
6 0 688 357.57 207.62 2 746 427.85 169.59 1 568 398.48 219.78 3 767 409.42 109.38 4 804 423.48 132.71 5 820 397.35 -45.37
-0.501720 0.455565 -7.917855
212 202 193
