# Bundle file v0.3
60 5954
1853.841991 0.0 0.0
-0.945398 -0.288561 -0.151510
-0.235121 0.925773 -0.296080
0.225700 -0.244290 -0.943070
0.451158 2.734055 0.969453
1946.073921 0.0 0.0
-0.716872 0.362446 0.595591
0.057373 0.882024 -0.467699
-0.694841 -0.301109 -0.653093
-0.473810 2.921148 0.570126
1929.560290 0.0 0.0
-0.716466 0.383784 0.582568
0.082174 0.875692 -0.475827
-0.692765 -0.293042 -0.658941
-0.405412 2.896260 0.647546
1942.264272 0.0 0.0
-0.604423 0.458006 0.651847
0.114134 0.859562 -0.498122
-0.788446 -0.226678 -0.571813
-0.541492 2.935233 0.576257
1938.157637 0.0 0.0
-0.507158 0.510742 0.694214
0.133783 0.842380 -0.522014
-0.851406 -0.171869 -0.495548
-0.616427 2.951978 0.513869
1941.398681 0.0 0.0
-0.429662 0.550405 0.715852
0.153515 0.825742 -0.542756
-0.889845 -0.123308 -0.439286
-0.630069 2.957056 0.451179
1939.900516 0.0 0.0
-0.353158 0.585220 0.729930
0.175208 0.807770 -0.562858
-0.919011 -0.070888 -0.387805
-0.669946 2.972683 0.433523
1943.462579 0.0 0.0
-0.183250 0.626635 0.757461
0.183680 0.778765 -0.599822
-0.965754 0.029213 -0.257809
-0.772319 2.998159 0.278052
1960.091142 0.0 0.0
-0.157073 0.637908 0.753924
0.185918 0.768851 -0.611803
-0.969929 0.044070 -0.239364
-0.760811 3.015256 0.270054
1945.334973 0.0 0.0
-0.008914 0.666073 0.745833
0.195099 0.732688 -0.652001
-0.980743 0.139699 -0.136481
-0.804192 3.051612 0.176024
1935.504596 0.0 0.0
0.124392 0.664927 0.736477
0.190328 0.712470 -0.675398
-0.973808 0.224186 -0.037928
-0.809374 3.066310 0.084548
244.026271 0.0 0.0
-0.221627 -0.432003 -0.874217
0.624335 -0.751528 0.213097
-0.749057 -0.498576 0.436274
1.613081 -2.318524 -1.615432
1916.545656 0.0 0.0
0.175905 0.687969 0.704100
0.200797 0.675139 -0.709837
-0.963710 0.266245 -0.019381
-0.723311 3.078839 0.111968
1918.910646 0.0 0.0
0.302913 0.673317 0.674454
0.213575 0.641742 -0.736582
-0.928778 0.367167 0.050589
-0.741890 3.099122 0.153633
1876.607420 0.0 0.0
0.400118 0.657647 0.638284
0.212294 0.611010 -0.762626
-0.891536 0.440644 0.104862
-0.700861 3.132429 0.183780
1890.271460 0.0 0.0
0.461215 0.654564 0.599022
0.198668 0.581792 -0.788700
-0.864761 0.482767 0.138291
-0.631288 3.100994 0.154792
2062.936308 0.0 0.0
0.622328 0.579085 0.526658
0.189118 0.541656 -0.819050
-0.759567 0.609318 0.227572
-0.673540 3.160976 0.015182
2050.018616 0.0 0.0
0.722918 0.532531 0.440228
0.137643 0.513381 -0.847051
-0.677085 0.672943 0.297833
-0.571160 3.213079 -0.073089
2126.335712 0.0 0.0
0.767412 0.495148 0.407317
0.128308 0.503834 -0.854218
-0.628184 0.707800 0.323116
-0.631938 3.187128 -0.251983
2083.645088 0.0 0.0
0.845814 0.419301 0.329828
0.092969 0.492946 -0.865078
-0.525315 0.762359 0.377959
-0.576969 3.249879 -0.345071
2093.898575 0.0 0.0
0.908544 0.353678 0.222396
0.030386 0.474968 -0.879479
-0.416683 0.805803 0.420782
-0.430685 3.279688 -0.443795
2067.185473 0.0 0.0
0.932633 0.317536 0.171369
0.002585 0.469040 -0.883173
-0.360818 0.824119 0.436621
-0.393676 3.312153 -0.493970
2285.989651 0.0 0.0
0.985764 0.069517 -0.153089
-0.167873 0.457570 -0.873183
0.009348 0.886452 0.462726
-0.013761 3.379616 -0.821273
2174.311963 0.0 0.0
0.973430 0.214478 0.080210
-0.028687 0.461747 -0.886547
-0.227182 0.860691 0.455632
-0.397773 3.299926 -0.606045
2159.032156 0.0 0.0
0.986551 0.162872 0.013796
-0.062993 0.456729 -0.887373
-0.150829 0.874569 0.460846
-0.316243 3.327453 -0.609473
951919.246210 0.0 0.0
-0.978969 -0.203705 -0.011122
0.058798 -0.333933 0.940761
-0.195352 0.920322 0.338887
0.208811 -3.254306 419.209405
2088.831292 0.0 0.0
0.985683 -0.025257 -0.166708
-0.139955 0.428847 -0.892470
0.094034 0.903024 0.419172
-0.157845 3.321138 -0.484578
2094.351343 0.0 0.0
0.961497 -0.119874 -0.247292
-0.174221 0.430027 -0.885846
0.212532 0.894822 0.392585
-0.094906 3.316134 -0.476166
2078.368294 0.0 0.0
0.939542 -0.149064 -0.308286
-0.221570 0.421785 -0.879206
0.261088 0.894358 0.363257
0.038649 3.306711 -0.397825
1976.709356 0.0 0.0
0.884234 -0.260165 -0.387871
-0.258123 0.419896 -0.870092
0.389233 0.869483 0.304132
0.066263 3.300820 -0.302414
1975.718164 0.0 0.0
0.806725 -0.362101 -0.466987
-0.301848 0.426876 -0.852446
0.508017 0.828649 0.235072
0.136881 3.288074 -0.261535
1961.045501 0.0 0.0
0.734804 -0.434131 -0.521146
-0.323451 0.451071 -0.831814
0.596190 0.779786 0.191029
0.196222 3.286828 -0.343440
2435.368013 0.0 0.0
0.644010 -0.503770 -0.575732
-0.374811 0.448286 -0.811515
0.666909 0.738415 0.099882
0.255505 3.301210 -0.367579
1512.860984 0.0 0.0
0.600701 -0.502107 -0.622131
-0.283637 0.593708 -0.753035
0.747468 0.628808 0.214224
0.503710 3.365417 -0.714695
5060.312976 0.0 0.0
-0.776720 0.403567 0.483570
-0.158674 -0.868373 0.469842
0.609532 0.288205 0.738518
-0.070574 -2.744109 0.114287
215728.284460 0.0 0.0
0.882086 -0.296982 -0.365685
0.125062 0.896028 -0.426021
0.454184 0.330054 0.827515
-0.155789 2.690628 -92.638537
214837.171700 0.0 0.0
0.929539 -0.207049 -0.305104
0.076892 0.918113 -0.388787
0.360618 0.337933 0.869343
-0.177280 2.638488 -91.844128
-4769.989325 0.0 0.0
0.948893 -0.153846 -0.275561
0.032171 0.915741 -0.400480
0.313955 0.371147 0.873889
-0.164686 2.706868 0.057375
-4460.852846 0.0 0.0
0.993140 -0.025683 -0.114074
-0.019551 0.925372 -0.378556
0.115284 0.378190 0.918522
-0.446139 2.698603 -0.004193
144834.871000 0.0 0.0
0.998128 0.059001 -0.016090
-0.060919 0.936147 -0.346291
-0.005369 0.346623 0.937989
-0.596423 2.676597 -66.488016
3417.075661 0.0 0.0
-0.991500 -0.122120 -0.044888
0.097289 -0.924950 0.367426
-0.086390 0.359935 0.928969
0.648984 -2.734214 -0.339439
661738.969720 0.0 0.0
0.933988 0.278851 0.223404
-0.205790 0.930945 -0.301647
-0.292092 0.235761 0.926876
-0.830110 2.646366 -278.406736
216424.304840 0.0 0.0
0.881022 0.361947 0.304623
-0.271080 0.913970 -0.301950
-0.387706 0.183448 0.903344
-0.850802 2.670311 -95.953167
624184.605720 0.0 0.0
0.811215 0.434350 0.391496
-0.332337 0.893337 -0.302491
-0.481125 0.115277 0.869040
-0.928705 2.699909 -266.569371
332.196651 0.0 0.0
0.654233 0.590284 0.472805
-0.153928 0.716003 -0.680916
-0.740463 0.372700 0.559294
-0.711960 3.387743 -0.517409
117008.210210 0.0 0.0
-0.731655 -0.494284 -0.469429
0.392992 -0.868535 0.302001
-0.556990 0.036478 0.829718
0.971519 -2.696243 46.281858
349478.393080 0.0 0.0
0.691679 0.536626 0.483335
-0.457440 0.843413 -0.281784
-0.558864 -0.026193 0.828846
-0.882264 2.637403 -132.984590
336666.317630 0.0 0.0
0.598206 0.576961 0.556117
-0.494373 0.811890 -0.310531
-0.630670 -0.089168 0.770911
-0.959531 2.692633 -132.698448
47347.315410 0.0 0.0
0.697419 0.514592 0.498801
0.347604 0.365762 -0.863359
-0.626720 0.775508 0.076215
-1.017137 2.747073 -16.832221
580743.901870 0.0 0.0
0.422868 0.643642 0.637893
-0.568595 0.736572 -0.366281
-0.705608 -0.207815 0.677444
-0.940198 2.784743 -227.638508
65909.907491 0.0 0.0
-0.343677 -0.648684 -0.679040
0.584842 -0.713587 0.385685
-0.734742 -0.264580 0.624621
1.005766 -2.794650 24.911077
59722.400844 0.0 0.0
0.845735 0.403976 0.348619
0.239655 0.296162 -0.924583
-0.476757 0.865501 0.153660
-0.933009 2.868766 -23.581544
132913.300370 0.0 0.0
-0.108461 -0.674370 -0.730384
0.618651 -0.620898 0.481412
-0.778144 -0.399639 0.484542
0.947085 -2.907380 53.632474
23753.388117 0.0 0.0
0.962131 0.215498 0.166929
0.111782 0.246610 -0.962647
-0.248615 0.944851 0.213182
-0.885817 2.986517 -8.588726
14379.739543 0.0 0.0
0.987099 0.129670 0.093925
0.061350 0.235537 -0.969927
-0.147893 0.963176 0.224543
-0.894839 3.041102 -4.709036
6815.699525 0.0 0.0
0.939735 -0.223095 -0.259089
-0.111447 0.516522 -0.848990
0.323231 0.826700 0.460530
-0.540164 3.377110 -3.464248
14618.686282 0.0 0.0
-0.028838 -0.221668 0.974696
0.994936 0.087560 0.049350
-0.096284 0.971183 0.218020
-3.049482 -0.846180 -4.802224
5764.237616 0.0 0.0
0.882669 -0.332316 -0.332358
-0.069525 0.607050 -0.791616
0.464825 0.721842 0.512720
-0.496763 3.347074 -3.567986
4585.719391 0.0 0.0
0.595946 -0.577559 -0.557919
-0.099205 0.636499 -0.764871
0.796873 0.511170 0.322022
-0.066090 3.378294 -3.060744
5413.012087 0.0 0.0
0.529413 -0.611060 -0.588496
-0.143715 0.619060 -0.772082
0.836103 0.493326 0.239920
0.021202 3.416122 -3.306794
0.635932 -1.711574 2.761606
135 139 46
6 37 1239 -138.34 127.24 38 907 -197.22 128.57 35 1335 -230.64 143.31 36 1113 -177.21 99.81 34 1313 -196.91 154.62 33 925 55.61 186.82
0.646178 -1.784220 2.825639
151 32 42
5 37 1268 -129.10 -85.66 38 930 -182.70 -78.17 35 1372 -212.50 -76.96 36 1152 -163.62 -117.32 34 1341 -181.17 -71.52
0.660871 -1.756360 2.747369
146 150 114
20 37 1404 -56.78 47.30 38 1245 -132.74 48.21 35 1519 -131.76 69.75 36 1285 -88.43 20.74 39 1008 -187.14 87.67 34 1468 -87.97 82.36 40 1027 -189.87 81.76 29 1512 111.65 5.63 30 1582 61.37 -8.38 31 1382 30.56 -10.66 27 1484 179.70 29.39 28 1453 192.50 9.34 26 1351 193.66 56.71 25 1100 252.32 104.10 24 1075 192.68 100.85 23 940 190.46 72.69 21 656 290.59 134.91 20 651 347.96 104.21 22 953 196.51 138.10 33 944 153.40 143.11
0.653791 -1.749610 2.747295
28 58 35
16 37 1403 -71.46 61.56 38 1096 -144.39 62.53 35 1518 -149.64 82.81 36 1276 -104.36 34.67 32 1649 -61.55 107.31 34 1544 -106.88 95.46 29 1565 89.36 17.29 30 1581 38.31 3.73 31 1465 10.46 1.05 27 1558 160.06 40.95 28 1533 171.86 21.04 26 1427 175.56 66.66 24 1213 179.46 110.98 23 1060 179.36 83.08 21 809 282.71 146.06 22 1109 183.40 149.61
0.674384 -1.790642 2.769645
155 144 131
17 37 1077 -31.85 -48.48 38 739 -110.05 -45.93 35 1160 -100.10 -26.07 36 957 -60.46 -75.40 32 1257 -7.09 -2.78 34 1126 -55.55 -14.31 29 1105 143.32 -90.50 30 1185 95.03 -106.38 31 1100 62.61 -102.62 27 1169 207.80 -60.53 28 1157 219.38 -83.22 26 814 217.87 -30.15 25 450 270.06 21.00 24 100 209.54 20.59 23 74 206.40 -2.81 22 311 211.18 52.99 33 319 171.82 58.17
0.677126 -1.767654 2.734637
113 124 81
17 37 1254 -9.86 35.17 38 921 -93.62 33.45 35 1359 -79.53 62.80 36 1140 -38.98 10.18 39 862 -154.47 72.57 32 1578 18.45 92.45 34 1471 -32.31 77.53 40 664 -161.17 63.53 29 1443 170.91 11.96 30 1509 123.28 -5.53 31 1387 87.56 -10.40 27 1476 230.18 39.70 28 1455 246.75 17.86 26 1232 238.19 68.34 25 1103 286.90 116.09 24 1077 222.49 113.08 22 755 230.64 145.16
0.677142 -1.767565 2.734660
113 124 81
16 37 1255 -9.86 35.17 38 922 -93.62 33.45 35 1360 -79.53 62.80 36 1141 -38.98 10.18 39 863 -154.47 72.57 32 1579 18.45 92.45 34 1472 -32.31 77.53 29 1442 170.91 11.96 30 1510 123.28 -5.53 31 1386 87.56 -10.40 27 1475 230.18 39.70 28 1456 246.75 17.86 26 1231 238.19 68.34 25 1102 286.90 116.09 24 1076 222.49 113.08 22 756 230.64 145.16
0.678600 -1.739303 2.702566
143 155 38
16 37 1390 3.14 129.76 38 1086 -86.05 125.14 35 1601 -66.42 159.51 36 1265 -27.65 106.35 39 989 -148.14 160.82 32 1641 35.97 194.97 34 1531 -16.49 176.18 40 855 -156.70 153.26 29 1504 192.87 118.82 30 1573 142.73 101.68 31 1459 105.60 87.40 27 1452 248.72 141.82 26 1319 256.07 167.28 25 1075 304.27 208.68 24 904 236.54 202.00 22 921 249.54 227.83
0.687430 -1.760188 2.712390
29 54 40
12 37 1397 25.31 72.70 38 1239 -64.26 69.04 36 1279 -3.13 48.89 39 1005 -128.54 107.99 32 1648 60.58 138.95 34 1538 7.52 121.55 30 1577 167.24 45.94 31 1462 128.45 35.52 27 1468 266.83 93.18 28 1433 287.02 71.21 26 1226 271.15 121.04 23 569 237.94 134.46
0.652163 -1.732880 2.731307
72 111 134
12 37 1478 -75.41 113.74 38 1349 -150.97 112.32 35 1686 -153.67 135.24 36 1441 -108.31 86.54 39 1121 -205.28 150.13 32 1717 -62.59 163.92 34 1603 -109.77 149.53 30 1661 39.66 62.61 27 1589 164.77 97.18 26 1472 181.69 123.17 24 1284 185.23 160.43 23 1141 183.92 130.81
0.674849 -1.746901 2.716234
131 139 34
16 37 1051 -11.97 98.47 38 914 -97.91 95.66 35 1150 -82.98 127.12 36 942 -41.43 74.37 39 674 -158.23 132.34 32 1249 17.58 159.32 34 1109 -34.32 143.07 40 658 -165.92 124.66 29 1094 173.23 80.23 30 1175 123.72 63.03 31 1087 88.02 53.03 27 1156 233.09 104.33 28 1143 251.37 84.23 26 1026 242.02 130.42 25 717 292.69 174.26 24 715 227.18 168.53
0.723158 -1.942648 2.876508
185 121 98
10 37 941 63.68 -468.42 38 801 -14.66 -461.59 35 1012 16.64 -442.92 36 848 46.90 -499.37 39 520 -79.66 -407.39 32 1363 104.32 -421.14 34 1218 58.72 -432.20 29 1248 235.58 -496.56 30 1325 199.72 -521.85 31 1197 166.79 -501.16
0.722195 -1.979349 2.928769
116 75 60
14 37 1157 38.74 -592.33 38 839 -32.77 -581.23 35 1248 -5.86 -573.21 36 1035 23.05 -626.99 32 1384 75.79 -558.25 34 1237 33.18 -565.70 29 1279 204.29 -641.15 30 1334 168.51 -665.30 31 1212 138.21 -636.85 27 1058 260.70 -587.34 28 1274 259.26 -620.60 26 936 258.85 -536.45 25 834 289.05 -462.27 24 839 234.05 -446.31
0.745308 -2.065194 3.001234
146 76 51
13 37 1178 78.94 -841.55 38 867 12.50 -830.54 35 1270 43.61 -821.27 36 1064 68.45 -876.70 32 1522 116.92 -803.98 34 1398 78.07 -812.71 29 1300 231.37 -874.03 30 1470 202.37 -904.06 31 1343 176.15 -874.39 27 1315 283.31 -815.08 28 1305 276.26 -848.33 26 1180 275.90 -756.69 24 868 245.04 -654.58
0.679503 -1.742804 2.705596
49 97 110
13 37 839 5.27 118.16 38 419 -83.35 113.57 35 891 -65.61 148.65 36 712 -24.74 93.97 39 72 -146.20 150.53 34 878 -15.72 165.52 40 90 -155.04 142.01 29 864 192.61 107.17 30 948 144.48 88.81 31 830 106.27 76.53 27 561 249.10 130.90 28 921 269.14 110.43 25 75 303.72 200.22
0.679495 -1.742814 2.705622
49 97 110
12 37 840 5.27 118.16 38 420 -83.35 113.57 35 890 -65.61 148.65 39 73 -146.20 150.53 34 879 -15.72 165.52 29 863 192.61 107.17 30 949 144.48 88.81 31 829 106.27 76.53 27 560 249.10 130.90 28 920 269.14 110.43 26 483 255.82 156.37 25 76 303.72 200.22
0.659538 -1.692546 2.675671
173 39 40
11 37 1028 -37.25 264.59 38 681 -123.34 256.97 32 1227 -15.38 335.22 34 1093 -67.64 314.76 29 1065 146.06 258.14 30 1156 93.02 241.78 31 1065 57.76 217.97 27 1132 209.01 271.33 28 1104 230.90 256.46 26 1003 221.19 291.19 33 527 185.23 343.97
0.755302 -2.074486 2.994560
151 80 56
12 37 1180 106.48 -859.04 38 1018 35.63 -850.07 35 1271 74.25 -833.41 36 1210 97.20 -894.13 32 1524 150.17 -809.40 34 1400 110.32 -821.85 29 1408 263.62 -870.34 30 1472 236.63 -904.38 31 1345 208.78 -877.07 27 1426 312.75 -806.58 28 1399 307.55 -842.82 26 1181 302.34 -746.07
0.640310 -1.719600 2.760437
31 58 33
5 37 1392 -124.05 110.94 38 1229 -186.52 111.71 35 1507 -215.04 128.23 34 1532 -178.17 139.72 33 1093 69.78 176.74
0.698537 -1.831507 2.778305
204 138 106
11 37 111 31.54 -143.53 38 102 -52.37 -141.82 36 428 7.69 -170.31 32 599 68.14 -90.35 34 535 18.38 -103.45 29 539 212.95 -167.97 30 542 170.29 -188.46 31 499 134.06 -183.09 27 127 266.86 -128.92 28 96 280.06 -155.84 26 121 268.67 -93.59
0.674584 -1.815210 2.798697
193 126 106
11 37 547 -40.62 -126.06 38 96 -114.79 -120.21 35 533 -106.77 -107.21 36 425 -67.92 -155.52 32 598 -17.94 -90.27 29 538 128.92 -183.55 30 554 81.93 -197.81 31 498 51.35 -187.34 27 601 195.70 -150.35 28 585 204.11 -173.97 26 125 206.30 -117.24
0.734017 -1.964946 2.886666
128 32 36
12 37 710 89.04 -526.45 38 266 8.46 -520.18 35 718 43.74 -497.51 36 248 74.50 -557.58 32 750 132.68 -474.07 34 697 87.34 -486.25 29 621 259.32 -543.44 30 663 226.41 -570.98 31 631 194.00 -550.67 27 256 305.76 -486.09 28 677 309.92 -520.82 26 224 298.72 -436.57
0.723868 -2.007918 2.963815
123 65 27
12 37 398 32.03 -683.68 38 314 -35.29 -670.25 35 800 -11.26 -666.89 36 627 16.23 -719.56 32 876 65.59 -654.87 34 783 25.43 -661.43 29 767 190.80 -740.44 30 810 156.40 -764.89 31 323 129.22 -732.53 27 810 248.36 -687.16 28 397 244.62 -719.37 26 328 247.78 -633.64
0.750004 -2.066740 2.993329
164 91 57
13 37 782 94.06 -839.77 38 658 24.80 -830.85 35 1095 59.87 -815.84 36 900 84.26 -875.34 39 341 -40.34 -766.32 32 1197 135.29 -794.01 34 1056 95.59 -805.01 29 1051 248.62 -859.70 30 1127 221.08 -892.48 31 1041 193.84 -863.62 27 857 298.61 -797.46 28 1091 293.15 -833.61 26 739 289.26 -738.47
0.684680 -1.745709 2.701295
27 52 33
12 37 1052 21.01 116.52 38 720 -70.29 112.63 35 1145 -48.35 148.64 36 943 -8.26 93.11 32 1450 55.88 183.20 34 1104 2.19 166.12 29 1331 211.48 109.09 30 1171 163.88 91.72 31 1267 124.51 76.87 27 1153 264.85 134.59 28 1136 286.32 114.57 26 784 269.99 162.17
0.674108 -1.742734 2.712227
34 59 38
13 37 1049 -11.06 111.90 38 718 -96.92 107.73 35 1142 -83.02 140.35 36 941 -41.71 88.75 39 671 -158.22 143.63 32 1449 17.22 174.64 34 1319 -34.55 157.80 29 1333 173.13 95.35 30 1387 123.61 77.88 31 1266 87.47 67.37 27 1155 232.46 117.85 28 1135 251.02 98.09 26 789 240.93 142.34
0.659538 -1.692546 2.675671
173 39 40
11 37 1027 -37.25 264.59 38 680 -123.34 256.97 32 1226 -15.38 335.22 34 1092 -67.64 314.76 29 1066 146.06 258.14 30 1157 93.02 241.78 31 1064 57.76 217.97 27 1133 209.01 271.33 28 1105 230.90 256.46 26 1002 221.19 291.19 33 526 185.23 343.97
0.695114 -1.831601 2.783335
177 112 87
12 37 1093 20.56 -147.76 38 1117 -62.28 -144.87 35 1172 -40.03 -122.08 36 968 -4.21 -174.42 32 1479 55.42 -97.11 34 1352 5.91 -109.52 29 1354 200.63 -177.25 30 1415 157.76 -196.19 31 1104 121.71 -190.81 27 1178 256.66 -138.37 28 1166 268.79 -165.25 26 1058 259.86 -103.18
0.675714 -1.755306 2.724881
92 109 53
14 37 1058 -12.40 72.16 38 916 -96.55 70.12 35 1347 -82.80 99.49 36 1130 -41.06 46.66 39 678 -157.96 108.94 32 1456 16.45 129.86 34 1325 -34.76 114.52 40 437 -165.07 101.73 29 1336 172.36 49.21 30 1390 121.88 32.30 31 1276 86.82 24.61 27 1357 232.61 74.32 28 1332 249.85 53.70 26 1224 241.27 101.17
0.675826 -1.755288 2.724962
92 109 53
13 37 1057 -12.40 72.16 38 915 -96.55 70.12 35 1346 -82.80 99.49 36 1129 -41.06 46.66 39 677 -157.96 108.94 32 1455 16.45 129.86 34 1324 -34.76 114.52 29 1337 172.36 49.21 30 1391 121.88 32.30 31 1277 86.82 24.61 27 1358 232.61 74.32 28 1333 249.85 53.70 26 1225 241.27 101.17
0.675851 -1.789828 2.762861
108 28 39
11 37 87 -23.56 -39.15 38 90 -103.05 -37.53 35 524 -91.50 -15.38 36 100 -51.72 -66.44 32 582 2.85 9.44 34 521 -46.06 -2.97 29 61 153.12 -76.39 30 523 105.50 -92.43 31 61 72.31 -90.30 27 87 216.16 -46.07 28 79 228.90 -68.80
0.749587 -2.044171 2.964978
94 73 70
11 37 994 107.62 -767.15 38 652 34.76 -760.61 35 1083 64.57 -739.67 39 613 -32.43 -698.77 32 1177 142.88 -716.25 34 1035 103.98 -727.83 29 791 259.81 -781.22 30 859 231.69 -813.51 31 754 202.95 -786.58 27 425 308.17 -718.89 28 426 305.83 -755.12
0.758120 -2.073298 2.987600
171 91 54
13 37 785 118.55 -850.78 38 356 46.73 -843.57 35 841 85.96 -822.74 36 671 109.98 -884.38 39 347 -21.24 -781.43 32 928 162.13 -796.70 34 825 122.54 -810.05 40 362 -34.57 -799.24 29 412 272.82 -855.45 30 886 247.89 -889.91 31 782 219.87 -863.82 27 469 319.32 -791.61 28 467 315.24 -827.62
0.720976 -1.944803 2.884268
177 117 95
12 37 943 52.52 -479.94 38 560 -24.61 -471.85 35 1020 6.06 -456.24 36 845 34.68 -511.54 39 522 -89.25 -416.28 32 670 93.04 -436.98 34 622 47.32 -446.95 29 614 224.31 -515.32 30 626 189.44 -539.65 31 574 155.51 -517.44 27 676 279.01 -461.76 28 641 282.55 -494.84
0.736569 -2.037813 2.980355
180 145 132
11 37 992 60.02 -763.62 38 650 -8.12 -752.27 35 1080 21.56 -744.14 36 889 47.80 -800.09 32 1175 98.59 -728.06 34 1034 58.05 -736.39 29 1043 218.37 -805.04 30 1118 187.16 -832.77 31 1025 159.24 -801.85 27 1101 273.27 -747.15 28 1081 267.97 -781.52
0.682016 -1.731503 2.689309
110 125 47
12 37 1037 18.67 160.68 38 715 -72.34 153.48 36 935 -10.80 137.91 39 668 -137.75 188.20 32 1440 52.13 231.57 34 1099 -2.09 212.07 40 649 -146.41 178.98 29 1324 209.21 158.39 30 1381 160.64 139.84 31 1075 121.13 122.37 27 1146 262.67 179.89 28 1121 285.05 160.82
0.739408 -2.056484 3.000564
155 87 48
11 37 1003 64.08 -823.03 38 865 -1.22 -807.65 35 1269 25.86 -803.08 36 1061 52.13 -857.93 32 1406 98.68 -788.25 34 1262 60.51 -796.35 29 1298 212.21 -864.43 30 1355 184.20 -892.23 31 1234 157.99 -860.61 27 1314 266.83 -807.83 28 1304 259.62 -841.14
0.663950 -1.752769 2.736589
28 55 36
12 37 1395 -47.27 65.79 38 1090 -127.24 65.30 35 1521 -120.02 90.71 36 1277 -78.56 40.24 39 1004 -185.07 103.27 32 1575 -24.12 118.75 34 1466 -73.62 104.83 29 1433 130.88 32.76 30 1501 80.04 17.76 31 1378 47.44 12.78 27 1360 196.11 55.68 28 1444 210.87 35.76
0.665295 -1.784462 2.773477
172 136 127
9 37 1415 -54.24 -37.90 38 1263 -127.71 -35.76 35 1525 -125.95 -18.32 34 1474 -82.98 -6.25 40 1036 -184.01 -1.53 29 1515 112.49 -88.12 30 1586 64.02 -101.75 31 1395 34.18 -97.65 27 1491 181.87 -58.99
0.756149 -2.065766 2.980192
171 90 43
10 37 1524 117.73 -827.88 38 1390 45.14 -820.60 35 1647 84.19 -799.25 36 1418 109.13 -861.57 32 1686 160.69 -772.97 34 1578 119.89 -786.64 30 1611 246.64 -866.60 31 1493 217.71 -841.33 27 1527 313.35 -770.78 28 1493 312.11 -806.01
0.722267 -1.868466 2.784435
8 72 110
11 37 1588 98.57 -228.02 38 1465 7.38 -227.81 35 1746 45.07 -194.35 36 1494 77.68 -253.02 39 1387 -65.06 -180.59 32 1750 142.66 -163.66 34 1653 92.80 -179.51 40 1417 -80.51 -194.10 30 1668 241.41 -255.34 31 1557 203.71 -249.47 27 1603 317.14 -185.05
0.731697 -1.952123 2.874923
177 122 101
12 37 948 87.12 -487.92 38 811 6.65 -482.40 35 680 40.75 -459.45 36 550 69.51 -517.98 39 538 -61.22 -427.73 32 672 128.96 -435.27 40 736 -72.47 -442.98 29 601 258.06 -505.03 30 628 224.28 -532.64 41 662 -113.60 -453.02 28 242 311.74 -483.49 43 589 -135.78 -373.83
0.732541 -2.018994 2.960293
83 21 6
8 37 766 58.13 -706.05 38 642 -11.89 -695.03 36 636 45.92 -741.72 39 314 -75.13 -633.13 34 1026 55.95 -677.51 40 341 -85.71 -646.56 31 1013 159.13 -743.88 28 809 271.83 -723.20
0.750133 -2.066701 2.993284
164 91 57
11 37 781 94.06 -839.77 38 659 24.80 -830.85 35 1096 59.87 -815.84 36 901 84.26 -875.34 39 340 -40.34 -766.32 32 1196 135.29 -794.01 34 1057 95.59 -805.01 29 1050 248.62 -859.70 30 1126 221.08 -892.48 31 1040 193.84 -863.62 28 1090 293.15 -833.61
0.737896 -1.959576 2.872557
144 23 34
10 37 1429 107.23 -503.22 38 1148 25.47 -499.17 35 1411 63.45 -471.04 36 1191 92.25 -532.02 39 912 -43.86 -443.51 32 1503 150.78 -443.53 34 1377 105.80 -457.85 30 1443 244.42 -538.13 31 1323 211.01 -519.85 28 1263 325.90 -486.47
0.643524 -1.723702 2.743304
116 133 63
5 37 1240 -104.50 118.46 38 1079 -171.51 117.67 36 1270 -140.64 91.94 34 1463 -150.94 151.31 31 1373 -36.47 53.15
0.710046 -2.006492 2.990753
184 135 100
8 37 393 -14.92 -701.60 38 316 -72.45 -684.82 35 385 -62.78 -695.14 36 633 -31.61 -741.62 32 886 6.23 -693.02 34 789 -30.31 -693.44 30 855 91.22 -812.26 31 751 68.16 -774.21
0.739946 -2.044185 2.982800
27 21 17
8 37 431 68.56 -780.13 38 334 -0.01 -769.31 35 422 31.29 -759.43 36 343 57.16 -816.17 32 482 107.48 -742.46 34 414 67.44 -751.31 29 393 225.70 -816.82 31 383 167.72 -815.38
0.712692 -1.878364 2.812098
53 20 11
10 37 584 59.71 -273.03 38 135 -24.09 -269.57 35 562 6.32 -244.92 36 468 38.81 -300.32 39 126 -90.84 -221.65 32 622 100.21 -220.22 34 568 51.47 -232.54 29 562 238.69 -294.98 30 568 199.92 -317.59 31 517 164.01 -306.29
0.726854 -1.960015 2.893351
129 31 40
6 37 313 65.77 -520.96 38 265 -10.97 -513.43 39 254 -74.75 -458.14 32 744 110.06 -475.52 34 693 63.27 -485.55 29 648 238.14 -550.31
0.754058 -2.050082 2.962243
178 142 144
9 37 998 118.45 -778.84 38 862 43.92 -772.54 35 1086 82.81 -748.13 36 896 108.10 -811.36 32 1178 161.65 -721.27 34 1037 120.51 -735.39 29 792 274.93 -781.31 30 1114 248.68 -814.99 31 1020 220.07 -790.24
0.656995 -1.718689 2.710484
154 156 34
8 37 504 -58.64 163.67 38 400 -138.73 160.44 35 884 -136.93 190.07 36 705 -91.96 139.52 32 961 -41.02 222.24 34 868 -90.74 206.06 31 818 32.12 110.69 33 278 162.81 249.96
0.726253 -1.955643 2.888046
137 26 39
11 37 947 67.79 -506.33 38 810 -9.99 -499.50 35 1236 23.03 -480.99 39 760 -75.10 -443.42 32 1365 110.43 -459.62 34 989 64.12 -471.14 40 551 -87.20 -457.61 29 957 237.74 -536.28 30 1031 204.31 -561.12 31 951 172.54 -539.04 41 498 -127.54 -466.03
0.713722 -1.963287 2.921745
142 27 40
10 37 727 21.34 -550.84 38 598 -48.46 -539.79 35 739 -26.76 -533.64 39 576 -107.85 -481.23 32 809 53.44 -520.70 34 718 11.40 -527.13 40 291 -115.85 -492.50 29 997 184.91 -609.58 30 1065 148.53 -630.57 31 668 117.38 -602.11
0.748342 -2.047435 2.972199
176 147 142
9 37 1171 96.68 -779.62 38 1014 25.10 -770.66 35 1265 60.24 -754.86 36 1056 85.94 -814.08 39 938 -40.74 -707.85 34 1259 97.30 -744.64 40 934 -53.01 -725.06 29 1034 254.36 -799.71 31 1026 197.41 -803.81
0.716647 -1.914367 2.852313
179 121 99
10 37 1135 55.27 -386.56 38 966 -22.95 -381.01 35 1220 4.94 -360.95 36 1010 37.75 -416.38 39 742 -88.29 -328.56 32 1330 93.39 -339.26 34 1193 47.18 -349.97 40 714 -98.84 -341.71 29 1200 227.22 -416.59 31 1172 156.73 -421.94
0.679463 -1.756203 2.718101
32 57 38
11 37 1060 2.65 76.85 38 728 -83.64 72.89 35 1152 -66.89 106.47 36 946 -26.66 52.76 39 412 -145.91 108.90 32 1457 32.87 140.02 34 1326 -19.01 123.38 40 105 -154.14 99.94 29 1338 185.99 62.96 30 1392 138.50 44.69 31 1272 101.21 35.77
0.679463 -1.756203 2.718101
32 57 38
11 37 1059 2.65 76.85 38 727 -83.64 72.89 35 1151 -66.89 106.47 36 947 -26.66 52.76 39 411 -145.91 108.90 32 1458 32.87 140.02 34 1327 -19.01 123.38 40 104 -154.14 99.94 29 1339 185.99 62.96 30 1393 138.50 44.69 31 1273 101.21 35.77
0.680682 -1.844365 2.823149
5 40 72
8 37 1290 -31.36 -210.34 38 1126 -105.48 -202.46 35 1396 -94.86 -192.53 32 1590 -7.01 -176.49 34 1353 -51.56 -184.23 29 1453 137.04 -269.78 30 1521 92.50 -285.01 31 1304 61.35 -270.02
0.712049 -1.843816 2.770206
227 134 117
7 37 121 74.75 -160.60 38 108 -14.48 -160.64 35 104 18.22 -128.05 36 133 52.51 -185.45 32 138 116.94 -98.54 34 134 66.21 -113.80 30 78 218.93 -191.98
0.734031 -1.969039 2.891467
140 27 44
10 37 716 88.34 -539.18 38 606 8.82 -533.45 35 720 44.53 -510.78 36 581 74.19 -570.68 39 562 -59.26 -476.70 32 792 131.84 -486.86 34 699 86.52 -498.56 40 296 -70.43 -492.89 30 229 226.88 -583.88 31 238 193.78 -562.18
0.681937 -1.822765 2.792623
204 135 120
8 37 104 -16.28 -136.17 38 99 -93.93 -132.31 35 535 -80.17 -114.48 36 427 -42.40 -165.45 32 97 11.57 -93.57 34 531 -36.28 -103.92 30 555 112.35 -197.35 31 98 79.49 -189.08
0.729149 -1.958369 2.885797
130 32 37
8 37 288 76.58 -510.46 38 241 -2.64 -503.70 35 708 32.62 -483.18 36 233 60.08 -541.25 39 238 -69.20 -447.99 32 739 121.14 -460.20 30 659 214.62 -560.26 31 581 181.60 -538.82
0.726949 -2.015791 2.969142
190 111 66
8 37 765 37.66 -705.22 38 321 -29.33 -692.31 35 814 -4.46 -688.54 36 635 23.50 -741.81 32 892 72.74 -676.24 34 793 32.23 -682.52 30 847 162.66 -784.81 31 747 134.99 -752.86
0.738151 -2.023355 2.956334
66 14 4
9 37 767 74.79 -712.74 38 326 2.69 -702.78 35 816 35.87 -689.60 36 638 62.00 -746.79 39 318 -62.31 -641.09 32 882 116.53 -670.16 40 342 -73.71 -656.19 30 850 206.29 -771.74 31 749 176.95 -743.14
0.760563 -2.074658 2.985061
44 17 9
9 37 786 124.89 -852.99 38 664 52.60 -847.69 35 842 92.51 -821.64 39 348 -15.95 -783.86 32 929 169.07 -793.50 34 824 129.32 -808.36 40 368 -29.12 -804.94 30 885 254.69 -884.93 41 312 -70.09 -820.80
0.764251 -2.030642 2.938737
177 96 31
8 37 1167 147.13 -713.61 38 1008 69.26 -711.29 35 1262 111.04 -677.61 36 1204 136.41 -744.55 39 931 -1.71 -652.47 34 1253 150.03 -662.47 40 930 -17.73 -672.85 41 697 -61.71 -688.00
0.744964 -2.026655 2.948090
190 92 44
8 37 986 97.26 -714.01 38 646 22.26 -706.26 35 1070 59.29 -685.67 36 888 85.02 -747.08 32 1162 140.23 -662.67 34 1028 97.99 -675.02 30 1093 230.29 -759.75 31 717 198.98 -734.86
0.715446 -2.005351 2.977450
167 81 41
7 37 755 2.90 -688.30 38 309 -59.66 -672.12 35 811 -42.46 -678.18 36 626 -12.71 -726.14 32 1158 32.65 -672.05 34 1025 -7.26 -674.93 30 1104 121.60 -787.32
0.711213 -1.880115 2.817626
176 115 95
10 37 1120 54.05 -282.18 38 957 -27.37 -278.95 35 1194 -0.16 -254.89 36 994 33.42 -310.21 39 728 -94.10 -229.50 32 1299 91.93 -230.49 34 1163 44.80 -243.02 40 702 -104.49 -242.41 30 1221 190.71 -329.55 31 1128 156.46 -316.84
0.730784 -2.013902 2.957074
132 50 28
9 37 402 54.61 -692.28 38 322 -15.54 -680.16 35 804 14.04 -672.01 36 631 40.87 -727.14 39 310 -77.93 -618.97 32 877 93.49 -655.89 34 379 51.83 -664.57 40 338 -87.83 -632.38 31 327 154.17 -731.96
0.726358 -2.028288 2.987378
174 138 123
6 37 417 29.59 -746.48 38 328 -34.47 -732.42 35 409 -12.44 -733.76 32 445 62.06 -723.03 34 400 22.95 -727.61 31 357 123.05 -799.58
0.767674 -1.984301 2.892766
126 82 36
6 37 960 168.51 -570.81 38 831 85.66 -572.41 35 1038 124.04 -531.31 36 871 154.91 -597.30 39 593 13.95 -517.58 34 997 164.69 -514.19
0.635821 -1.669519 2.699820
162 42 42
5 37 808 -115.96 279.61 38 372 -185.36 273.47 36 686 -155.35 255.51 34 843 -169.21 321.62 31 797 -52.00 219.66
0.776902 -2.005250 2.913435
28 26 42
8 37 1318 182.53 -633.69 38 1158 102.99 -635.34 35 1253 140.37 -592.32 36 1201 170.07 -660.44 39 1063 30.29 -580.45 34 1240 177.79 -574.94 40 1089 15.86 -603.38 41 923 -29.72 -621.40
0.732894 -2.033471 2.981654
179 147 136
7 37 769 48.90 -754.58 38 649 -18.12 -741.84 35 1078 10.22 -737.58 36 645 36.32 -791.63 32 1172 86.27 -723.61 34 1031 46.02 -730.75 31 1017 147.10 -798.44
0.759124 -2.053271 2.957991
22 11 14
7 37 1000 133.65 -782.52 38 655 58.33 -777.87 35 1088 99.36 -750.04 36 897 124.33 -814.64 32 1180 178.04 -720.58 34 1039 136.98 -735.90 31 1021 235.51 -788.32
0.647193 -1.712389 2.719121
25 55 35
7 37 1226 -87.47 167.03 38 905 -162.06 164.38 35 1330 -169.20 191.36 36 1107 -122.33 142.64 32 1558 -79.25 222.12 34 1451 -126.27 206.67 31 1366 -5.27 110.12
0.658792 -1.745936 2.738099
95 120 49
6 37 1247 -60.97 77.77 38 1089 -137.89 77.29 35 1513 -136.97 100.90 32 1567 -43.94 128.24 34 1464 -91.81 114.80 31 1376 27.78 21.05
0.658738 -1.745936 2.738097
95 120 49
7 37 1246 -60.97 77.77 38 1088 -137.89 77.29 35 1514 -136.97 100.90 36 1126 -93.61 51.84 32 1568 -43.94 128.24 34 1465 -91.81 114.80 31 1377 27.78 21.05
0.748757 -2.060056 2.985540
170 87 41
8 37 1441 92.57 -817.69 38 1309 20.78 -809.33 35 1646 57.92 -794.06 36 1417 81.83 -853.65 39 1203 -44.50 -745.99 32 1685 136.65 -772.30 34 1577 96.05 -783.85 31 1492 195.87 -842.12
0.749461 -2.025317 2.939963
177 86 40
12 37 1563 110.62 -705.54 38 1441 35.01 -699.42 35 1757 75.50 -676.87 36 1468 99.77 -737.78 39 1320 -32.69 -638.79 32 1736 157.79 -649.45 34 1625 112.94 -662.15 40 1331 -46.40 -657.00 31 1532 216.51 -719.67 41 1115 -88.12 -669.88 42 967 -63.60 -622.72 43 1003 -116.37 -580.52
0.752712 -2.012513 2.924360
88 18 32
11 37 1628 125.99 -664.57 38 1517 48.67 -658.49 35 1810 86.39 -634.21 36 1545 114.22 -695.12 39 1443 -22.18 -598.64 32 1799 166.79 -608.51 34 1699 125.23 -621.85 40 1467 -36.52 -617.31 31 1575 224.54 -681.22 41 1255 -80.32 -630.17 42 1180 -55.94 -584.01
0.686671 -1.768627 2.720383
33 54 35
5 37 1652 22.96 46.97 38 1538 -67.40 42.88 35 1845 -46.75 78.77 32 1838 58.12 113.89 31 1630 124.88 9.19
0.785845 -1.926124 2.838134
168 85 86
11 37 919 222.47 -392.11 38 972 138.06 -399.71 35 603 168.26 -344.29 36 811 204.53 -413.11 39 907 63.59 -353.69 34 595 205.92 -324.44 40 897 49.75 -377.43 42 688 20.13 -369.69 43 706 -39.60 -333.29 45 618 -40.08 -349.14 46 710 -0.89 -394.16
0.736892 -2.020865 2.955986
172 69 42
5 37 411 70.55 -706.42 38 324 -0.86 -696.27 35 398 31.97 -683.77 36 325 58.44 -741.35 32 425 112.01 -665.28
0.679245 -1.740490 2.702183
148 148 17
6 37 60 5.80 126.09 38 77 -82.86 121.35 35 510 -65.06 157.80 36 66 -24.28 102.42 32 562 37.62 192.93 34 497 -15.42 174.73
0.775732 -1.899155 2.808809
162 147 118
11 37 595 210.77 -309.57 38 777 121.39 -315.15 35 578 154.77 -263.71 36 786 190.84 -329.75 39 458 46.73 -272.05 34 569 195.93 -244.21 40 490 31.96 -293.26 41 419 -17.77 -309.51 42 387 1.80 -284.84 43 377 -58.15 -247.30 45 346 -59.45 -260.74
0.775875 -1.903954 2.813405
170 126 90
9 37 901 209.45 -324.32 38 784 121.13 -331.26 35 581 154.65 -278.03 36 787 190.42 -345.47 39 735 45.98 -285.79 34 579 195.58 -257.98 40 713 31.19 -307.59 41 628 -18.46 -324.07 42 559 1.53 -299.64
0.714260 -1.916103 2.857416
86 53 40
6 37 646 47.41 -394.40 38 525 -31.45 -387.38 35 989 -3.02 -369.91 36 515 28.23 -424.34 39 479 -95.41 -334.89 32 1048 86.30 -349.14
0.724578 -2.007068 2.959452
180 104 45
7 37 758 36.86 -678.84 38 312 -30.93 -666.54 35 798 -6.74 -661.23 36 629 22.16 -715.65 39 303 -92.19 -604.31 32 1159 71.78 -648.85 34 1016 31.97 -655.84
0.685251 -1.984166 2.999273
159 137 113
5 37 979 -80.81 -659.48 38 843 -126.38 -637.88 35 1059 -140.45 -665.08 36 611 -103.81 -703.77 34 1014 -113.78 -668.83
0.707301 -2.005269 2.992882
182 142 108
4 37 757 -22.93 -698.19 38 639 -79.19 -680.25 32 1171 -3.71 -692.59 34 1022 -39.77 -692.07
0.713487 -2.009698 2.988201
186 142 106
5 37 984 -5.37 -707.40 38 850 -64.90 -691.03 35 1067 -52.14 -698.85 36 1049 -21.51 -747.31 32 1398 17.86 -694.64
0.727503 -2.023528 2.976642
194 104 52
7 37 1322 37.52 -729.20 38 1163 -27.62 -716.55 35 1420 -3.88 -712.82 36 1203 24.44 -766.72 39 929 -88.24 -653.65 32 1516 73.00 -700.76 34 1393 32.59 -707.05
0.641726 -1.708468 2.730784
25 55 38
6 37 1383 -106.85 163.57 38 1067 -174.05 161.98 35 1502 -194.96 184.80 36 1256 -144.40 137.61 32 1637 -113.85 212.58 33 1068 100.91 235.09
0.710893 -1.838846 2.774183
201 142 110
5 37 114 66.22 -152.50 38 103 -22.24 -152.38 35 103 8.66 -121.19 36 132 43.51 -178.31 34 129 56.33 -106.29
0.782989 -1.920868 2.832179
88 43 38
7 37 633 218.03 -377.11 38 787 134.04 -383.29 35 600 163.53 -330.49 39 745 58.84 -337.43 34 187 202.96 -310.36 41 634 -4.26 -378.28 43 581 -45.15 -314.90
0.789548 -1.922073 2.836972
80 30 32
6 37 638 230.71 -383.21 38 531 147.61 -390.46 35 156 174.01 -335.83 36 176 211.67 -403.74 39 487 73.71 -345.28 34 188 210.68 -315.70
0.775586 -1.983308 2.891719
132 89 44
9 37 336 186.26 -566.57 38 282 104.60 -569.04 35 283 140.96 -524.44 36 263 172.07 -592.39 39 594 30.85 -516.33 34 291 179.62 -506.88 40 581 16.11 -539.10 41 270 -29.45 -556.57 42 242 -10.04 -519.28
0.784160 -1.983250 2.894050
63 25 40
8 37 735 203.15 -567.95 38 620 123.05 -572.21 35 284 156.39 -524.68 39 596 50.14 -520.69 34 292 192.97 -505.37 40 766 37.19 -542.64 42 591 9.41 -525.39 43 611 -48.86 -487.73
0.789688 -1.998013 2.911799
32 28 43
9 37 740 208.99 -613.78 38 631 132.27 -617.95 35 298 161.63 -569.34 36 607 194.69 -638.61 39 599 60.10 -565.85 34 318 196.16 -550.23 40 594 47.11 -590.88 41 691 2.27 -611.51 42 481 20.48 -574.29
0.793177 -1.996562 2.912242
29 26 36
10 37 741 215.21 -610.48 38 632 139.91 -615.04 36 608 201.52 -633.97 39 600 67.31 -563.73 34 319 200.24 -546.18 40 772 55.72 -589.06 41 692 11.82 -610.24 42 594 29.68 -573.59 45 547 -26.44 -555.42 47 467 -44.26 -573.37
0.738708 -2.044779 2.980295
27 21 17
5 37 432 68.56 -780.13 38 335 -0.01 -769.31 35 423 31.29 -759.43 36 344 57.16 -816.17 34 415 67.44 -751.31
0.657858 -1.725636 2.717249
141 151 58
5 37 512 -57.48 141.64 38 412 -136.49 139.05 35 501 -135.07 167.08 36 397 -89.95 116.73 34 495 -89.46 182.53
0.698440 -1.831596 2.780446
204 138 106
4 37 110 31.54 -143.53 38 101 -52.37 -141.82 35 536 -27.96 -116.48 34 536 18.38 -103.45
0.796417 -1.896377 2.815515
131 157 154
4 37 1129 250.36 -306.99 38 961 167.93 -317.39 36 1002 229.15 -325.96 34 571 222.55 -236.72
0.735744 -1.959752 2.887186
132 28 35
5 37 709 91.95 -514.28 38 247 12.06 -508.48 35 715 45.53 -484.77 36 552 76.41 -544.15 34 668 88.36 -472.82
0.733837 -1.964238 2.888806
128 32 36
5 37 711 89.04 -526.45 38 267 8.46 -520.18 35 719 43.74 -497.51 34 698 87.34 -486.25 40 277 -71.15 -480.26
0.737408 -1.968217 2.891539
230 82 98
6 37 315 95.90 -537.05 38 607 16.27 -531.64 35 1026 52.24 -507.23 36 579 80.70 -566.98 39 565 -52.51 -474.68 34 994 94.01 -495.03
0.688844 -1.957015 2.952303
183 120 101
4 37 956 -53.30 -561.91 38 593 -109.13 -544.19 35 1045 -110.24 -558.40 34 1003 -77.57 -558.21
0.686054 -1.956517 2.955062
127 82 72
5 37 720 -61.71 -563.86 38 271 -116.46 -546.00 35 752 -119.11 -562.34 36 588 -83.82 -603.76 34 1004 -87.76 -562.83
0.744328 -2.048400 2.974588
29 22 20
7 37 996 86.79 -785.14 38 654 15.86 -775.55 35 1084 50.63 -760.96 36 894 75.76 -820.13 39 614 -49.66 -712.17 34 1046 87.57 -750.58 41 298 -100.08 -739.31
0.982899 -1.099732 3.127913
51 35 46
2 37 1204 140.59 894.11 38 878 376.00 891.93
0.771076 -1.981311 2.888535
124 78 36
7 37 1149 177.37 -560.33 38 997 94.72 -561.57 35 1039 133.27 -518.48 36 870 163.78 -586.12 39 1053 22.50 -509.12 34 1222 172.93 -503.13 40 916 6.97 -530.80
0.702940 -1.979656 2.950422
165 81 51
3 37 976 -13.60 -610.43 38 836 -76.45 -595.16 34 1243 -26.90 -598.10
0.942284 -1.099163 3.136087
71 59 59
2 37 1203 64.23 886.96 38 1030 297.28 883.56
0.959944 -1.124826 3.152609
80 71 66
2 37 1210 93.50 823.29 38 1034 324.60 820.01
0.673797 -1.743084 2.711244
34 59 38
5 37 1050 -11.06 111.90 38 719 -96.92 107.73 35 1342 -83.18 141.10 39 672 -158.22 143.63 34 1320 -34.55 157.80
0.705539 -1.832274 2.774662
141 23 37
5 37 1281 51.48 -138.99 38 1118 -34.77 -138.68 35 1389 -7.77 -109.23 36 1166 27.64 -164.81 34 1347 39.28 -95.08
0.781088 -1.940600 2.848769
86 40 43
5 37 1305 211.08 -435.88 38 1289 126.47 -442.74 35 1405 159.75 -389.50 36 1189 194.19 -458.08 34 1371 198.47 -369.05
0.960925 -1.149502 3.173052
83 74 57
2 37 1361 90.94 759.64 38 1185 319.78 754.98
0.706675 -1.838049 2.777658
131 71 53
5 37 1282 54.42 -154.33 38 1119 -33.00 -153.23 35 1526 -3.35 -124.40 36 1300 30.87 -180.09 34 1475 43.19 -110.51
0.786118 -1.956644 2.868552
75 30 33
11 37 1505 214.10 -485.77 38 1372 132.72 -491.11 35 1534 163.24 -439.05 36 1309 197.73 -508.64 39 1312 58.96 -442.78 34 1487 200.06 -418.47 40 1321 45.60 -467.10 41 1108 -1.15 -486.84 42 1063 16.86 -456.42 43 1105 -41.95 -418.89 45 995 -41.49 -435.88
0.958915 -1.096676 3.132521
100 85 52
2 37 1448 94.86 894.47 38 1317 329.36 892.29
0.958915 -1.096676 3.132521
100 85 52
2 37 1449 94.86 894.47 38 1318 329.36 892.29
0.643049 -1.731160 2.759598
120 136 131
5 37 1480 -114.12 87.58 38 1237 -178.71 89.57 35 1603 -200.11 105.19 36 1387 -150.47 60.23 34 1537 -162.92 116.44
0.644887 -1.744626 2.771701
148 146 130
7 37 1401 -112.92 48.69 38 1094 -176.60 53.29 35 1611 -197.26 63.01 36 1283 -148.40 20.34 39 860 -222.83 93.54 34 1542 -160.24 72.93 40 659 -219.03 90.47
0.985017 -1.085021 3.115178
70 53 54
2 37 1527 147.62 933.82 38 1446 384.77 934.10
0.689005 -1.927567 2.906569
151 34 45
5 37 1501 -35.23 -461.32 38 1288 -99.85 -447.03 35 1627 -91.76 -451.47 36 1403 -57.12 -496.95 34 1617 -52.88 -448.53
0.824803 -1.678376 2.660341
167 150 130
3 37 469 343.50 313.83 38 679 269.14 293.98 36 16 298.70 300.63
0.836801 -1.848908 2.830055
207 73 77
4 37 876 313.25 -211.55 38 956 247.29 -228.21 35 109 227.70 -159.50 36 446 282.92 -226.50
0.711921 -1.879323 2.816033
177 111 94
4 37 150 55.60 -277.78 38 134 -27.94 -273.95 35 129 2.72 -250.42 36 149 34.45 -305.23
0.795329 -1.911645 2.834957
169 93 74
4 37 634 241.68 -357.96 38 509 159.52 -366.53 35 147 181.76 -309.47 36 170 221.26 -377.68
0.785346 -1.929692 2.842062
173 92 99
12 37 649 221.00 -403.10 38 532 136.59 -410.87 35 166 166.78 -356.67 36 517 202.88 -424.81 39 505 62.21 -364.11 40 540 48.45 -387.86 41 461 0.71 -405.94 42 417 19.50 -378.62 43 406 -40.47 -341.68 45 157 -40.69 -357.61 46 400 -1.85 -402.07 47 389 -58.94 -373.52
0.808377 -1.925612 2.856453
121 86 90
7 37 212 260.59 -403.89 38 538 184.91 -414.32 35 169 197.85 -353.04 36 189 240.19 -422.55 39 508 113.75 -371.54 40 544 104.65 -397.51 41 658 61.04 -419.74
0.781106 -1.955385 2.866458
77 41 37
4 37 292 204.72 -483.01 38 249 122.11 -487.60 35 190 155.68 -438.14 36 214 189.01 -506.49
0.719925 -1.967527 2.910201
206 54 69
3 37 330 44.31 -551.20 38 263 -28.85 -541.04 35 276 -0.93 -530.02
0.789379 -1.983292 2.896459
69 34 40
4 37 338 214.69 -569.31 38 622 135.20 -574.77 35 286 164.69 -523.97 36 268 198.91 -593.61
0.782582 -2.069388 2.976239
159 63 43
10 37 778 177.78 -829.92 38 662 103.73 -828.93 35 440 143.33 -789.48 36 662 168.70 -859.08 39 622 33.08 -770.24 40 792 18.32 -795.11 41 562 -24.25 -814.29 42 603 -8.09 -766.45 43 628 -65.20 -726.14 45 556 -61.88 -741.99
0.754730 -2.068922 2.989589
163 84 47
3 37 450 107.26 -843.04 38 352 35.92 -835.31 35 444 74.14 -815.97
0.768329 -1.712618 2.632480
169 41 43
3 37 813 253.00 263.28 38 694 147.46 245.39 41 725 -5.50 245.80
0.768254 -1.734453 2.644744
155 163 143
5 37 497 245.80 201.33 38 405 141.13 185.78 35 485 170.75 250.14 36 391 216.45 185.79 41 376 -11.56 187.27
0.768300 -1.733920 2.645863
155 163 143
10 37 498 245.80 201.33 38 404 141.13 185.78 35 486 170.75 250.14 40 419 44.82 200.49 42 334 10.72 184.48 43 336 -53.44 227.33 45 303 -58.26 217.87 46 528 -5.97 208.74 47 329 -75.37 211.21 48 292 -135.00 248.83
0.665629 -1.726887 2.702225
35 57 29
