# Bundle file v0.3
60 1815
0 0 0
0 0 0
0 0 0
0 0 0
0 0 0
1.6175246841e+003 9.1548737079e-002 -3.1718892594e-002
9.9997490669e-001 -1.6766210942e-003 6.8829454250e-003
1.5715569884e-003 9.9988260588e-001 1.5241544056e-002
-6.9076917020e-003 -1.5230344654e-002 9.9986015042e-001
2.7476467427e-002 1.3414786509e-001 3.0078828057e+000
1.6041862913e+003 5.4471504446e-002 1.3146308877e-003
9.9611821148e-001 8.3762537092e-002 2.7061894628e-002
-8.2222023980e-002 9.9516355815e-001 -5.3749709739e-002
-3.1433223404e-002 5.1315980984e-002 9.9818766901e-001
1.7688711119e-001 -2.4143037562e-001 3.1706540109e+000
1.6069287515e+003 5.7190494079e-002 1.8689583092e-002
9.8863385512e-001 1.4785683896e-001 2.7229683774e-002
-1.4237295077e-001 9.7892697538e-001 -1.4639644724e-001
-4.8301587900e-002 1.4085571358e-001 9.8885116401e-001
2.1246941175e-001 -8.9745127325e-001 3.1007483397e+000
1.6130127641e+003 9.2722090117e-002 -1.2905834520e-001
9.7872753568e-001 2.0350945125e-001 2.6006040586e-002
-1.9304753745e-001 9.5641268040e-001 -2.1910598589e-001
-6.9462645938e-002 2.0942465953e-001 9.7535442420e-001
1.7915436298e-001 -1.4378821493e+000 2.8762343467e+000
1.6116477852e+003 9.2609163152e-002 -1.3451351434e-001
9.6366273252e-001 2.6706103337e-001 5.7045956071e-003
-2.5432103838e-001 9.2380496919e-001 -2.8619082504e-001
-8.1700351247e-002 2.7434063380e-001 9.5815566024e-001
1.1066049997e-001 -1.7490754942e+000 2.5578754324e+000
1.6087987146e+003 7.5751658058e-002 -9.8685411742e-002
9.4885689687e-001 3.1549375485e-001 1.1587920694e-002
-2.9518423782e-001 8.9959702950e-001 -3.2185625712e-001
-1.1196809812e-001 3.0197495783e-001 9.4671762942e-001
9.0289399492e-002 -2.3398333600e+000 2.4659382433e+000
1.6190950519e+003 7.0132198497e-002 -1.0265454014e-001
9.1467313563e-001 4.0284043490e-001 -3.3055089808e-002
-3.7384924308e-001 8.1208101800e-001 -4.4806379417e-001
-1.5365480272e-001 4.2218953588e-001 8.9339028279e-001
-1.5986258860e-001 -3.0441855805e+000 2.1124142809e+000
1.5943027856e+003 3.2263585626e-002 1.4605753072e-003
8.9801938612e-001 4.3854236132e-001 -3.5238891459e-002
-3.9891046861e-001 7.7784136546e-001 -4.8562665517e-001
-1.8555759263e-001 4.5015931346e-001 8.7345576438e-001
-3.1691622829e-001 -3.5716166153e+000 2.0750914557e+000
1.6345823528e+003 1.0566176746e-001 -2.1171113533e-001
8.7118792649e-001 4.8428976887e-001 -8.0591665275e-002
-4.2754991004e-001 6.6770721469e-001 -6.0939982760e-001
-2.4131446531e-001 5.6535873145e-001 7.8875651098e-001
-4.9446347027e-001 -4.2397077667e+000 1.2903620397e+000
1.6208725360e+003 7.3293182383e-002 -1.2996452059e-001
8.1675266231e-001 5.7060000102e-001 -8.5619667367e-002
-4.7323524326e-001 5.7757486345e-001 -6.6517342223e-001
-3.3009618772e-001 5.8380040762e-001 7.4176383770e-001
-6.7418143372e-001 -4.7523468880e+000 1.1557293502e+000
0 0 0
0 0 0
0 0 0
0 0 0
0 0 0
1.6224838324e+003 7.2101979246e-002 -1.1778215263e-001
7.9133464283e-001 5.9625733885e-001 -1.3515424124e-001
-4.9751547354e-001 4.9953595963e-001 -7.0918416411e-001
-3.5534185886e-001 6.2844332354e-001 6.9194736248e-001
-8.7663378150e-001 -4.9032372064e+000 7.8983562739e-001
1.6223878595e+003 5.2095646186e-002 -4.9141090698e-002
7.4149725067e-001 6.4061293659e-001 -1.9949158559e-001
-5.3586315487e-001 3.8649391448e-001 -7.5064847520e-001
-4.0377284023e-001 6.6350397100e-001 6.2986504424e-001
-1.2028568681e+000 -5.2732925135e+000 4.3429765292e-001
1.6116744277e+003 3.3664581700e-002 1.9307650678e-002
7.1410759490e-001 6.5875462166e-001 -2.3683895658e-001
-5.4868595873e-001 3.1660361646e-001 -7.7376086018e-001
-4.3473447253e-001 6.8249871684e-001 5.8753845823e-001
-1.4791112004e+000 -5.3390847249e+000 4.0735476139e-002
1.6152326553e+003 4.9864944012e-002 -8.4345436173e-002
6.6949046198e-001 6.9109412318e-001 -2.7234433025e-001
-5.5440885471e-001 2.2087021958e-001 -8.0240087732e-001
-4.9438177873e-001 6.8818984227e-001 5.3101920667e-001
-1.8130465110e+000 -5.6766493994e+000 -4.3053687359e-001
1.6094007556e+003 4.1342067146e-002 -7.6429445310e-002
6.3327355050e-001 7.0282235294e-001 -3.2404529073e-001
-5.4898232838e-001 1.1281117705e-001 -8.2818599449e-001
-5.4551169865e-001 7.0236342341e-001 4.5727738638e-001
-2.1228372427e+000 -5.8346537390e+000 -8.8808902000e-001
0 0 0
0 0 0
0 0 0
0 0 0
0 0 0
0 0 0
0 0 0
0 0 0
0 0 0
0 0 0
0 0 0
0 0 0
0 0 0
0 0 0
0 0 0
0 0 0
0 0 0
0 0 0
0 0 0
0 0 0
0 0 0
0 0 0
0 0 0
0 0 0
0 0 0
0 0 0
0 0 0
0 0 0
0 0 0
0 0 0
0 0 0
0 0 0
0 0 0
0 0 0
0 0 0
0 0 0
0 0 0
0 0 0
0 0 0
0 0 0
0 0 0
0 0 0
0 0 0
0 0 0
0 0 0
0 0 0
0 0 0
0 0 0
0 0 0
0 0 0
0 0 0
0 0 0
0 0 0
0 0 0
0 0 0
0 0 0
0 0 0
0 0 0
0 0 0
0 0 0
0 0 0
0 0 0
0 0 0
0 0 0
0 0 0
0 0 0
0 0 0
0 0 0
0 0 0
0 0 0
0 0 0
0 0 0
0 0 0
0 0 0
0 0 0
0 0 0
0 0 0
0 0 0
0 0 0
0 0 0
0 0 0
0 0 0
0 0 0
0 0 0
0 0 0
0 0 0
0 0 0
0 0 0
0 0 0
0 0 0
0 0 0
0 0 0
0 0 0
0 0 0
0 0 0
0 0 0
0 0 0
0 0 0
0 0 0
0 0 0
0 0 0
0 0 0
0 0 0
0 0 0
0 0 0
0 0 0
0 0 0
0 0 0
0 0 0
0 0 0
0 0 0
0 0 0
0 0 0
0 0 0
0 0 0
0 0 0
0 0 0
0 0 0
0 0 0
0 0 0
0 0 0
0 0 0
0 0 0
0 0 0
0 0 0
0 0 0
0 0 0
0 0 0
0 0 0
0 0 0
0 0 0
0 0 0
0 0 0
0 0 0
0 0 0
0 0 0
0 0 0
0 0 0
0 0 0
0 0 0
0 0 0
0 0 0
0 0 0
0 0 0
0 0 0
0 0 0
0 0 0
0 0 0
0 0 0
0 0 0
0 0 0
0 0 0
0 0 0
0 0 0
0 0 0
0 0 0
0 0 0
0 0 0
0 0 0
0 0 0
0 0 0
0 0 0
0 0 0
0 0 0
0 0 0
0 0 0
0 0 0
0 0 0
0 0 0
0 0 0
0 0 0
0 0 0
0 0 0
0 0 0
0 0 0
0 0 0
0 0 0
0 0 0
0 0 0
0 0 0
0 0 0
0 0 0
0 0 0
0 0 0
0 0 0
0 0 0
0 0 0
0 0 0
0 0 0
0 0 0
0 0 0
0 0 0
0 0 0
0 0 0
0 0 0
0 0 0
0 0 0
0 0 0
0 0 0
0 0 0
0 0 0
0 0 0
0 0 0
0 0 0
0 0 0
0 0 0
0 0 0
0 0 0
0 0 0
0 0 0
0 0 0
0 0 0
0 0 0
0 0 0
0 0 0
5.4458539685e-001 1.0570971468e+000 -6.8168586205e+000
18 10 20
5 1 9 223.1600 464.0300 3 172 331.4100 486.7300 4 168 339.1400 436.0300 6 350 374.3400 279.1000 7 384 447.1600 299.9400
-3.3922483086e-001 7.1413620323e-001 -7.7906576687e+000
166 150 142
4 1 40 -124.5400 247.1300 3 296 -82.7800 356.1200 2 145 -109.1100 322.5700 4 308 -75.0500 362.3500
6.0018686986e-001 4.3283678552e-001 -6.7250647206e+000
236 235 233
4 1 48 252.2400 202.3100 3 195 315.8199 195.2400 4 208 303.0500 148.7900 5 43 324.3800 179.2600
-3.3610247520e-001 2.6297377296e-001 -7.8246665369e+000
54 25 24
2 1 54 -122.2300 93.0900 3 21 -102.9100 194.2600
2.9455547916e-001 2.4754148605e-001 -7.0354868688e+000
146 133 125
3 1 57 109.7600 110.8200 3 203 146.7900 138.5700 4 328 136.0400 116.4500
-2.4563707123e-001 4.7486770740e-002 -6.9145543508e+000
82 44 35
12 1 66 -110.6500 31.6800 3 210 -92.0000 84.9400 4 46 -97.1700 71.8200 5 219 -61.0700 133.7600 6 55 -82.2600 0.9200 7 256 -54.9100 73.9800 8 191 -112.1500 -33.3900 9 496 -51.9500 43.6800 10 69 -106.5500 -3.1700 12 405 -45.1700 61.6300 13 450 10.0900 29.3300 14 337 6.6300 66.5300
-1.3914938229e-001 1.1197878154e-001 -7.0170421854e+000
124 111 102
3 1 68 -63.5800 56.9200 3 36 -42.9300 109.1900 2 29 -59.8100 107.9000
-8.9957290912e-002 1.0478127684e-001 -6.9548989636e+000
166 157 148
2 1 73 -45.7700 54.2500 3 40 -21.0700 101.0900
3.6258119155e-002 -2.2169429610e-002 -6.8903566270e+000
132 119 111
5 1 87 7.5700 0.7100 3 56 24.3800 40.0100 4 61 13.2100 18.2100 6 84 15.1600 -61.6600 8 86 -21.3000 -103.6100
5.4180520643e-002 -3.8786280928e-002 -6.8983524878e+000
155 142 134
4 1 88 14.1300 -4.1400 3 57 31.0800 28.6800 5 75 45.0500 69.9500 6 85 19.6300 -67.3900
1.1054687647e+000 7.7442717459e-003 -6.2589537820e+000
247 87 98
3 1 89 546.5900 23.7500 3 107 585.9100 -67.7800 2 194 575.7600 6.7900
-2.4728185906e-001 -1.4848432204e-001 -6.8351341704e+000
33 17 4
4 1 98 -114.0000 -51.0400 3 67 -105.5600 -2.4000 4 71 -114.0400 -14.4600 5 89 -82.1900 52.8900
9.7321437007e-001 -1.6304232684e-001 -6.3959019495e+000
206 50 54
2 1 100 459.7500 -59.9400 3 131 478.9100 -127.2100
-7.4325400183e-001 -2.4409964251e-001 -6.5075966489e+000
94 23 19
3 1 105 -353.1200 -97.7000 3 87 -356.4000 -37.7400 4 80 -358.2200 -47.6500
-6.4121737470e-001 -2.4999148271e-001 -6.6136258069e+000
122 38 20
2 1 107 -296.8000 -98.0600 3 91 -299.0700 -38.7400
-4.5198493331e-001 -2.4475239041e-001 -6.6821339072e+000
118 12 13
2 1 110 -208.0900 -94.3000 3 96 -206.4800 -43.1100
-2.2932001877e-001 -2.2650569992e-001 -6.8922454461e+000
131 107 70
3 1 112 -104.1200 -82.3000 3 78 -100.8400 -33.1600 2 67 -111.2800 -33.9600
-2.9793981076e-001 -2.8624185632e-001 -6.8145348048e+000
130 109 98
2 1 125 -134.8900 -109.2200 3 100 -136.1800 -60.4200
-4.5065464914e-001 -3.3725984948e-001 -6.6724419110e+000
32 12 14
9 1 142 -208.1900 -134.9400 3 117 -212.5200 -84.4400 2 103 -221.4200 -84.6800 4 95 -221.9000 -92.7800 5 112 -187.7300 -15.6300 6 109 -214.7000 -149.3100 7 126 -201.1400 -67.2800 8 100 -265.4900 -172.9900 9 112 -205.8700 -82.6300
-4.6396509218e-001 -3.5974623978e-001 -6.6663302058e+000
179 154 126
5 1 143 -214.1700 -144.5200 3 118 -219.7600 -94.0000 2 102 -228.7600 -95.4500 4 103 -229.2400 -101.7700 5 109 -195.4100 -23.5400
-4.4526187536e-001 -3.5656134028e-001 -6.6729415665e+000
175 116 101
4 1 144 -205.4200 -143.5400 3 120 -210.9800 -93.6800 2 105 -219.3100 -93.1600 4 108 -220.8300 -101.6000
-4.4488754385e-001 -3.5498651446e-001 -6.6681136590e+000
175 116 101
3 1 145 -205.4200 -143.5400 3 119 -210.9800 -93.6800 4 107 -220.8300 -101.6000
-4.4839967389e-001 -3.7128507845e-001 -6.6618492347e+000
34 17 11
2 1 148 -207.0500 -150.8600 3 123 -213.9900 -101.5100
-3.0835154813e-001 -4.1054748708e-001 -6.7766124194e+000
201 196 193
2 1 151 -140.9500 -163.8500 3 127 -148.9200 -116.2400
-1.4658469084e-001 -4.3352131541e-001 -6.9613002005e+000
255 251 242
3 1 164 -68.8100 -166.8000 3 128 -77.9000 -117.7700 4 116 -93.9000 -120.9900
4.2240225235e-001 -1.0936886856e+000 -7.3185008156e+000
162 140 96
4 1 194 152.6899 -406.2200 3 160 101.1500 -358.0200 2 129 117.3700 -370.6400 4 146 63.7500 -344.8200
-2.5473507123e-001 8.5757032944e-001 -7.7062227747e+000
207 44 50
6 1 211 -98.3200 300.7500 3 7 -44.7200 406.8400 2 140 -76.3500 377.2000 4 171 -35.4700 409.2200 5 7 18.4300 465.7300 6 10 10.7900 351.0200
5.4384292183e-002 6.5674544418e-001 -7.2552108515e+000
194 185 180
9 1 216 10.6000 260.0400 3 181 67.0100 322.8000 2 252 34.7100 318.8200 4 182 70.9301 305.4200 6 194 102.9800 215.9100 7 226 156.3300 285.0000 10 360 154.1801 178.4200 12 369 228.4200 231.8200 14 306 301.9700 193.2400
-3.5179538319e+000 9.4020732571e-001 -1.2022348689e+001
35 29 31
3 1 230 -650.6000 161.9100 3 173 -663.3900 439.0300 2 253 -669.8800 304.2500
-3.2700333663e-001 2.8138764689e-001 -7.8385893212e+000
212 52 51
4 1 233 -119.0500 98.6700 3 193 -98.2000 198.7400 2 23 -117.3000 169.8300 4 26 -99.1300 211.7900
-2.6511361226e-001 2.8353202686e-001 -7.7800866261e+000
207 200 186
6 1 234 -101.2300 100.0500 3 415 -77.6300 197.3500 2 343 -96.7900 168.6200 4 421 -78.0800 205.5900 5 447 -37.1600 272.4000 7 525 -9.2200 266.9300
1.4255261832e-001 2.3454730483e-001 -6.9672196137e+000
154 140 124
7 1 240 49.0000 107.7800 3 321 84.7200 141.7500 2 275 64.4300 149.7100 5 339 108.1600 169.6500 6 226 85.7700 28.3200 7 418 118.9500 86.1500 10 401 71.0300 -20.7700
1.0696707620e+000 1.8158440157e-001 -6.3093426078e+000
25 15 23
5 1 243 519.3199 109.1300 3 230 575.4500 25.9300 5 271 532.0500 -21.3400 6 296 494.0000 -209.5100 7 489 496.8700 -212.0200
-3.5177656830e-002 4.3307319914e-002 -6.9517212010e+000
118 107 101
14 1 253 -22.6000 29.7800 3 327 -2.1000 71.5200 2 183 -18.0600 75.4000 4 225 -11.8200 55.8800 5 231 19.2500 113.8700 6 254 -3.8000 -21.2300 7 425 22.3100 46.8700 9 326 22.1200 15.7700 10 601 -34.2700 -33.9900 12 641 24.6100 27.1700 13 694 77.0300 -7.8700 14 347 69.2200 29.3400 15 469 34.0200 -28.1400 16 497 55.2600 -21.7500
-1.0066494984e-001 2.1410706445e-002 -6.9041287474e+000
122 107 102
15 1 257 -49.6200 21.4400 3 213 -30.9500 64.1100 2 182 -47.4000 68.6400 4 223 -39.9300 48.8700 5 230 -7.8800 108.3000 6 252 -31.0800 -27.3600 7 269 -6.0000 41.4600 8 205 -63.4500 -66.3800 9 325 -5.6300 9.1600 10 406 -63.4200 -41.2900 12 427 -4.4100 22.4900 13 471 47.4900 -11.6100 14 359 40.7900 26.9800 15 163 5.5200 -31.3200 16 153 26.8900 -23.2500
1.0938582734e+000 5.9453252868e-003 -6.2709659919e+000
233 78 82
3 1 258 538.4399 23.1500 3 106 577.4700 -66.6000 4 122 533.9800 -132.1100
-2.1447091365e-001 -9.2820685233e-002 -6.8190753554e+000
115 33 22
11 1 262 -98.6000 -25.9600 3 337 -86.9100 17.9800 2 289 -100.9100 21.4700 4 341 -97.0200 4.5000 5 241 -64.4800 69.4500 6 260 -89.1200 -66.4300 7 288 -68.3400 6.3100 8 327 -128.3500 -101.9400 9 523 -70.7100 -21.4400 10 628 -133.4600 -70.5100 12 426 -75.1800 -2.5000
-1.9972711784e-001 -1.1529076347e-001 -6.8103880021e+000
149 67 49
7 1 263 -93.5900 -36.1400 3 226 -83.0500 7.1300 2 191 -96.2800 11.1700 4 74 -92.4000 -7.6100 7 119 -65.8900 -6.0300 8 225 -126.1800 -111.9400 9 86 -69.1300 -32.0100
-1.9979359164e-001 -1.1535244483e-001 -6.8103837057e+000
149 67 49
8 1 264 -93.5900 -36.1400 3 227 -83.0500 7.1300 2 190 -96.2800 11.1700 4 73 -92.4000 -7.6100 5 92 -61.5800 58.2600 7 118 -65.8900 -6.0300 8 226 -126.1800 -111.9400 9 85 -69.1300 -32.0100
1.9513817569e-002 -1.8581431795e-001 -6.8678148848e+000
206 201 197
3 1 273 -0.8900 -65.8300 3 236 7.3600 -33.1800 4 88 -6.5300 -47.7600
1.3055332341e-001 -1.8250449980e-001 -6.8559459064e+000
234 227 221
2 1 274 46.9700 -64.1400 3 247 55.1700 -39.4600
2.1104825906e-001 -1.5409252078e-001 -6.8848389623e+000
238 235 229
3 1 275 80.6400 -51.6600 3 237 90.3400 -30.5700 4 254 72.3300 -48.6700
9.7749692705e-001 -1.8765925729e-001 -6.4119104212e+000
161 38 46
3 1 283 460.4100 -70.3400 3 267 474.9800 -139.8100 4 278 434.2600 -185.5100
-6.3125527979e-001 -2.6989762050e-001 -6.6239661710e+000
154 52 29
3 1 286 -291.6600 -106.5000 3 241 -294.0200 -47.3600 2 292 -306.5400 -48.3600
4.1721767267e-001 -3.2366986889e-001 -6.9064708424e+000
211 204 195
4 1 297 165.4500 -122.2000 3 265 165.2000 -111.2100 4 120 138.8800 -129.6500 5 275 149.6100 -67.4500
-4.9722590491e-001 -3.5200663743e-001 -6.6651540202e+000
50 50 69
5 1 307 -228.8800 -142.0500 3 250 -235.1400 -89.5400 4 262 -243.8800 -96.4800 5 107 -208.0900 -17.4600 6 108 -235.2700 -150.2700
-3.1029146370e-001 -3.8385579606e-001 -6.7566482954e+000
163 155 150
5 1 309 -142.0100 -152.5600 3 260 -148.6600 -106.7100 2 222 -155.9900 -105.5400 4 272 -161.7600 -112.8700 5 124 -133.3200 -37.0500
-2.5711850158e-001 -3.8149589951e-001 -6.8055991886e+000
174 164 161
5 1 311 -117.4400 -149.9300 3 261 -124.0900 -103.5700 2 114 -130.8100 -103.9800 4 110 -138.0900 -110.6900 5 117 -110.9900 -35.5300
-2.5696648681e-001 -3.8161057651e-001 -6.8139973797e+000
174 164 161
2 1 312 -117.4400 -149.9300 3 262 -124.0900 -103.5700
-1.8041178178e-001 -3.6309699106e-001 -6.8820568429e+000
185 178 170
4 1 315 -83.3100 -140.2000 3 254 -88.5000 -94.0100 2 220 -95.5300 -93.9900 4 267 -103.5300 -100.5800
2.5314106144e-001 -4.8930778075e-001 -6.9711395072e+000
156 144 127
2 1 326 95.8000 -188.6600 3 134 83.0400 -162.7500
1.2378263201e+000 -4.0256709997e-001 -6.1729090577e+000
239 225 177
2 1 329 633.6300 -186.7800 3 280 629.5100 -293.7300
4.7257853468e-001 -6.0620158565e-001 -6.8069186997e+000
158 145 125
4 1 337 195.2100 -247.7200 3 272 174.2300 -240.9900 2 236 179.1700 -225.5300 6 430 103.8400 -320.0300
5.9422142278e-001 -7.2333849636e-001 -6.8360758557e+000
246 231 218
2 1 338 244.8300 -294.6900 3 151 215.7600 -293.1300
3.6721621835e-001 -1.1111773707e+000 -7.3768318495e+000
165 149 102
5 1 341 128.6200 -408.1800 3 156 78.1000 -353.6800 2 318 95.0500 -368.8800 4 376 42.2100 -337.9000 5 149 41.8800 -252.6800
4.5001084052e-001 -1.0855086697e+000 -7.2854133237e+000
233 219 164
7 1 342 164.4000 -405.7500 3 285 113.2700 -360.9200 2 319 129.6801 -372.2000 4 289 75.8000 -349.3800 5 296 72.0000 -265.1500 6 320 30.4300 -370.8600 7 340 17.0400 -273.0900
1.0544222404e-002 1.0787568480e+000 -7.3697994483e+000
202 190 185
2 1 347 -5.2800 408.9900 3 293 72.6600 494.9301
7.1884713618e-001 8.3316613562e-001 -6.6260791806e+000
18 3 6
5 1 349 312.8101 389.9400 3 392 415.1300 377.5600 2 245 370.9900 416.9200 4 411 413.3600 314.5500 6 468 426.6000 147.5800
7.1797428971e-001 7.5636696512e-001 -6.5589391017e+000
167 39 45
3 1 351 319.6300 362.3900 3 303 418.4500 340.9800 4 417 411.0699 278.9500
8.5545705778e-001 5.9798576335e-001 -6.4883996636e+000
18 7 11
15 1 354 389.8600 295.8500 3 410 478.8000 254.3200 2 256 441.9700 308.8400 4 428 464.4700 187.1000 5 461 482.2100 201.8200 6 485 457.2200 15.1500 7 559 492.6700 14.3200 8 454 433.1200 -136.5600 9 672 474.3199 -112.6500 10 791 418.7000 -225.5900 12 676 465.3199 -192.5900 13 766 503.3400 -284.8900 14 612 459.8500 -259.3000 15 567 392.0200 -339.8100 16 590 389.4700 -357.2400
2.6466634231e-001 6.6655914442e-001 -7.1442604258e+000
184 177 167
6 1 355 94.9100 270.8700 3 399 156.1700 317.2600 2 331 124.7600 320.4700 4 410 156.9500 292.1600 5 326 198.7100 329.1900 7 389 235.9600 241.9500
7.4522103702e-001 5.2162424663e-001 -6.5498307657e+000
222 53 59
2 1 356 332.4000 254.8800 3 192 410.4800 225.4600
-1.3692818870e-001 5.0376821241e-001 -7.4285392337e+000
170 161 154
3 1 364 -58.7000 192.4700 3 407 -21.0500 271.3500 2 337 -44.0300 255.2200
3.7605366393e-001 1.1453157883e-001 -6.8284841739e+000
154 141 132
6 1 376 151.0699 61.8900 3 430 181.9700 70.4300 4 441 167.3900 40.3200 5 474 188.6100 87.3600 6 494 161.6100 -60.8900 7 449 186.1700 -12.5500
-2.9398477322e-001 3.6059903960e-002 -6.9653360724e+000
72 27 22
4 1 380 -129.0500 26.1800 3 326 -111.5300 85.0700 2 278 -128.0900 81.9000 4 434 -117.5500 74.5900
-2.0783933120e-001 -3.8245704189e-002 -6.8509411080e+000
142 119 110
9 1 381 -95.0700 -1.1900 3 330 -79.9500 43.3100 4 337 -88.3400 28.1700 5 351 -55.4000 91.3100 8 432 -114.9900 -79.8200 9 649 -56.7400 -0.5000 10 766 -117.7600 -50.1100 12 771 -58.1300 16.7000 13 950 -7.8800 -12.5000
-4.6127310166e-001 -8.0238270163e-002 -6.7584477156e+000
86 18 7
7 1 385 -209.1200 -21.1700 3 432 -198.1800 36.3200 2 354 -212.1200 34.5300 5 349 -163.4100 94.0400 6 490 -185.3300 -40.9100 7 422 -161.7800 38.3300 8 428 -222.9600 -71.4400
-2.3172066330e-001 -1.0279931773e-001 -6.8128142215e+000
165 80 59
6 1 388 -106.0500 -30.5900 3 224 -96.8400 14.8800 2 189 -109.4800 17.5200 4 231 -105.1300 0.7500 5 242 -72.9100 66.5200 6 269 -96.3900 -69.3000
-5.9927067179e-001 -2.4410223805e-001 -6.7325804673e+000
134 33 10
2 1 395 -268.6300 -92.8900 3 231 -271.8500 -29.7500
-2.7376950614e-001 -3.0560888688e-001 -6.8616495119e+000
113 94 79
5 1 407 -122.7500 -116.0000 3 352 -125.4600 -66.2200 2 295 -133.9900 -67.4700 4 265 -137.9600 -72.5100 5 102 -108.6200 0.5700
5.0268489164e-001 -3.0852158300e-001 -6.8587020284e+000
172 163 148
4 1 410 204.0200 -116.9600 3 361 205.1300 -114.4400 4 361 177.5900 -135.1500 6 421 149.6801 -215.4200
-3.4468449892e-001 -3.7790069668e-001 -6.7122484682e+000
181 172 170
5 1 416 -157.9300 -152.2500 3 455 -166.0900 -103.7300 2 304 -172.7400 -104.2600 4 357 -177.2400 -113.6000 5 273 -147.5600 -38.0800
-2.9377635556e-001 -4.0313160468e-001 -6.7733081077e+000
253 254 249
4 1 417 -134.6400 -159.9900 3 358 -142.3300 -113.8400 2 305 -148.6100 -114.4900 4 358 -155.7600 -120.3900
3.8614506105e-001 -5.4511067164e-001 -6.9316049245e+000
229 226 218
8 1 426 152.9200 -213.1500 3 475 136.1300 -197.3800 2 385 138.3500 -187.1500 4 478 106.3900 -207.7400 5 382 112.3101 -138.4800 6 427 75.9399 -267.4700 7 481 75.1200 -195.2500 8 256 13.7700 -290.3900
3.8614506105e-001 -5.4511067164e-001 -6.9316049245e+000
229 226 218
8 1 427 152.9200 -213.1500 3 474 136.1300 -197.3800 2 386 138.3500 -187.1500 4 477 106.3900 -207.7400 5 381 112.3101 -138.4800 6 426 75.9399 -267.4700 7 480 75.1200 -195.2500 8 255 13.7700 -290.3900
9.8001959124e-001 -6.7050560622e-001 -6.3970743965e+000
18 1 7
6 1 430 465.3000 -304.4900 3 371 436.5300 -363.4400 2 476 455.9200 -319.0000 4 293 380.1100 -394.3900 5 412 355.2100 -332.9600 6 340 304.9301 -487.8700
7.4882326854e-001 7.4392592080e-001 -6.5731270004e+000
196 55 61
15 1 438 333.8199 357.4300 3 400 430.6600 334.0400 2 326 389.6500 380.5200 4 418 423.9500 270.3200 5 446 450.5000 284.5200 6 469 429.9900 100.1300 7 411 478.0900 102.9800 8 425 420.8600 -46.5600 9 749 470.5601 -25.5000 10 785 424.0500 -140.3000 12 794 478.1000 -110.0200 13 880 527.7600 -208.6800 14 721 487.1700 -188.7600 15 842 423.8300 -279.5200 16 759 427.5100 -306.7600
-4.2851552694e-001 8.7815056549e-001 -7.8939570586e+000
30 16 16
4 1 439 -151.3800 295.8300 3 493 -105.5600 417.2900 2 401 -134.9100 377.6200 4 403 -93.4300 427.4000
8.4523135496e-001 5.7907377777e-001 -6.4922619391e+000
176 42 37
7 1 443 385.7300 287.3700 3 504 471.6000 245.5600 2 335 437.0400 300.2600 4 427 457.1899 180.0000 5 460 474.0500 194.9700 6 486 448.5601 9.6000 7 560 482.2900 9.0100
6.0183305763e-002 5.7536911449e-001 -7.2303028453e+000
186 177 168
13 1 446 11.5500 229.5600 3 404 64.6000 289.0200 4 416 65.7900 273.0500 5 442 108.6200 319.4000 6 464 93.4301 186.7700 7 527 144.4301 253.7700 8 398 98.4700 144.0200 10 749 134.9000 150.6400 12 753 206.6100 201.1100 13 824 282.1500 148.3500 14 669 276.0100 171.2600 15 796 246.3700 90.2100 16 819 279.7700 78.0700
4.5490187758e-001 5.1463192825e-001 -6.9440243829e+000
166 157 150
7 1 448 178.4000 222.7700 3 411 238.2600 241.2000 2 338 208.5100 259.6700 4 519 231.0400 207.9700 5 456 262.1801 243.1200 7 535 285.1000 130.7100 9 641 292.0300 56.2600
2.6098892747e-001 3.1889792040e-001 -7.0673327385e+000
123 110 99
2 1 455 95.2800 137.6800 3 419 135.7100 171.9900
1.0531628509e+000 2.1219570257e-001 -6.3116223938e+000
25 5 9
11 1 459 510.3101 123.8500 3 437 569.6300 42.5000 2 349 550.7500 113.7600 4 452 534.9900 -27.2700 5 503 529.5000 -7.1300 6 529 492.2300 -194.2800 7 603 497.1600 -196.6200 8 576 427.9900 -343.3900 9 694 446.7300 -303.1800 10 688 368.4301 -405.6200 12 541 400.0601 -362.0600
4.2423502383e-004 1.7535584117e-001 -7.0512456455e+000
178 169 160
6 1 460 -7.2100 81.4100 3 511 19.9800 127.5500 2 417 0.2900 129.3500 5 462 45.1100 168.2700 6 477 23.7000 34.6200 7 543 57.1100 100.4400
4.2423502383e-004 1.7535584117e-001 -7.0512456455e+000
178 169 160
6 1 461 -7.2100 81.4100 3 512 19.9800 127.5500 2 418 0.2900 129.3500 5 463 45.1100 168.2700 6 478 23.7000 34.6200 7 544 57.1100 100.4400
3.1644980085e-001 1.7485829641e-001 -6.8466573346e+000
142 129 113
8 1 462 123.3400 85.3700 3 516 158.9800 101.3700 2 419 139.3700 119.5900 4 631 147.4900 71.8100 5 575 171.3400 119.2400 6 683 148.7900 -29.3700 7 766 175.3700 19.2800 8 610 119.3700 -98.1400
6.7910433716e-001 8.8785157197e-002 -6.7137432491e+000
195 188 178
5 1 470 289.2800 52.7200 3 436 323.3400 33.8600 2 352 306.5500 69.7300 5 368 311.3300 33.5800 6 403 280.2800 -122.5500
1.7364450263e-001 2.9129079933e-002 -6.8532720636e+000
192 182 172
4 1 473 64.3500 25.5600 3 333 87.7100 45.9200 4 443 75.0200 25.3800 5 354 99.7000 78.7200
1.7507368350e-001 -4.0127035757e-003 -6.8580326357e+000
203 194 187
3 1 474 64.9200 10.7300 3 434 86.3900 33.9300 4 445 72.5699 11.4100
1.1070489210e+000 1.0870610247e-002 -6.2779295093e+000
243 79 98
9 1 475 543.3000 25.1400 3 541 583.0900 -64.7500 2 433 573.0900 8.8100 4 470 539.4301 -130.8600 5 509 524.2300 -102.1500 6 534 482.5601 -287.3600 7 720 473.8101 -283.5200 8 581 401.9000 -423.1000 9 794 413.7100 -370.7700
-1.5873398257e-001 -4.1053037789e-002 -6.8398072826e+000
183 173 164
10 1 477 -74.9500 -5.0300 3 433 -60.3900 39.3500 2 356 -74.2900 42.4100 4 442 -69.4200 23.5900 5 473 -36.9700 84.1900 6 493 -60.9900 -51.9800 7 556 -38.2600 18.5500 8 433 -97.5500 -90.0700 10 611 -100.9000 -63.2400 13 692 7.1400 -28.9900
1.0913503645e+000 -1.5179115684e-001 -6.3302692998e+000
249 79 93
7 1 487 528.3300 -54.5200 3 468 550.3101 -139.1300 2 527 545.7700 -69.5100 4 480 502.7600 -196.3400 5 512 484.5699 -159.9800 6 718 439.6899 -332.4300 7 796 425.2300 -317.6700
-9.6047876509e-001 -2.3894675054e-001 -6.5437133851e+000
135 113 67
3 1 488 -451.5000 -93.4900 3 343 -458.0000 -17.0400 2 360 -470.5500 -25.5700
-3.0289426748e+000 -6.3667304484e-001 -1.1462024084e+001
44 39 39
4 1 497 -597.6000 -131.7600 3 514 -633.1800 117.2800 2 429 -632.3100 -3.1400 4 517 -636.9700 208.1200
-5.1528579962e-001 -2.9837150240e-001 -6.6971147475e+000
188 105 67
7 1 499 -236.1300 -117.5900 3 534 -239.1600 -59.8500 2 443 -248.7000 -64.1500 4 551 -244.8200 -68.5500 5 589 -207.5600 8.6200 6 507 -234.8300 -123.1000 7 575 -218.8200 -39.2400
5.2064512327e-001 -3.0136504507e-001 -6.8024971396e+000
243 240 231
8 1 501 213.8500 -115.8500 3 551 217.0400 -118.0700 2 454 213.6899 -95.4800 4 569 189.0200 -141.3300 5 609 194.9600 -83.7000 6 628 160.4900 -225.1400 7 709 162.8800 -169.8300 8 567 100.8199 -275.9800
6.1949058263e-001 -3.0013942991e-001 -6.6935362894e+000
172 158 147
13 1 502 264.7200 -118.5000 3 464 267.9900 -134.7400 2 380 266.2300 -103.4500 4 472 236.5900 -163.4500 7 488 200.4399 -206.6300 8 363 136.1500 -317.9700 9 561 167.2500 -238.9100 10 664 90.8300 -297.1200 12 687 129.8700 -234.7800 13 761 153.1700 -267.4100 14 435 130.5400 -220.3000 15 530 78.3400 -257.3200 16 558 82.6200 -238.4500
7.8373925295e-001 -2.8587159649e-001 -6.5411496126e+000
158 145 134
4 1 503 351.8600 -115.5600 3 465 359.3800 -154.3400 4 475 321.2400 -192.8300 5 383 316.6500 -142.9100
-3.6872542360e-001 -3.9584387137e-001 -6.7120535062e+000
236 232 229
2 1 505 -169.8000 -159.9400 3 454 -176.8600 -112.4000
-7.3918291305e-002 -4.4616663843e-001 -7.0300980464e+000
255 254 249
3 1 511 -37.2300 -168.7400 3 457 -49.6900 -121.2100 2 378 -51.1800 -125.2200
8.3590708535e-001 -4.7093311079e-001 -6.4752452029e+000
182 159 106
5 1 517 385.0300 -204.7400 3 478 376.4100 -250.9000 2 388 381.2400 -206.6100 4 368 332.2000 -285.5500 5 391 316.9500 -228.2700
8.6039215491e-001 -5.7581100319e-001 -6.5441417957e+000
169 147 134
15 1 518 391.7800 -250.1900 3 568 370.7900 -289.3100 2 470 379.6400 -250.4100 4 584 323.6600 -317.7100 5 623 307.3500 -257.2300 6 648 262.6801 -407.0100 7 728 240.3300 -357.2600 8 583 170.7300 -464.2500 9 793 186.9600 -374.5700 10 815 98.6200 -428.7000 12 834 128.0500 -361.1200 13 901 136.8800 -384.4000 14 735 106.9500 -328.9100 15 564 50.9200 -354.0200 16 574 46.5000 -323.9400
4.3048470178e-001 -1.1058021576e+000 -7.2942793069e+000
45 32 34
3 1 521 154.2900 -413.0700 3 369 105.6500 -365.5800 4 377 66.8800 -352.8600
8.1952142950e-001 -9.6848309893e-001 -6.7516275625e+000
253 82 93
4 1 522 350.7800 -409.2900 3 486 301.1300 -419.7200 5 410 229.1801 -350.9500 6 444 181.6100 -480.9600
3.4861348172e-001 1.0094736162e+000 -6.9966430860e+000
219 212 209
3 1 528 132.4301 421.5600 3 581 225.0400 466.4000 2 398 180.3000 475.0300
-2.1374889240e-002 1.0757786887e+000 -7.4020075702e+000
192 35 44
3 1 529 -17.6500 404.8200 3 491 58.8800 493.8199 2 397 18.2700 475.5500
7.6295647597e-001 7.9259352943e-001 -6.6117433884e+000
16 12 9
7 1 530 333.8500 373.0700 3 585 434.3300 353.7800 2 487 390.9200 397.9600 4 700 429.5300 291.8500 5 730 458.1500 305.9100 6 746 439.3800 122.0400 7 880 490.7500 126.7300
8.2144350751e-001 6.1601673321e-001 -6.5146830428e+000
203 42 57
15 1 531 371.8300 301.4400 3 503 460.2200 265.2300 2 403 423.7400 317.3500 4 523 446.9000 199.6000 5 567 466.0100 215.3100 6 583 441.7100 30.5900 7 672 479.4700 31.6700 8 547 420.7800 -116.9400 9 762 464.5699 -93.2400 10 890 411.2600 -205.1500 12 906 460.3500 -172.8100 13 984 501.3800 -265.7000 14 729 458.9500 -241.1200 15 850 393.2900 -322.9700 16 765 393.9100 -342.6800
-3.2494504181e-001 7.6628816544e-001 -7.7378031157e+000
206 191 183
13 1 532 -120.5500 268.7500 3 583 -74.4400 377.2600 2 489 -102.5100 344.3800 4 615 -65.2900 381.5300 5 652 -12.8800 441.0800 6 666 -23.3200 329.2400 8 646 1.8400 339.2800 9 880 82.1899 431.3300 12 1012 151.9900 463.2700 13 1057 252.3500 430.4700 14 908 262.5500 451.7200 15 1011 253.4500 371.6900 16 1050 309.6801 365.8200
4.2891846122e-001 5.3590615693e-001 -6.9638909480e+000
181 174 166
2 1 533 166.6700 230.8700 3 596 227.2100 252.8800
-1.3883802018e-001 5.3676020399e-001 -7.4020234045e+000
208 199 190
6 1 535 -59.5300 206.0800 3 499 -18.3900 284.7500 2 408 -44.0800 269.0600 4 514 -15.6400 277.5700 5 557 29.3900 332.4700 6 459 14.0100 209.2800
9.6205787734e-001 3.6359065201e-001 -6.3624291210e+000
214 49 60
4 1 536 458.4200 195.6000 3 607 530.2500 126.9300 4 537 504.5699 59.4700 5 675 506.0400 74.8000
9.3930002774e-001 2.5738430140e-001 -6.4192669853e+000
235 64 73
4 1 542 439.2200 139.9300 3 521 499.2900 80.8000 6 611 439.1500 -142.5900 7 706 450.9600 -137.6900
1.0401793056e+000 1.8965680285e-001 -6.3093456214e+000
229 58 64
13 1 544 504.6899 113.1200 3 612 561.5300 31.9400 2 501 542.5500 103.0700 4 553 526.5800 -36.4500 5 604 520.4000 -14.8100 6 629 483.0200 -202.6700 7 789 485.7000 -204.1200 8 577 416.5699 -349.9200 9 787 435.1200 -307.8700 10 910 357.4800 -407.8600 12 838 390.3199 -363.0900 13 994 404.4000 -434.2500 14 634 358.7600 -392.7200
6.3869840598e-001 1.3911722434e-001 -6.7749080057e+000
170 163 153
3 1 545 266.9600 73.6700 3 520 302.3900 62.0200 2 420 286.1899 93.2800
-2.6867149472e-002 7.0180579788e-002 -6.9605812910e+000
179 168 162
15 1 546 -18.8200 40.6500 3 517 2.8900 83.0100 2 423 -13.1600 86.4500 4 528 -5.9700 66.7000 5 572 25.2300 124.5800 6 588 2.6800 -11.4300 7 670 29.7400 55.9500 8 421 -26.9500 -50.9800 9 743 30.6000 24.1700 10 860 -24.8600 -28.1200 12 880 34.4000 33.1500 13 948 87.3900 -2.6500 14 687 79.6400 33.6000 15 805 44.6100 -24.2400 16 830 66.0699 -18.8300
-2.6408340337e-003 4.5223080335e-002 -6.9290976204e+000
182 171 165
7 1 548 -9.1700 30.1300 3 518 11.5100 69.5300 4 440 1.7200 53.0500 5 574 32.3300 108.8700 6 589 9.2600 -28.4200 7 551 33.9500 40.1000 8 423 -22.5200 -68.7500
1.0559722406e+000 2.5261216050e-002 -6.2547104413e+000
204 53 62
11 1 549 521.0800 32.7200 3 632 561.6300 -55.8800 2 517 549.9500 17.5500 4 567 521.4900 -122.6500 6 637 467.5500 -280.9800 7 719 460.1000 -277.7400 9 700 401.3199 -367.2900 10 705 316.5400 -460.6500 12 717 344.1000 -410.4300 13 914 353.8900 -472.2900 14 751 306.2700 -424.7400
1.1179269306e+000 5.2697072934e-002 -6.2676685869e+000
29 12 20
8 1 550 551.3500 45.6900 3 540 595.3101 -45.4700 2 511 584.6100 28.8500 4 568 551.9800 -112.9100 5 611 537.9700 -86.1500 7 617 488.6801 -272.5500 8 369 415.9100 -416.9900 9 571 426.9301 -367.1500
6.0464894531e-001 2.3672430857e-002 -6.6753616961e+000
162 150 138
15 1 554 257.0500 24.8100 3 619 286.7300 7.7100 2 426 272.9800 41.3200 4 643 264.8000 -31.1500 5 686 275.5000 12.1000 6 700 245.2100 -144.8200 7 782 257.7100 -107.6800 8 631 195.7200 -228.9000 9 868 233.1400 -165.0500 10 979 166.0800 -239.8600 12 981 210.0200 -185.4400 13 1044 241.9600 -234.3000 14 891 215.4200 -194.2900 15 922 162.4200 -247.6100 16 948 166.8700 -240.0600
1.0351683059e+000 -2.0697232165e-003 -6.2648317111e+000
169 29 40
9 1 555 508.7500 19.0300 3 539 548.6400 -67.3400 2 432 538.1400 4.8300 4 571 506.9700 -132.0900 5 616 492.6100 -101.4000 6 636 451.3101 -285.3200 7 616 443.9000 -280.0900 8 483 371.3600 -419.8900 9 698 385.3800 -366.2300
3.1057643545e-001 -3.9956296314e-002 -6.7954979000e+000
204 194 185
4 1 556 124.0800 -3.5300 3 525 145.4100 5.6300 2 431 132.1200 25.7400 5 586 146.1801 32.6800
2.8648971943e-002 -1.2301649619e-001 -6.8473356466e+000
177 166 162
4 1 559 3.3900 -38.4800 3 622 15.7500 -9.2300 2 513 4.4000 0.0400 4 547 2.0600 -24.9300
4.2582065631e-001 -1.3083165726e-001 -6.7440881022e+000
224 221 214
6 1 560 176.5000 -42.3700 3 629 192.1700 -43.9700 2 441 182.2800 -20.3800 4 650 169.5601 -72.1000 5 601 181.5900 -19.3400 6 619 150.6801 -165.9600
-7.4899192420e-001 -2.0953460935e-001 -6.5274928250e+000
145 60 38
3 1 563 -354.2600 -79.7200 3 527 -354.7600 -18.7300 2 438 -368.9000 -20.4500
-1.6365067628e-001 -2.4570790809e-001 -6.8468356797e+000
238 235 230
3 1 564 -77.1000 -91.3000 3 450 -74.6900 -48.8700 2 446 -84.1500 -45.5900
5.5893879096e-002 -2.5210513325e-001 -6.8873206576e+000
205 191 182
5 1 565 13.9500 -93.6600 3 536 19.0700 -61.0900 2 448 10.6400 -54.7000 4 556 1.5600 -75.1400 5 599 23.4000 -9.7700
5.5893879096e-002 -2.5210513325e-001 -6.8873206576e+000
205 191 182
5 1 566 13.9500 -93.6600 3 537 19.0700 -61.0900 2 449 10.6400 -54.7000 4 557 1.5600 -75.1400 5 600 23.4000 -9.7700
8.6023529801e-001 -2.1465640025e-001 -6.4985543823e+000
164 149 141
12 1 569 391.9700 -82.7000 3 555 406.0200 -133.2600 2 526 402.5601 -84.7300 4 576 367.0200 -176.0400 5 615 359.5601 -130.7700 6 635 319.7000 -291.3400 7 615 313.5200 -261.2500 9 693 267.0400 -313.4000 10 805 185.7200 -383.3500 12 830 218.7000 -326.5800 13 902 234.6801 -367.0700 14 731 200.1899 -320.5900
-1.4193705919e-001 -2.9185485808e-001 -6.9068464709e+000
241 240 237
6 1 571 -66.6700 -109.1000 3 535 -68.0100 -64.5200 2 447 -75.2400 -64.2300 4 464 -82.2100 -72.8600 5 489 -56.4400 -2.5100 6 510 -84.2800 -130.9800
2.7738612100e-001 -3.1454795137e-001 -6.9435807468e+000
215 208 200
4 1 572 106.3900 -117.8000 3 546 104.8800 -96.5700 2 453 101.3700 -85.9700 4 564 83.8800 -109.6400
-4.8530437341e-001 -3.5380671830e-001 -6.6649558527e+000
46 42 53
2 1 575 -223.5200 -143.0900 3 544 -229.4500 -91.0800
-2.2726205419e-001 -3.6431992006e-001 -6.8366470243e+000
159 143 131
4 1 577 -104.2000 -141.5000 3 545 -109.3400 -95.9000 2 452 -116.4700 -95.8400 4 563 -123.7200 -102.4200
3.7665539667e-001 -5.1090246124e-001 -6.9374465852e+000
254 255 250
5 1 585 148.9301 -199.2100 3 639 133.7000 -182.0200 2 531 134.4301 -172.2900 4 573 106.4399 -192.8700 5 612 112.6801 -125.3600
4.6420781515e-001 -4.9713681424e-001 -6.8515501932e+000
151 132 94
3 1 586 188.8000 -197.7500 3 470 175.7600 -191.5300 2 462 177.9200 -174.7600
5.9927163486e-001 -5.5352891841e-001 -6.7079779137e+000
239 233 224
5 1 588 258.2000 -228.7200 3 561 239.4700 -240.1200 2 464 246.1899 -215.4700 4 579 201.4301 -260.1100 5 621 196.7700 -195.6000
3.9478655378e-001 -6.6852908373e-001 -6.9911418257e+000
254 255 250
7 1 593 153.3400 -261.7800 3 560 128.6500 -239.1500 2 469 133.1200 -235.6800 4 578 97.1600 -244.8200 5 516 100.9700 -171.8000 6 539 64.6700 -296.0900 7 598 60.6500 -218.9000
8.7631094616e-001 -8.4284294822e-001 -6.6043194477e+000
28 11 12
7 1 596 393.7200 -367.2900 3 487 349.7800 -395.9000 2 545 371.2300 -367.5600 4 596 297.1300 -413.5600 5 538 275.3900 -341.7800 6 545 224.8800 -481.2000 7 634 193.1100 -417.4900
3.2197766862e-001 -1.1483744133e+000 -7.4463958692e+000
208 191 147
9 1 598 110.1200 -416.3900 3 647 58.1300 -354.4100 2 543 73.7900 -374.1500 4 588 23.6100 -336.7500 5 622 23.2800 -249.3000 6 644 -16.8400 -348.3900 7 715 -26.5800 -243.6400 8 570 -84.4500 -311.1800 9 770 -53.4700 -187.1600
3.3117526268e-001 1.0701078423e+000 -7.0386023263e+000
196 34 40
15 1 606 122.5400 439.8500 3 656 217.7700 491.0500 2 549 171.6899 496.0000 4 679 229.2500 455.3100 5 716 280.3000 484.3300 6 732 272.3199 327.0600 7 872 348.2900 370.3700 8 649 305.9399 238.9200 9 938 387.9200 276.1800 10 1059 372.0699 179.1600 12 1079 452.3600 212.0600 13 1126 541.0400 116.3200 14 975 521.9700 122.1900 15 1081 481.4200 9.9300 16 1080 510.6600 -32.1800
3.8625824766e-001 1.0265256307e+000 -6.9751112700e+000
206 37 44
15 1 607 146.7200 430.8900 3 657 243.7400 472.6700 2 483 196.6801 482.6400 4 686 252.9600 433.2800 5 717 301.3800 458.7300 6 735 291.8300 297.8600 7 812 364.0000 335.1100 8 703 320.4200 201.3300 9 889 397.6801 234.8900 10 1060 378.8000 136.6000 12 1082 455.7800 168.6000 13 1127 538.8101 71.9300 14 978 517.2100 79.0100 15 1085 473.2900 -30.6000 16 1126 500.7400 -70.6700
7.6642953146e-001 7.1763361379e-001 -6.5581606991e+000
17 1 8
7 1 611 342.3600 344.5800 3 587 436.5100 319.0000 2 488 395.9700 366.2400 4 624 428.5200 255.0300 5 663 453.7400 269.5100 6 676 432.6400 85.5000 7 827 479.9000 86.9200
-3.9975222688e-001 9.1032624850e-001 -7.8115553488e+000
193 36 43
7 1 612 -144.0200 312.2100 3 582 -94.3200 431.4300 2 485 -124.0000 393.1900 4 504 -83.0800 438.5900 5 551 -26.2300 499.6600 6 559 -32.4400 388.8400 7 511 35.3500 495.4600
6.0302758532e-001 6.5386024023e-001 -6.7405205997e+000
148 124 116
15 1 613 251.2100 298.4600 3 591 331.6200 296.1300 2 490 295.1600 328.4400 4 627 326.7700 245.8500 5 662 356.4900 270.3400 6 674 337.2200 102.0400 7 756 383.2400 123.0700 8 604 330.0500 -13.8200 9 849 385.5699 19.5400 10 960 341.7200 -78.6800 12 968 399.6100 -42.7900 13 1028 454.0601 -127.4500 14 798 423.2600 -106.9800 15 917 369.0800 -191.8400 16 946 379.7400 -214.0300
5.9189062937e-001 6.1786014398e-001 -6.7466123616e+000
221 212 203
15 1 614 247.2000 282.1800 3 597 323.4000 280.2700 2 492 288.7200 311.9100 4 626 317.2100 231.7800 5 661 346.0300 257.6400 6 675 326.2600 90.2300 7 757 370.3000 112.7700 8 603 316.6600 -22.5200 9 848 371.4200 13.0200 10 961 326.7200 -83.8100 12 967 383.9399 -46.3100 13 1026 437.1700 -128.4600 14 880 407.3101 -106.5500 15 983 353.8101 -189.2500 16 1026 364.6700 -209.1500
-1.3133761601e-001 5.7871505197e-001 -7.4079189848e+000
150 141 131
8 1 616 -55.3900 221.7900 3 669 -12.5700 302.1600 2 558 -38.0600 285.7400 5 656 37.1100 346.7400 6 672 22.6500 222.2700 7 814 74.5000 303.5600 8 651 29.3500 204.3500 9 937 101.7800 282.6200
3.9993008259e-001 3.1144009663e-001 -7.0409442326e+000
142 132 119
15 1 621 151.7900 137.8100 3 602 194.5500 159.1300 2 495 171.6700 173.4800 4 628 184.2800 132.7900 5 668 210.8500 176.3700 6 679 188.5500 33.8900 7 760 222.0200 85.3000 8 602 170.2300 -29.1800 9 844 223.2200 33.4500 10 954 174.4200 -31.5000 12 960 232.4800 18.9700 13 1018 286.3800 -33.3500 14 871 270.1899 -4.6900 15 906 228.8500 -69.4700 16 929 247.8600 -73.0000
1.0128484756e+000 2.6240582802e-001 -6.3353122129e+000
232 58 71
13 1 622 486.3400 146.6300 3 611 549.3400 71.5800 2 497 527.3900 140.7400 4 540 518.6899 2.7400 5 595 516.5699 22.9400 6 624 481.1500 -165.0500 7 787 489.1000 -167.9800 8 575 422.9000 -314.6500 9 785 444.9800 -276.9100 10 907 370.9399 -379.7600 12 921 404.9800 -337.5400 13 910 424.6500 -413.3100 14 821 375.7600 -373.4500
3.8833921246e-001 1.4120697696e-001 -6.8417844168e+000
194 184 174
9 1 623 155.7800 72.8300 3 691 190.1600 82.5800 2 500 172.0800 103.0400 4 635 174.6200 51.4400 5 576 195.3300 97.5100 6 592 170.1100 -50.7700 7 681 193.8101 -3.6800 8 544 135.8300 -119.7000 9 753 182.6899 -56.1100
3.9564835719e-001 4.3457955544e-002 -6.7891269168e+000
146 136 127
14 1 624 158.7200 30.4300 3 693 188.0000 36.3600 2 508 172.8000 58.9600 4 719 170.7200 6.6100 5 748 188.8900 54.5800 6 759 162.1600 -93.5700 7 839 180.3300 -46.4000 8 677 120.8101 -162.8900 9 914 166.4100 -96.5500 10 1033 104.9000 -162.7000 12 1049 153.8101 -106.9800 13 1094 193.6100 -152.3800 14 945 174.4900 -114.0600 15 1044 128.2000 -168.6800
7.3452430141e-001 8.0054130136e-002 -6.6648056586e+000
188 181 171
15 1 625 318.3500 52.4800 3 620 353.6300 23.8500 2 506 338.8500 64.3800 4 644 328.5601 -18.8800 5 594 335.7700 18.7900 6 702 304.5900 -140.8100 7 702 315.6899 -111.9700 8 632 254.8300 -233.8200 9 773 288.3101 -176.2700 10 898 220.3300 -253.8700 12 982 262.9900 -202.4100 13 1045 292.7100 -256.3800 14 811 263.2300 -217.6400 15 925 206.4100 -271.0000 16 949 209.1899 -265.9000
-2.4097875859e-001 1.8843450570e-002 -6.8989284480e+000
77 20 13
15 1 626 -108.1800 20.2300 3 608 -91.5100 72.2200 2 503 -107.0000 72.2400 4 633 -97.5900 58.7600 5 670 -61.9900 122.0000 6 681 -84.6300 -12.3300 7 759 -58.3000 60.7800 8 606 -115.7200 -45.7600 9 842 -55.4500 32.6700 10 952 -113.4500 -16.0600 12 956 -51.8500 49.7000 13 1076 1.3400 18.1900 14 862 -1.7600 56.2400 15 962 -33.6100 -1.3900 16 997 -10.8100 5.9100
-2.0275267091e-001 1.7362410367e-004 -6.8774203624e+000
156 144 132
15 1 627 -93.5300 11.8500 3 609 -76.6600 60.7700 2 504 -91.8900 62.3700 4 634 -83.9300 46.1100 5 671 -49.4200 109.0500 6 682 -72.3000 -26.2600 7 762 -47.1200 45.5900 8 607 -105.3100 -62.3300 9 846 -45.7300 16.0200 10 953 -104.9400 -34.1000 12 957 -44.7900 31.5100 13 1017 7.2000 -0.5900 14 863 2.3100 38.2100 15 964 -30.8900 -18.8800 16 921 -9.3600 -11.2900
5.2318294735e-001 2.6164244462e-002 -6.7015372224e+000
160 150 141
8 1 629 220.9200 24.9900 3 618 250.2200 15.7100 2 509 237.3000 46.7300 4 548 228.8800 -19.5800 5 592 241.7600 25.5300 6 605 213.1700 -127.7000 7 697 225.1300 -89.3000 8 558 163.8000 -209.0400
6.0917722116e-001 -1.4004776749e-002 -6.6423273878e+000
209 200 193
3 1 631 263.0300 8.5500 3 702 291.0300 -11.6900 2 515 278.4301 24.0100
-3.1418906832e-001 -2.9114135139e-001 -6.7661089209e+000
169 145 135
3 1 645 -143.6300 -111.7900 3 628 -144.5600 -65.1300 2 522 -153.9300 -64.3800
