# Bundle file v0.3
55 17080
1766.364490 0.0 0.0
0.942476 0.293346 -0.160274
-0.229765 0.220247 -0.947998
-0.242791 0.930290 0.274978
-4.011036 -15.237817 -1.123757
1760.387904 0.0 0.0
0.934733 0.305426 -0.181629
-0.235534 0.149797 -0.960252
-0.266079 0.940359 0.211958
-4.374479 -15.536884 -2.203537
1759.270558 0.0 0.0
0.932052 0.293066 -0.213052
-0.229107 0.021168 -0.973171
-0.280693 0.955858 0.086873
-4.913435 -15.905471 -4.464628
1776.435518 0.0 0.0
0.929469 0.291934 -0.225524
-0.230120 -0.018978 -0.972977
-0.288325 0.956250 0.049540
-4.875898 -16.059959 -5.189973
1756.028662 0.0 0.0
0.923881 0.286260 -0.253969
-0.228692 -0.119111 -0.966185
-0.306830 0.950720 -0.044579
-5.650178 -15.894270 -6.343989
1747.321671 0.0 0.0
0.919979 0.277752 -0.276573
-0.203869 -0.263583 -0.942848
-0.334778 0.923784 -0.185865
-5.730426 -15.504420 -9.286134
1757.887051 0.0 0.0
0.913048 0.272819 -0.303171
-0.202635 -0.341657 -0.917720
-0.353952 0.899355 -0.256667
-6.330165 -15.257652 -10.201490
1714.909026 0.0 0.0
0.910706 0.258507 -0.322164
-0.197744 -0.411908 -0.889511
-0.362647 0.873788 -0.324009
-6.531602 -14.890107 -11.548833
1654.798688 0.0 0.0
0.896200 0.243967 -0.370549
-0.145219 -0.627898 -0.764628
-0.419211 0.739070 -0.527293
-7.038492 -12.616315 -14.968137
1716.053013 0.0 0.0
0.894076 0.242576 -0.376544
-0.125442 -0.671414 -0.730389
-0.429991 0.700257 -0.569866
-6.994657 -12.693006 -16.246755
1686.333981 0.0 0.0
0.896196 0.216621 -0.387179
-0.111987 -0.733987 -0.669867
-0.429292 0.643691 -0.633538
-7.084305 -11.643631 -17.343483
1665.405608 0.0 0.0
0.895579 0.197143 -0.398840
-0.094667 -0.791494 -0.603801
-0.434715 0.578508 -0.690182
-7.361802 -10.522256 -18.117456
1694.068578 0.0 0.0
0.891769 0.172159 -0.418460
-0.074643 -0.856154 -0.511301
-0.446291 0.487198 -0.750641
-7.707773 -8.735858 -19.135546
1652.866092 0.0 0.0
0.894183 0.137528 -0.426055
-0.074936 -0.892249 -0.445283
-0.441386 0.430092 -0.787528
-7.742652 -7.848112 -19.848486
1708.359325 0.0 0.0
0.879500 0.125691 -0.459001
-0.013538 -0.957494 -0.288136
-0.475707 0.259630 -0.840414
-8.693277 -5.464687 -20.398403
1693.428547 0.0 0.0
0.885564 0.097133 -0.454249
-0.000164 -0.977828 -0.209411
-0.464518 0.185522 -0.865913
-8.591939 -4.362284 -21.489624
1680.049591 0.0 0.0
0.884466 0.068513 -0.461548
0.024794 -0.994665 -0.100136
-0.465946 0.077124 -0.881446
-8.754143 -2.466512 -21.623348
1697.873571 0.0 0.0
0.887871 0.038343 -0.458491
0.057952 -0.997905 0.028771
-0.456427 -0.052115 -0.888233
-9.066083 -1.119902 -21.332425
1716.514704 0.0 0.0
0.888506 0.012465 -0.458695
0.088065 -0.985680 0.143801
-0.450334 -0.168163 -0.876881
-9.095713 1.285697 -21.128361
1721.630884 0.0 0.0
0.893482 -0.013755 -0.448888
0.111033 -0.961735 0.250474
-0.435157 -0.273635 -0.857766
-9.036104 2.916711 -21.285376
1730.171585 0.0 0.0
0.883298 -0.038638 -0.467217
0.142823 -0.927046 0.346680
-0.446527 -0.372951 -0.813340
-9.913749 5.043864 -20.056728
1726.579475 0.0 0.0
0.894283 -0.070705 -0.441881
0.142782 -0.890745 0.431493
-0.424112 -0.448970 -0.786483
-9.329235 6.208593 -19.646078
1722.409596 0.0 0.0
0.904912 -0.088505 -0.416294
0.162435 -0.832274 0.530033
-0.393381 -0.547254 -0.738758
-8.807265 7.882782 -19.361711
1725.933061 0.0 0.0
0.907454 -0.106703 -0.406377
0.188999 -0.760161 0.621638
-0.375242 -0.640913 -0.669645
-8.711547 9.655579 -18.000051
1730.387339 0.0 0.0
0.930653 -0.091960 -0.354158
0.203349 -0.674683 0.709543
-0.304194 -0.732356 -0.609196
-7.621023 10.856181 -17.544688
1702.759943 0.0 0.0
0.935839 -0.106172 -0.336055
0.214475 -0.585068 0.782110
-0.279654 -0.804004 -0.524758
-7.271480 12.457015 -16.121156
1698.134176 0.0 0.0
0.940276 -0.120640 -0.318319
0.213368 -0.519751 0.827244
-0.265245 -0.845757 -0.462969
-7.166239 13.191442 -15.527575
1700.963877 0.0 0.0
0.949035 -0.131442 -0.286452
0.207966 -0.421760 0.882535
-0.236817 -0.897130 -0.372929
-6.790202 14.207742 -14.113373
1712.403730 0.0 0.0
0.956344 -0.108138 -0.271501
0.244951 -0.210087 0.946500
-0.159391 -0.971684 -0.174427
-5.932036 15.243097 -11.122038
1710.435507 0.0 0.0
0.960518 -0.117913 -0.251994
0.238836 -0.115090 0.964216
-0.142696 -0.986332 -0.082384
-5.872862 15.587056 -9.662619
1714.981438 0.0 0.0
0.965661 -0.114938 -0.232997
0.228802 -0.048621 0.972258
-0.123078 -0.992182 -0.020653
-5.429445 15.938378 -8.644211
1718.217314 0.0 0.0
0.965921 -0.134255 -0.221296
0.227690 0.034110 0.973136
-0.123099 -0.990360 0.063516
-5.840061 15.924837 -6.491272
1733.309708 0.0 0.0
0.972321 -0.163059 -0.167341
0.192029 0.149696 0.969905
-0.133102 -0.975194 0.176865
-5.006624 16.411285 -5.150884
1709.237320 0.0 0.0
0.977840 -0.136490 -0.158744
0.189455 0.254269 0.948395
-0.089083 -0.957454 0.274493
-4.648406 15.764385 -4.139933
1689.452939 0.0 0.0
0.984270 -0.082833 -0.156051
0.173735 0.293405 0.940069
-0.032083 -0.952393 0.303181
-4.096777 15.812066 -3.862578
1735.564844 0.0 0.0
0.985599 -0.116567 -0.122498
0.159194 0.395376 0.904619
-0.057016 -0.911093 0.408239
-3.602397 15.303055 -1.167557
1714.647375 0.0 0.0
0.989634 -0.086719 -0.114477
0.143289 0.542523 0.827730
-0.009673 -0.835553 0.549325
-3.302967 14.088775 0.796891
1708.855245 0.0 0.0
0.992193 -0.084201 -0.091995
0.124608 0.639321 0.758776
-0.005075 -0.764316 0.644822
-3.073018 13.076318 2.290201
1754.460858 0.0 0.0
0.993002 -0.083785 -0.083227
0.117894 0.662099 0.740085
-0.006903 -0.744718 0.667344
-2.831480 12.838792 2.488933
1702.028554 0.0 0.0
0.996012 -0.067378 -0.058479
0.088383 0.834590 0.543735
0.012170 -0.546736 0.837217
-2.631598 9.868621 6.007398
1726.331325 0.0 0.0
0.997328 -0.041155 -0.060356
0.066399 0.855165 0.514085
0.030457 -0.516719 0.855613
-2.360871 9.159871 6.288150
1721.748455 0.0 0.0
0.997601 -0.014670 -0.067655
0.037332 0.937009 0.347305
0.058298 -0.348998 0.935308
-2.335129 7.056393 7.782294
1716.479141 0.0 0.0
0.999383 -0.016650 -0.030921
0.025469 0.949839 0.311699
0.024180 -0.312295 0.949678
-1.786922 5.792460 7.956785
1719.606207 0.0 0.0
0.999660 0.005427 -0.025522
0.000331 0.975415 0.220375
0.026091 -0.220308 0.975081
-1.861083 4.144993 8.653750
1718.792504 0.0 0.0
0.998945 0.030686 -0.034169
-0.026616 0.993149 0.113783
0.037426 -0.112753 0.992918
-2.054168 2.435806 8.919125
1714.775228 0.0 0.0
0.997621 0.053213 -0.043820
-0.052183 0.998341 0.024324
0.045042 -0.021979 0.998743
-2.074131 0.988520 8.905922
1715.256344 0.0 0.0
0.997094 0.068816 -0.032665
-0.069302 0.997498 -0.013975
0.031621 0.016198 0.999369
-1.834400 0.302480 8.897468
1720.570738 0.0 0.0
0.995308 0.091249 -0.032193
-0.092717 0.994558 -0.047524
0.027682 0.050286 0.998351
-1.720724 -0.036222 8.972876
1711.738619 0.0 0.0
0.992421 0.111183 -0.052337
-0.117979 0.981207 -0.152689
0.034377 0.157706 0.986888
-2.172778 -2.142852 8.726071
1735.075961 0.0 0.0
0.990349 0.129482 -0.049438
-0.137410 0.963890 -0.228113
0.018117 0.232705 0.972379
-2.298543 -3.657317 8.644109
1650.047002 0.0 0.0
0.965647 0.244312 -0.088534
-0.218382 0.578311 -0.786044
-0.140839 0.778375 0.611798
-3.294833 -12.479301 4.287578
1749.867925 0.0 0.0
0.987810 0.145970 -0.054076
-0.155629 0.933556 -0.322882
0.003352 0.327362 0.944893
-2.764888 -5.222583 8.415810
1688.264564 0.0 0.0
0.962966 0.251059 -0.098313
-0.217604 0.508373 -0.833190
-0.159200 0.823727 0.544177
-3.730995 -13.315179 3.607512
1664.943325 0.0 0.0
0.962116 0.231928 -0.143323
-0.236506 0.448456 -0.861946
-0.135635 0.863190 0.486320
-3.993147 -13.486344 2.009827
1685.672240 0.0 0.0
0.955024 0.254842 -0.151608
-0.230598 0.316841 -0.920020
-0.186424 0.913601 0.361357
-3.981691 -14.615804 0.623622
2.951696 -2.139029 -17.371527
76 51 31
20 45 1809 318.78 -358.81 46 1781 315.72 -367.00 47 1922 328.02 -331.60 44 2261 309.89 -377.37 43 2208 341.23 -395.25 42 2135 384.19 -349.19 39 2507 342.83 -258.74 40 2268 406.44 -329.76 41 941 416.82 -198.54 36 2081 440.29 -253.06 37 2333 384.44 -260.35 38 2192 402.73 -255.25 35 2335 450.97 -212.45 33 1874 307.15 -167.10 31 2207 334.22 -112.63 32 2035 295.41 -51.18 34 1410 398.59 -149.73 29 1817 414.45 -55.24 30 1815 449.92 -45.73 28 954 485.49 -7.51
3.903528 -1.742277 -17.359032
88 57 29
20 45 1485 523.20 -288.80 46 1483 517.81 -302.29 47 1614 534.00 -271.62 44 1712 516.62 -297.75 43 1623 549.16 -305.50 42 1911 585.64 -256.33 39 2079 541.45 -155.04 40 1816 609.33 -228.62 41 645 620.88 -104.13 36 1823 634.47 -155.77 37 1905 574.68 -163.11 38 1798 592.02 -158.13 35 2055 652.18 -118.63 33 1839 488.05 -90.68 31 1931 544.94 -37.37 32 2013 488.55 15.25 34 1131 582.70 -76.46 29 1786 595.71 -3.60 30 1789 633.28 9.68 28 1721 662.18 33.31
3.395750 -0.632592 -15.643084
107 79 55
19 45 1945 516.99 -53.53 46 1926 523.45 -90.66 47 2068 553.17 -62.88 44 2371 497.55 -17.96 43 2307 522.67 21.90 42 2210 546.54 104.73 39 2553 435.75 291.03 40 2320 520.27 210.03 41 984 565.72 308.58 36 2165 449.28 303.78 37 2236 419.12 287.84 35 2595 421.77 351.23 33 2203 261.61 297.63 31 2299 233.50 343.89 32 2435 227.82 403.34 34 1498 363.80 316.56 29 2328 292.18 286.83 30 2505 332.40 323.52 28 1917 336.31 287.05
3.157107 -0.992188 -16.025468
80 54 31
16 45 1742 428.70 -137.38 46 1727 433.38 -166.00 44 2204 411.74 -115.86 43 2134 438.70 -91.22 42 2061 470.01 -16.15 39 2440 378.46 152.55 41 881 491.10 172.81 36 2190 415.83 176.52 37 2253 379.29 156.97 38 2124 403.40 161.96 33 2226 243.50 198.72 31 2320 221.53 252.64 32 2454 211.92 310.36 34 1536 344.15 216.47 29 2345 288.29 220.25 28 1941 337.19 231.29
3.288560 -1.605534 -16.856914
102 76 53
20 45 1786 413.28 -266.01 46 1755 412.47 -282.44 47 1893 429.51 -250.57 44 2237 403.30 -267.46 43 2179 433.28 -267.24 42 2106 471.27 -207.91 39 2478 411.80 -82.87 40 2237 482.13 -158.52 41 914 500.84 -41.92 36 2229 486.02 -62.77 37 2301 436.40 -76.56 38 2167 456.25 -72.84 35 2496 486.51 -14.55 33 2068 332.97 -1.37 31 2373 346.64 57.73 32 2287 316.36 112.12 34 1370 428.63 15.08 29 2381 412.10 72.85 30 2375 449.77 91.65 28 1979 471.36 103.34
2.915460 -1.245825 -16.250936
55 34 15
17 45 2163 355.91 -192.49 46 2148 360.20 -216.21 47 2305 381.06 -184.21 44 2408 339.81 -180.47 43 2524 368.16 -163.99 42 2368 404.35 -94.05 40 2343 397.15 -17.25 36 2360 374.13 91.05 38 2284 358.15 78.15 35 2635 358.00 146.24 33 2405 212.04 131.00 31 2539 190.79 188.59 32 2638 180.39 246.81 34 1730 310.54 148.60 29 2542 266.33 172.86 30 2526 304.07 200.44 28 2137 319.48 190.94
3.046064 -1.606235 -16.764299
66 45 26
18 45 2334 362.36 -265.41 46 2324 362.27 -281.31 44 2579 350.67 -268.40 43 2544 380.92 -267.50 42 2386 419.00 -206.49 39 2606 356.67 -75.60 40 2355 426.19 -151.13 41 1021 445.99 -37.81 36 2376 428.50 -52.26 37 2425 381.36 -66.92 38 2302 402.11 -62.83 35 2650 425.08 -2.19 33 2249 277.45 8.74 31 2559 279.30 66.79 34 1583 372.73 24.56 29 2557 352.59 79.82 30 2539 389.61 99.57 28 2155 411.63 109.21
3.214823 -0.920473 -15.928699
111 84 57
20 45 2301 447.65 -121.58 46 2131 451.90 -152.51 47 2283 476.64 -123.17 44 2534 431.37 -96.96 43 2648 457.51 -69.29 42 2472 487.78 8.08 39 2787 393.94 183.66 40 2544 473.12 102.82 41 1120 510.20 203.80 36 2485 426.38 206.15 37 2501 391.11 188.62 38 2364 415.50 193.17 35 2743 404.60 258.05 33 2533 249.57 222.91 31 2685 225.93 277.26 32 2767 217.24 334.52 34 1854 349.95 240.88 29 2683 289.98 239.33 30 2689 329.63 271.67 28 2305 337.03 247.96
3.137469 -0.906388 -15.907090
71 46 26
14 45 1409 430.89 -117.63 46 1018 436.54 -148.52 47 1088 461.30 -118.53 44 1587 413.18 -92.23 43 1489 439.37 -63.98 42 1441 470.31 13.56 39 1548 373.45 186.03 40 1290 452.69 105.80 36 1263 405.71 208.79 35 1492 383.43 261.41 31 766 204.66 277.89 32 883 197.72 336.69 29 127 271.54 238.92 30 1029 310.41 272.48
3.374295 -0.373116 -15.280842
105 76 50
17 45 1682 540.34 18.44 46 1670 550.22 -25.56 47 1439 583.28 0.95 43 2081 540.34 117.85 42 1769 559.15 206.02 39 2185 430.93 405.58 40 1924 519.67 323.37 41 686 574.80 423.03 36 1635 428.75 405.24 37 1715 403.51 391.82 38 1632 430.72 398.43 35 1853 394.73 450.81 33 1700 233.30 375.03 31 1745 194.58 414.01 34 991 337.84 396.89 29 1630 252.76 339.27 30 1611 293.88 383.40
3.286557 -0.722313 -15.751841
72 45 24
17 45 2144 480.85 -75.45 46 1935 486.85 -109.86 47 2078 514.74 -81.55 44 2379 461.53 -43.44 43 2492 485.31 -8.05 42 2213 512.47 72.72 39 2411 406.98 252.91 40 2190 488.71 172.04 41 992 531.16 274.81 36 1961 429.44 265.72 37 2047 396.99 251.03 38 1926 422.44 255.66 35 1892 404.04 315.27 33 1717 248.13 267.57 31 1768 221.02 316.22 32 1886 214.93 375.03 29 1651 282.93 267.01
3.900986 -1.111634 -16.409135
103 77 52
16 45 1033 585.44 -171.96 46 1058 586.48 -196.62 44 1625 574.75 -155.53 43 1541 603.25 -137.38 42 1487 631.48 -67.56 39 1996 552.84 88.31 40 1726 631.98 9.22 41 588 662.83 114.78 36 1736 596.64 109.56 37 1827 553.35 92.11 35 2256 588.33 158.38 31 1815 426.13 200.92 32 1936 398.37 250.78 34 1053 516.70 158.17 29 1714 471.33 182.06 30 1693 513.00 208.34
3.484268 -0.864347 -15.989584
103 77 53
16 45 1969 512.69 -111.11 46 1949 515.97 -142.22 44 2393 495.41 -85.37 43 2323 521.60 -56.98 42 2348 549.02 20.02 39 2569 454.88 191.00 40 2332 535.11 110.17 41 1000 573.46 212.51 37 2392 449.06 192.93 35 2610 466.65 258.97 33 2221 303.76 223.19 31 2113 290.47 275.07 32 2213 277.31 331.07 34 1530 405.10 241.18 29 2034 347.82 236.53 30 2034 387.12 269.27
4.080042 -0.782021 -16.128121
80 54 29
18 45 1963 657.82 -98.42 46 1706 658.29 -130.70 47 1867 685.35 -104.97 44 2193 643.69 -71.94 43 2127 668.90 -43.82 42 2053 690.08 31.46 39 2231 592.57 197.48 40 1992 676.31 116.70 36 2187 613.11 207.63 37 2055 576.68 192.95 38 1941 599.85 197.56 35 2442 596.46 252.22 33 2013 420.06 217.68 31 2117 420.51 269.11 32 2216 398.69 320.32 34 1298 522.36 235.86 29 2039 460.62 230.64 30 2037 503.10 262.71
3.305348 -0.629110 -15.626850
67 42 22
19 45 2287 491.78 -49.24 46 2285 498.72 -86.03 47 2459 527.27 -58.15 44 2515 472.55 -13.86 43 2487 497.16 24.62 42 2336 523.06 106.98 39 2552 412.60 290.17 40 2319 496.00 209.13 41 983 542.50 311.28 36 2164 428.70 302.95 37 2235 398.45 287.29 38 2103 423.89 293.11 35 2428 401.22 352.42 33 1993 243.89 297.51 31 2298 214.09 344.22 32 2434 209.75 403.93 34 1497 346.95 317.75 29 2327 275.60 289.10 30 2308 315.18 326.93
3.181820 -1.251136 -16.340511
54 29 7
15 45 1028 417.75 -195.41 46 1052 420.29 -219.15 44 1634 403.46 -183.49 43 1553 431.88 -168.22 42 1854 466.35 -99.13 39 2006 387.11 53.40 40 1730 461.65 -25.23 41 600 489.02 81.02 36 1747 437.64 81.24 37 1826 396.99 63.71 38 1724 419.50 67.81 35 1955 425.03 134.27 31 1827 260.25 181.21 32 1933 244.42 237.65 30 1690 365.85 193.68
3.891231 -0.666754 -15.931592
61 42 18
17 45 1383 624.91 -67.89 46 1391 628.02 -102.53 47 1071 657.26 -76.54 44 1936 609.08 -36.99 43 1843 633.53 -3.43 42 1799 654.44 74.51 39 1925 549.43 246.71 40 1973 634.07 165.95 41 718 677.87 268.20 36 1675 563.52 254.19 37 1768 530.06 239.67 38 1680 554.63 244.91 35 1898 542.05 298.50 33 1309 370.22 254.33 31 1285 361.57 302.47 32 1432 344.04 356.89 34 729 473.43 273.43
3.374411 -1.707686 -17.038641
102 78 52
16 45 1483 424.21 -284.35 46 1478 421.79 -298.17 47 1607 437.43 -266.20 44 1693 415.10 -289.69 43 1618 446.25 -294.86 42 1583 484.89 -239.38 39 2065 431.57 -123.44 40 1794 500.27 -198.61 36 1451 512.08 -109.09 37 1894 459.15 -119.90 38 1451 478.54 -115.80 35 1659 517.85 -63.78 33 1484 362.23 -42.77 31 1898 388.93 13.60 32 1605 351.14 69.19 34 1115 457.53 -27.56
3.374256 -1.709006 -17.038583
102 78 52
15 45 1482 424.21 -284.35 46 1479 421.79 -298.17 47 1608 437.43 -266.20 44 1692 415.10 -289.69 43 1617 446.25 -294.86 42 1584 484.89 -239.38 39 2064 431.57 -123.44 40 1793 500.27 -198.61 41 638 515.44 -81.23 36 1452 512.08 -109.09 37 1895 459.15 -119.90 38 1452 478.54 -115.80 33 1483 362.23 -42.77 31 1899 388.93 13.60 34 1114 457.53 -27.56
4.115614 -0.407535 -15.639814
110 80 52
17 45 2121 715.66 -2.61 46 2104 720.32 -42.99 47 2257 754.47 -18.66 44 2362 695.79 38.28 43 2298 716.15 80.40 42 2204 729.11 163.57 39 2398 604.99 348.76 40 2177 695.47 266.27 41 849 750.88 368.18 36 2154 597.39 347.43 37 2233 569.15 334.23 38 2100 595.09 339.94 35 2426 569.33 388.40 33 1987 389.95 328.39 31 2097 374.49 371.02 32 2197 361.97 426.65 34 1268 494.66 348.59
3.450649 -0.669037 -15.727321
79 53 30
17 45 1713 526.89 -63.27 46 1695 533.17 -98.87 47 1498 561.33 -71.77 44 2177 508.43 -29.48 43 2105 532.65 7.20 42 2215 556.36 88.39 39 2413 447.70 270.07 40 2186 531.19 188.52 41 860 576.53 289.65 36 2174 462.98 281.99 37 2241 432.00 266.71 38 2107 457.53 271.87 35 2430 437.69 330.35 33 2216 275.75 279.69 31 2300 250.76 327.84 32 2436 243.50 386.19 34 1508 379.30 300.15
2.813396 -1.717451 -16.848422
82 55 34
17 45 2181 306.13 -283.93 46 2164 306.72 -299.00 47 2323 321.84 -264.86 44 2577 293.29 -289.64 43 2548 322.78 -293.20 42 2389 364.10 -235.59 39 2736 304.11 -114.19 40 2360 370.79 -189.04 41 1028 389.01 -72.09 36 2525 380.37 -93.34 37 2540 332.86 -106.94 38 2408 353.79 -102.10 35 2794 376.56 -44.30 33 2562 234.66 -27.10 31 2716 231.53 30.20 32 2798 210.22 90.08 34 1889 329.88 -10.22
3.593987 -1.566383 -16.930648
111 85 58
16 45 2462 482.88 -259.12 46 2451 479.97 -276.30 44 2713 473.11 -260.27 43 2674 504.71 -258.52 42 2498 539.63 -200.53 39 2800 480.53 -77.84 40 2557 551.69 -153.72 41 1252 570.28 -38.77 36 2597 553.10 -63.93 37 2602 502.31 -76.86 38 2468 521.76 -71.73 35 2875 555.97 -14.75 33 2650 395.70 -2.83 31 2814 419.66 58.54 32 2888 382.67 109.71 34 1973 491.92 11.35
3.897387 -0.834282 -16.123088
87 60 39
16 45 1002 611.71 -107.78 46 444 611.00 -139.76 47 510 638.09 -113.01 44 1114 595.63 -83.67 43 1019 621.58 -56.37 42 967 646.02 18.52 39 1554 550.27 183.86 40 1296 632.70 103.22 41 244 672.69 207.95 36 1274 575.84 197.45 37 1403 538.98 181.89 38 1306 562.02 186.72 35 1511 558.98 243.69 33 835 387.72 210.98 32 167 364.87 315.72 34 383 488.65 229.20
3.522196 -0.481999 -15.453596
83 57 32
13 45 933 568.20 -14.72 46 962 576.55 -55.91 47 411 608.22 -30.34 44 1534 548.03 28.96 43 1457 570.32 75.15 42 1382 590.63 162.49 39 1461 467.23 355.91 41 528 607.74 372.25 36 1200 468.18 360.90 37 1322 441.23 347.43 38 1218 467.36 352.30 35 915 436.46 407.45 33 771 272.14 342.74
3.653277 -1.467777 -16.851604
61 36 14
14 45 546 497.71 -239.94 46 536 495.93 -258.56 47 630 514.41 -228.52 44 578 488.23 -238.14 43 1151 519.06 -234.48 42 1098 553.89 -175.01 39 1158 492.03 -46.87 40 991 563.95 -123.89 36 1399 561.17 -30.63 37 1031 511.26 -44.36 38 967 531.05 -40.53 35 1141 562.93 15.00 33 959 399.91 22.60 34 462 498.77 39.56
3.321727 -0.302985 -15.220176
93 65 43
15 45 1922 529.22 40.16 46 1908 539.65 -5.03 47 2055 575.42 22.11 44 2356 506.58 90.20 43 2287 528.07 142.45 42 2187 546.50 231.20 39 2177 415.08 428.74 40 1922 504.70 347.27 41 678 562.87 448.75 36 1623 412.61 422.05 37 1713 387.85 410.14 38 1893 415.21 417.48 35 1851 377.95 465.35 33 1258 219.30 387.34 34 702 323.74 408.79
3.604683 -0.387245 -15.380121
64 39 19
14 45 1359 598.48 10.89 46 1348 607.03 -32.37 47 1458 641.44 -6.90 44 1904 577.30 57.19 43 2295 599.11 106.31 42 2196 615.62 193.37 39 2542 486.70 389.24 40 2309 576.64 306.39 41 972 632.07 405.76 36 2315 480.99 388.67 37 2377 455.44 375.38 35 2421 447.28 433.67 33 2193 280.70 362.62 34 1479 384.88 382.68
3.571121 -0.433519 -15.419163
61 35 12
13 45 1685 586.01 -0.95 46 1678 594.58 -43.34 47 1457 627.00 -18.04 44 1903 564.55 43.52 43 2088 586.45 90.31 42 1778 604.74 176.79 39 2195 478.63 370.98 40 1618 567.36 288.73 41 688 621.77 388.69 36 1643 475.35 375.73 37 1725 449.17 361.06 38 1640 475.73 367.10 35 1865 442.93 420.84
3.279983 -1.776569 -17.079905
75 48 27
11 45 1119 400.51 -296.46 46 581 398.03 -308.98 47 654 412.88 -276.73 44 1243 390.83 -303.21 43 1619 421.81 -311.20 42 1582 461.08 -256.77 40 1792 477.85 -219.97 41 637 492.94 -97.19 36 1813 496.71 -129.04 38 1793 462.23 -135.86 35 2036 502.78 -85.43
3.946724 -0.252847 -15.379116
79 49 25
14 45 2115 696.31 43.31 46 2088 704.13 -2.64 47 2249 740.68 21.34 44 2346 674.17 93.00 43 2292 692.04 142.83 48 1858 685.24 -138.61 42 2189 702.64 229.30 39 2181 566.95 421.91 40 1925 659.56 339.48 41 835 720.71 442.88 36 1930 550.23 411.63 37 2008 525.76 400.01 38 1899 552.57 406.65 35 2194 516.73 451.26
4.039427 -0.892543 -16.237171
70 43 22
11 45 2302 636.16 -123.31 46 2299 635.83 -152.56 47 2473 661.00 -125.93 44 2549 623.00 -102.01 43 2650 650.11 -76.40 42 2355 673.83 -4.44 39 2575 583.30 158.90 40 2446 664.21 78.80 41 1132 701.09 183.97 38 2273 596.30 161.99 35 2623 600.76 219.36
3.367055 -0.221593 -15.170575
97 69 47
13 45 1671 549.53 63.03 46 1653 560.44 16.40 47 1797 596.40 42.90 44 1882 524.78 115.45 43 1802 544.00 168.70 48 1639 541.83 -123.35 42 1754 560.99 257.40 39 1864 425.38 454.29 40 1592 515.23 373.26 41 504 575.10 477.09 36 665 415.99 440.76 37 1294 392.85 430.77 38 1200 420.50 437.98
3.706356 -0.177785 -15.271708
85 52 29
13 45 1917 638.08 68.27 46 1897 648.13 21.99 47 2042 685.15 47.61 44 2146 614.50 119.91 43 2066 632.81 172.77 48 1850 629.83 -115.71 42 1757 645.21 258.86 39 1427 507.16 450.98 40 1595 598.94 368.92 41 517 660.40 474.60 36 1172 491.01 432.90 37 1295 468.25 424.11 38 709 495.67 432.06
1.629970 -1.284895 -16.025303
164 84 93
14 45 1981 45.07 -188.47 46 1963 54.95 -209.52 47 2113 73.18 -172.83 44 2212 20.77 -178.21 48 1897 33.57 -272.76 42 2070 90.28 -95.99 49 1755 -13.70 -353.38 51 1583 -116.07 -369.36 39 1999 3.78 57.10 40 2018 73.35 -17.50 41 737 102.94 92.46 36 1330 62.75 87.89 37 1450 29.80 71.30 38 1720 54.82 76.74
3.615731 -0.237750 -15.248057
68 43 21
14 45 2113 614.12 53.84 46 1896 624.76 8.32 47 2239 661.07 33.49 44 2345 590.38 104.74 43 2275 609.51 157.61 48 1849 606.24 -130.93 42 2010 623.47 246.40 49 1526 566.52 -255.84 51 1395 464.32 -315.37 39 2180 486.16 441.90 40 1908 577.58 360.33 41 827 638.71 461.20 36 1624 472.67 429.87 38 1614 476.98 427.09
3.827637 -0.350066 -15.411425
100 70 44
12 45 1686 657.16 17.09 46 1351 665.55 -26.01 47 1443 699.78 -1.28 44 1894 636.28 64.23 43 1818 657.88 114.22 42 1770 672.06 201.77 39 2186 541.51 395.59 40 1932 632.18 312.77 41 520 689.71 413.50 36 1638 530.42 392.30 37 1727 503.99 379.04 38 1633 532.13 386.52
3.876880 -0.893915 -16.179813
94 70 46
11 45 1416 601.02 -122.23 46 1408 601.71 -152.09 47 1522 627.25 -125.16 44 1594 586.69 -99.11 43 1866 613.42 -74.17 42 1820 638.37 -0.54 39 1951 545.67 163.29 40 1694 626.76 83.00 36 1706 574.95 179.05 37 1793 536.63 163.00 38 1699 559.52 167.80
1.673255 -1.432549 -16.019817
182 134 112
11 45 1768 54.15 -224.90 46 1447 62.88 -246.17 47 1564 80.39 -208.61 44 1990 30.42 -217.60 43 1914 54.65 -204.55 42 1873 101.68 -133.00 40 1736 88.13 -48.29 41 750 113.75 55.04 36 1743 78.96 73.75 37 1834 45.14 52.78 38 1367 70.02 56.55
4.173986 -0.231748 -15.417053
81 51 26
12 45 2278 755.85 45.15 46 2090 761.28 -0.74 47 2250 798.38 22.33 44 2495 734.86 95.23 43 2467 752.41 146.15 42 2320 759.93 232.15 39 2539 623.15 424.07 40 2306 716.11 341.41 41 1090 779.68 444.25 36 2316 600.82 413.05 37 2375 576.63 401.70 38 2245 603.40 408.54
3.360260 -0.447527 -15.341243
80 54 29
9 45 922 530.29 -2.54 46 348 538.27 -45.33 44 1025 509.40 43.79 43 1451 533.54 94.46 42 872 554.06 181.90 40 1222 517.08 298.01 41 362 569.43 395.70 37 1309 403.32 368.06 38 1217 430.33 375.07
3.686636 -1.349346 -16.680899
66 41 20
11 45 1461 517.44 -218.57 46 1078 516.77 -239.46 47 1151 536.36 -210.04 44 1669 506.74 -211.41 43 1919 536.28 -202.49 42 1879 568.75 -139.09 39 2270 500.23 -0.57 40 2040 574.54 -78.61 41 610 598.35 32.42 37 2104 513.84 3.86 38 1985 534.63 7.90
3.344261 -1.429080 -16.645364
91 70 49
11 45 1469 438.51 -232.89 46 1457 438.66 -252.68 47 1573 457.11 -221.28 44 1995 426.84 -227.85 43 1917 456.58 -220.75 42 1878 492.29 -156.76 39 2273 424.18 -18.92 40 2038 497.08 -96.89 41 618 519.23 15.04 37 2108 441.18 -11.73 38 1990 462.32 -7.80
3.838348 -0.133345 -15.265256
92 58 30
10 45 1918 677.73 79.67 46 1887 688.20 32.71 47 2044 726.08 56.82 44 2141 653.63 132.45 43 2067 669.84 184.39 48 1641 671.46 -110.19 39 1866 538.14 463.41 40 1586 631.20 382.06 41 670 695.03 486.46 38 1201 522.41 440.85
3.562171 -0.230170 -15.225018
114 83 56
9 45 1925 600.27 55.85 46 1895 611.26 12.29 47 1799 648.29 36.16 44 1884 578.29 108.20 42 2009 610.92 249.69 39 2167 473.92 446.49 40 1905 564.98 364.26 41 679 625.32 468.94 38 1613 465.77 430.89
3.797523 -0.393407 -15.444788
80 53 29
10 45 1937 645.27 5.88 46 1679 652.17 -36.48 47 1823 685.76 -12.26 44 2162 625.14 51.69 43 2296 646.88 99.78 42 2022 662.47 187.02 39 2389 535.17 380.58 40 2170 624.92 298.04 41 844 680.74 397.66 38 2097 527.83 372.27
2.389625 -0.462869 -14.971933
118 84 55
8 45 917 272.74 11.08 46 941 288.93 -32.74 47 1433 320.05 -1.71 44 1521 245.39 61.44 43 1445 269.66 117.25 42 846 303.68 211.35 39 100 179.17 425.16 40 170 263.34 341.70
4.137853 -0.231073 -15.426956
64 35 11
9 45 906 745.00 45.73 46 932 751.55 -0.11 47 1444 789.19 23.09 44 1518 723.42 95.31 43 1441 741.55 145.54 48 434 732.95 -136.13 42 1363 749.61 231.11 39 115 612.86 421.08 40 751 706.28 339.08
2.054413 -0.101286 -15.221609
133 98 67
9 45 871 176.78 113.66 46 250 194.90 75.05 47 315 226.03 111.05 44 971 145.49 153.53 43 1410 163.69 194.03 42 822 197.61 269.18 39 850 79.74 433.98 40 706 158.04 361.84 41 184 201.34 477.09
3.853994 0.054973 -15.250109
95 60 30
9 45 1653 687.75 132.54 46 1644 698.45 84.03 47 2027 739.69 109.36 44 1869 658.88 185.44 43 1784 671.55 236.90 48 1620 686.56 -60.90 42 1730 678.07 318.71 39 1405 529.93 498.84 40 1572 623.69 421.09
1.714955 -0.264796 -15.632415
138 61 58
10 45 1662 79.51 66.61 46 1321 94.62 35.35 47 1781 121.47 73.45 44 1879 48.46 92.38 43 1813 66.86 118.43 48 1256 81.73 -56.08 42 1773 105.25 181.09 49 802 36.71 -154.04 39 1467 2.92 319.79 40 1227 74.84 252.60
3.832308 -1.068723 -16.347048
89 63 40
9 45 1017 575.03 -161.66 46 1035 575.46 -188.09 47 1105 598.55 -160.81 44 1623 563.43 -144.17 43 1530 592.91 -123.99 42 1485 619.19 -53.16 39 1583 536.42 103.73 40 915 614.56 23.29 41 411 649.30 129.67
-0.360521 -1.493346 -16.281029
176 137 111
12 45 1987 -423.63 -206.30 46 1736 -410.53 -216.62 47 2108 -396.39 -167.67 44 2218 -462.52 -217.01 43 2155 -452.63 -224.93 48 1682 -418.52 -244.48 42 1883 -394.75 -173.94 49 1741 -470.78 -307.46 51 1559 -578.21 -307.06 39 1643 -484.81 -67.59 40 1757 -423.19 -128.13 41 613 -389.46 -0.51
1.983023 -1.669361 -16.321898
87 79 58
7 45 1085 125.15 -278.42 46 1105 130.47 -296.05 44 1685 105.87 -277.66 43 1597 132.93 -272.03 42 1561 179.10 -204.48 39 1651 104.31 -57.97 40 1421 172.18 -133.23
1.158674 -1.004483 -15.742940
202 143 125
12 45 1725 -71.74 -115.60 46 1943 -59.15 -140.25 47 2084 -39.59 -100.67 44 2196 -101.83 -99.95 43 2128 -81.05 -80.00 48 1875 -77.66 -213.05 42 1822 -31.91 -10.05 49 1744 -127.35 -301.77 51 1573 -237.04 -325.40 39 1956 -124.27 147.17 40 1679 -55.59 74.07 41 563 -26.63 180.97
1.712626 -1.038306 -15.887095
166 120 97
8 45 1727 68.82 -130.85 46 1709 79.36 -155.30 47 1857 99.60 -117.81 44 1945 43.18 -115.62 48 1665 59.29 -228.15 42 1825 110.67 -26.54 39 1961 18.38 131.14 40 1702 89.28 56.00
3.818397 -0.925428 -16.203634
95 71 48
8 45 1414 583.95 -128.79 46 1407 585.32 -157.92 47 1519 610.49 -130.84 44 1608 569.87 -106.88 43 1509 596.87 -83.26 42 1466 622.60 -9.88 39 1968 532.03 152.66 40 1695 612.50 72.25
3.152390 -0.035971 -15.052233
101 71 43
11 45 1909 497.87 121.67 46 1884 512.44 73.59 47 2228 550.81 101.85 44 2327 470.40 176.92 43 2048 487.63 231.57 48 1838 496.03 -72.00 42 1989 505.33 316.93 49 1718 455.23 -202.03 51 1554 346.57 -267.00 39 2162 366.34 505.40 40 1887 454.32 428.30
3.407643 -0.252398 -15.210360
73 45 23
9 45 1924 557.57 52.71 46 1892 568.87 7.19 47 2040 604.57 33.81 44 2144 533.17 104.32 43 2064 553.03 157.28 42 2006 570.16 245.45 39 2178 435.37 441.52 40 1903 525.13 360.35 41 825 583.36 462.75
3.954381 -0.608441 -15.860435
66 41 19
8 45 1947 648.83 -54.00 46 1696 653.09 -90.26 47 1839 682.82 -64.64 44 2179 632.41 -20.76 43 2108 655.56 14.84 42 2035 674.14 94.37 39 2217 565.02 269.98 40 1961 650.77 189.55
3.161173 -0.850668 -15.863520
71 49 29
7 45 1733 440.08 -104.65 46 1716 446.01 -136.29 47 1864 471.78 -107.25 43 2125 447.98 -46.92 42 2051 477.34 30.78 39 2228 377.60 205.08 40 1981 457.17 124.19
3.109863 -0.144662 -15.062030
45 31 16
11 45 2108 483.01 90.60 46 2083 497.19 43.67 47 2236 533.98 71.97 44 2334 456.32 145.17 43 2268 475.79 200.33 48 2035 478.93 -99.63 42 2178 495.55 287.83 49 1726 437.29 -229.02 51 1567 327.80 -293.18 39 2370 358.49 483.46 40 2150 447.67 403.57
4.033712 -0.651719 -15.959364
107 79 54
9 45 1949 661.60 -65.43 46 1938 664.43 -100.42 47 2082 692.41 -75.77 44 2372 644.49 -35.06 43 2308 668.37 -2.06 42 2217 687.69 75.37 39 2420 581.44 247.99 40 2194 666.99 166.48 41 867 711.84 270.29
3.481240 -0.924383 -16.051462
63 36 15
10 45 1968 509.62 -126.12 46 1952 513.18 -156.14 47 2089 537.79 -127.40 44 2205 493.50 -101.66 43 2331 520.34 -75.28 48 1687 488.08 -243.47 42 2229 548.08 0.69 39 2431 455.82 168.22 40 2208 535.43 87.95 41 874 573.47 190.24
-0.483813 -1.686593 -16.231475
104 68 50
9 45 2455 -459.16 -251.53 46 2447 -447.56 -261.81 47 2493 -431.99 -212.14 44 2708 -500.05 -263.91 43 2675 -490.13 -272.77 42 2381 -428.46 -218.16 39 2608 -522.25 -105.21 40 2358 -460.79 -168.37 41 1170 -431.09 -45.68
3.936737 -0.137045 -15.316941
114 81 49
11 45 2434 700.67 75.41 46 2269 710.32 29.69 47 2455 750.57 55.07 44 2675 676.73 127.08 43 2614 692.34 178.70 48 2175 696.45 -110.42 42 2446 700.38 264.13 49 1987 657.38 -236.63 39 2659 559.33 454.74 40 2422 652.12 373.10 41 1089 717.10 478.92
1.623188 -0.490691 -15.752308
140 70 66
9 45 2437 51.74 7.16 46 2420 64.47 -20.26 47 2596 89.41 18.46 44 2682 23.61 29.35 43 2623 44.36 53.72 42 2462 85.40 117.28 39 2674 -12.76 257.16 40 2433 57.76 187.77 41 1103 90.72 302.53
3.403689 -0.960523 -16.078938
108 80 52
9 45 2312 488.34 -132.52 46 2298 491.72 -161.25 47 2484 516.08 -132.72 44 2547 473.30 -111.51 43 2649 500.71 -88.11 42 2476 529.05 -12.29 39 2692 435.56 156.20 40 2442 514.66 75.87 41 1130 551.47 177.96
1.546648 -0.325715 -15.648740
164 94 86
12 45 2531 35.68 52.37 46 2529 50.22 23.53 47 2704 75.90 62.13 44 2791 4.87 77.20 43 2720 23.53 101.45 48 2396 36.18 -64.82 42 2537 64.40 164.52 49 2185 -9.49 -161.75 51 1977 -119.08 -193.82 39 2783 -37.54 302.71 40 2536 33.98 235.14 41 1228 68.31 353.51
2.002100 -0.278693 -15.322371
185 144 81
6 45 1340 157.67 63.50 46 1331 173.33 27.19 44 991 127.47 100.69 43 1438 148.67 138.19 42 248 184.44 213.69 40 190 149.47 307.90
-0.827854 -1.529511 -16.193587
140 99 78
8 45 1036 -539.56 -209.62 46 1043 -526.64 -220.37 47 1110 -513.40 -169.77 44 1178 -584.43 -223.27 43 1132 -578.03 -233.04 48 949 -530.30 -245.11 42 1085 -515.58 -180.96 40 489 -547.78 -133.54
4.201074 -0.191471 -15.405201
78 46 21
6 45 908 766.12 55.92 46 934 772.09 9.23 47 1000 810.38 32.34 44 1001 743.68 106.35 42 843 767.02 243.94 40 733 721.91 352.83
3.900498 0.179406 -15.277215
97 61 29
7 45 1642 698.33 166.19 46 1633 710.82 116.76 47 1766 752.85 142.35 44 1861 669.12 218.53 43 1770 680.02 267.54 42 1319 684.34 345.52 40 1172 628.00 440.90
3.366491 -0.222831 -15.168561
97 69 47
8 45 1672 549.53 63.03 46 1654 560.44 16.40 47 1798 596.40 42.90 44 1883 524.78 115.45 43 1803 544.00 168.70 42 1755 560.99 257.40 49 1240 500.75 -249.93 40 1593 515.23 373.26
4.272261 -0.129199 -15.350437
132 96 63
6 45 1674 793.11 72.78 46 1899 800.59 23.95 44 1878 769.42 125.68 43 1806 785.56 181.33 42 1759 788.94 265.98 40 1600 741.16 375.23
3.721492 -1.053419 -16.310942
74 48 23
7 45 1016 551.06 -156.93 46 464 551.63 -183.93 47 538 575.48 -155.90 44 1142 537.94 -138.95 43 1529 566.35 -118.77 42 1483 594.40 -47.65 40 1708 589.35 29.92
2.875137 -2.120922 -17.334315
76 50 34
5 45 1505 301.56 -355.14 46 627 298.42 -363.67 43 1664 323.25 -391.17 42 1629 366.88 -344.66 40 1831 386.88 -322.70
3.896009 -0.039198 -15.269911
97 63 33
7 45 1910 695.39 104.60 46 1888 705.33 56.06 47 2033 746.94 81.98 43 2059 683.95 211.32 48 1839 693.37 -86.77 42 1994 690.63 294.49 41 669 703.49 506.93
2.296541 -0.579873 -15.172527
122 86 60
7 45 1938 238.26 -22.56 46 1917 251.82 -61.81 47 2058 279.51 -29.43 44 2166 212.52 20.54 43 2086 236.58 69.18 42 2017 272.86 158.86 41 690 282.44 375.28
1.598512 -0.537981 -15.800573
145 74 72
8 45 2117 47.26 -3.11 46 1901 59.90 -31.07 47 2049 84.36 7.75 44 2365 17.76 15.87 43 2303 36.12 35.53 48 1843 45.47 -111.51 42 2032 77.11 100.02 41 857 83.22 287.73
3.771587 -1.279645 -16.581807
103 77 52
8 45 2176 543.98 -205.79 46 2160 542.87 -228.72 47 2125 562.76 -200.13 44 2415 533.02 -196.35 43 2353 562.10 -184.01 48 1904 513.55 -292.24 42 2252 593.29 -117.23 41 902 623.91 59.35
3.577866 -1.405403 -16.697131
94 70 46
7 45 1781 490.02 -229.28 46 1458 487.39 -249.50 47 1580 506.91 -219.22 44 1996 479.34 -223.73 43 2163 509.57 -215.96 42 2090 544.37 -153.12 41 907 575.60 17.93
3.471985 -0.863479 -15.984329
103 77 53
6 45 1970 512.69 -111.11 46 1948 515.97 -142.22 44 2394 495.41 -85.37 43 2324 521.60 -56.98 42 2349 549.02 20.02 41 1001 573.46 212.51
3.079621 -1.040975 -16.047944
103 77 52
6 45 2156 407.54 -148.70 46 2138 412.12 -176.32 47 2292 434.94 -146.26 44 2398 390.86 -129.37 43 2513 418.09 -105.08 41 1004 471.95 160.39
2.852556 -1.797222 -16.864745
104 76 54
6 45 2185 312.54 -302.84 46 2166 312.03 -317.16 47 2325 328.37 -281.48 43 2381 332.42 -311.33 42 2270 375.20 -253.84 41 1030 401.88 -90.90
3.373060 -1.208883 -16.305069
108 80 56
7 45 2450 465.46 -189.98 46 2442 467.03 -213.99 47 2621 487.65 -185.20 44 2704 452.26 -174.19 43 2659 480.72 -156.73 42 2486 512.87 -85.49 41 1146 538.20 96.62
3.763313 -1.774885 -17.300077
73 46 25
6 45 2565 495.16 -296.49 46 2568 490.24 -309.54 47 2736 506.29 -277.16 43 2805 521.72 -311.87 42 2616 559.06 -261.69 41 1314 593.92 -108.24
1.659908 -0.174063 -15.603624
165 89 83
7 45 2650 67.20 91.31 46 2651 84.77 58.09 47 2823 111.92 97.10 44 2923 33.71 119.29 43 2829 51.04 145.01 42 2635 90.06 205.32 41 1344 94.96 394.01
1.973368 -1.586697 -16.192679
73 62 44
7 45 2625 124.20 -263.90 46 2627 128.90 -281.31 47 2795 144.79 -244.46 44 2875 106.39 -258.59 43 2837 133.54 -248.21 42 2648 178.22 -177.54 41 1354 196.13 5.56
2.416203 1.096393 -15.680590
61 42 24
6 45 695 279.20 406.85 46 713 299.56 373.21 47 775 340.67 415.72 44 782 239.58 433.00 43 724 242.78 445.70 42 17 261.55 478.59
2.980301 1.142756 -15.846655
119 89 61
11 45 1556 419.10 401.72 46 1538 438.86 367.65 43 748 378.13 438.80 48 1482 453.03 271.15 42 40 386.38 471.70 49 1613 428.27 174.81 51 1462 342.20 141.13 50 2609 423.94 -4.03 52 3095 366.12 -66.77 53 1980 458.27 -5.81 54 2222 566.98 -131.88
1.721580 1.034319 -16.014537
157 122 85
6 45 69 97.66 376.72 46 706 116.27 351.65 44 64 60.33 390.48 43 79 66.22 392.18 48 668 122.45 278.99 42 61 93.71 417.27
1.722866 1.037071 -16.023136
157 122 85
9 45 68 97.66 376.72 46 705 116.27 351.65 47 787 151.46 397.91 44 63 60.33 390.48 43 78 66.22 392.18 48 667 122.45 278.99 42 62 93.71 417.27 49 612 87.38 198.19 51 523 -11.70 179.21
3.791172 0.396977 -15.352303
145 105 70
9 45 812 662.14 224.96 46 860 676.53 177.63 47 918 719.41 206.54 44 909 629.71 272.47 43 210 636.74 315.13 48 1234 676.01 40.15 42 121 640.31 383.92 49 1480 645.40 -84.31 51 1043 551.17 -143.44
3.904682 0.567207 -15.522862
111 71 38
5 45 1865 680.39 261.36 46 1601 693.54 218.11 44 1828 646.57 303.99 43 1351 649.73 339.98 42 122 650.81 400.90
1.969866 0.220992 -15.340598
151 122 89
6 45 209 156.21 198.52 46 177 173.62 162.50 47 225 207.86 199.98 44 208 121.99 235.91 43 854 136.57 268.13 42 155 169.02 329.02
2.588446 -0.306674 -14.910766
59 43 24
6 45 319 335.74 54.07 46 311 351.78 7.25 47 369 384.75 37.20 44 298 308.70 110.55 48 424 329.66 -136.39 42 208 361.00 261.19
1.818658 -0.181236 -15.484876
216 182 140
7 45 885 108.79 89.58 46 914 124.59 56.06 47 1398 153.24 93.59 44 988 77.23 120.48 43 909 94.46 150.37 48 1259 111.31 -45.50 42 245 131.23 216.72
1.077120 -0.854011 -15.803326
163 96 87
5 45 375 -89.28 -76.63 46 387 -75.73 -100.61 44 366 -120.20 -62.16 43 375 -100.97 -44.66 42 339 -52.71 21.00
1.815011 -1.038886 -15.936718
165 115 98
6 45 402 94.32 -131.65 46 417 104.09 -156.48 47 485 125.19 -119.24 44 425 69.22 -117.27 43 393 92.26 -98.74 42 351 135.66 -29.19
2.462893 -1.105398 -15.933850
109 94 64
5 45 444 255.88 -157.40 46 457 262.78 -184.26 44 460 235.59 -140.70 43 411 262.37 -115.11 42 366 300.95 -41.16
-0.346078 -1.344333 -16.348721
142 96 62
5 45 1020 -412.49 -169.94 46 1028 -401.11 -180.68 47 1077 -386.04 -132.03 43 448 -442.45 -189.27 42 441 -385.43 -141.82
1.888249 -1.526359 -16.330465
164 122 109
5 45 531 104.73 -242.88 46 549 111.29 -260.98 47 579 127.39 -223.59 43 508 108.80 -235.63 42 484 153.87 -170.83
1.928579 -1.604262 -16.359877
78 67 49
5 45 1084 112.79 -261.24 46 550 118.93 -278.23 47 615 135.18 -241.19 43 1142 118.66 -256.36 42 485 164.59 -190.54
1.432456 -1.760585 -16.447070
173 111 101
6 45 553 -4.31 -287.83 46 569 2.35 -302.01 47 641 16.79 -261.92 43 548 -4.72 -296.04 48 571 -18.95 -339.35 42 540 44.41 -235.44
1.432664 -1.760673 -16.447346
173 111 101
7 45 554 -4.31 -287.83 46 570 2.35 -302.01 47 640 16.79 -261.92 44 603 -27.37 -293.93 43 549 -4.72 -296.04 48 572 -18.95 -339.35 42 541 44.41 -235.44
2.387103 1.236936 -15.790942
73 57 42
6 45 1544 270.30 434.98 46 1528 290.69 403.90 47 1656 332.41 448.51 44 1765 229.96 456.75 43 1274 231.86 464.56 42 678 249.35 492.50
2.923906 1.271489 -15.933493
103 69 42
5 45 1545 401.89 428.92 46 1805 421.33 396.56 44 1766 361.02 450.13 48 1752 438.80 307.09 42 681 368.85 484.70
3.025032 1.020779 -15.772615
78 47 24
8 45 722 432.60 374.95 46 741 451.49 340.51 47 820 494.38 378.64 44 804 393.60 402.33 43 753 394.97 418.79 48 1123 462.40 237.65 42 705 405.48 456.43 49 1047 436.25 138.88
3.071497 1.011168 -15.761940
132 102 74
12 45 1845 444.87 372.81 46 1822 463.28 336.84 47 1958 506.56 374.84 44 1789 405.80 401.54 43 1699 406.22 417.66 48 1768 475.76 234.01 42 706 415.09 456.15 49 1802 449.82 133.59 51 1637 362.66 95.07 50 2764 435.16 -58.24 52 3275 376.97 -123.20 53 2168 466.21 -55.71
3.094287 1.072984 -15.813236
80 50 26
9 45 1557 449.65 385.42 46 1816 467.38 350.35 47 1953 510.67 388.44 44 1776 410.43 411.99 43 1291 411.46 426.47 48 1769 480.05 250.61 42 707 420.65 462.11 49 1801 454.38 151.49 51 1636 368.51 114.99
1.954083 0.871622 -15.669985
122 96 69
6 45 71 156.30 354.69 46 728 176.29 322.82 47 813 212.77 366.50 44 807 119.09 378.67 43 765 126.66 392.98 42 720 152.97 429.77
3.083704 0.766787 -15.572901
81 49 24
6 45 1229 456.01 320.97 46 793 473.58 281.76 47 1304 515.81 317.42 44 1399 419.45 355.40 43 1312 423.26 381.85 42 728 434.65 429.75
3.193114 0.829714 -15.630162
104 70 42
9 45 1579 482.83 332.57 46 1562 499.81 294.03 47 1694 543.03 329.64 44 1798 445.39 366.91 43 1712 447.80 390.94 48 1523 508.71 181.17 42 729 456.80 436.47 49 1636 480.51 74.21 51 1489 391.36 29.66
3.193114 0.829714 -15.630162
104 70 42
9 45 1578 482.83 332.57 46 1561 499.81 294.03 47 1693 543.03 329.64 44 1799 445.39 366.91 43 1711 447.80 390.94 48 1522 508.71 181.17 42 730 456.80 436.47 49 1635 480.51 74.21 51 1488 391.36 29.66
3.392470 0.718505 -15.581396
92 58 30
9 45 1592 537.83 304.73 46 1577 554.28 263.32 47 1707 597.65 296.90 44 1816 501.54 341.95 43 1333 504.56 369.52 48 1789 561.14 145.33 42 731 511.65 420.70 49 1647 532.75 34.04 51 1502 444.00 -14.39
3.747308 0.223459 -15.263777
93 57 25
5 45 1304 656.05 179.56 46 1288 669.33 132.65 47 1753 711.70 159.08 48 1611 662.51 -9.03 42 775 642.99 356.04
3.165356 -0.132008 -15.075789
89 63 40
6 45 878 498.72 93.18 46 919 512.75 46.13 47 985 549.27 73.91 44 1503 471.77 146.33 48 877 494.93 -97.42 42 800 508.86 289.92
1.890293 0.017290 -15.508364
158 113 68
6 45 852 130.36 140.12 46 888 146.25 106.36 47 295 176.69 144.76 44 953 97.78 170.79 43 878 113.87 199.96 42 819 147.95 261.04
3.655952 -0.375789 -15.384803
90 65 41
6 45 924 611.39 13.09 46 947 620.07 -29.88 47 412 654.71 -4.79 44 1016 590.81 60.30 43 933 611.39 108.31 42 859 628.29 196.51
4.050909 -0.361729 -15.616936
80 53 26
4 45 337 699.86 10.18 46 336 706.24 -31.07 47 1027 740.33 -8.72 44 1029 679.75 51.54
2.650145 -0.785046 -15.075538
153 137 104
6 45 381 339.82 -85.88 46 400 350.97 -127.64 47 461 378.52 -98.79 44 379 318.95 -38.61 43 968 347.84 17.51 42 907 381.60 118.12
1.020705 -0.742741 -15.859873
205 154 126
