# Bundle file v0.3
60 5237
0 0 0
0 0 0
0 0 0
0 0 0
0 0 0
1.9455284603e+003 2.5778304561e-001 -3.5365776208e-001
-7.1931899257e-001 3.6089941526e-001 5.9357543664e-001
6.0535346599e-002 8.8377321302e-001 -4.6398316755e-001
-6.9203732467e-001 -2.9781960986e-001 -6.5756202844e-001
-6.0129645743e-001 2.8727115579e+000 6.5039809754e-001
1.9291616125e+003 2.3660566603e-001 -2.8242690564e-001
-7.1882736930e-001 3.8228621646e-001 5.8064142279e-001
8.5362821613e-002 8.7744549572e-001 -4.7201969315e-001
-6.8992782364e-001 -2.8973548409e-001 -6.6336486749e-001
-5.3394875526e-001 2.8501401151e+000 7.2759979657e-001
1.9418680267e+003 2.2035070455e-001 -1.3907550553e-001
-6.0704175663e-001 4.5610821351e-001 6.5074234784e-001
1.1739896140e-001 8.6137115736e-001 -4.9422384921e-001
-7.8595024624e-001 -2.2361803782e-001 -5.7643489103e-001
-6.8251509108e-001 2.8944246183e+000 6.3636134766e-001
1.9378065501e+003 2.3216844534e-001 -1.2225775180e-001
-5.0993501464e-001 5.0857260835e-001 6.9377242874e-001
1.3713832940e-001 8.4426077751e-001 -5.1808958507e-001
-8.4921102175e-001 -1.6904922829e-001 -5.0026292983e-001
-7.6496706401e-001 2.9163007285e+000 5.5755981987e-001
1.9411114271e+003 2.4729681659e-001 -1.8242925072e-001
-4.3251496761e-001 5.4806968071e-001 7.1592627265e-001
1.5695208550e-001 8.2768191408e-001 -5.3880301777e-001
-8.8786082561e-001 -1.2067424822e-001 -4.4400549565e-001
-7.8296709017e-001 2.9260963071e+000 4.8202780239e-001
1.9396595994e+003 2.6878997317e-001 -3.3278831790e-001
-3.5605935338e-001 5.8275926777e-001 7.3048844802e-001
1.7872867007e-001 8.0975811989e-001 -5.5888089050e-001
-9.1721197079e-001 -6.8435539675e-002 -3.9247774147e-001
-8.2592141852e-001 2.9466355307e+000 4.5200061225e-001
1.9432613645e+003 2.8024698053e-001 -3.6632525853e-001
-1.8630038034e-001 6.2389447521e-001 7.5897816311e-001
1.8735869027e-001 7.8088626321e-001 -5.9591389069e-001
-9.6446300575e-001 3.1182170095e-002 -2.6237145958e-001
-9.3061084329e-001 2.9795893444e+000 2.6972247695e-001
1.9597682264e+003 2.2651282069e-001 -2.0594311289e-001
-1.6010647206e-001 6.3515180662e-001 7.5561107731e-001
1.8965517629e-001 7.7101786971e-001 -6.0791640765e-001
-9.6870884775e-001 4.5974200738e-002 -2.4390477887e-001
-9.1920342666e-001 2.9991625098e+000 2.5805951188e-001
1.9457095389e+003 2.7341116282e-001 -2.5528325271e-001
-1.1960870416e-002 6.6321977743e-001 7.4832911503e-001
1.9890565372e-001 7.3500486927e-001 -6.4823173562e-001
-9.7994565079e-001 1.4109347604e-001 -1.4070946139e-001
-9.6027605861e-001 3.0443514328e+000 1.4113619143e-001
1.9365873658e+003 2.8293515214e-001 -3.7911687699e-001
1.2129601468e-001 6.6201392744e-001 7.3961127404e-001
1.9415894316e-001 7.1489594517e-001 -6.7173364689e-001
-9.7344213059e-001 2.2508075761e-001 -4.1821895449e-002
-9.5992675251e-001 3.0637468631e+000 2.9276500939e-002
0 0 0
0 0 0
0 0 0
0 0 0
0 0 0
1.9180888251e+003 3.1264962062e-001 -4.2960742295e-001
1.7293178059e-001 6.8514448571e-001 7.0758153803e-001
2.0470930532e-001 6.7771480699e-001 -7.0625543588e-001
-9.6342550287e-001 2.6698253518e-001 -2.3057023408e-002
-8.7142366025e-001 3.0845739273e+000 4.9843245538e-002
1.9137716624e+003 2.1127682342e-001 5.6560288150e-002
3.0014997551e-001 6.7052054814e-001 6.7846310638e-001
2.1684040744e-001 6.4467538888e-001 -7.3305789722e-001
-9.2891885001e-001 3.6714552632e-001 4.8103353328e-002
-8.8106644173e-001 3.1127458001e+000 7.3967545946e-002
1.8718868509e+003 2.0569872707e-001 1.1514815847e-001
3.9756455108e-001 6.5490425651e-001 6.4268409233e-001
2.1569973645e-001 6.1408456324e-001 -7.5919284302e-001
-8.9186100454e-001 4.4045495115e-001 1.0287557818e-001
-8.3121200322e-001 3.1523181009e+000 9.1005508155e-002
1.8856412613e+003 1.8182420160e-001 1.0466072228e-001
4.5883820676e-001 6.5194409605e-001 6.0368567619e-001
2.0210046128e-001 5.8504149064e-001 -7.8541826932e-001
-8.6522997149e-001 4.8238506388e-001 1.3668118591e-001
-7.5504139738e-001 3.1264665091e+000 5.4101241815e-002
2.0577497015e+003 2.7516446286e-001 7.6762715701e-002
6.2063953945e-001 5.7641034365e-001 5.3156154658e-001
1.9272311836e-001 5.4499081056e-001 -8.1599192156e-001
-7.6004234206e-001 6.0888104925e-001 2.2715524678e-001
-7.7573615796e-001 3.1940934496e+000 -1.0623750156e-001
2.0452027775e+003 2.7388779903e-001 9.7849203281e-002
7.2164126190e-001 5.3001797253e-001 4.4532554150e-001
1.4137926904e-001 5.1689087880e-001 -8.4429599176e-001
-6.7767676027e-001 6.7223862445e-001 2.9807623251e-001
-6.5543511386e-001 3.2506813360e+000 -2.0677963450e-001
2.1201995557e+003 2.7361085763e-001 5.7056812251e-001
7.6616191052e-001 4.9275177457e-001 4.1254286507e-001
1.3214338554e-001 5.0743020362e-001 -8.5150027253e-001
-6.2891498036e-001 7.0690188648e-001 3.2365980653e-001
-7.0727241897e-001 3.2261105340e+000 -3.9019274119e-001
2.0764788723e+003 4.4085063216e-001 7.3165871534e-002
8.4488259708e-001 4.1704689785e-001 3.3503027049e-001
9.6921737290e-002 4.9657998434e-001 -8.6256274902e-001
-5.2609844515e-001 7.6123597139e-001 3.7913087695e-001
-6.3264964663e-001 3.2901336455e+000 -4.9135746442e-001
2.0857596393e+003 4.4190503788e-001 1.6768598654e-001
9.0800586763e-001 3.5173760117e-001 2.2760932379e-001
3.4465516020e-002 4.7872182581e-001 -8.7728988465e-001
-4.1753739061e-001 8.0442903566e-001 4.2255940887e-001
-4.6531300804e-001 3.3213978516e+000 -5.9561326481e-001
2.0579090992e+003 5.7796130028e-001 -2.5242991239e-002
9.3229672236e-001 3.1566491573e-001 1.7657429726e-001
6.7969222180e-003 4.7281019287e-001 -8.8113808417e-001
-3.6163050663e-001 8.2268230958e-001 4.3865384323e-001
-4.1825143469e-001 3.3539987383e+000 -6.4705567206e-001
0 0 0
0 0 0
0 0 0
0 0 0
0 0 0
2.1638162957e+003 6.0520321584e-001 1.3878122868e-002
9.7361423394e-001 2.1174909886e-001 8.5074335700e-002
-2.3950210555e-002 4.6556372657e-001 -8.8469023049e-001
-2.2693988384e-001 8.5930945278e-001 4.5835090650e-001
-4.0145011388e-001 3.3416029147e+000 -7.6095189485e-001
2.1485735758e+003 6.2785786736e-001 -7.0201041343e-003
9.8704955922e-001 1.5938128170e-001 1.8187212161e-002
-5.8095861969e-002 4.6084266854e-001 -8.8557828884e-001
-1.4952604610e-001 8.7305305789e-001 4.6413394580e-001
-3.0730993690e-001 3.3687700344e+000 -7.6525517172e-001
9.5089977951e+005 -1.9349819396e-004 -2.5757924853e-239
-9.7978819397e-001 -1.9944965988e-001 -1.5327365633e-002
5.4085131499e-002 -3.3789968609e-001 9.3962684119e-001
-1.9258736593e-001 9.1980630315e-001 3.4185738426e-001
2.0497158998e-001 -3.3155629136e+000 4.2036963661e+002
2.0829121983e+003 4.5893571551e-001 9.6871984781e-002
9.8624612101e-001 -2.9094435486e-002 -1.6270249724e-001
-1.3423890764e-001 4.3330609215e-001 -8.9119343926e-001
9.6428753288e-002 9.0077707804e-001 4.2344084736e-001
-1.1070713729e-001 3.3637226474e+000 -6.3451780742e-001
2.0884352630e+003 4.2289683320e-001 3.3136423009e-002
9.6188181126e-001 -1.2382738040e-001 -2.4382403702e-001
-1.6834479626e-001 4.3451863959e-001 -8.8479013411e-001
2.1550733338e-001 8.9211004462e-001 3.9710988095e-001
-2.9488876817e-002 3.3568710233e+000 -6.1899811995e-001
2.0726979356e+003 3.9763413554e-001 -1.9386251372e-002
9.3998798562e-001 -1.5288012266e-001 -3.0504139880e-001
-2.1570784016e-001 4.2643012867e-001 -8.7842328809e-001
2.6437230297e-001 8.9150715839e-001 3.6786175659e-001
1.1318395059e-001 3.3464384065e+000 -5.3604788411e-001
1.9652117724e+003 3.9768023839e-001 -9.8598135214e-002
8.8424825094e-001 -2.6400952715e-001 -3.8523239777e-001
-2.5174959475e-001 4.2530735908e-001 -8.6933065738e-001
3.9335374952e-001 8.6568621329e-001 3.0961299690e-001
1.5961395949e-001 3.3391361754e+000 -4.2851415844e-001
1.9636838443e+003 4.6198264515e-001 -2.0748274876e-001
8.0630540648e-001 -3.6568782552e-001 -4.6491290125e-001
-2.9532753876e-001 4.3212247284e-001 -8.5208674049e-001
5.1249705983e-001 8.2434372851e-001 2.4042500065e-001
2.4745338170e-001 3.3226094832e+000 -3.7132020305e-001
1.9572246552e+003 5.7586965834e-001 -2.7062433688e-001
7.3374413464e-001 -4.3767181224e-001 -5.1967579283e-001
-3.1696231753e-001 4.5603792003e-001 -8.3160345404e-001
6.0096125845e-001 7.7490180040e-001 1.9588967707e-001
3.1856356351e-001 3.3157513589e+000 -4.4255193449e-001
2.4292792485e+003 6.5646418406e-001 -3.9132681479e-002
6.4268287763e-001 -5.0671866411e-001 -5.7462589068e-001
-3.6852081045e-001 4.5310036898e-001 -8.1172191537e-001
6.7167784768e-001 7.3344137535e-001 1.0446347623e-001
3.8850602513e-001 3.3272076605e+000 -4.4879564906e-001
0 0 0
0 0 0
0 0 0
0 0 0
0 0 0
5.1255515081e+003 1.2315668773e+000 2.7967968754e-002
-7.7497606579e-001 4.0807068029e-001 4.8258721216e-001
-1.6555304112e-001 -8.6801492058e-001 4.6812635925e-001
6.0992154252e-001 2.8289294360e-001 7.4024813032e-001
-1.8781515518e-001 -2.7018471903e+000 5.4755893049e-002
2.1093829371e+005 -4.1887917405e-003 -1.1913820298e-008
8.8241292476e-001 -3.0011572483e-001 -3.6232303533e-001
1.2954372736e-001 8.9534120726e-001 -4.2612503481e-001
4.5228956756e-001 3.2908156177e-001 8.2893876298e-001
-6.2596311922e-002 2.6456855245e+000 -9.1078230624e+001
2.0959037721e+005 5.0495055185e-004 1.0791467943e-007
9.2980394305e-001 -2.1050372531e-001 -3.0191523500e-001
8.1386233728e-002 9.1758425215e-001 -3.8912134504e-001
3.5894415785e-001 3.3723481706e-001 8.7030556111e-001
-9.7171790735e-002 2.5860708139e+000 -9.0112369671e+001
-4.9573402682e+003 1.7589340904e+000 5.2516139094e-002
9.5033723930e-001 -1.5555313314e-001 -2.6955955627e-001
3.6809115524e-002 9.1623210660e-001 -3.9895340060e-001
3.0903757154e-001 3.6921802449e-001 8.7645526399e-001
-9.8090523246e-002 2.6501866165e+000 2.4988811101e-002
-4.6023661828e+003 1.8901030447e+000 5.4549919164e-003
9.9384071769e-001 -2.7723756734e-002 -1.0729408734e-001
-1.4847134803e-002 9.2616074073e-001 -3.7683662896e-001
1.0981889844e-001 3.7610859556e-001 9.2004463690e-001
-4.0967425656e-001 2.6362523033e+000 -6.7884088090e-002
1.4201940611e+005 3.6116121463e-003 1.4632520888e-007
9.9846141970e-001 5.3882452837e-002 -1.3094832611e-002
-5.5067578205e-002 9.3579902660e-001 -3.4820646699e-001
-6.5080869241e-003 3.4839182409e-001 9.3732640084e-001
-5.7266847125e-001 2.6157930161e+000 -6.5577679679e+001
3.5635883392e+003 1.5919290964e+000 2.5393353008e-002
-9.9130426559e-001 -1.2042973503e-001 -5.3033309735e-002
9.2936717231e-002 -9.2606205696e-001 3.6574831955e-001
-9.3159109110e-002 3.5763912759e-001 9.2920161150e-001
6.4681914812e-001 -2.6682299275e+000 -4.0713467442e-001
6.6066864526e+005 -1.3701415551e-004 9.2086928030e-260
9.3383978925e-001 2.7538728230e-001 2.2826539983e-001
-1.9987953029e-001 9.3098855285e-001 -3.0546438064e-001
-2.9663347987e-001 2.3962921194e-001 9.2443843462e-001
-8.5857968755e-001 2.5808613131e+000 -2.7916657413e+002
2.1919101577e+005 1.1842297855e-003 -5.4069597168e-195
8.8032392741e-001 3.5926891837e-001 3.0976705301e-001
-2.6546331705e-001 9.1428202750e-001 -3.0596993561e-001
-3.9313993710e-001 1.8712086598e-001 9.0023706399e-001
-8.9744148227e-001 2.6048531611e+000 -9.7625534537e+001
6.2404698127e+005 -6.0898538855e-005 2.9084418686e-190
8.1081258432e-001 4.3128305257e-001 3.9569923132e-001
-3.3000777099e-001 8.9520584577e-001 -2.9950186107e-001
-4.8340234194e-001 1.1225605667e-001 8.6817092415e-001
-9.9311058308e-001 2.6189793069e+000 -2.6659219916e+002
0 0 0
0 0 0
0 0 0
0 0 0
0 0 0
1.1394156992e+005 8.4597761041e-004 5.7185986670e-008
-7.3205197170e-001 -4.9080327988e-001 -4.7245322646e-001
3.9265070564e-001 -8.7070905060e-001 2.9612695346e-001
-5.5670938028e-001 3.1271227406e-002 8.3011853144e-001
1.0515393021e+000 -2.6087887389e+000 4.4792590077e+001
3.4684033378e+005 -9.9547246438e-004 1.2570937401e-187
6.9197691415e-001 5.3320010197e-001 4.8668840293e-001
-4.5748654908e-001 8.4538905007e-001 -2.7572343289e-001
-5.5845680916e-001 -3.1859147683e-002 8.2892158074e-001
-9.7063841515e-001 2.5469821150e+000 -1.3171230114e+002
3.3633365362e+005 -4.3640818285e-004 5.2604434958e-153
6.0269390838e-001 5.7179477482e-001 5.5660649322e-001
-4.9361260172e-001 8.1520465324e-001 -3.0296529960e-001
-6.2698217856e-001 -9.2152638736e-002 7.7356398504e-001
-1.0615687159e+000 2.6039681207e+000 -1.3227560820e+002
4.1756014792e+004 -8.8252055178e-004 -4.9477895676e-007
7.2369551625e-001 4.9402491151e-001 4.8187569618e-001
3.4687493882e-001 3.4324499299e-001 -8.7284629323e-001
-5.9660923274e-001 7.9882555141e-001 7.7040001447e-002
-1.0953404518e+000 2.8043111567e+000 -1.4663869305e+001
5.8091744219e+005 3.1174969184e-005 -7.5779249847e-103
4.2763364847e-001 6.4011276357e-001 6.3826727365e-001
-5.7150097322e-001 7.3851385642e-001 -3.5774840527e-001
-7.0036854605e-001 -2.1178511229e-001 6.8163844222e-001
-1.0622422949e+000 2.7037077269e+000 -2.2645486935e+002
6.3710156850e+004 2.4821985952e-003 2.1174758296e-007
-3.6738126442e-001 -6.4146775758e-001 -6.7346129995e-001
5.8453147961e-001 -7.2246668113e-001 3.6927610809e-001
-7.2343206723e-001 -2.5799420661e-001 6.4037882027e-001
1.1397176743e+000 -2.7037887041e+000 2.3828636404e+001
5.7502953426e+004 1.0999233449e-003 1.8926076446e-007
8.6970894109e-001 3.7380696060e-001 3.2229600369e-001
2.3031625407e-001 2.7017428787e-001 -9.3485842633e-001
-4.3653268022e-001 8.8728474031e-001 1.4887917491e-001
-9.6526804406e-001 2.9374057654e+000 -2.2588208129e+001
0 0 0
0 0 0
0 0 0
0 0 0
0 0 0
0 0 0
0 0 0
0 0 0
0 0 0
0 0 0
0 0 0
0 0 0
0 0 0
0 0 0
0 0 0
0 0 0
0 0 0
0 0 0
0 0 0
0 0 0
0 0 0
0 0 0
0 0 0
0 0 0
0 0 0
0 0 0
0 0 0
0 0 0
0 0 0
0 0 0
0 0 0
0 0 0
0 0 0
0 0 0
0 0 0
0 0 0
0 0 0
0 0 0
0 0 0
0 0 0
5.8936384139e-001 -1.6103903427e+000 2.8627657069e+000
135 139 46
5 37 1239 -138.3400 127.2400 38 907 -197.2200 128.5701 35 1335 -230.6400 143.3101 36 1113 -177.2100 99.8101 34 1313 -196.9100 154.6200
5.9977341759e-001 -1.6826679923e+000 2.9287784127e+000
151 32 42
5 37 1268 -129.1000 -85.6600 38 930 -182.7000 -78.1700 35 1372 -212.5000 -76.9600 36 1152 -163.6200 -117.3199 34 1341 -181.1700 -71.5200
6.1521566242e-001 -1.6545535393e+000 2.8509817449e+000
146 150 114
18 37 1404 -56.7800 47.3000 38 1245 -132.7400 48.2100 35 1519 -131.7600 69.7500 36 1285 -88.4300 20.7400 39 1008 -187.1400 87.6699 34 1468 -87.9700 82.3600 40 1027 -189.8700 81.7600 29 1512 111.6500 5.6300 30 1582 61.3700 -8.3800 31 1382 30.5600 -10.6600 27 1484 179.7000 29.3900 28 1453 192.5000 9.3400 26 1351 193.6600 56.7100 25 1100 252.3200 104.1000 24 1075 192.6800 100.8500 23 940 190.4600 72.6899 21 656 290.5900 134.9099 20 651 347.9600 104.2100
6.0816118975e-001 -1.6476919843e+000 2.8507859645e+000
28 58 35
15 37 1403 -71.4600 61.5600 38 1096 -144.3900 62.5300 35 1518 -149.6400 82.8101 36 1276 -104.3600 34.6700 32 1649 -61.5500 107.3101 34 1544 -106.8800 95.4600 29 1565 89.3600 17.2900 30 1581 38.3100 3.7300 31 1465 10.4600 1.0500 27 1558 160.0600 40.9500 28 1533 171.8600 21.0400 26 1427 175.5600 66.6599 24 1213 179.4600 110.9800 23 1060 179.3600 83.0801 21 809 282.7100 146.0601
6.2846203657e-001 -1.6892093297e+000 2.8730237937e+000
155 144 131
15 37 1077 -31.8500 -48.4800 38 739 -110.0500 -45.9300 35 1160 -100.1000 -26.0700 36 957 -60.4600 -75.4000 32 1257 -7.0900 -2.7800 34 1126 -55.5500 -14.3100 29 1105 143.3200 -90.5000 30 1185 95.0300 -106.3800 31 1100 62.6100 -102.6200 27 1169 207.8000 -60.5300 28 1157 219.3800 -83.2200 26 814 217.8700 -30.1500 25 450 270.0600 21.0000 24 100 209.5400 20.5900 23 74 206.4000 -2.8100
6.3576475486e-001 -1.6328950111e+000 2.7976339233e+000
30 53 25
17 37 1232 13.5600 147.2000 38 908 -76.9000 141.5100 35 1333 -57.7000 179.6100 36 1116 -16.5700 124.4500 39 845 -141.2300 176.6699 32 1444 46.5300 216.2700 34 1302 -6.8900 197.6799 40 851 -150.4000 168.6100 29 1325 203.7400 142.3301 30 1382 154.7600 123.6000 31 1263 115.7700 108.0300 27 1335 258.4300 165.0300 28 1321 280.4900 145.9700 26 1020 264.6900 190.2400 25 715 311.8000 231.5000 24 711 242.8900 223.3900 23 306 233.5500 192.9399
6.3152296890e-001 -1.6659395887e+000 2.8381000651e+000
113 124 81
16 37 1254 -9.8600 35.1700 38 921 -93.6200 33.4500 35 1359 -79.5300 62.8000 36 1140 -38.9800 10.1800 39 862 -154.4700 72.5701 32 1578 18.4500 92.4500 34 1471 -32.3100 77.5300 40 664 -161.1700 63.5300 29 1443 170.9100 11.9600 30 1509 123.2800 -5.5300 31 1387 87.5600 -10.4000 27 1476 230.1800 39.7000 28 1455 246.7500 17.8600 26 1232 238.1900 68.3401 25 1103 286.9000 116.0901 24 1077 222.4900 113.0801
6.3154679289e-001 -1.6658329122e+000 2.8381282468e+000
113 124 81
15 37 1255 -9.8600 35.1700 38 922 -93.6200 33.4500 35 1360 -79.5300 62.8000 36 1141 -38.9800 10.1800 39 863 -154.4700 72.5701 32 1579 18.4500 92.4500 34 1472 -32.3100 77.5300 29 1442 170.9100 11.9600 30 1510 123.2800 -5.5300 31 1386 87.5600 -10.4000 27 1475 230.1800 39.7000 28 1456 246.7500 17.8600 26 1231 238.1900 68.3401 25 1102 286.9000 116.0901 24 1076 222.4900 113.0801
6.3328461361e-001 -1.6373966056e+000 2.8058238067e+000
143 155 38
15 37 1390 3.1400 129.7600 38 1086 -86.0500 125.1400 35 1601 -66.4200 159.5100 36 1265 -27.6500 106.3500 39 989 -148.1400 160.8201 32 1641 35.9700 194.9700 34 1531 -16.4900 176.1799 40 855 -156.7000 153.2600 29 1504 192.8700 118.8201 30 1573 142.7300 101.6799 31 1459 105.6000 87.4000 27 1452 248.7200 141.8201 26 1319 256.0700 167.2800 25 1075 304.2700 208.6799 24 904 236.5400 202.0000
6.4195446711e-001 -1.6584703633e+000 2.8157264157e+000
29 54 40
12 37 1397 25.3100 72.7000 38 1239 -64.2600 69.0400 36 1279 -3.1300 48.8900 39 1005 -128.5400 107.9900 32 1648 60.5800 138.9500 34 1538 7.5200 121.5500 30 1577 167.2400 45.9400 31 1462 128.4500 35.5200 27 1468 266.8300 93.1799 28 1433 287.0200 71.2100 26 1226 271.1500 121.0400 23 569 237.9400 134.4600
6.0656380668e-001 -1.6309273127e+000 2.8346755112e+000
72 111 134
12 37 1478 -75.4100 113.7400 38 1349 -150.9700 112.3201 35 1686 -153.6700 135.2400 36 1441 -108.3100 86.5400 39 1121 -205.2800 150.1300 32 1717 -62.5900 163.9199 34 1603 -109.7700 149.5300 30 1661 39.6600 62.6100 27 1589 164.7700 97.1799 26 1472 181.6900 123.1699 24 1284 185.2300 160.4299 23 1141 183.9200 130.8101
6.2935152737e-001 -1.6451022981e+000 2.8195682687e+000
131 139 34
16 37 1051 -11.9700 98.4700 38 914 -97.9100 95.6599 35 1150 -82.9800 127.1200 36 942 -41.4300 74.3700 39 674 -158.2300 132.3401 32 1249 17.5800 159.3201 34 1109 -34.3200 143.0701 40 658 -165.9200 124.6599 29 1094 173.2300 80.2300 30 1175 123.7200 63.0300 31 1087 88.0200 53.0300 27 1156 233.0900 104.3301 28 1143 251.3700 84.2300 26 1026 242.0200 130.4199 25 717 292.6900 174.2600 24 715 227.1800 168.5300
6.7632355308e-001 -1.8418889988e+000 2.9802521272e+000
185 121 98
10 37 941 63.6800 -468.4200 38 801 -14.6600 -461.5900 35 1012 16.6400 -442.9200 36 848 46.9000 -499.3700 39 520 -79.6600 -407.3900 32 1363 104.3200 -421.1400 34 1218 58.7200 -432.2000 29 1248 235.5800 -496.5601 30 1325 199.7200 -521.8500 31 1197 166.7900 -501.1600
6.7496882782e-001 -1.8787431705e+000 3.0326084253e+000
116 75 60
14 37 1157 38.7400 -592.3300 38 839 -32.7700 -581.2300 35 1248 -5.8600 -573.2100 36 1035 23.0500 -626.9900 32 1384 75.7900 -558.2500 34 1237 33.1800 -565.7000 29 1279 204.2900 -641.1500 30 1334 168.5100 -665.3000 31 1212 138.2100 -636.8500 27 1058 260.7000 -587.3400 28 1274 259.2600 -620.6000 26 936 258.8500 -536.4500 25 834 289.0500 -462.2700 24 839 234.0500 -446.3101
6.9746313781e-001 -1.9650367577e+000 3.1051860932e+000
146 76 51
13 37 1178 78.9400 -841.5500 38 867 12.5000 -830.5400 35 1270 43.6100 -821.2700 36 1064 68.4500 -876.7000 32 1522 116.9200 -803.9800 34 1398 78.0700 -812.7100 29 1300 231.3700 -874.0300 30 1470 202.3700 -904.0601 31 1343 176.1500 -874.3900 27 1315 283.3100 -815.0800 28 1305 276.2600 -848.3300 26 1180 275.9000 -756.6899 24 868 245.0400 -654.5800
6.3408888100e-001 -1.6409995243e+000 2.8089007411e+000
49 97 110
13 37 839 5.2700 118.1599 38 419 -83.3500 113.5701 35 891 -65.6100 148.6500 36 712 -24.7400 93.9700 39 72 -146.2000 150.5300 34 878 -15.7200 165.5200 40 90 -155.0400 142.0100 29 864 192.6100 107.1699 30 948 144.4800 88.8101 31 830 106.2700 76.5300 27 561 249.1000 130.9000 28 921 269.1400 110.4299 25 75 303.7200 200.2200
6.3409199375e-001 -1.6410019495e+000 2.8089227148e+000
49 97 110
12 37 840 5.2700 118.1599 38 420 -83.3500 113.5701 35 890 -65.6100 148.6500 39 73 -146.2000 150.5300 34 879 -15.7200 165.5200 29 863 192.6100 107.1699 30 949 144.4800 88.8101 31 829 106.2700 76.5300 27 560 249.1000 130.9000 28 920 269.1400 110.4299 26 483 255.8200 156.3700 25 76 303.7200 200.2200
6.1443122849e-001 -1.5902680210e+000 2.7789320444e+000
173 39 40
10 37 1028 -37.2500 264.5901 38 681 -123.3400 256.9700 32 1227 -15.3800 335.2200 34 1093 -67.6400 314.7600 29 1065 146.0600 258.1400 30 1156 93.0200 241.7800 31 1065 57.7600 217.9700 27 1132 209.0100 271.3301 28 1104 230.9000 256.4600 26 1003 221.1900 291.1899
7.0746440906e-001 -1.9744255695e+000 3.0985047956e+000
151 80 56
12 37 1180 106.4800 -859.0400 38 1018 35.6300 -850.0699 35 1271 74.2500 -833.4100 36 1210 97.2000 -894.1300 32 1524 150.1700 -809.4000 34 1400 110.3200 -821.8500 29 1408 263.6200 -870.3400 30 1472 236.6300 -904.3800 31 1345 208.7800 -877.0699 27 1426 312.7500 -806.5800 28 1399 307.5500 -842.8199 26 1181 302.3400 -746.0699
5.9390194202e-001 -1.6185615133e+000 2.8617174829e+000
31 58 33
4 37 1392 -124.0500 110.9399 38 1229 -186.5200 111.7100 35 1507 -215.0400 128.2300 34 1532 -178.1700 139.7200
6.5252397566e-001 -1.7301579761e+000 2.8818289456e+000
204 138 106
11 37 111 31.5400 -143.5300 38 102 -52.3700 -141.8199 36 428 7.6900 -170.3101 32 599 68.1400 -90.3500 34 535 18.3800 -103.4500 29 539 212.9500 -167.9700 30 542 170.2900 -188.4600 31 499 134.0600 -183.0900 27 127 266.8600 -128.9200 28 96 280.0600 -155.8400 26 121 268.6700 -93.5900
6.2845256080e-001 -1.7137202863e+000 2.9022734827e+000
193 126 106
11 37 547 -40.6200 -126.0601 38 96 -114.7900 -120.2100 35 533 -106.7700 -107.2100 36 425 -67.9200 -155.5200 32 598 -17.9400 -90.2700 29 538 128.9200 -183.5500 30 554 81.9300 -197.8101 31 498 51.3500 -187.3400 27 601 195.7000 -150.3500 28 585 204.1100 -173.9700 26 125 206.3000 -117.2400
6.8707217621e-001 -1.8643352580e+000 2.9904281689e+000
128 32 36
12 37 710 89.0400 -526.4500 38 266 8.4600 -520.1801 35 718 43.7400 -497.5100 36 248 74.5000 -557.5800 32 750 132.6800 -474.0699 34 697 87.3400 -486.2500 29 621 259.3200 -543.4399 30 663 226.4100 -570.9800 31 631 194.0000 -550.6700 27 256 305.7600 -486.0900 28 677 309.9200 -520.8199 26 224 298.7200 -436.5699
6.7636555019e-001 -1.9074399990e+000 3.0677169920e+000
123 65 27
12 37 398 32.0300 -683.6801 38 314 -35.2900 -670.2500 35 800 -11.2600 -666.8900 36 627 16.2300 -719.5601 32 876 65.5900 -654.8700 34 783 25.4300 -661.4301 29 767 190.8000 -740.4399 30 810 156.4000 -764.8900 31 323 129.2200 -732.5300 27 810 248.3600 -687.1600 28 397 244.6200 -719.3700 26 328 247.7800 -633.6400
7.0220075007e-001 -1.9666008587e+000 3.0972706239e+000
164 91 57
13 37 782 94.0600 -839.7700 38 658 24.8000 -830.8500 35 1095 59.8700 -815.8400 36 900 84.2600 -875.3400 39 341 -40.3400 -766.3199 32 1197 135.2900 -794.0100 34 1056 95.5900 -805.0100 29 1051 248.6200 -859.7000 30 1127 221.0800 -892.4800 31 1041 193.8400 -863.6200 27 857 298.6100 -797.4600 28 1091 293.1500 -833.6100 26 739 289.2600 -738.4700
6.3931047759e-001 -1.6438849059e+000 2.8046080690e+000
27 52 33
12 37 1052 21.0100 116.5200 38 720 -70.2900 112.6300 35 1145 -48.3500 148.6400 36 943 -8.2600 93.1100 32 1450 55.8800 183.2000 34 1104 2.1900 166.1200 29 1331 211.4800 109.0901 30 1171 163.8800 91.7200 31 1267 124.5100 76.8700 27 1153 264.8500 134.5901 28 1136 286.3200 114.5701 26 784 269.9900 162.1699
6.2864904855e-001 -1.6408935169e+000 2.8155504299e+000
34 59 38
13 37 1049 -11.0600 111.9000 38 718 -96.9200 107.7300 35 1142 -83.0200 140.3500 36 941 -41.7100 88.7500 39 671 -158.2200 143.6300 32 1449 17.2200 174.6400 34 1319 -34.5500 157.8000 29 1333 173.1300 95.3500 30 1387 123.6100 77.8800 31 1266 87.4700 67.3700 27 1155 232.4600 117.8500 28 1135 251.0200 98.0901 26 789 240.9300 142.3401
6.1443122849e-001 -1.5902680210e+000 2.7789320444e+000
173 39 40
10 37 1027 -37.2500 264.5901 38 680 -123.3400 256.9700 32 1226 -15.3800 335.2200 34 1092 -67.6400 314.7600 29 1066 146.0600 258.1400 30 1157 93.0200 241.7800 31 1064 57.7600 217.9700 27 1133 209.0100 271.3301 28 1105 230.9000 256.4600 26 1002 221.1900 291.1899
6.4906488700e-001 -1.7302406858e+000 2.8868699300e+000
177 112 87
12 37 1093 20.5600 -147.7600 38 1117 -62.2800 -144.8700 35 1172 -40.0300 -122.0800 36 968 -4.2100 -174.4200 32 1479 55.4200 -97.1100 34 1352 5.9100 -109.5200 29 1354 200.6300 -177.2500 30 1415 157.7600 -196.1899 31 1104 121.7100 -190.8101 27 1178 256.6600 -138.3700 28 1166 268.7900 -165.2500 26 1058 259.8600 -103.1801
6.3015277863e-001 -1.6535472345e+000 2.8282423010e+000
92 109 53
14 37 1058 -12.4000 72.1599 38 916 -96.5500 70.1200 35 1347 -82.8000 99.4900 36 1130 -41.0600 46.6600 39 678 -157.9600 108.9399 32 1456 16.4500 129.8600 34 1325 -34.7600 114.5200 40 437 -165.0700 101.7300 29 1336 172.3600 49.2100 30 1390 121.8800 32.3000 31 1276 86.8200 24.6100 27 1357 232.6100 74.3201 28 1332 249.8500 53.7000 26 1224 241.2700 101.1699
6.3026826073e-001 -1.6535155966e+000 2.8283277551e+000
92 109 53
13 37 1057 -12.4000 72.1599 38 915 -96.5500 70.1200 35 1346 -82.8000 99.4900 36 1129 -41.0600 46.6600 39 677 -157.9600 108.9399 32 1455 16.4500 129.8600 34 1324 -34.7600 114.5200 29 1337 172.3600 49.2100 30 1391 121.8800 32.3000 31 1277 86.8200 24.6100 27 1358 232.6100 74.3201 28 1333 249.8500 53.7000 26 1225 241.2700 101.1699
6.2999247381e-001 -1.6882057917e+000 2.8663335434e+000
108 28 39
11 37 87 -23.5600 -39.1500 38 90 -103.0500 -37.5300 35 524 -91.5000 -15.3800 36 100 -51.7200 -66.4399 32 582 2.8500 9.4400 34 521 -46.0600 -2.9700 29 61 153.1200 -76.3900 30 523 105.5000 -92.4301 31 61 72.3100 -90.3000 27 87 216.1600 -46.0700 28 79 228.9000 -68.8000
7.0200145614e-001 -1.9439347921e+000 3.0688813140e+000
94 73 70
11 37 994 107.6200 -767.1500 38 652 34.7600 -760.6100 35 1083 64.5700 -739.6700 39 613 -32.4300 -698.7700 32 1177 142.8800 -716.2500 34 1035 103.9800 -727.8300 29 791 259.8100 -781.2200 30 859 231.6900 -813.5100 31 754 202.9500 -786.5800 27 425 308.1700 -718.8900 28 426 305.8300 -755.1200
7.1032382027e-001 -1.9732478859e+000 3.0915294341e+000
171 91 54
13 37 785 118.5500 -850.7800 38 356 46.7300 -843.5699 35 841 85.9600 -822.7400 36 671 109.9800 -884.3800 39 347 -21.2400 -781.4301 32 928 162.1300 -796.7000 34 825 122.5400 -810.0500 40 362 -34.5700 -799.2400 29 412 272.8200 -855.4500 30 886 247.8900 -889.9100 31 782 219.8700 -863.8199 27 469 319.3200 -791.6100 28 467 315.2400 -827.6200
6.7409034224e-001 -1.8440435878e+000 2.9880287607e+000
177 117 95
12 37 943 52.5200 -479.9399 38 560 -24.6100 -471.8500 35 1020 6.0600 -456.2400 36 845 34.6800 -511.5400 39 522 -89.2500 -416.2800 32 670 93.0400 -436.9800 34 622 47.3200 -446.9500 29 614 224.3100 -515.3199 30 626 189.4400 -539.6500 31 574 155.5100 -517.4399 27 676 279.0100 -461.7600 28 641 282.5500 -494.8400
6.8889848735e-001 -1.9375142343e+000 3.0842786641e+000
180 145 132
11 37 992 60.0200 -763.6200 38 650 -8.1200 -752.2700 35 1080 21.5600 -744.1400 36 889 47.8000 -800.0900 32 1175 98.5900 -728.0601 34 1034 58.0500 -736.3900 29 1043 218.3700 -805.0400 30 1118 187.1600 -832.7700 31 1025 159.2400 -801.8500 27 1101 273.2700 -747.1500 28 1081 267.9700 -781.5200
6.3673690731e-001 -1.6296310682e+000 2.7925746635e+000
110 125 47
12 37 1037 18.6700 160.6799 38 715 -72.3400 153.4800 36 935 -10.8000 137.9099 39 668 -137.7500 188.2000 32 1440 52.1300 231.5701 34 1099 -2.0900 212.0701 40 649 -146.4100 178.9800 29 1324 209.2100 158.3900 30 1381 160.6400 139.8401 31 1075 121.1300 122.3700 27 1146 262.6700 179.8900 28 1121 285.0500 160.8201
6.9157724345e-001 -1.9562698047e+000 3.1045219009e+000
155 87 48
11 37 1003 64.0800 -823.0300 38 865 -1.2200 -807.6500 35 1269 25.8600 -803.0800 36 1061 52.1300 -857.9301 32 1406 98.6800 -788.2500 34 1262 60.5100 -796.3500 29 1298 212.2100 -864.4301 30 1355 184.2000 -892.2300 31 1234 157.9900 -860.6100 27 1314 266.8300 -807.8300 28 1304 259.6200 -841.1400
6.1830644821e-001 -1.6509402046e+000 2.8399754208e+000
28 55 36
12 37 1395 -47.2700 65.7900 38 1090 -127.2400 65.3000 35 1521 -120.0200 90.7100 36 1277 -78.5600 40.2400 39 1004 -185.0700 103.2700 32 1575 -24.1200 118.7500 34 1466 -73.6200 104.8301 29 1433 130.8800 32.7600 30 1501 80.0400 17.7600 31 1378 47.4400 12.7800 27 1360 196.1100 55.6800 28 1444 210.8700 35.7600
6.1937033976e-001 -1.6828218034e+000 2.8769583233e+000
172 136 127
9 37 1415 -54.2400 -37.9000 38 1263 -127.7100 -35.7600 35 1525 -125.9500 -18.3200 34 1474 -82.9800 -6.2500 40 1036 -184.0100 -1.5300 29 1515 112.4900 -88.1200 30 1586 64.0200 -101.7500 31 1395 34.1800 -97.6500 27 1491 181.8700 -58.9900
7.0841074489e-001 -1.9656790176e+000 3.0841106222e+000
171 90 43
10 37 1524 117.7300 -827.8800 38 1390 45.1400 -820.6000 35 1647 84.1900 -799.2500 36 1418 109.1300 -861.5699 32 1686 160.6900 -772.9700 34 1578 119.8900 -786.6400 30 1611 246.6400 -866.6000 31 1493 217.7100 -841.3300 27 1527 313.3500 -770.7800 28 1493 312.1100 -806.0100
6.7615890882e-001 -1.7673817890e+000 2.8879990135e+000
8 72 110
11 37 1588 98.5700 -228.0200 38 1465 7.3800 -227.8101 35 1746 45.0700 -194.3500 36 1494 77.6800 -253.0200 39 1387 -65.0600 -180.5900 32 1750 142.6600 -163.6600 34 1653 92.8000 -179.5100 40 1417 -80.5100 -194.1000 30 1668 241.4100 -255.3400 31 1557 203.7100 -249.4700 27 1603 317.1400 -185.0500
6.8487022743e-001 -1.8514461453e+000 2.9786792401e+000
177 122 101
12 37 948 87.1200 -487.9200 38 811 6.6500 -482.4000 35 680 40.7500 -459.4500 36 550 69.5100 -517.9800 39 538 -61.2200 -427.7300 32 672 128.9600 -435.2700 40 736 -72.4700 -442.9800 29 601 258.0600 -505.0300 30 628 224.2800 -532.6400 41 662 -113.6000 -453.0200 28 242 311.7400 -483.4900 43 589 -135.7800 -373.8300
6.8502077754e-001 -1.9185810036e+000 3.0641628422e+000
83 21 6
8 37 766 58.1300 -706.0500 38 642 -11.8900 -695.0300 36 636 45.9200 -741.7200 39 314 -75.1300 -633.1300 34 1026 55.9500 -677.5100 40 341 -85.7100 -646.5601 31 1013 159.1300 -743.8800 28 809 271.8300 -723.2000
7.0232930661e-001 -1.9665626525e+000 3.0972239667e+000
164 91 57
11 37 781 94.0600 -839.7700 38 659 24.8000 -830.8500 35 1096 59.8700 -815.8400 36 901 84.2600 -875.3400 39 340 -40.3400 -766.3199 32 1196 135.2900 -794.0100 34 1057 95.5900 -805.0100 29 1050 248.6200 -859.7000 30 1126 221.0800 -892.4800 31 1040 193.8400 -863.6200 28 1090 293.1500 -833.6100
6.9104911886e-001 -1.8589548861e+000 2.9762982939e+000
144 23 34
10 37 1429 107.2300 -503.2200 38 1148 25.4700 -499.1700 35 1411 63.4500 -471.0400 36 1191 92.2500 -532.0200 39 912 -43.8600 -443.5100 32 1503 150.7800 -443.5300 34 1377 105.8000 -457.8500 30 1443 244.4200 -538.1300 31 1323 211.0100 -519.8500 28 1263 325.9000 -486.4700
5.9788016416e-001 -1.6216749255e+000 2.8466640008e+000
116 133 63
5 37 1240 -104.5000 118.4600 38 1079 -171.5100 117.6699 36 1270 -140.6400 91.9399 34 1463 -150.9400 151.3101 31 1373 -36.4700 53.1500
6.6240415309e-001 -1.9059360142e+000 3.0946935324e+000
184 135 100
8 37 393 -14.9200 -701.6000 38 316 -72.4500 -684.8199 35 385 -62.7800 -695.1400 36 633 -31.6100 -741.6200 32 886 6.2300 -693.0200 34 789 -30.3100 -693.4399 30 855 91.2200 -812.2600 31 751 68.1600 -774.2100
6.9224656601e-001 -1.9439291999e+000 3.0867223774e+000
27 21 17
8 37 431 68.5600 -780.1300 38 334 -0.0100 -769.3101 35 422 31.2900 -759.4301 36 343 57.1600 -816.1700 32 482 107.4800 -742.4600 34 414 67.4400 -751.3101 29 393 225.7000 -816.8199 31 383 167.7200 -815.3800
6.6637840189e-001 -1.7772899695e+000 2.9157087923e+000
53 20 11
10 37 584 59.7100 -273.0300 38 135 -24.0900 -269.5699 35 562 6.3200 -244.9200 36 468 38.8100 -300.3199 39 126 -90.8400 -221.6500 32 622 100.2100 -220.2200 34 568 51.4700 -232.5400 29 562 238.6900 -294.9800 30 568 199.9200 -317.5900 31 517 164.0100 -306.2900
6.7988752222e-001 -1.8593493059e+000 2.9971251821e+000
129 31 40
6 37 313 65.7700 -520.9600 38 265 -10.9700 -513.4301 39 254 -74.7500 -458.1400 32 744 110.0600 -475.5200 34 693 63.2700 -485.5500 29 648 238.1400 -550.3101
7.0646015168e-001 -1.9499223124e+000 3.0661312979e+000
178 142 144
9 37 998 118.4500 -778.8400 38 862 43.9200 -772.5400 35 1086 82.8100 -748.1300 36 896 108.1000 -811.3600 32 1178 161.6500 -721.2700 34 1037 120.5100 -735.3900 29 792 274.9300 -781.3101 30 1114 248.6800 -814.9900 31 1020 220.0700 -790.2400
6.1162039126e-001 -1.6164194216e+000 2.8142204271e+000
154 156 34
7 37 504 -58.6400 163.6699 38 400 -138.7300 160.4399 35 884 -136.9300 190.0701 36 705 -91.9600 139.5200 32 961 -41.0200 222.2400 34 868 -90.7400 206.0601 31 818 32.1200 110.6899
6.7931509347e-001 -1.8549405183e+000 2.9918020930e+000
137 26 39
11 37 947 67.7900 -506.3300 38 810 -9.9900 -499.5000 35 1236 23.0300 -480.9900 39 760 -75.1000 -443.4200 32 1365 110.4300 -459.6200 34 989 64.1200 -471.1400 40 551 -87.2000 -457.6100 29 957 237.7400 -536.2800 30 1031 204.3100 -561.1200 31 951 172.5400 -539.0400 41 498 -127.5400 -466.0300
6.6656645348e-001 -1.8625610177e+000 3.0255630689e+000
142 27 40
10 37 727 21.3400 -550.8400 38 598 -48.4600 -539.7900 35 739 -26.7600 -533.6400 39 576 -107.8500 -481.2300 32 809 53.4400 -520.7000 34 718 11.4000 -527.1300 40 291 -115.8500 -492.5000 29 997 184.9100 -609.5800 30 1065 148.5300 -630.5699 31 668 117.3800 -602.1100
7.0069953115e-001 -1.9472240623e+000 3.0760990864e+000
176 147 142
9 37 1171 96.6800 -779.6200 38 1014 25.1000 -770.6600 35 1265 60.2400 -754.8600 36 1056 85.9400 -814.0800 39 938 -40.7400 -707.8500 34 1259 97.3000 -744.6400 40 934 -53.0100 -725.0601 29 1034 254.3600 -799.7100 31 1026 197.4100 -803.8101
6.7001793507e-001 -1.8134603995e+000 2.9560117988e+000
179 121 99
10 37 1135 55.2700 -386.5601 38 966 -22.9500 -381.0100 35 1220 4.9400 -360.9500 36 1010 37.7500 -416.3800 39 742 -88.2900 -328.5601 32 1330 93.3900 -339.2600 34 1193 47.1800 -349.9700 40 714 -98.8400 -341.7100 29 1200 227.2200 -416.5900 31 1172 156.7300 -421.9399
6.3394464727e-001 -1.6544526389e+000 2.8214526712e+000
32 57 38
11 37 1060 2.6500 76.8500 38 728 -83.6400 72.8900 35 1152 -66.8900 106.4700 36 946 -26.6600 52.7600 39 412 -145.9100 108.9000 32 1457 32.8700 140.0200 34 1326 -19.0100 123.3800 40 105 -154.1400 99.9399 29 1338 185.9900 62.9600 30 1392 138.5000 44.6900 31 1272 101.2100 35.7700
6.3394464727e-001 -1.6544526389e+000 2.8214526712e+000
32 57 38
11 37 1059 2.6500 76.8500 38 727 -83.6400 72.8900 35 1151 -66.8900 106.4700 36 947 -26.6600 52.7600 39 411 -145.9100 108.9000 32 1458 32.8700 140.0200 34 1327 -19.0100 123.3800 40 104 -154.1400 99.9399 29 1339 185.9900 62.9600 30 1393 138.5000 44.6900 31 1273 101.2100 35.7700
6.3436282328e-001 -1.7430269573e+000 2.9267694623e+000
5 40 72
8 37 1290 -31.3600 -210.3400 38 1126 -105.4800 -202.4600 35 1396 -94.8600 -192.5300 32 1590 -7.0100 -176.4900 34 1353 -51.5600 -184.2300 29 1453 137.0400 -269.7800 30 1521 92.5000 -285.0100 31 1304 61.3500 -270.0200
6.6607784956e-001 -1.7425607955e+000 2.8737440438e+000
227 134 117
7 37 121 74.7500 -160.6000 38 108 -14.4800 -160.6400 35 104 18.2200 -128.0500 36 133 52.5100 -185.4500 32 138 116.9400 -98.5400 34 134 66.2100 -113.8000 30 78 218.9300 -191.9800
6.8704740330e-001 -1.8684385541e+000 2.9952386620e+000
140 27 44
10 37 716 88.3400 -539.1801 38 606 8.8200 -533.4500 35 720 44.5300 -510.7800 36 581 74.1900 -570.6801 39 562 -59.2600 -476.7000 32 792 131.8400 -486.8600 34 699 86.5200 -498.5601 40 296 -70.4300 -492.8900 30 229 226.8800 -583.8800 31 238 193.7800 -562.1801
6.3583691231e-001 -1.7213209828e+000 2.8961720835e+000
204 135 120
8 37 104 -16.2800 -136.1700 38 99 -93.9300 -132.3101 35 535 -80.1700 -114.4800 36 427 -42.4000 -165.4500 32 97 11.5700 -93.5699 34 531 -36.2800 -103.9200 30 555 112.3500 -197.3500 31 98 79.4900 -189.0800
6.8222227908e-001 -1.8577128487e+000 2.9895524652e+000
130 32 37
8 37 288 76.5800 -510.4600 38 241 -2.6400 -503.7000 35 708 32.6200 -483.1801 36 233 60.0800 -541.2500 39 238 -69.2000 -447.9900 32 739 121.1400 -460.2000 30 659 214.6200 -560.2600 31 581 181.6000 -538.8199
6.7939747743e-001 -1.9153596228e+000 3.0730414656e+000
190 111 66
8 37 765 37.6600 -705.2200 38 321 -29.3300 -692.3101 35 814 -4.4600 -688.5400 36 635 23.5000 -741.8101 32 892 72.7400 -676.2400 34 793 32.2300 -682.5200 30 847 162.6600 -784.8101 31 747 134.9900 -752.8600
6.9064961954e-001 -1.9229940298e+000 3.0602029399e+000
66 14 4
9 37 767 74.7900 -712.7400 38 326 2.6900 -702.7800 35 816 35.8700 -689.6000 36 638 62.0000 -746.7900 39 318 -62.3100 -641.0900 32 882 116.5300 -670.1600 40 342 -73.7100 -656.1899 30 850 206.2900 -771.7400 31 749 176.9500 -743.1400
7.1278820359e-001 -1.9745917454e+000 3.0889964238e+000
44 17 9
9 37 786 124.8900 -852.9900 38 664 52.6000 -847.6899 35 842 92.5100 -821.6400 39 348 -15.9500 -783.8600 32 929 169.0700 -793.5000 34 824 129.3200 -808.3600 40 368 -29.1200 -804.9399 30 885 254.6900 -884.9301 41 312 -70.0900 -820.8000
7.1690968426e-001 -1.9304112387e+000 3.0426605171e+000
177 96 31
8 37 1167 147.1300 -713.6100 38 1008 69.2600 -711.2900 35 1262 111.0400 -677.6100 36 1204 136.4100 -744.5500 39 931 -1.7100 -652.4700 34 1253 150.0300 -662.4700 40 930 -17.7300 -672.8500 41 697 -61.7100 -688.0000
6.9750564700e-001 -1.9263554383e+000 3.0519551735e+000
190 92 44
8 37 986 97.2600 -714.0100 38 646 22.2600 -706.2600 35 1070 59.2900 -685.6700 36 888 85.0200 -747.0800 32 1162 140.2300 -662.6700 34 1028 97.9900 -675.0200 30 1093 230.2900 -759.7500 31 717 198.9800 -734.8600
6.6786996184e-001 -1.9048243747e+000 3.0813548771e+000
167 81 41
7 37 755 2.9000 -688.3000 38 309 -59.6600 -672.1200 35 811 -42.4600 -678.1801 36 626 -12.7100 -726.1400 32 1158 32.6500 -672.0500 34 1025 -7.2600 -674.9301 30 1104 121.6000 -787.3199
6.6486697349e-001 -1.7790405875e+000 2.9212575246e+000
176 115 95
10 37 1120 54.0500 -282.1801 38 957 -27.3700 -278.9500 35 1194 -0.1600 -254.8900 36 994 33.4200 -310.2100 39 728 -94.1000 -229.5000 32 1299 91.9300 -230.4900 34 1163 44.8000 -243.0200 40 702 -104.4900 -242.4100 30 1221 190.7100 -329.5500 31 1128 156.4600 -316.8400
6.8329704792e-001 -1.9134649887e+000 3.0609330535e+000
132 50 28
9 37 402 54.6100 -692.2800 38 322 -15.5400 -680.1600 35 804 14.0400 -672.0100 36 631 40.8700 -727.1400 39 310 -77.9300 -618.9700 32 877 93.4900 -655.8900 34 379 51.8300 -664.5699 40 338 -87.8300 -632.3800 31 327 154.1700 -731.9600
6.7866547729e-001 -1.9278985876e+000 3.0913034068e+000
174 138 123
6 37 417 29.5900 -746.4800 38 328 -34.4700 -732.4200 35 409 -12.4400 -733.7600 32 445 62.0600 -723.0300 34 400 22.9500 -727.6100 31 357 123.0500 -799.5800
7.2076212376e-001 -1.8838900267e+000 2.9966803779e+000
126 82 36
6 37 960 168.5100 -570.8101 38 831 85.6600 -572.4100 35 1038 124.0400 -531.3101 36 871 154.9100 -597.3000 39 593 13.9500 -517.5800 34 997 164.6900 -514.1899
5.9052414520e-001 -1.5671961628e+000 2.8030107551e+000
162 42 42
5 37 808 -115.9600 279.6100 38 372 -185.3600 273.4700 36 686 -155.3500 255.5100 34 843 -169.2100 321.6200 31 797 -52.0000 219.6599
7.2983151486e-001 -1.9049551279e+000 3.0173937960e+000
28 26 42
8 37 1318 182.5300 -633.6899 38 1158 102.9900 -635.3400 35 1253 140.3700 -592.3199 36 1201 170.0700 -660.4399 39 1063 30.2900 -580.4500 34 1240 177.7900 -574.9399 40 1089 15.8600 -603.3800 41 923 -29.7200 -621.4000
6.8522519841e-001 -1.9331402630e+000 3.0855678830e+000
179 147 136
7 37 769 48.9000 -754.5800 38 649 -18.1200 -741.8400 35 1078 10.2200 -737.5800 36 645 36.3200 -791.6300 32 1172 86.2700 -723.6100 34 1031 46.0200 -730.7500 31 1017 147.1000 -798.4399
7.1154832623e-001 -1.9531489193e+000 3.0618771357e+000
22 11 14
7 37 1000 133.6500 -782.5200 38 655 58.3300 -777.8700 35 1088 99.3600 -750.0400 36 897 124.3300 -814.6400 32 1180 178.0400 -720.5800 34 1039 136.9800 -735.9000 31 1021 235.5100 -788.3199
6.0171323814e-001 -1.6102995985e+000 2.8224245476e+000
25 55 35
7 37 1226 -87.4700 167.0300 38 905 -162.0600 164.3800 35 1330 -169.2000 191.3600 36 1107 -122.3300 142.6400 32 1558 -79.2500 222.1200 34 1451 -126.2700 206.6699 31 1366 -5.2700 110.1200
6.1317004076e-001 -1.6440427724e+000 2.8414778368e+000
95 120 49
6 37 1247 -60.9700 77.7700 38 1089 -137.8900 77.2900 35 1513 -136.9700 100.9000 32 1567 -43.9400 128.2400 34 1464 -91.8100 114.8000 31 1376 27.7800 21.0500
6.1309287808e-001 -1.6440477223e+000 2.8414727498e+000
95 120 49
