# Bundle file v0.3
60 1824
0 0 0
0 0 0
0 0 0
0 0 0
0 0 0
0 0 0
0 0 0
0 0 0
0 0 0
0 0 0
0 0 0
0 0 0
0 0 0
0 0 0
0 0 0
0 0 0
0 0 0
0 0 0
0 0 0
0 0 0
0 0 0
0 0 0
0 0 0
0 0 0
0 0 0
0 0 0
0 0 0
0 0 0
0 0 0
0 0 0
0 0 0
0 0 0
0 0 0
0 0 0
0 0 0
0 0 0
0 0 0
0 0 0
0 0 0
0 0 0
0 0 0
0 0 0
0 0 0
0 0 0
0 0 0
0 0 0
0 0 0
0 0 0
0 0 0
0 0 0
0 0 0
0 0 0
0 0 0
0 0 0
0 0 0
0 0 0
0 0 0
0 0 0
0 0 0
0 0 0
0 0 0
0 0 0
0 0 0
0 0 0
0 0 0
0 0 0
0 0 0
0 0 0
0 0 0
0 0 0
0 0 0
0 0 0
0 0 0
0 0 0
0 0 0
0 0 0
0 0 0
0 0 0
0 0 0
0 0 0
0 0 0
0 0 0
0 0 0
0 0 0
0 0 0
0 0 0
0 0 0
0 0 0
0 0 0
0 0 0
0 0 0
0 0 0
0 0 0
0 0 0
0 0 0
0 0 0
0 0 0
0 0 0
0 0 0
0 0 0
0 0 0
0 0 0
0 0 0
0 0 0
0 0 0
0 0 0
0 0 0
0 0 0
0 0 0
0 0 0
0 0 0
0 0 0
0 0 0
0 0 0
0 0 0
0 0 0
0 0 0
0 0 0
0 0 0
0 0 0
0 0 0
0 0 0
0 0 0
0 0 0
0 0 0
0 0 0
0 0 0
0 0 0
0 0 0
0 0 0
0 0 0
0 0 0
0 0 0
0 0 0
0 0 0
2.9094770781e+003 6.5556012669e-001 9.3819485985e-002
9.4458280648e-001 -5.0803555422e-002 -3.2431823949e-001
-2.8202038710e-001 3.8005058360e-001 -8.8092341050e-001
1.6801137750e-001 9.2356946283e-001 3.4466160849e-001
6.1512113218e-001 2.8530589711e+000 -1.3138097450e+000
2.7988344040e+003 5.8500072149e-001 -3.1202547029e-002
9.1851478497e-001 -8.3968124270e-002 -3.8636762792e-001
-3.3076004342e-001 3.7221427735e-001 -8.6721065804e-001
2.1662959972e-001 9.2434078448e-001 3.1411101649e-001
7.6456253978e-001 2.8154336932e+000 -1.1682413400e+000
2.5210674467e+003 4.4543200803e-001 3.7460400734e-002
8.6235916419e-001 -2.0177106031e-001 -4.6435451022e-001
-3.6253145118e-001 3.9414290056e-001 -8.4452490836e-001
3.5342271977e-001 8.9662690856e-001 2.6674438699e-001
8.5260736171e-001 2.7823643809e+000 -9.8002216371e-001
2.2949169650e+003 4.5331484881e-001 -1.3937277413e-001
7.7809218585e-001 -3.1600305200e-001 -5.4287624874e-001
-3.9481206230e-001 4.2616818015e-001 -8.1394355928e-001
4.8856523187e-001 8.4765721453e-001 2.0683631418e-001
9.6752011031e-001 2.7332415054e+000 -8.2679488916e-001
2.1220462810e+003 5.5634071485e-001 -2.5624375329e-001
7.0166031463e-001 -3.9511855003e-001 -5.9292000665e-001
-4.0376296610e-001 4.6515242022e-001 -7.8778721313e-001
5.8706751748e-001 7.9215816437e-001 1.6684475581e-001
1.0434575145e+000 2.6995762838e+000 -8.1175751673e-001
2.5682762261e+003 5.6582866529e-001 2.7833932768e-002
6.0261885712e-001 -4.7454060335e-001 -6.4160870382e-001
-4.4257100482e-001 4.7029669669e-001 -7.6351288317e-001
6.6406431823e-001 7.4406466980e-001 7.3391746211e-002
1.1032661919e+000 2.6941209387e+000 -7.8001180796e-001
0 0 0
0 0 0
0 0 0
0 0 0
0 0 0
5.5315920996e+003 1.1974702236e+000 2.6658514886e-002
-7.6810044721e-001 3.4163989605e-001 5.4157537280e-001
-4.9930066935e-002 -8.7515631262e-001 4.8125712139e-001
6.3837973919e-001 3.4261291555e-001 6.8926605798e-001
-8.8179201145e-001 -2.1444500395e+000 5.9078827274e-001
1.1880656983e+005 -1.4414781966e-002 -6.1773372478e-007
8.7051940313e-001 -2.3369841697e-001 -4.3310624410e-001
2.0554000823e-002 8.9655438093e-001 -4.4245652338e-001
4.9170468964e-001 3.7626492255e-001 7.8527142202e-001
6.3410846758e-001 2.0636369933e+000 -5.4335399952e+001
1.1287679398e+005 4.7963216952e-004 2.0700236438e-007
9.2669514291e-001 -1.2302073145e-001 -3.5510845066e-001
-3.0602666142e-002 9.1706516038e-001 -3.9756127635e-001
3.7456586727e-001 3.7928536916e-001 8.4607506748e-001
5.2637091790e-001 1.9549456116e+000 -5.1652360496e+001
-4.6980502211e+003 1.5934325138e+000 5.0059490149e-002
9.3905128642e-001 -7.7345963579e-002 -3.3496310751e-001
-6.8443174361e-002 9.1279219791e-001 -4.0264864996e-001
3.3689495894e-001 4.0103367109e-001 8.5186488441e-001
5.2386980592e-001 1.9875614290e+000 3.0112125309e-002
-4.4313741031e+003 1.7141565474e+000 -1.4891006886e-002
9.8443292383e-001 5.6675426782e-002 -1.6637221668e-001
-1.1688910914e-001 9.1802155005e-001 -3.7891076760e-001
1.3125835078e-001 3.9245933501e-001 9.1035537880e-001
1.4002211589e-001 1.9435484971e+000 -1.4114176371e-001
9.7556660324e+004 7.7375879883e-003 7.7892599466e-007
9.8798213538e-001 1.3855745591e-001 -6.8506434576e-002
-1.5387712141e-001 9.2354618770e-001 -3.5126097233e-001
1.4599029800e-002 3.5758113847e-001 9.3376795712e-001
-7.9113868789e-002 1.9059060027e+000 -4.7799977326e+001
3.5371007875e+003 1.4718038687e+000 3.4075771504e-002
-9.7848517920e-001 -2.0627487009e-001 -4.1751708305e-003
1.9129048586e-001 -9.1461529080e-001 3.5621176265e-001
-7.7296210149e-002 3.4774925995e-001 9.3439592684e-001
2.1112727293e-001 -1.9181528229e+000 -5.5150405878e-001
6.4999548178e+005 -2.0217483243e-004 2.8909449170e-037
9.0676141359e-001 3.6703987674e-001 2.0752221017e-001
-3.0392547817e-001 9.1010107267e-001 -2.8168305106e-001
-2.9225509842e-001 1.9234803460e-001 9.3679730520e-001
-5.9506777903e-001 1.7584344019e+000 -2.8410393765e+002
0 0 0
0 0 0
0 0 0
0 0 0
0 0 0
0 0 0
0 0 0
0 0 0
0 0 0
0 0 0
0 0 0
0 0 0
0 0 0
0 0 0
0 0 0
0 0 0
0 0 0
0 0 0
0 0 0
0 0 0
0 0 0
0 0 0
0 0 0
0 0 0
0 0 0
0 0 0
0 0 0
0 0 0
0 0 0
0 0 0
0 0 0
0 0 0
0 0 0
0 0 0
0 0 0
0 0 0
0 0 0
0 0 0
0 0 0
0 0 0
0 0 0
0 0 0
0 0 0
0 0 0
0 0 0
0 0 0
0 0 0
0 0 0
0 0 0
0 0 0
0 0 0
0 0 0
0 0 0
0 0 0
0 0 0
0 0 0
0 0 0
0 0 0
0 0 0
0 0 0
0 0 0
0 0 0
0 0 0
0 0 0
0 0 0
0 0 0
0 0 0
0 0 0
0 0 0
0 0 0
0 0 0
0 0 0
0 0 0
0 0 0
0 0 0
0 0 0
0 0 0
0 0 0
0 0 0
0 0 0
0 0 0
0 0 0
0 0 0
0 0 0
0 0 0
0 0 0
0 0 0
0 0 0
0 0 0
0 0 0
2.8242862890e-001 -8.5497184625e-001 2.6695952328e+000
172 39 52
10 37 811 -85.9300 259.4299 38 383 -162.5100 253.5200 36 691 -123.2200 235.3401 32 1223 -80.6500 321.8700 34 1089 -127.9500 304.2000 29 1315 75.2300 239.5801 30 1376 21.3200 224.5400 31 1061 -6.2400 203.9800 27 1137 146.6100 249.2900 28 1114 164.7600 236.4700
2.9585699427e-001 -9.2503283624e-001 2.7424962948e+000
37 55 32
11 37 1063 -95.7300 41.6600 38 732 -163.1600 43.5000 35 1355 -176.6300 60.4000 36 1136 -130.0600 15.3700 32 1576 -95.3300 81.9299 34 1330 -137.7200 71.1799 29 1444 49.2300 -13.8800 30 1505 -0.2100 -24.8300 31 1283 -23.9300 -24.1900 27 1483 123.0900 6.3000 28 1458 132.6600 -11.9500
2.9212274138e-001 -9.2721517078e-001 2.7672068663e+000
38 52 27
7 37 1068 -126.5400 18.1700 38 736 -185.7400 22.6200 35 1353 -212.6300 32.8000 36 953 -162.7800 -10.1500 39 83 -229.2100 61.4100 34 1335 -178.6700 41.3800 40 113 -223.5800 57.9800
2.7983334666e-001 -8.8640439804e-001 2.7385816715e+000
135 139 46
5 37 1239 -138.3400 127.2400 38 907 -197.2200 128.5701 35 1335 -230.6400 143.3101 36 1113 -177.2100 99.8101 34 1313 -196.9100 154.6200
3.0093645866e-001 -9.6125950763e-001 2.8045214420e+000
151 32 42
5 37 1268 -129.1000 -85.6600 38 930 -182.7000 -78.1700 35 1372 -212.5000 -76.9600 36 1152 -163.6200 -117.3199 34 1341 -181.1700 -71.5200
2.9290873211e-001 -8.5636891894e-001 2.6562696395e+000
164 37 42
8 37 812 -57.2400 268.3600 38 378 -139.9800 260.6300 36 689 -92.4700 245.2900 32 1224 -41.4500 336.2200 34 1091 -91.9400 316.4399 29 1064 119.1900 257.3101 30 1155 65.4400 241.7400 27 1131 185.9400 268.4600
3.1075328485e-001 -9.2994843039e-001 2.7244935012e+000
146 150 114
12 37 1404 -56.7800 47.3000 38 1245 -132.7400 48.2100 35 1519 -131.7600 69.7500 36 1285 -88.4300 20.7400 39 1008 -187.1400 87.6699 34 1468 -87.9700 82.3600 40 1027 -189.8700 81.7600 29 1512 111.6500 5.6300 30 1582 61.3700 -8.3800 31 1382 30.5600 -10.6600 27 1484 179.7000 29.3900 28 1453 192.5000 9.3400
3.0378068587e-001 -9.2245163176e-001 2.7257880247e+000
28 58 35
11 37 1403 -71.4600 61.5600 38 1096 -144.3900 62.5300 35 1518 -149.6400 82.8101 36 1276 -104.3600 34.6700 32 1649 -61.5500 107.3101 34 1544 -106.8800 95.4600 29 1565 89.3600 17.2900 30 1581 38.3100 3.7300 31 1465 10.4600 1.0500 27 1558 160.0600 40.9500 28 1533 171.8600 21.0400
2.8919575443e-001 -9.0197837823e-001 2.7230076362e+000
35 54 33
11 37 520 -99.8500 108.9099 38 72 -168.6200 108.4700 35 888 -183.3100 127.9399 36 402 -135.7000 81.8101 32 967 -100.4700 152.6100 34 880 -143.7300 141.0500 29 1097 46.2500 58.8000 30 1173 -4.3600 47.2800 31 831 -28.1800 42.9100 27 1159 120.6700 75.8000 28 1145 132.0800 58.9900
3.2806570913e-001 -9.6591248883e-001 2.7453695092e+000
155 144 131
11 37 1077 -31.8500 -48.4800 38 739 -110.0500 -45.9300 35 1160 -100.1000 -26.0700 36 957 -60.4600 -75.4000 32 1257 -7.0900 -2.7800 34 1126 -55.5500 -14.3100 29 1105 143.3200 -90.5000 30 1185 95.0300 -106.3800 31 1100 62.6100 -102.6200 27 1169 207.8000 -60.5300 28 1157 219.3800 -83.2200
3.2591591481e-001 -9.0601252057e-001 2.6674914221e+000
30 53 25
13 37 1232 13.5600 147.2000 38 908 -76.9000 141.5100 35 1333 -57.7000 179.6100 36 1116 -16.5700 124.4500 39 845 -141.2300 176.6699 32 1444 46.5300 216.2700 34 1302 -6.8900 197.6799 40 851 -150.4000 168.6100 29 1325 203.7400 142.3301 30 1382 154.7600 123.6000 31 1263 115.7700 108.0300 27 1335 258.4300 165.0300 28 1321 280.4900 145.9700
3.2706934765e-001 -9.4097006356e-001 2.7096872364e+000
113 124 81
13 37 1254 -9.8600 35.1700 38 921 -93.6200 33.4500 35 1359 -79.5300 62.8000 36 1140 -38.9800 10.1800 39 862 -154.4700 72.5701 32 1578 18.4500 92.4500 34 1471 -32.3100 77.5300 40 664 -161.1700 63.5300 29 1443 170.9100 11.9600 30 1509 123.2800 -5.5300 31 1387 87.5600 -10.4000 27 1476 230.1800 39.7000 28 1455 246.7500 17.8600
3.2709172421e-001 -9.4087513179e-001 2.7097082686e+000
113 124 81
12 37 1255 -9.8600 35.1700 38 922 -93.6200 33.4500 35 1360 -79.5300 62.8000 36 1141 -38.9800 10.1800 39 863 -154.4700 72.5701 32 1579 18.4500 92.4500 34 1472 -32.3100 77.5300 29 1442 170.9100 11.9600 30 1510 123.2800 -5.5300 31 1386 87.5600 -10.4000 27 1475 230.1800 39.7000 28 1456 246.7500 17.8600
3.2407454087e-001 -9.1110026874e-001 2.6759059383e+000
143 155 38
12 37 1390 3.1400 129.7600 38 1086 -86.0500 125.1400 35 1601 -66.4200 159.5100 36 1265 -27.6500 106.3500 39 989 -148.1400 160.8201 32 1641 35.9700 194.9700 34 1531 -16.4900 176.1799 40 855 -156.7000 153.2600 29 1504 192.8700 118.8201 30 1573 142.7300 101.6799 31 1459 105.6000 87.4000 27 1452 248.7200 141.8201
3.3557868398e-001 -9.3245496676e-001 2.6856734543e+000
29 54 40
10 37 1397 25.3100 72.7000 38 1239 -64.2600 69.0400 36 1279 -3.1300 48.8900 39 1005 -128.5400 107.9900 32 1648 60.5800 138.9500 34 1538 7.5200 121.5500 30 1577 167.2400 45.9400 31 1462 128.4500 35.5200 27 1468 266.8300 93.1799 28 1433 287.0200 71.2100
3.9940363870e-001 -1.1889246012e+000 2.9605417237e+000
146 70 35
11 37 1163 -2.3200 -696.3400 38 848 -63.4200 -680.5200 35 1260 -48.2300 -687.2500 36 1045 -19.6800 -735.3000 32 1514 23.9900 -683.2000 34 1389 -14.4000 -684.8600 29 1401 144.5700 -780.5699 30 1464 109.6400 -799.8101 31 1332 84.4900 -763.1400 27 1417 208.9300 -732.4600 28 1394 201.0800 -762.7100
4.2471107637e-001 -1.2356180409e+000 2.9824058702e+000
138 75 37
12 37 1177 45.1000 -819.1500 38 864 -16.3600 -805.8900 35 1425 5.9200 -805.5100 36 1208 32.2500 -856.8800 39 616 -74.7300 -742.0300 32 1521 75.2100 -793.6801 34 1397 39.1100 -800.3800 29 1481 189.0000 -875.9100 30 1548 159.3400 -900.9900 31 1424 134.9700 -868.0800 27 1424 246.0700 -822.1899 28 1398 237.4500 -854.8500
3.8801373422e-001 -1.1209864883e+000 2.8693441793e+000
140 25 37
12 37 1308 29.2700 -482.1600 38 983 -42.9100 -473.1500 35 1409 -19.9800 -462.5300 36 1190 11.4300 -515.8400 39 911 -105.3200 -416.4900 32 1501 63.2900 -446.6600 40 735 -112.7100 -429.1100 29 1384 194.3600 -531.7900 30 1448 157.4100 -553.9500 31 1321 126.8500 -528.5400 27 1406 251.7200 -482.0200 28 1382 253.4800 -513.7600
2.9921536553e-001 -8.9387695138e-001 2.6932583404e+000
24 57 45
12 37 1387 -64.1900 151.8700 38 1075 -141.9500 148.7400 35 1504 -143.7100 177.1000 36 1264 -97.8800 126.7500 39 986 -195.5900 184.7800 32 1640 -50.1000 208.3401 34 1452 -98.7400 192.4500 29 1503 105.9500 124.3500 30 1572 53.7000 109.0100 31 1454 23.0400 97.7200 27 1550 175.5000 142.7300 28 1520 191.4500 126.1699
2.9861227484e-001 -9.0575707106e-001 2.7089881137e+000
72 111 134
9 37 1478 -75.4100 113.7400 38 1349 -150.9700 112.3201 35 1686 -153.6700 135.2400 36 1441 -108.3100 86.5400 39 1121 -205.2800 150.1300 32 1717 -62.5900 163.9199 34 1603 -109.7700 149.5300 30 1661 39.6600 62.6100 27 1589 164.7700 97.1799
3.0351874557e-001 -8.7200631135e-001 2.6604442629e+000
175 35 40
11 37 821 -36.6000 228.6300 38 396 -122.8600 222.9099 35 873 -114.2800 258.5200 36 697 -70.3600 206.0801 32 955 -12.7600 295.8301 34 859 -65.3800 277.2600 29 848 147.6400 218.1899 30 929 94.9000 201.6599 31 812 59.6000 181.2100 27 886 210.3200 233.3301 28 904 231.2400 217.5901
3.3995625385e-001 -9.5190003842e-001 2.7046420482e+000
30 56 21
12 37 1262 23.4600 15.1100 38 923 -64.5700 13.0700 35 1362 -42.4000 45.1500 36 1146 -3.7800 -8.9100 39 687 -128.9200 51.1200 32 1465 58.3300 76.2300 34 1338 6.4900 60.7900 40 665 -138.5400 41.9600 29 1345 209.5000 -0.4700 30 1398 163.8200 -19.1100 31 1286 125.8900 -24.3600 28 1155 281.0300 6.3000
3.2163914612e-001 -9.1951447071e-001 2.6905721714e+000
131 139 34
13 37 1051 -11.9700 98.4700 38 914 -97.9100 95.6599 35 1150 -82.9800 127.1200 36 942 -41.4300 74.3700 39 674 -158.2300 132.3401 32 1249 17.5800 159.3201 34 1109 -34.3200 143.0701 40 658 -165.9200 124.6599 29 1094 173.2300 80.2300 30 1175 123.7200 63.0300 31 1087 88.0200 53.0300 27 1156 233.0900 104.3301 28 1143 251.3700 84.2300
3.9702556132e-001 -1.1210107980e+000 2.8494206818e+000
185 121 98
10 37 941 63.6800 -468.4200 38 801 -14.6600 -461.5900 35 1012 16.6400 -442.9200 36 848 46.9000 -499.3700 39 520 -79.6600 -407.3900 32 1363 104.3200 -421.1400 34 1218 58.7200 -432.2000 29 1248 235.5800 -496.5601 30 1325 199.7200 -521.8500 31 1197 166.7900 -501.1600
4.0245467443e-001 -1.1596819628e+000 2.9030922362e+000
116 75 60
11 37 1157 38.7400 -592.3300 38 839 -32.7700 -581.2300 35 1248 -5.8600 -573.2100 36 1035 23.0500 -626.9900 32 1384 75.7900 -558.2500 34 1237 33.1800 -565.7000 29 1279 204.2900 -641.1500 30 1334 168.5100 -665.3000 31 1212 138.2100 -636.8500 27 1058 260.7000 -587.3400 28 1274 259.2600 -620.6000
3.7880583829e-001 -1.1442207974e+000 2.9302414755e+000
187 114 101
11 37 958 -29.4500 -575.3800 38 822 -89.5300 -559.4500 35 1048 -82.1500 -567.9100 36 874 -49.1800 -613.2000 32 1375 -9.9000 -564.6700 34 1230 -47.9300 -565.7000 29 1269 115.5300 -669.3500 30 1340 77.6100 -684.6400 31 1218 53.4400 -649.0699 27 1300 183.6600 -625.3400 28 1285 177.1500 -654.6100
4.3751913208e-001 -1.2476122984e+000 2.9734276723e+000
146 76 51
11 37 1178 78.9400 -841.5500 38 867 12.5000 -830.5400 35 1270 43.6100 -821.2700 36 1064 68.4500 -876.7000 32 1522 116.9200 -803.9800 34 1398 78.0700 -812.7100 29 1300 231.3700 -874.0300 30 1470 202.3700 -904.0601 31 1343 176.1500 -874.3900 27 1315 283.3100 -815.0800 28 1305 276.2600 -848.3300
3.2556478183e-001 -9.1477321732e-001 2.6792820950e+000
49 97 110
12 37 839 5.2700 118.1599 38 419 -83.3500 113.5701 35 891 -65.6100 148.6500 36 712 -24.7400 93.9700 39 72 -146.2000 150.5300 34 878 -15.7200 165.5200 40 90 -155.0400 142.0100 29 864 192.6100 107.1699 30 948 144.4800 88.8101 31 830 106.2700 76.5300 27 561 249.1000 130.9000 28 921 269.1400 110.4299
3.2557567868e-001 -9.1474274441e-001 2.6792906529e+000
49 97 110
10 37 840 5.2700 118.1599 38 420 -83.3500 113.5701 35 890 -65.6100 148.6500 39 73 -146.2000 150.5300 34 879 -15.7200 165.5200 29 863 192.6100 107.1699 30 949 144.4800 88.8101 31 829 106.2700 76.5300 27 560 249.1000 130.9000 28 920 269.1400 110.4299
2.9969349148e-001 -8.6187866312e-001 2.6499996157e+000
173 39 40
9 37 1028 -37.2500 264.5901 38 681 -123.3400 256.9700 32 1227 -15.3800 335.2200 34 1093 -67.6400 314.7600 29 1065 146.0600 258.1400 30 1156 93.0200 241.7800 31 1065 57.7600 217.9700 27 1132 209.0100 271.3301 28 1104 230.9000 256.4600
2.8651359016e-001 -8.6340791564e-001 2.6741965119e+000
165 44 55
7 37 488 -80.7900 235.5200 38 37 -158.6500 230.8301 36 385 -117.9300 212.2500 34 858 -120.0700 279.5100 31 811 2.0600 180.7200 27 883 156.1500 226.3101 28 902 173.3100 212.1100
4.4743035907e-001 -1.2569496319e+000 2.9655120846e+000
151 80 56
11 37 1180 106.4800 -859.0400 38 1018 35.6300 -850.0699 35 1271 74.2500 -833.4100 36 1210 97.2000 -894.1300 32 1524 150.1700 -809.4000 34 1400 110.3200 -821.8500 29 1408 263.6200 -870.3400 30 1472 236.6300 -904.3800 31 1345 208.7800 -877.0699 27 1426 312.7500 -806.5800 28 1399 307.5500 -842.8199
2.8528271448e-001 -8.9443590364e-001 2.7371576228e+000
31 58 33
4 37 1392 -124.0500 110.9399 38 1229 -186.5200 111.7100 35 1507 -215.0400 128.2300 34 1532 -178.1700 139.7200
2.9511423562e-001 -8.5927979694e-001 2.6558017661e+000
222 135 101
9 37 23 -52.0000 262.5601 38 38 -136.1000 254.4800 36 380 -86.9300 239.4099 32 535 -33.6800 331.0300 34 32 -85.3100 311.6000 29 474 127.5000 252.7200 30 482 73.8200 236.9299 27 12 193.5700 264.8000 28 529 214.1100 249.8800
3.0521677150e-001 -8.7556656917e-001 2.6605928826e+000
146 162 155
10 37 38 -30.4400 221.0200 38 397 -118.1400 215.1300 35 484 -108.1700 251.3700 36 387 -64.5400 198.6000 39 35 -178.2900 247.1000 32 545 -6.5200 288.7300 34 485 -58.6500 269.8800 31 453 64.9800 174.3700 27 546 214.8800 226.7200 28 545 235.6900 210.5200
3.5685030069e-001 -1.0064809486e+000 2.7523403137e+000
204 138 106
10 37 111 31.5400 -143.5300 38 102 -52.3700 -141.8199 36 428 7.6900 -170.3101 32 599 68.1400 -90.3500 34 535 18.3800 -103.4500 29 539 212.9500 -167.9700 30 542 170.2900 -188.4600 31 499 134.0600 -183.0900 27 127 266.8600 -128.9200 28 96 280.0600 -155.8400
3.3284840416e-001 -9.9076768500e-001 2.7757806874e+000
193 126 106
10 37 547 -40.6200 -126.0601 38 96 -114.7900 -120.2100 35 533 -106.7700 -107.2100 36 425 -67.9200 -155.5200 32 598 -17.9400 -90.2700 29 538 128.9200 -183.5500 30 554 81.9300 -197.8101 31 498 51.3500 -187.3400 27 601 195.7000 -150.3500 28 585 204.1100 -173.9700
4.1017359394e-001 -1.1438427530e+000 2.8586050792e+000
128 32 36
11 37 710 89.0400 -526.4500 38 266 8.4600 -520.1801 35 718 43.7400 -497.5100 36 248 74.5000 -557.5800 32 750 132.6800 -474.0699 34 697 87.3400 -486.2500 29 621 259.3200 -543.4399 30 663 226.4100 -570.9800 31 631 194.0000 -550.6700 27 256 305.7600 -486.0900 28 677 309.9200 -520.8199
4.0891276884e-001 -1.1892845966e+000 2.9383796302e+000
123 65 27
11 37 398 32.0300 -683.6801 38 314 -35.2900 -670.2500 35 800 -11.2600 -666.8900 36 627 16.2300 -719.5601 32 876 65.5900 -654.8700 34 783 25.4300 -661.4301 29 767 190.8000 -740.4399 30 810 156.4000 -764.8900 31 323 129.2200 -732.5300 27 810 248.3600 -687.1600 28 397 244.6200 -719.3700
4.4160772038e-001 -1.2490488005e+000 2.9649494064e+000
164 91 57
12 37 782 94.0600 -839.7700 38 658 24.8000 -830.8500 35 1095 59.8700 -815.8400 36 900 84.2600 -875.3400 39 341 -40.3400 -766.3199 32 1197 135.2900 -794.0100 34 1056 95.5900 -805.0100 29 1051 248.6200 -859.7000 30 1127 221.0800 -892.4800 31 1041 193.8400 -863.6200 27 857 298.6100 -797.4600 28 1091 293.1500 -833.6100
3.3102871811e-001 -9.1724053969e-001 2.6744286336e+000
27 52 33
11 37 1052 21.0100 116.5200 38 720 -70.2900 112.6300 35 1145 -48.3500 148.6400 36 943 -8.2600 93.1100 32 1450 55.8800 183.2000 34 1104 2.1900 166.1200 29 1331 211.4800 109.0901 30 1171 163.8800 91.7200 31 1267 124.5100 76.8700 27 1153 264.8500 134.5901 28 1136 286.3200 114.5701
3.2063215619e-001 -9.1479269198e-001 2.6866254191e+000
34 59 38
12 37 1049 -11.0600 111.9000 38 718 -96.9200 107.7300 35 1142 -83.0200 140.3500 36 941 -41.7100 88.7500 39 671 -158.2200 143.6300 32 1449 17.2200 174.6400 34 1319 -34.5500 157.8000 29 1333 173.1300 95.3500 30 1387 123.6100 77.8800 31 1266 87.4700 67.3700 27 1155 232.4600 117.8500 28 1135 251.0200 98.0901
2.9969349148e-001 -8.6187866312e-001 2.6499996157e+000
173 39 40
9 37 1027 -37.2500 264.5901 38 680 -123.3400 256.9700 32 1226 -15.3800 335.2200 34 1092 -67.6400 314.7600 29 1066 146.0600 258.1400 30 1157 93.0200 241.7800 31 1064 57.7600 217.9700 27 1133 209.0100 271.3301 28 1105 230.9000 256.4600
3.5368136611e-001 -1.0067976321e+000 2.7578507434e+000
177 112 87
11 37 1093 20.5600 -147.7600 38 1117 -62.2800 -144.8700 35 1172 -40.0300 -122.0800 36 968 -4.2100 -174.4200 32 1479 55.4200 -97.1100 34 1352 5.9100 -109.5200 29 1354 200.6300 -177.2500 30 1415 157.7600 -196.1899 31 1104 121.7100 -190.8101 27 1178 256.6600 -138.3700 28 1166 268.7900 -165.2500
3.2402613214e-001 -9.2802322830e-001 2.6995716602e+000
92 109 53
13 37 1058 -12.4000 72.1599 38 916 -96.5500 70.1200 35 1347 -82.8000 99.4900 36 1130 -41.0600 46.6600 39 678 -157.9600 108.9399 32 1456 16.4500 129.8600 34 1325 -34.7600 114.5200 40 437 -165.0700 101.7300 29 1336 172.3600 49.2100 30 1390 121.8800 32.3000 31 1276 86.8200 24.6100 27 1357 232.6100 74.3201 28 1332 249.8500 53.7000
3.2417587167e-001 -9.2795798527e-001 2.6996752827e+000
92 109 53
12 37 1057 -12.4000 72.1599 38 915 -96.5500 70.1200 35 1346 -82.8000 99.4900 36 1129 -41.0600 46.6600 39 677 -157.9600 108.9399 32 1455 16.4500 129.8600 34 1324 -34.7600 114.5200 29 1337 172.3600 49.2100 30 1391 121.8800 32.3000 31 1277 86.8200 24.6100 27 1358 232.6100 74.3201 28 1333 249.8500 53.7000
3.2971780492e-001 -9.6402512732e-001 2.7388950352e+000
108 28 39
11 37 87 -23.5600 -39.1500 38 90 -103.0500 -37.5300 35 524 -91.5000 -15.3800 36 100 -51.7200 -66.4399 32 582 2.8500 9.4400 34 521 -46.0600 -2.9700 29 61 153.1200 -76.3900 30 523 105.5000 -92.4301 31 61 72.3100 -90.3000 27 87 216.1600 -46.0700 28 79 228.9000 -68.8000
4.3752087039e-001 -1.2253461596e+000 2.9362805125e+000
94 73 70
11 37 994 107.6200 -767.1500 38 652 34.7600 -760.6100 35 1083 64.5700 -739.6700 39 613 -32.4300 -698.7700 32 1177 142.8800 -716.2500 34 1035 103.9800 -727.8300 29 791 259.8100 -781.2200 30 859 231.6900 -813.5100 31 754 202.9500 -786.5800 27 425 308.1700 -718.8900 28 426 305.8300 -755.1200
4.4984846292e-001 -1.2553885409e+000 2.9581193070e+000
171 91 54
13 37 785 118.5500 -850.7800 38 356 46.7300 -843.5699 35 841 85.9600 -822.7400 36 671 109.9800 -884.3800 39 347 -21.2400 -781.4301 32 928 162.1300 -796.7000 34 825 122.5400 -810.0500 40 362 -34.5700 -799.2400 29 412 272.8200 -855.4500 30 886 247.8900 -889.9100 31 782 219.8700 -863.8199 27 469 319.3200 -791.6100 28 467 315.2400 -827.6200
3.9556508340e-001 -1.1234520184e+000 2.8576158578e+000
177 117 95
12 37 943 52.5200 -479.9399 38 560 -24.6100 -471.8500 35 1020 6.0600 -456.2400 36 845 34.6800 -511.5400 39 522 -89.2500 -416.2800 32 670 93.0400 -436.9800 34 622 47.3200 -446.9500 29 614 224.3100 -515.3199 30 626 189.4400 -539.6500 31 574 155.5100 -517.4399 27 676 279.0100 -461.7600 28 641 282.5500 -494.8400
4.2502876046e-001 -1.2197503095e+000 2.9535693559e+000
180 145 132
11 37 992 60.0200 -763.6200 38 650 -8.1200 -752.2700 35 1080 21.5600 -744.1400 36 889 47.8000 -800.0900 32 1175 98.5900 -728.0601 34 1034 58.0500 -736.3900 29 1043 218.3700 -805.0400 30 1118 187.1600 -832.7700 31 1025 159.2400 -801.8500 27 1101 273.2700 -747.1500 28 1081 267.9700 -781.5200
3.2638676806e-001 -9.0244549321e-001 2.6621218533e+000
110 125 47
12 37 1037 18.6700 160.6799 38 715 -72.3400 153.4800 36 935 -10.8000 137.9099 39 668 -137.7500 188.2000 32 1440 52.1300 231.5701 34 1099 -2.0900 212.0701 40 649 -146.4100 178.9800 29 1324 209.2100 158.3900 30 1381 160.6400 139.8401 31 1075 121.1300 122.3700 27 1146 262.6700 179.8900 28 1121 285.0500 160.8201
3.7441303801e-001 -1.1404624469e+000 2.9334218572e+000
183 115 104
11 37 957 -40.7800 -568.7100 38 614 -98.9600 -552.6899 35 1047 -94.5400 -562.9600 36 864 -61.5600 -606.8900 32 1374 -23.0800 -562.1600 34 1007 -61.7800 -561.8000 29 1268 100.7500 -670.2300 30 1339 62.7800 -683.9700 31 996 39.8500 -647.2500 27 1299 168.9700 -628.1000 28 1284 162.4900 -656.3700
4.3073173284e-001 -1.2390248379e+000 2.9738476425e+000
155 87 48
11 37 1003 64.0800 -823.0300 38 865 -1.2200 -807.6500 35 1269 25.8600 -803.0800 36 1061 52.1300 -857.9301 32 1406 98.6800 -788.2500 34 1262 60.5100 -796.3500 29 1298 212.2100 -864.4301 30 1355 184.2000 -892.2300 31 1234 157.9900 -860.6100 27 1314 266.8300 -807.8300 28 1304 259.6200 -841.1400
3.1267449125e-001 -9.2601775415e-001 2.7129356500e+000
28 55 36
12 37 1395 -47.2700 65.7900 38 1090 -127.2400 65.3000 35 1521 -120.0200 90.7100 36 1277 -78.5600 40.2400 39 1004 -185.0700 103.2700 32 1575 -24.1200 118.7500 34 1466 -73.6200 104.8301 29 1433 130.8800 32.7600 30 1501 80.0400 17.7600 31 1378 47.4400 12.7800 27 1360 196.1100 55.6800 28 1444 210.8700 35.7600
3.1899916590e-001 -9.5935605843e-001 2.7507195642e+000
172 136 127
9 37 1415 -54.2400 -37.9000 38 1263 -127.7100 -35.7600 35 1525 -125.9500 -18.3200 34 1474 -82.9800 -6.2500 40 1036 -184.0100 -1.5300 29 1515 112.4900 -88.1200 30 1586 64.0200 -101.7500 31 1395 34.1800 -97.6500 27 1491 181.8700 -58.9900
4.4666997737e-001 -1.2476989212e+000 2.9508037416e+000
171 90 43
10 37 1524 117.7300 -827.8800 38 1390 45.1400 -820.6000 35 1647 84.1900 -799.2500 36 1418 109.1300 -861.5699 32 1686 160.6900 -772.9700 34 1578 119.8900 -786.6400 30 1611 246.6400 -866.6000 31 1493 217.7100 -841.3300 27 1527 313.3500 -770.7800 28 1493 312.1100 -806.0100
2.8889345672e-001 -9.1085111698e-001 2.7501472004e+000
29 55 35
7 37 1482 -123.6800 67.5801 38 1238 -185.0800 70.0100 35 1606 -210.8900 83.3600 36 1386 -160.9000 39.6200 39 1001 -229.3200 108.5701 34 1541 -176.2700 93.5400 40 858 -224.3100 103.9299
3.8470727827e-001 -1.0431042039e+000 2.7559294021e+000
8 72 110
11 37 1588 98.5700 -228.0200 38 1465 7.3800 -227.8101 35 1746 45.0700 -194.3500 36 1494 77.6800 -253.0200 39 1387 -65.0600 -180.5900 32 1750 142.6600 -163.6600 34 1653 92.8000 -179.5100 40 1417 -80.5100 -194.1000 30 1668 241.4100 -255.3400 31 1557 203.7100 -249.4700 27 1603 317.1400 -185.0500
4.0640254598e-001 -1.1300197728e+000 2.8469355845e+000
177 122 101
11 37 948 87.1200 -487.9200 38 811 6.6500 -482.4000 35 680 40.7500 -459.4500 36 550 69.5100 -517.9800 39 538 -61.2200 -427.7300 32 672 128.9600 -435.2700 40 736 -72.4700 -442.9800 29 601 258.0600 -505.0300 30 628 224.2800 -532.6400 41 662 -113.6000 -453.0200 28 242 311.7400 -483.4900
4.1790382880e-001 -1.2003927342e+000 2.9334860569e+000
83 21 6
8 37 766 58.1300 -706.0500 38 642 -11.8900 -695.0300 36 636 45.9200 -741.7200 39 314 -75.1300 -633.1300 34 1026 55.9500 -677.5100 40 341 -85.7100 -646.5601 31 1013 159.1300 -743.8800 28 809 271.8300 -723.2000
4.4166930297e-001 -1.2490162472e+000 2.9650413343e+000
164 91 57
11 37 781 94.0600 -839.7700 38 659 24.8000 -830.8500 35 1096 59.8700 -815.8400 36 901 84.2600 -875.3400 39 340 -40.3400 -766.3199 32 1196 135.2900 -794.0100 34 1057 95.5900 -805.0100 29 1050 248.6200 -859.7000 30 1126 221.0800 -892.4800 31 1040 193.8400 -863.6200 28 1090 293.1500 -833.6100
4.1311955239e-001 -1.1376460913e+000 2.8437112550e+000
144 23 34
10 37 1429 107.2300 -503.2200 38 1148 25.4700 -499.1700 35 1411 63.4500 -471.0400 36 1191 92.2500 -532.0200 39 912 -43.8600 -443.5100 32 1503 150.7800 -443.5300 34 1377 105.8000 -457.8500 30 1443 244.4200 -538.1300 31 1323 211.0100 -519.8500 28 1263 325.9000 -486.4700
2.8926000686e-001 -8.9694098036e-001 2.7225406131e+000
116 133 63
5 37 1240 -104.5000 118.4600 38 1079 -171.5100 117.6699 36 1270 -140.6400 91.9399 34 1463 -150.9400 151.3101 31 1373 -36.4700 53.1500
3.9631229436e-001 -1.1887260985e+000 2.9681878271e+000
184 135 100
8 37 393 -14.9200 -701.6000 38 316 -72.4500 -684.8199 35 385 -62.7800 -695.1400 36 633 -31.6100 -741.6200 32 886 6.2300 -693.0200 34 789 -30.3100 -693.4399 30 855 91.2200 -812.2600 31 751 68.1600 -774.2100
4.2890177873e-001 -1.2262103661e+000 2.9558241294e+000
27 21 17
8 37 431 68.5600 -780.1300 38 334 -0.0100 -769.3101 35 422 31.2900 -759.4301 36 343 57.1600 -816.1700 32 482 107.4800 -742.4600 34 414 67.4400 -751.3101 29 393 225.7000 -816.8199 31 383 167.7200 -815.3800
3.7723153012e-001 -1.0543497907e+000 2.7849758391e+000
53 20 11
10 37 584 59.7100 -273.0300 38 135 -24.0900 -269.5699 35 562 6.3200 -244.9200 36 468 38.8100 -300.3199 39 126 -90.8400 -221.6500 32 622 100.2100 -220.2200 34 568 51.4700 -232.5400 29 562 238.6900 -294.9800 30 568 199.9200 -317.5900 31 517 164.0100 -306.2900
4.0323502025e-001 -1.1389025959e+000 2.8661308671e+000
129 31 40
6 37 313 65.7700 -520.9600 38 265 -10.9700 -513.4301 39 254 -74.7500 -458.1400 32 744 110.0600 -475.5200 34 693 63.2700 -485.5500 29 648 238.1400 -550.3101
4.4220974771e-001 -1.2313981652e+000 2.9329338025e+000
178 142 144
9 37 998 118.4500 -778.8400 38 862 43.9200 -772.5400 35 1086 82.8100 -748.1300 36 896 108.1000 -811.3600 32 1178 161.6500 -721.2700 34 1037 120.5100 -735.3900 29 792 274.9300 -781.3101 30 1114 248.6800 -814.9900 31 1020 220.0700 -790.2400
3.0041443122e-001 -8.9069632516e-001 2.6871608746e+000
154 156 34
7 37 504 -58.6400 163.6699 38 400 -138.7300 160.4399 35 884 -136.9300 190.0701 36 705 -91.9600 139.5200 32 961 -41.0200 222.2400 34 868 -90.7400 206.0601 31 818 32.1200 110.6899
4.0185237481e-001 -1.1344814312e+000 2.8607158293e+000
137 26 39
11 37 947 67.7900 -506.3300 38 810 -9.9900 -499.5000 35 1236 23.0300 -480.9900 39 760 -75.1000 -443.4200 32 1365 110.4300 -459.6200 34 989 64.1200 -471.1400 40 551 -87.2000 -457.6100 29 957 237.7400 -536.2800 30 1031 204.3100 -561.1200 31 951 172.5400 -539.0400 41 498 -127.5400 -466.0300
3.9194909637e-001 -1.1433327365e+000 2.8967227737e+000
142 27 40
10 37 727 21.3400 -550.8400 38 598 -48.4600 -539.7900 35 739 -26.7600 -533.6400 39 576 -107.8500 -481.2300 32 809 53.4400 -520.7000 34 718 11.4000 -527.1300 40 291 -115.8500 -492.5000 29 997 184.9100 -609.5800 30 1065 148.5300 -630.5699 31 668 117.3800 -602.1100
4.3707817755e-001 -1.2289642441e+000 2.9439455316e+000
176 147 142
9 37 1171 96.6800 -779.6200 38 1014 25.1000 -770.6600 35 1265 60.2400 -754.8600 36 1056 85.9400 -814.0800 39 938 -40.7400 -707.8500 34 1259 97.3000 -744.6400 40 934 -53.0100 -725.0601 29 1034 254.3600 -799.7100 31 1026 197.4100 -803.8101
3.8671995124e-001 -1.0917295026e+000 2.8256638287e+000
179 121 99
10 37 1135 55.2700 -386.5601 38 966 -22.9500 -381.0100 35 1220 4.9400 -360.9500 36 1010 37.7500 -416.3800 39 742 -88.2900 -328.5601 32 1330 93.3900 -339.2600 34 1193 47.1800 -349.9700 40 714 -98.8400 -341.7100 29 1200 227.2200 -416.5900 31 1172 156.7300 -421.9399
3.2743542260e-001 -9.2863750036e-001 2.6921920778e+000
32 57 38
11 37 1060 2.6500 76.8500 38 728 -83.6400 72.8900 35 1152 -66.8900 106.4700 36 946 -26.6600 52.7600 39 412 -145.9100 108.9000 32 1457 32.8700 140.0200 34 1326 -19.0100 123.3800 40 105 -154.1400 99.9399 29 1338 185.9900 62.9600 30 1392 138.5000 44.6900 31 1272 101.2100 35.7700
3.2743542260e-001 -9.2863750036e-001 2.6921920778e+000
32 57 38
11 37 1059 2.6500 76.8500 38 727 -83.6400 72.8900 35 1151 -66.8900 106.4700 36 947 -26.6600 52.7600 39 411 -145.9100 108.9000 32 1458 32.8700 140.0200 34 1327 -19.0100 123.3800 40 104 -154.1400 99.9399 29 1339 185.9900 62.9600 30 1393 138.5000 44.6900 31 1273 101.2100 35.7700
3.4271823460e-001 -1.0210306861e+000 2.8001153739e+000
5 40 72
8 37 1290 -31.3600 -210.3400 38 1126 -105.4800 -202.4600 35 1396 -94.8600 -192.5300 32 1590 -7.0100 -176.4900 34 1353 -51.5600 -184.2300 29 1453 137.0400 -269.7800 30 1521 92.5000 -285.0100 31 1304 61.3500 -270.0200
2.8819287122e-001 -8.6859121958e-001 2.6815095300e+000
17 85 136
6 37 1380 -82.6400 216.5200 38 1063 -159.3600 212.7100 35 1491 -167.9700 242.2000 36 1252 -117.3500 191.7000 32 1629 -72.7300 273.8500 29 1495 78.2300 189.9000
2.8506885889e-001 -8.7788339141e-001 2.6995633025e+000
67 98 55
8 37 1225 -98.5300 179.1400 38 903 -170.1200 176.3700 35 1494 -184.4000 201.9900 36 1106 -135.5700 154.2400 34 1449 -143.1700 217.0801 29 1499 52.3500 143.7400 30 1568 0.1900 130.9900 31 1364 -25.2500 118.7100
3.7127471139e-001 -1.0181784024e+000 2.7422129174e+000
227 134 117
7 37 121 74.7500 -160.6000 38 108 -14.4800 -160.6400 35 104 18.2200 -128.0500 36 133 52.5100 -185.4500 32 138 116.9400 -98.5400 34 134 66.2100 -113.8000 30 78 218.9300 -191.9800
4.1121661115e-001 -1.1478087871e+000 2.8633769573e+000
140 27 44
10 37 716 88.3400 -539.1801 38 606 8.8200 -533.4500 35 720 44.5300 -510.7800 36 581 74.1900 -570.6801 39 562 -59.2600 -476.7000 32 792 131.8400 -486.8600 34 699 86.5200 -498.5601 40 296 -70.4300 -492.8900 30 229 226.8800 -583.8800 31 238 193.7800 -562.1801
3.4009650090e-001 -9.9830625166e-001 2.7686752201e+000
204 135 120
8 37 104 -16.2800 -136.1700 38 99 -93.9300 -132.3101 35 535 -80.1700 -114.4800 36 427 -42.4000 -165.4500 32 97 11.5700 -93.5699 34 531 -36.2800 -103.9200 30 555 112.3500 -197.3500 31 98 79.4900 -189.0800
4.0496035824e-001 -1.1370750108e+000 2.8580896754e+000
130 32 37
8 37 288 76.5800 -510.4600 38 241 -2.6400 -503.7000 35 708 32.6200 -483.1801 36 233 60.0800 -541.2500 39 238 -69.2000 -447.9900 32 739 121.1400 -460.2000 30 659 214.6200 -560.2600 31 581 181.6000 -538.8199
4.1262189512e-001 -1.1973983006e+000 2.9436589459e+000
190 111 66
8 37 765 37.6600 -705.2200 38 321 -29.3300 -692.3101 35 814 -4.4600 -688.5400 36 635 23.5000 -741.8101 32 892 72.7400 -676.2400 34 793 32.2300 -682.5200 30 847 162.6600 -784.8101 31 747 134.9900 -752.8600
4.2368988928e-001 -1.2045218117e+000 2.9289430870e+000
66 14 4
9 37 767 74.7900 -712.7400 38 326 2.6900 -702.7800 35 816 35.8700 -689.6000 36 638 62.0000 -746.7900 39 318 -62.3100 -641.0900 32 882 116.5300 -670.1600 40 342 -73.7100 -656.1899 30 850 206.2900 -771.7400 31 749 176.9500 -743.1400
4.5251681972e-001 -1.2564226418e+000 2.9556648640e+000
44 17 9
9 37 786 124.8900 -852.9900 38 664 52.6000 -847.6899 35 842 92.5100 -821.6400 39 348 -15.9500 -783.8600 32 929 169.0700 -793.5000 34 824 129.3200 -808.3600 40 368 -29.1200 -804.9399 30 885 254.6900 -884.9301 41 312 -70.0900 -820.8000
4.5057825371e-001 -1.2098242585e+000 2.9092310701e+000
177 96 31
8 37 1167 147.1300 -713.6100 38 1008 69.2600 -711.2900 35 1262 111.0400 -677.6100 36 1204 136.4100 -744.5500 39 931 -1.7100 -652.4700 34 1253 150.0300 -662.4700 40 930 -17.7300 -672.8500 41 697 -61.7100 -688.0000
4.3032178261e-001 -1.2075156901e+000 2.9197195188e+000
190 92 44
8 37 986 97.2600 -714.0100 38 646 22.2600 -706.2600 35 1070 59.2900 -685.6700 36 888 85.0200 -747.0800 32 1162 140.2300 -662.6700 34 1028 97.9900 -675.0200 30 1093 230.2900 -759.7500 31 717 198.9800 -734.8600
4.0063080184e-001 -1.1872489318e+000 2.9536821358e+000
167 81 41
7 37 755 2.9000 -688.3000 38 309 -59.6600 -672.1200 35 811 -42.4600 -678.1801 36 626 -12.7100 -726.1400 32 1158 32.6500 -672.0500 34 1025 -7.2600 -674.9301 30 1104 121.6000 -787.3199
3.7631021138e-001 -1.0561992594e+000 2.7908633091e+000
176 115 95
10 37 1120 54.0500 -282.1801 38 957 -27.3700 -278.9500 35 1194 -0.1600 -254.8900 36 994 33.4200 -310.2100 39 728 -94.1000 -229.5000 32 1299 91.9300 -230.4900 34 1163 44.8000 -243.0200 40 702 -104.4900 -242.4100 30 1221 190.7100 -329.5500 31 1128 156.4600 -316.8400
2.9751569099e-001 -9.2445099281e-001 2.7429189598e+000
37 55 32
8 37 1064 -95.7300 41.6600 38 733 -163.1600 43.5000 35 1356 -176.6300 60.4000 36 949 -129.8900 14.5000 32 1577 -95.3300 81.9299 34 1331 -137.7200 71.1799 30 1506 -0.2100 -24.8300 31 1284 -23.9300 -24.1900
4.1537562851e-001 -1.1951476060e+000 2.9306017382e+000
132 50 28
9 37 402 54.6100 -692.2800 38 322 -15.5400 -680.1600 35 804 14.0400 -672.0100 36 631 40.8700 -727.1400 39 310 -77.9300 -618.9700 32 877 93.4900 -655.8900 34 379 51.8300 -664.5699 40 338 -87.8300 -632.3800 31 327 154.1700 -731.9600
4.1413216985e-001 -1.2104727456e+000 2.9623458693e+000
174 138 123
6 37 417 29.5900 -746.4800 38 328 -34.4700 -732.4200 35 409 -12.4400 -733.7600 32 445 62.0600 -723.0300 34 400 22.9500 -727.6100 31 357 123.0500 -799.5800
4.4796917746e-001 -1.1608284603e+000 2.8628033804e+000
126 82 36
6 37 960 168.5100 -570.8101 38 831 85.6600 -572.4100 35 1038 124.0400 -531.3101 36 871 154.9100 -597.3000 39 593 13.9500 -517.5800 34 997 164.6900 -514.1899
2.7367409134e-001 -8.4069207775e-001 2.6779751728e+000
162 42 42
5 37 808 -115.9600 279.6100 38 372 -185.3600 273.4700 36 686 -155.3500 255.5100 34 843 -169.2100 321.6200 31 797 -52.0000 219.6599
4.6034337807e-001 -1.1820277342e+000 2.8828427545e+000
28 26 42
8 37 1318 182.5300 -633.6899 38 1158 102.9900 -635.3400 35 1253 140.3700 -592.3199 36 1201 170.0700 -660.4399 39 1063 30.2900 -580.4500 34 1240 177.7900 -574.9399 40 1089 15.8600 -603.3800 41 923 -29.7200 -621.4000
4.2072941274e-001 -1.2154989486e+000 2.9556149190e+000
179 147 136
7 37 769 48.9000 -754.5800 38 649 -18.1200 -741.8400 35 1078 10.2200 -737.5800 36 645 36.3200 -791.6300 32 1172 86.2700 -723.6100 34 1031 46.0200 -730.7500 31 1017 147.1000 -798.4399
4.4753267997e-001 -1.2343175834e+000 2.9281043129e+000
22 11 14
7 37 1000 133.6500 -782.5200 38 655 58.3300 -777.8700 35 1088 99.3600 -750.0400 36 897 124.3300 -814.6400 32 1180 178.0400 -720.5800 34 1039 136.9800 -735.9000 31 1021 235.5100 -788.3199
2.9035250820e-001 -8.8489339864e-001 2.6969013755e+000
25 55 35
7 37 1226 -87.4700 167.0300 38 905 -162.0600 164.3800 35 1330 -169.2000 191.3600 36 1107 -122.3300 142.6400 32 1558 -79.2500 222.1200 34 1451 -126.2700 206.6699 31 1366 -5.2700 110.1200
3.0646039364e-001 -9.1923073127e-001 2.7152962840e+000
95 120 49
6 37 1247 -60.9700 77.7700 38 1089 -137.8900 77.2900 35 1513 -136.9700 100.9000 32 1567 -43.9400 128.2400 34 1464 -91.8100 114.8000 31 1376 27.7800 21.0500
3.0636930122e-001 -9.1931257789e-001 2.7152805350e+000
95 120 49
7 37 1246 -60.9700 77.7700 38 1088 -137.8900 77.2900 35 1514 -136.9700 100.9000 36 1126 -93.6100 51.8400 32 1568 -43.9400 128.2400 34 1465 -91.8100 114.8000 31 1377 27.7800 21.0500
4.3920151636e-001 -1.2421802234e+000 2.9574153711e+000
170 87 41
8 37 1441 92.5700 -817.6899 38 1309 20.7800 -809.3300 35 1646 57.9200 -794.0601 36 1417 81.8300 -853.6500 39 1203 -44.5000 -745.9900 32 1685 136.6500 -772.3000 34 1577 96.0500 -783.8500 31 1492 195.8700 -842.1200
4.3455674775e-001 -1.2059544071e+000 2.9110918183e+000
177 86 40
10 37 1563 110.6200 -705.5400 38 1441 35.0100 -699.4200 35 1757 75.5000 -676.8700 36 1468 99.7700 -737.7800 39 1320 -32.6900 -638.7900 32 1736 157.7900 -649.4500 34 1625 112.9400 -662.1500 40 1331 -46.4000 -657.0000 31 1532 216.5100 -719.6700 41 1115 -88.1200 -669.8800
4.3604345059e-001 -1.1921743646e+000 2.8950571999e+000
88 18 32
10 37 1628 125.9900 -664.5699 38 1517 48.6700 -658.4900 35 1810 86.3900 -634.2100 36 1545 114.2200 -695.1200 39 1443 -22.1800 -598.6400 32 1799 166.7900 -608.5100 34 1699 125.2300 -621.8500 40 1467 -36.5200 -617.3101 31 1575 224.5400 -681.2200 41 1255 -80.3200 -630.1700
3.3585943437e-001 -9.4120877279e-001 2.6936964806e+000
33 54 35
5 37 1652 22.9600 46.9700 38 1538 -67.4000 42.8800 35 1845 -46.7500 78.7700 32 1838 58.1200 113.8900 31 1630 124.8800 9.1900
4.5849589723e-001 -1.0979651202e+000 2.8051462489e+000
168 85 86
7 37 919 222.4700 -392.1100 38 972 138.0600 -399.7100 35 603 168.2600 -344.2900 36 811 204.5300 -413.1100 39 907 63.5900 -353.6899 34 595 205.9200 -324.4399 40 897 49.7500 -377.4301
4.2214721481e-001 -1.2020626934e+000 2.9288003071e+000
172 69 42
5 37 411 70.5500 -706.4200 38 324 -0.8600 -696.2700 35 398 31.9700 -683.7700 36 325 58.4400 -741.3500 32 425 112.0100 -665.2800
3.2472254008e-001 -9.1223836246e-001 2.6758238883e+000
148 148 17
6 37 60 5.8000 126.0901 38 77 -82.8600 121.3500 35 510 -65.0600 157.8000 36 66 -24.2800 102.4199 32 562 37.6200 192.9299 34 497 -15.4200 174.7300
4.4487345842e-001 -1.0702950852e+000 2.7776368476e+000
162 147 118
8 37 595 210.7700 -309.5699 38 777 121.3900 -315.1500 35 578 154.7700 -263.7100 36 786 190.8400 -329.7500 39 458 46.7300 -272.0500 34 569 195.9300 -244.2100 40 490 31.9600 -293.2600 41 419 -17.7700 -309.5100
4.4563778153e-001 -1.0755510942e+000 2.7820685779e+000
170 126 90
8 37 901 209.4500 -324.3199 38 784 121.1300 -331.2600 35 581 154.6500 -278.0300 36 787 190.4200 -345.4700 39 735 45.9800 -285.7900 34 579 195.5800 -257.9800 40 713 31.1900 -307.5900 41 628 -18.4600 -324.0699
3.8467883863e-001 -1.0937490228e+000 2.8311108427e+000
86 53 40
6 37 646 47.4100 -394.4000 38 525 -31.4500 -387.3800 35 989 -3.0200 -369.9100 36 515 28.2300 -424.3400 39 479 -95.4100 -334.8900 32 1048 86.3000 -349.1400
4.0859154633e-001 -1.1884120256e+000 2.9337552621e+000
180 104 45
7 37 758 36.8600 -678.8400 38 312 -30.9300 -666.5400 35 798 -6.7400 -661.2300 36 629 22.1600 -715.6500 39 303 -92.1900 -604.3101 32 1159 71.7800 -648.8500 34 1016 31.9700 -655.8400
3.6778065208e-001 -1.1680311095e+000 2.9769006386e+000
159 137 113
5 37 979 -80.8100 -659.4800 38 843 -126.3800 -637.8800 35 1059 -140.4500 -665.0800 36 611 -103.8100 -703.7700 34 1014 -113.7800 -668.8300
3.9305608385e-001 -1.1877926592e+000 2.9704743948e+000
