# Bundle file v0.3
60 5110
1.7525581158e+003 2.2959917136e-002 -5.1847782898e-002
9.8821914669e-001 1.1919384708e-001 9.5998671511e-002
-7.3569977587e-002 9.1999922251e-001 -3.8495309973e-001
-1.3420274405e-001 3.7335540362e-001 9.1792993528e-001
-1.4309004096e+000 -6.4490107048e+000 3.1520601917e+000
0 0 0
0 0 0
0 0 0
0 0 0
0 0 0
0 0 0
0 0 0
0 0 0
0 0 0
0 0 0
0 0 0
0 0 0
0 0 0
0 0 0
0 0 0
0 0 0
0 0 0
0 0 0
0 0 0
0 0 0
0 0 0
0 0 0
0 0 0
0 0 0
0 0 0
0 0 0
0 0 0
0 0 0
0 0 0
0 0 0
0 0 0
0 0 0
0 0 0
0 0 0
0 0 0
0 0 0
0 0 0
0 0 0
0 0 0
0 0 0
0 0 0
0 0 0
0 0 0
0 0 0
0 0 0
0 0 0
0 0 0
0 0 0
0 0 0
0 0 0
1.7231552756e+003 2.4966597652e-002 -5.9246396526e-002
9.8706349382e-001 1.4482921628e-001 6.8776138844e-002
-9.4172367999e-002 8.7088789288e-001 -4.8237520991e-001
-1.2975833024e-001 4.6965814817e-001 8.7326055653e-001
-2.0454829038e+000 -7.4923867490e+000 2.6693473110e+000
0 0 0
0 0 0
0 0 0
0 0 0
0 0 0
0 0 0
0 0 0
0 0 0
0 0 0
0 0 0
0 0 0
0 0 0
0 0 0
0 0 0
0 0 0
0 0 0
0 0 0
0 0 0
0 0 0
0 0 0
0 0 0
0 0 0
0 0 0
0 0 0
0 0 0
0 0 0
0 0 0
0 0 0
0 0 0
0 0 0
0 0 0
0 0 0
0 0 0
0 0 0
0 0 0
0 0 0
0 0 0
0 0 0
0 0 0
0 0 0
0 0 0
0 0 0
0 0 0
0 0 0
0 0 0
0 0 0
0 0 0
0 0 0
0 0 0
0 0 0
1.7098210542e+003 3.0126316687e-002 -1.0301027874e-001
9.8654314731e-001 1.5575580169e-001 4.9726740645e-002
-1.0322439195e-001 8.2919734449e-001 -5.4934186878e-001
-1.2679646447e-001 5.3681644361e-001 8.3411675590e-001
-2.5288837343e+000 -8.1268059072e+000 2.3916547319e+000
0 0 0
0 0 0
0 0 0
0 0 0
0 0 0
0 0 0
0 0 0
0 0 0
0 0 0
0 0 0
0 0 0
0 0 0
0 0 0
0 0 0
0 0 0
0 0 0
0 0 0
0 0 0
0 0 0
0 0 0
0 0 0
0 0 0
0 0 0
0 0 0
0 0 0
0 0 0
0 0 0
0 0 0
0 0 0
0 0 0
0 0 0
0 0 0
0 0 0
0 0 0
0 0 0
0 0 0
0 0 0
0 0 0
0 0 0
0 0 0
0 0 0
0 0 0
0 0 0
0 0 0
0 0 0
0 0 0
0 0 0
0 0 0
0 0 0
0 0 0
1.7525064156e+003 2.5985164678e-002 -1.1725922384e-001
9.8497755456e-001 1.7110301953e-001 2.3301796556e-002
-1.1026815759e-001 7.2706113223e-001 -6.7765997626e-001
-1.3289149874e-001 6.6491042006e-001 7.3500611076e-001
-2.5590472113e+000 -1.0065594319e+001 1.3209647593e+000
0 0 0
0 0 0
0 0 0
0 0 0
0 0 0
0 0 0
0 0 0
0 0 0
0 0 0
0 0 0
0 0 0
0 0 0
0 0 0
0 0 0
0 0 0
0 0 0
0 0 0
0 0 0
0 0 0
0 0 0
0 0 0
0 0 0
0 0 0
0 0 0
0 0 0
0 0 0
0 0 0
0 0 0
0 0 0
0 0 0
0 0 0
0 0 0
0 0 0
0 0 0
0 0 0
0 0 0
0 0 0
0 0 0
0 0 0
0 0 0
0 0 0
0 0 0
0 0 0
0 0 0
0 0 0
0 0 0
0 0 0
0 0 0
0 0 0
0 0 0
1.7429485526e+003 3.5236900443e-002 -1.3478579805e-001
9.8460404244e-001 1.7479834490e-001 -6.4670771699e-004
-1.1421351104e-001 6.4053227244e-001 -7.5939033564e-001
-1.3232593664e-001 7.4777265702e-001 6.5063499745e-001
-2.4313254701e+000 -1.1165150133e+001 1.1826797528e-001
0 0 0
0 0 0
0 0 0
0 0 0
0 0 0
0 0 0
0 0 0
0 0 0
0 0 0
0 0 0
1.7086383246e+003 4.1936618155e-002 -9.8576337797e-002
9.9652671988e-001 -7.9460657580e-002 2.4909846766e-002
6.8984020734e-002 9.5527944609e-001 2.8754544818e-001
-4.6644415017e-002 -2.8482834090e-001 9.5744300863e-001
-1.4623679245e+000 3.7841419137e+000 3.1668417231e+000
1.7141779645e+003 3.4214179116e-002 -5.9045502597e-002
9.9789736890e-001 -5.7213276724e-002 3.0454590887e-002
5.0120201615e-002 9.7910052778e-001 1.9710434263e-001
-4.1095091309e-002 -1.9516351468e-001 9.7990938153e-001
-1.6398340467e+000 2.2824421150e+000 3.7536438513e+000
1.7122354175e+003 3.7114104651e-002 -7.0847397492e-002
9.9925824670e-001 -3.1926398314e-002 2.1532800478e-002
2.9848777113e-002 9.9542763564e-001 9.0735178950e-002
-2.4331192133e-002 -9.0025148069e-002 9.9564223786e-001
-1.8677732581e+000 8.3172037402e-001 3.8145981221e+000
1.7048191903e+003 5.5566917332e-002 -1.3461149494e-001
9.9990104903e-001 -9.3103204431e-003 1.0545619458e-002
9.2992505048e-003 9.9995615791e-001 1.0982687536e-003
-1.0555382350e-002 -1.0000937217e-003 9.9994379028e-001
-1.8558203651e+000 -3.9633267389e-001 3.6309223708e+000
1.7046106104e+003 4.3708361732e-002 -1.0904556559e-001
9.9976025168e-001 6.6703333962e-003 2.0855354715e-002
-5.8879999973e-003 9.9928484996e-001 -3.7351306580e-002
-2.1089585675e-002 3.7219555339e-002 9.9908454801e-001
-1.6519763956e+000 -1.0115724012e+000 3.5517709784e+000
1.7096394963e+003 6.4937308901e-002 -1.5645750496e-001
9.9936383873e-001 2.9099667688e-002 2.0618612492e-002
-2.7538805829e-002 9.9700128525e-001 -7.2319094160e-002
-2.2661244762e-002 7.1705275588e-002 9.9716840175e-001
-1.5353438907e+000 -1.1998842599e+000 3.6105835764e+000
1.7061880238e+003 5.2131219117e-002 -1.1235638306e-001
9.9880758156e-001 4.8815159766e-002 7.0369716897e-004
-4.7918985935e-002 9.8302407429e-001 -1.7710855469e-001
-9.3373336513e-003 1.7686364673e-001 9.8419107122e-001
-2.0073973450e+000 -3.1762427234e+000 3.1914191586e+000
1.7266436121e+003 -7.6138737066e-003 3.7574341778e-002
9.9769731693e-001 6.7696188328e-002 4.1581095892e-003
-6.4462469804e-002 9.6552926071e-001 -2.5218611519e-001
-2.1086815226e-002 2.5133736848e-001 9.6766981633e-001
-2.2248149614e+000 -4.5880292943e+000 3.1014330901e+000
1.7867657119e+003 -2.1855468741e-002 -2.7092800712e-003
9.8068013870e-001 1.9349029486e-001 -2.8774491252e-002
-1.3598815728e-001 5.6858657164e-001 -8.1130544904e-001
-1.4061894122e-001 7.9954413033e-001 5.8391394659e-001
-3.3521069576e+000 -1.1445621503e+001 -1.2696366941e+000
1.7528338624e+003 -3.0660280917e-002 1.6410574874e-001
9.9643035491e-001 8.4418809500e-002 -1.1143867084e-004
-7.9186886417e-002 9.3421666120e-001 -3.4780550162e-001
-2.9257218521e-002 3.4657278389e-001 9.3756670196e-001
-2.8492563325e+000 -5.8983921336e+000 2.8188320225e+000
0 0 0
0 0 0
0 0 0
0 0 0
0 0 0
0 0 0
0 0 0
0 0 0
0 0 0
0 0 0
0 0 0
0 0 0
0 0 0
0 0 0
0 0 0
4.7574220259e+000 2.0771441093e+000 -1.2665788652e+001
104 69 39
12 50 102 517.3400 322.1400 52 849 578.4399 317.8800 51 794 534.8500 283.0300 49 822 481.0100 358.4000 53 1165 543.3600 168.7000 54 690 515.9200 60.1000 0 294 484.5800 -3.6400 56 987 427.3300 13.9600 11 1590 447.0000 -4.9100 22 1663 415.6000 13.4300 33 1617 529.8101 -119.8800 44 2089 636.9800 -183.5200
4.6787300431e+000 1.8937921220e+000 -1.2509605696e+001
101 67 39
13 50 771 513.1500 293.0900 52 154 572.2000 285.0000 51 142 529.2900 251.4600 49 855 478.0300 332.5800 53 759 533.6100 131.0100 54 734 504.1500 18.7600 0 337 471.2600 -50.6100 56 654 411.8000 -30.9300 11 1151 429.7900 -54.2000 22 1198 395.4700 -37.9300 33 1656 504.7900 -175.5600 44 1713 607.9800 -238.0300 55 1385 452.7600 -198.1700
1.6928071877e+000 -2.4662529377e-001 -1.2928079150e+001
198 140 120
10 50 401 -54.5200 -117.6500 52 484 -21.7000 -102.4500 51 415 -41.5800 -141.5900 54 447 -109.5200 -304.4600 0 535 -199.8100 -353.2900 56 381 -218.8900 -328.7900 11 718 -250.3500 -313.5300 22 688 -300.7400 -274.4700 33 608 -253.3800 -342.9000 44 657 -161.5500 -340.7100
2.5811335547e+000 2.5352840249e+000 -1.3340775854e+001
157 122 85
14 50 68 97.6600 376.7200 52 787 151.4600 397.9100 51 705 116.2700 351.6500 49 63 60.3300 390.4800 48 78 66.2200 392.1800 53 667 122.4500 278.9900 47 62 93.7100 417.2700 54 612 87.3800 198.1900 0 675 29.0700 170.7700 56 523 -11.7000 179.2100 11 933 -9.9300 192.7500 22 982 -55.9200 231.1500 33 1471 27.0100 130.5000 44 937 140.3700 72.9200
5.0627776260e+000 2.6763488676e+000 -1.3169115081e+001
96 64 38
10 50 36 543.2700 412.9600 52 53 606.5300 415.6900 53 690 581.6500 283.2400 54 620 561.4500 188.6700 0 711 535.1899 144.2500 56 119 483.6300 156.0900 11 987 510.5400 149.8900 22 1044 489.3700 176.5300 33 1503 625.0100 59.7400 44 1046 744.2300 -7.0300
4.5565363187e+000 2.5443886263e+000 -1.3014760071e+001
85 56 35
3 50 707 460.2600 395.0000 52 79 523.0500 398.6000 0 745 441.9100 117.6200
2.3921082859e+000 1.8324645594e+000 -1.3376549141e+001
171 137 91
9 50 146 65.2000 252.4900 52 162 111.9200 271.1100 49 176 30.5500 266.4900 53 163 80.8900 155.6700 54 678 42.4400 73.3000 0 782 -26.8100 41.4500 56 616 -58.4700 52.8100 11 1038 -68.5500 67.0800 22 1073 -115.3300 104.8900
4.6514566531e+000 1.7517959498e+000 -1.2368110265e+001
76 42 17
10 50 164 515.9301 270.0900 52 187 574.9100 259.8500 51 145 532.4399 227.3400 53 786 534.0100 100.7200 54 1145 502.7700 -16.2000 0 879 470.0500 -88.9700 56 1025 407.9500 -70.0200 11 1641 425.0300 -96.0400 22 1707 388.4800 -81.5200 33 1674 493.9000 -223.9200
4.0476400824e+000 1.4643273270e+000 -1.1984898588e+001
170 139 110
10 50 187 417.7600 222.7300 52 912 475.3199 209.5800 53 1229 428.3800 38.5600 54 1168 391.0400 -86.9700 0 919 356.7800 -175.8100 56 709 285.6100 -149.0300 11 1223 302.5800 -184.3700 22 598 256.8101 -173.7900 33 1750 346.9200 -329.2500 55 1928 289.9000 -335.8700
4.8473630531e+000 1.2828093970e+000 -1.1991309928e+001
118 83 55
9 50 251 581.2700 187.1400 52 281 638.5699 168.2300 51 884 595.7000 138.7100 49 928 549.8900 238.9900 53 846 586.9000 -4.9600 54 810 551.2400 -133.7900 0 937 517.8800 -219.6000 56 1069 448.7200 -197.9100 11 1272 463.4301 -230.2800
4.6919260541e+000 9.7955921928e-001 -1.1927995139e+001
81 46 21
10 50 1651 554.3900 125.6000 52 1407 606.2900 105.7400 51 1319 567.1200 78.2500 53 1269 553.1500 -66.2500 47 1729 556.9100 316.6100 54 1213 514.1500 -195.3600 0 989 474.2500 -282.9400 56 1095 409.5699 -259.5100 11 1727 417.0900 -289.8400 22 1335 373.2700 -279.7300
4.6830347213e+000 6.7493670617e-001 -1.1981966858e+001
97 69 47
8 50 1672 549.5300 63.0300 52 1798 596.4000 42.9000 51 1654 560.4399 16.4000 49 1883 524.7800 115.4500 48 1803 544.0000 168.7000 47 1755 560.9900 257.4000 54 1240 500.7500 -249.9300 0 1022 455.1300 -332.5400
5.2784009486e+000 2.8882441149e+000 -1.3360131063e+001
96 61 31
7 50 684 569.9500 442.2600 52 758 634.2400 447.2300 51 698 587.8400 409.1400 49 31 526.8500 461.8000 53 1083 613.6200 320.8700 54 1005 596.2400 230.7700 0 1103 572.3900 193.1700
5.5223713096e+000 2.9930490033e+000 -1.3526974567e+001
125 89 57
11 50 670 600.1500 452.8000 52 761 666.8400 458.3100 51 679 618.3000 420.7400 54 1007 633.1200 251.0300 0 1105 609.6500 218.5900 56 884 566.5601 226.8400 11 1432 594.1300 229.9000 22 1504 582.7100 259.7200 33 1878 733.4399 159.8700 44 1944 860.3700 95.1500 55 2066 715.0800 112.5000
2.5613004803e+000 2.4710950232e+000 -1.3333732882e+001
197 161 127
9 50 67 94.8199 364.7800 52 56 146.6500 385.9700 0 1111 22.1200 158.3800 56 899 -19.2000 167.3600 11 1460 -16.7000 180.3200 22 1526 -62.6600 218.7600 33 1485 20.2800 117.8900 44 1532 132.9700 61.3800 55 1102 6.5200 102.2600
5.4005535600e+000 2.7412480581e+000 -1.3280552991e+001
86 54 21
12 50 685 596.3900 420.2300 52 785 660.4800 422.4900 51 35 613.0400 385.1800 49 792 554.5400 442.7900 53 665 637.4500 292.2800 54 1019 619.4800 199.4600 0 1125 594.4500 158.1100 56 915 546.9100 168.9800 11 1470 573.3300 164.0300 22 1923 556.3900 191.4300 33 2238 698.9100 79.0800 44 2325 820.2000 14.9300
4.5802341915e+000 2.5881269165e+000 -1.3035363876e+001
125 93 69
13 50 59 463.0800 401.6200 52 78 525.8800 405.8700 51 53 481.2400 367.2200 49 55 423.2200 426.4700 53 682 498.2000 270.7600 54 1030 475.5400 173.7100 0 1135 447.0100 127.2400 56 925 392.1600 140.4500 11 1484 416.2400 132.4600 22 1934 389.5200 157.2900 33 2248 515.2000 35.7600 44 2017 631.3199 -33.2200 55 2116 482.6100 -5.4500
4.3749834202e+000 2.5074058265e+000 -1.2953699824e+001
109 77 56
6 50 58 430.9500 390.5600 52 77 493.5500 394.7100 53 680 463.5699 256.8400 54 635 437.8101 158.9000 0 1157 406.8800 109.0400 11 1509 374.2000 113.5000
4.7890259064e+000 2.5648562701e+000 -1.3058446600e+001
122 91 63
12 50 709 500.8700 397.0200 52 807 563.0000 400.1100 51 723 518.9200 362.0800 49 56 460.4600 422.8600 48 67 458.0500 434.8000 53 687 536.0000 264.2900 54 640 513.0300 167.3200 0 1163 485.4399 119.8600 56 559 432.0000 133.4800 11 1486 456.1600 125.2100 22 1584 430.9200 149.9300 33 1524 558.1400 29.9700
5.0859010207e+000 2.5812031258e+000 -1.3107603360e+001
96 62 35
11 50 62 551.0601 398.3600 52 810 614.2300 399.6500 51 725 568.3500 362.9100 49 58 510.2000 423.6900 48 69 505.3700 435.3000 53 691 588.1000 265.2900 54 1031 567.0500 168.5600 0 1165 540.9600 121.6100 56 930 488.8700 134.3500 11 1490 514.7900 126.0000 22 1588 492.5500 151.0000
4.3690888169e+000 2.4124577151e+000 -1.2899598802e+001
78 47 24
9 50 722 432.6000 374.9500 52 820 494.3800 378.6400 51 741 451.4900 340.5100 49 804 393.6000 402.3300 48 753 394.9700 418.7900 53 1123 462.4000 237.6500 47 705 405.4800 456.4300 54 1047 436.2500 138.8800 0 1182 405.2900 87.3100
5.2528507225e+000 2.4396634153e+000 -1.3015006066e+001
88 53 25
10 50 81 588.9200 376.8400 52 823 651.3500 375.3900 51 71 605.6300 339.6200 53 708 623.4900 237.6800 54 657 601.4301 137.2000 0 1189 571.8000 85.8600 56 948 521.4000 99.2600 11 1057 545.4700 88.5100 22 1611 521.5000 110.0300 33 1981 650.9100 -12.9500
5.7219733450e+000 2.4273138062e+000 -1.3119393167e+001
116 80 48
9 50 728 665.7200 370.8200 52 829 727.7800 367.1600 51 749 680.6300 334.1400 53 1134 700.7700 230.9700 54 1058 681.1500 132.5500 0 1191 652.9399 84.0500 56 951 607.4399 95.8100 11 1543 628.3800 85.2600 22 1974 610.3400 106.0900
2.4237926802e+000 1.8044836073e+000 -1.3348545299e+001
153 118 78
11 50 794 71.9399 248.3600 52 1328 118.9301 265.7300 51 1232 87.5000 222.4100 49 896 38.1800 264.5800 53 1169 86.8900 149.2400 54 1079 47.7600 66.7600 0 1196 -21.3200 33.5100 56 617 -53.6700 45.4600 11 1548 -63.1300 59.4400 22 1595 -110.8000 96.1000 33 1534 -39.7400 6.0700
5.1061748732e+000 2.1053659711e+000 -1.2779779539e+001
122 87 59
12 50 750 575.9100 324.1500 52 1307 636.6200 318.2100 51 763 591.9500 285.0100 49 825 538.4000 357.6100 53 1167 603.0300 172.1300 54 1089 577.1801 65.9000 0 1220 547.1600 7.1700 56 1276 493.0200 22.1600 22 2009 484.1000 24.8000 33 2027 605.1400 -103.9100 44 2092 712.1400 -166.7700 55 2163 557.7200 -132.2400
5.2290460461e+000 1.9716706663e+000 -1.2679468833e+001
103 67 33
12 50 1246 606.0200 303.8400 52 875 666.2500 293.0500 51 798 621.7200 261.4700 49 860 570.5699 338.2600 53 1186 629.8300 145.0400 54 1114 603.4600 34.7500 0 1229 572.2800 -28.1200 56 1006 517.6899 -11.7700 11 1596 535.6200 -31.5800 22 1684 507.1300 -14.5000 44 1700 730.0601 -207.4700 55 1364 573.8800 -171.0200
5.3098672211e+000 1.4974366659e+000 -1.2243159682e+001
114 71 37
12 50 811 654.8400 224.8600 52 917 712.0900 207.3500 51 858 668.6300 178.8400 53 814 666.6700 41.9800 54 1169 635.4000 -81.3900 0 1274 601.3000 -159.4100 56 1041 541.6000 -140.9200 11 1678 554.4600 -168.4500 22 1732 519.9500 -158.7900 33 2093 626.8600 -301.0100 44 1767 720.7600 -355.0600 55 1471 558.4500 -308.4400
5.3091700511e+000 1.4976452921e+000 -1.2241328349e+001
114 71 37
9 50 810 654.8400 224.8600 52 916 712.0900 207.3500 51 859 668.6300 178.8400 53 813 666.6700 41.9800 54 1170 635.4000 -81.3900 0 1275 601.3000 -159.4100 56 1042 541.6000 -140.9200 22 1733 519.9500 -158.7900 55 1472 558.4500 -308.4400
5.3449509762e+000 1.4926697925e+000 -1.2222907170e+001
145 105 70
15 50 812 662.1400 224.9600 52 918 719.4100 206.5400 51 860 676.5300 177.6300 49 909 629.7100 272.4700 48 210 636.7400 315.1300 53 1234 676.0100 40.1500 47 121 640.3101 383.9200 54 1480 645.4000 -84.3100 0 1276 610.7100 -164.0500 56 1043 551.1700 -143.4400 11 1679 563.1801 -171.8700 22 1734 528.6801 -162.1900 33 2094 636.3700 -305.6800 44 1787 728.4500 -362.3900 55 1918 566.5200 -314.1600
4.5424525918e+000 1.4895939054e+000 -1.2105572437e+001
110 78 53
9 50 188 511.6801 225.3800 52 248 569.0699 210.7700 51 191 527.7200 179.8000 53 287 523.0800 43.3300 54 777 488.1200 -80.4800 0 1283 453.8500 -164.5400 56 711 387.5699 -141.2000 22 1730 362.4600 -163.0500 33 1727 459.7100 -312.1400
4.8410520841e+000 1.3384033689e+000 -1.2027088472e+001
123 92 61
11 50 234 577.5500 197.4200 52 278 635.4600 179.1900 49 221 546.7200 249.4000 53 316 584.4200 7.1800 54 794 550.2800 -119.8400 0 1293 516.3300 -205.4300 11 1250 462.2700 -215.8200 22 1759 422.8900 -206.7600 33 1753 519.0601 -355.8800 44 1351 610.1700 -410.8200 55 1513 451.2400 -357.5300
4.8673013190e+000 1.2009719296e+000 -1.1969849183e+001
125 92 59
13 50 1303 587.3900 171.0400 52 1395 641.8800 148.9900 51 901 601.1700 122.8100 49 1470 556.9399 224.4100 48 860 569.9600 275.6600 53 849 591.3101 -21.3400 54 1198 554.0699 -151.9500 0 1305 518.3500 -238.5000 11 1707 463.6801 -248.0700 22 2100 422.3800 -240.7400 33 1767 518.0200 -387.2400 44 1809 606.8700 -438.1600 55 1512 445.5500 -382.1300
2.3661395517e+000 1.1588103043e-002 -1.3200409436e+001
168 110 97
8 50 943 66.6300 -67.0900 52 1033 98.8600 -53.0600 51 976 77.8101 -91.6600 49 1069 39.5000 -51.8400 53 417 59.9100 -163.1400 54 862 14.4000 -249.1800 0 1320 -68.2600 -289.0600 56 768 -89.7500 -270.1500
2.3661395517e+000 1.1588103043e-002 -1.3200409436e+001
168 110 97
8 50 944 66.6300 -67.0900 52 1034 98.8600 -53.0600 51 977 77.8101 -91.6600 49 1068 39.5000 -51.8400 53 418 59.9100 -163.1400 54 861 14.4000 -249.1800 0 1321 -68.2600 -289.0600 56 767 -89.7500 -270.1500
2.3937889501e+000 8.2183470021e-002 -1.3280075739e+001
138 70 71
7 50 942 69.9399 -54.0200 52 1032 103.1500 -39.6700 51 975 80.6100 -77.8800 53 899 64.9600 -148.1600 54 860 20.6800 -232.3200 0 1323 -61.3900 -269.7700 56 1080 -82.6700 -252.3300
2.9963856294e+000 6.3214084653e-001 -1.1986005893e+001
148 119 88
6 50 893 205.2600 51.1900 52 992 251.9700 43.9300 49 995 175.5800 95.8700 53 883 201.7300 -115.2000 54 864 155.9100 -236.1900 0 1342 99.7700 -322.3900
-6.3548453412e-001 -8.5256405230e-001 -1.3736962953e+001
101 64 38
14 50 1446 -445.4400 -214.2400 52 1542 -419.4800 -176.2700 51 1430 -432.6600 -225.2700 48 1923 -476.5200 -233.6000 53 1372 -440.5400 -253.0000 47 1882 -417.4600 -181.1200 54 1264 -493.8100 -317.5000 0 1350 -631.1200 -343.7300 56 1111 -602.0400 -317.3200 11 1279 -670.5200 -277.2300 22 1754 -721.1200 -220.9000 33 1681 -691.7400 -248.7900 44 1688 -596.1000 -224.7900 55 1820 -674.6800 -125.3300
1.6484735288e+000 -2.7699947029e-001 -1.2910239442e+001
142 73 58
12 50 1398 -62.1800 -122.2700 52 1505 -30.2100 -108.1600 51 1396 -49.4500 -147.1300 49 1596 -91.9300 -106.9900 48 1023 -71.0600 -86.9400 47 969 -22.0300 -15.8300 54 1268 -118.2300 -310.2300 0 1362 -209.6800 -360.3300 56 1119 -227.8400 -333.9500 11 1733 -260.4000 -320.3000 22 1781 -310.7900 -281.0900 33 1737 -263.8600 -348.7100
5.0347602647e+000 2.7810565501e+000 -1.3239843070e+001
102 65 37
13 50 1549 535.0400 429.3200 52 1663 598.8101 433.0500 51 1532 552.7700 395.6400 49 1770 493.4200 451.4600 53 1474 574.8199 302.7600 54 1367 555.0500 209.9400 0 1442 529.2100 169.2600 56 1206 479.3400 179.5100 11 1873 505.9100 176.0000 22 2198 485.5699 204.7400 33 2235 622.5300 91.0400 44 2322 744.5400 24.4700 55 2393 595.9700 46.3400
5.4332588207e+000 2.8192542326e+000 -1.3346364957e+001
124 91 60
13 50 1180 597.3900 430.5800 52 1263 662.6500 433.9500 51 1175 614.8600 397.0200 49 1350 554.5699 451.3400 53 1095 640.7900 306.6200 54 1370 624.2300 215.5900 0 1444 599.6300 176.5000 56 1207 551.9200 186.6500 11 1874 579.7700 184.1900 22 1922 564.3500 212.5900 33 2230 710.0800 103.2700 44 2310 831.9800 37.5500 55 2397 682.7400 57.2400
6.1825684407e+000 2.9292492583e+000 -1.3972373938e+001
66 40 25
3 50 1831 684.4500 425.1600 52 1265 743.7700 431.8000 51 1537 699.7800 391.1400
4.4297090260e+000 2.5916468027e+000 -1.3021292122e+001
116 84 59
10 50 701 437.1000 403.1900 52 801 502.1899 408.0600 51 717 456.8800 368.6600 49 50 396.9100 427.8200 53 1109 471.3300 272.3200 54 1027 448.5100 176.3600 0 1454 417.4800 129.5100 56 1212 361.7900 142.5900 11 1885 386.1500 134.8100 22 1932 356.7100 160.9700
4.7264269567e+000 2.5502489837e+000 -1.3031278709e+001
86 54 26
7 50 1191 491.0300 395.3100 52 1674 553.3199 398.2400 51 1541 508.8500 360.6700 49 1360 451.4301 421.3500 53 1485 525.6000 262.7500 0 1466 473.6300 116.7300 56 1465 420.0699 130.0300
4.3104628245e+000 2.4018155352e+000 -1.2879162173e+001
113 83 55
10 50 1210 423.8700 374.6600 52 1285 484.4900 377.3800 49 1376 384.7200 401.8700 48 751 386.8500 418.0700 47 42 397.4900 455.5900 54 1392 425.3900 136.6700 0 1489 393.9100 84.8900 56 1229 336.9700 99.0500 11 1929 359.4200 87.7900 22 2228 326.4000 111.0100
4.8753154656e+000 2.3169716063e+000 -1.2927064992e+001
80 46 19
11 50 723 523.8000 357.9200 52 1287 585.1600 357.1100 51 743 540.9700 320.3700 53 1151 554.1000 216.0700 54 1405 529.7200 115.5900 0 1490 500.0400 60.8000 56 1248 446.1200 76.2800 11 1930 467.7200 62.2600 22 2237 441.0100 86.5200 33 2295 564.2100 -37.2400 55 2447 525.4399 -70.5500
5.0270215492e+000 2.3665319659e+000 -1.2926869400e+001
104 68 42
13 50 1215 552.0601 366.7500 52 1288 613.4399 364.8800 51 1200 569.0400 329.1700 49 805 512.9700 396.4200 53 1500 583.5300 224.9900 54 1406 560.7400 122.3700 0 1491 532.3500 68.8800 56 1249 479.5000 83.3600 11 2204 500.8900 70.5100 22 1985 476.5800 91.6400 33 2276 601.7600 -33.2400 44 2372 714.1200 -98.9900 55 2449 563.2800 -69.4900
5.1914920532e+000 2.1599475832e+000 -1.2791101733e+001
89 55 28
12 50 1854 593.4900 334.9200 52 1696 654.3199 328.7100 51 1566 609.4399 295.3400 49 1805 555.7000 367.9200 48 1718 555.8500 390.5700 53 1524 620.9800 183.0700 54 1415 595.5100 76.4300 0 1514 563.6100 16.4700 56 1490 511.0900 32.2900 11 1951 529.3500 14.8800 22 1996 502.0300 33.6300 33 2003 624.5699 -94.5200
5.3653853926e+000 1.9714769078e+000 -1.2667289996e+001
114 79 41
10 50 1595 632.7400 303.9300 52 1323 692.6600 292.7700 49 1416 596.1899 340.6900 48 1337 597.1200 368.8800 53 1539 657.1400 143.2600 54 1422 631.4200 33.5300 0 1527 600.5800 -30.5100 11 1612 562.2600 -40.3900 33 2316 657.3199 -150.6400 44 2111 760.7600 -212.1900
4.8489285808e+000 1.9090676680e+000 -1.2530704960e+001
126 92 64
11 50 774 543.1899 294.8800 52 1322 602.7200 286.5600 51 796 559.1700 253.9700 53 1183 565.4800 133.0200 54 1438 536.3900 20.6800 0 1533 505.4100 -48.1200 56 1287 446.5100 -29.4500 11 1967 464.9800 -52.1600 22 2017 431.9301 -35.7000 33 2326 544.6899 -173.9900 55 2479 493.0699 -197.2600
5.0491515293e+000 1.8673735864e+000 -1.2562854295e+001
100 64 34
9 50 1594 579.4800 286.6000 52 1721 639.1500 276.4500 51 1588 595.3300 244.4100 53 1538 601.4000 124.7800 54 1443 572.9301 11.8000 0 1535 541.3500 -55.6300 56 1303 484.1100 -38.1600 11 1968 501.5400 -60.6000 22 2029 470.4100 -44.2900
4.6386253298e+000 1.6728644513e+000 -1.2289370415e+001
95 61 33
12 50 1608 519.0200 256.1900 52 1734 577.3900 244.6100 51 1596 534.6000 214.5200 53 1561 534.7200 83.5000 54 1658 502.2800 -35.2800 0 1556 469.4600 -111.8600 56 1509 405.8700 -91.2400 11 1992 422.5900 -119.3200 22 2047 385.0200 -106.1800 33 2345 488.3900 -250.7500 44 2420 587.6400 -311.9800 55 2210 430.8500 -265.1200
4.6022543624e+000 1.5976327798e+000 -1.2191983036e+001
79 48 22
11 50 1277 518.1801 243.6800 52 1357 576.4500 230.9400 51 1265 534.7300 199.4600 53 1218 533.0601 68.5400 54 1159 500.2600 -51.5300 0 1565 465.2700 -136.0100 11 2004 416.3700 -145.4000 22 2056 377.3199 -133.5800 33 2083 477.5601 -280.9900 44 2166 576.2600 -339.2100 55 1913 417.2800 -292.5000
5.1536487236e+000 1.5724680859e+000 -1.2283905474e+001
110 69 37
12 50 1620 621.0800 236.3800 52 1739 679.0200 222.4300 51 1598 636.0400 193.0000 53 1585 635.2400 59.5000 54 1461 604.5100 -61.2000 0 1567 570.5601 -137.3000 56 1324 510.8600 -118.9100 11 2005 524.3000 -147.4300 22 2058 490.1400 -135.2100 33 2354 595.3199 -278.9700 44 2620 689.7000 -335.7300 55 2489 530.6400 -290.4900
4.5469025291e+000 1.4289924553e+000 -1.2088860520e+001
89 57 34
11 50 1880 513.4600 213.0500 52 1995 570.5800 198.2500 51 1607 529.5300 168.1100 49 1839 481.0100 262.5800 53 1807 523.3199 30.5400 54 1675 488.0601 -93.6300 0 1579 453.7000 -177.6300 56 1525 386.3700 -154.8100 11 2014 401.5601 -186.3900 22 2287 360.4900 -175.9200 33 2379 457.7900 -325.0800
5.0567428027e+000 1.4595218703e+000 -1.2155186373e+001
99 63 31
12 50 1292 611.4100 218.3000 52 1743 669.2900 201.4100 51 1608 626.4399 172.2300 49 1453 578.2500 267.5300 48 1372 587.3800 311.8400 53 1587 623.0699 34.2500 54 1478 590.2300 -89.9000 0 1582 555.2000 -171.8900 56 1339 494.5601 -149.0400 11 2018 507.1899 -180.3600 44 2439 662.3800 -374.9600 55 2241 502.5000 -325.3100
5.1388477347e+000 1.4705520696e+000 -1.2184620853e+001
146 108 71
9 50 1621 624.6700 220.2500 52 1744 682.3700 202.3700 51 1609 639.6500 174.6000 53 1588 636.8500 36.2300 0 1583 570.3900 -167.4300 56 1338 508.3900 -147.8700 11 2263 521.5800 -178.4500 33 2368 590.2800 -311.8600 55 2228 522.7100 -319.9800
5.8221893557e+000 1.1271986160e+000 -1.2126464074e+001
76 42 16
9 50 1655 767.6000 154.6500 52 1768 820.0900 129.6400 51 1636 777.3199 105.6400 48 1772 750.0900 258.5400 53 1271 769.0900 -39.8300 47 1323 751.4301 337.3800 54 1507 734.2700 -166.9500 0 1607 692.7400 -245.3700 56 1375 640.1000 -229.6300
4.6951699565e+000 2.9796285406e+000 -1.3348281409e+001
155 121 86
13 50 1165 467.5699 457.5700 52 1246 532.4000 467.6700 51 1160 486.3300 426.4600 49 755 424.7100 474.8500 53 1466 511.1000 342.7900 54 1347 490.9500 255.1100 0 1699 465.4900 220.9300 56 1181 413.4900 229.9300 11 2149 442.5500 231.5500 22 2181 420.5300 263.9400 33 2452 558.8199 154.8000 44 2533 683.7600 86.1600 55 2586 537.5900 106.2900
5.0713599521e+000 2.9444040811e+000 -1.3367612810e+001
145 106 73
13 50 666 535.3400 451.5600 52 1247 600.2700 458.9400 51 1161 552.6600 419.2600 49 757 493.1801 470.0700 53 1468 576.9399 333.0600 54 1357 559.1500 244.5100 0 1704 534.7200 208.8100 56 1443 486.2700 218.9100 11 2159 513.7500 217.7500 22 2188 495.3500 248.4200 33 2454 638.5601 140.5700 44 2298 761.8300 72.1300 55 2379 614.9900 91.9200
5.1904238158e+000 2.9712080140e+000 -1.3429806440e+001
145 109 73
13 50 668 548.1200 452.7000 52 1250 613.7000 459.8100 51 1163 566.4399 420.3800 49 760 505.0000 470.3600 53 1079 593.2700 335.9700 54 1358 577.1500 248.6000 0 1705 554.0900 214.1600 56 1184 505.8300 224.3900 11 2152 535.8300 224.8500 22 2183 519.3400 256.5100 33 2455 666.5699 150.6900 44 2534 793.4100 84.1200 55 2587 646.4399 102.5200
4.5370731342e+000 2.6023636986e+000 -1.3037979950e+001
74 45 18
11 50 705 458.2200 404.8700 52 806 519.3800 408.5200 51 719 475.7200 369.9800 49 786 417.9700 428.9500 48 749 415.8199 440.8500 53 1483 490.7600 273.6300 54 1614 467.1500 178.3200 0 1721 437.1500 131.7100 56 1463 382.8600 144.8100 11 1886 406.7600 134.7600 22 2204 378.5900 161.8400
4.5857893984e+000 2.7127402239e+000 -1.3096327850e+001
135 102 71
13 50 1547 461.0300 422.0900 52 1944 525.1100 428.0800 51 1530 479.6700 388.6000 49 1767 419.2700 445.1100 53 1754 499.3300 294.2600 54 1602 476.2700 199.9900 0 1722 449.3800 153.8600 56 1450 395.1400 167.6900 11 2171 421.2900 160.2700 22 2206 395.1899 187.0900 33 2465 522.9500 68.2100 44 2546 642.5900 -0.7900 55 2409 494.2400 24.6300
5.3672797454e+000 2.6765962209e+000 -1.3223693404e+001
124 93 64
13 50 1562 594.0601 410.7800 52 1668 657.9100 412.2400 51 1544 610.8600 375.7700 49 1366 551.5800 434.7200 53 1489 633.8600 280.3700 54 1617 615.0800 185.4800 0 1725 590.0000 143.4700 56 1466 541.1899 154.1600 11 2189 567.0800 148.3000 22 2210 548.5699 174.1800 33 2470 689.8600 60.4800 44 2560 808.6100 -5.2500 55 2610 658.4600 16.6800
4.8255830196e+000 2.4371235266e+000 -1.2988381336e+001
93 62 33
14 50 1570 512.5699 377.1800 52 1685 574.0500 377.7600 51 1556 529.6600 340.9300 49 1790 473.4700 405.0900 48 1703 471.9500 420.0100 53 1773 544.4700 239.5400 54 1625 520.6200 140.4700 0 1739 491.3500 90.8900 56 1476 438.1899 103.6600 11 2198 460.7600 93.4100 22 2386 433.7400 116.9900 33 2492 558.2100 -4.9700 44 2573 671.7900 -70.7200 55 2622 521.9600 -42.1600
5.0896002479e+000 2.3869570330e+000 -1.2950857593e+001
134 99 71
11 50 1216 561.5800 369.4900 52 1687 624.1899 367.8200 51 1203 578.7000 332.3500 49 1381 521.8199 398.8500 48 760 519.5400 415.4300 53 1501 594.9600 227.6900 54 1397 571.9301 126.6200 0 1742 544.0000 73.9500 56 1250 491.2900 88.0300 11 2206 514.1300 74.7400 22 2229 489.4600 96.5900
4.5723214766e+000 2.1352548558e+000 -1.2676790438e+001
104 70 42
13 50 1579 482.8300 332.5700 52 1694 543.0300 329.6400 51 1562 499.8101 294.0300 49 1798 445.3900 366.9100 48 1712 447.8000 390.9400 53 1523 508.7100 181.1700 47 729 456.8000 436.4700 54 1636 480.5100 74.2100 0 1759 448.9900 12.2800 56 1489 391.3600 29.6600 11 2218 411.3700 11.0100 22 2242 378.1801 30.1000 33 2309 491.2600 -103.4600
4.5721031709e+000 2.1352061788e+000 -1.2674590763e+001
104 70 42
12 50 1578 482.8300 332.5700 52 1693 543.0300 329.6400 51 1561 499.8101 294.0300 49 1799 445.3900 366.9100 48 1711 447.8000 390.9400 53 1522 508.7100 181.1700 47 730 456.8000 436.4700 54 1635 480.5100 74.2100 0 1760 448.9900 12.2800 56 1488 391.3600 29.6600 11 2219 411.3700 11.0100 22 2243 378.1801 30.1000
5.2175616035e+000 2.0980634235e+000 -1.2782748120e+001
128 93 61
14 50 1582 598.1000 323.0400 52 1697 658.0200 316.6600 51 1579 613.7600 283.1200 49 1806 560.8700 356.8400 48 1323 561.4000 381.1800 53 1525 623.8199 170.2100 54 1639 598.5300 63.7700 0 1761 567.2400 4.4700 56 1495 514.1899 18.9100 11 2220 533.5200 3.0700 22 2247 506.5300 21.2100 33 2310 628.0300 -107.2300 44 2391 734.0500 -169.3000 55 2465 579.0200 -136.0400
2.3930028690e+000 1.6236063933e+000 -1.3262028299e+001
160 116 79
11 50 205 67.8101 218.3400 52 900 113.4500 234.5000 51 835 83.9900 192.5500 53 1194 80.8700 116.2200 54 1097 40.6000 31.6300 0 1767 -29.7700 -5.8700 56 1273 -61.4900 9.4600 11 2216 -73.8900 18.7700 22 2241 -121.4500 54.5900 33 2499 -53.9100 -37.3400 44 2570 48.6400 -74.9900
4.8386701419e+000 1.9659294801e+000 -1.2583593371e+001
92 58 30
14 50 1592 537.8300 304.7300 52 1707 597.6500 296.9000 51 1577 554.2800 263.3200 49 1816 501.5400 341.9500 48 1333 504.5601 369.5200 53 1789 561.1400 145.3300 47 731 511.6500 420.7000 54 1647 532.7500 34.0400 0 1768 502.2700 -32.4000 56 1502 444.0000 -14.3900 11 2224 462.7700 -35.8900 22 2418 431.2000 -19.4100 33 2516 544.2100 -155.3300 44 2596 650.8199 -217.9600
4.2334669429e+000 1.8684922467e+000 -1.2434804030e+001
106 79 50
7 50 1589 432.5300 288.9700 52 1705 490.7300 284.6500 51 1583 449.1300 249.4100 0 1778 384.2100 -53.8600 22 2257 300.4000 -42.2300 33 2324 402.3000 -184.1300 44 2407 506.1000 -246.5800
4.5922385724e+000 1.8049294630e+000 -1.2410166230e+001
86 52 25
9 50 789 500.9600 278.6000 52 1334 560.0200 269.7600 51 1242 517.5000 236.2300 53 1551 519.9000 112.7300 0 1785 456.9301 -75.0000 56 1504 395.3300 -54.1900 11 2418 413.6600 -79.9500 22 2424 377.9100 -65.4200 33 2526 484.6500 -206.9000
3.0015815927e+000 1.4365538639e+000 -1.2143354846e+001
122 105 75
12 50 1873 200.0200 210.8800 52 1991 254.4100 207.9500 51 1856 219.3800 170.2900 49 2099 165.8900 252.5200 48 2023 180.4301 290.5100 53 1568 211.2300 47.5100 47 1975 210.9800 356.9900 54 1469 168.9000 -70.1000 0 1795 120.3900 -150.3000 56 1315 57.3500 -122.6200 11 2249 65.6300 -149.5500 22 2275 13.1200 -132.7200
4.3571865598e+000 1.5436743903e+000 -1.2119922223e+001
78 48 24
13 50 1276 472.5500 235.2200 52 1733 529.5100 222.3100 49 1444 439.0100 282.7800 48 823 448.5400 324.6700 53 1576 483.2700 55.1800 54 1458 450.2200 -66.9900 0 1798 416.6801 -150.6800 56 1514 348.8300 -126.5500 11 2252 366.5500 -158.5800 22 2277 325.2700 -147.1000 33 2365 423.3500 -297.0000 44 2436 521.0601 -356.9600 55 2498 362.6500 -307.0100
4.5359785615e+000 1.5962295736e+000 -1.2166580177e+001
136 103 72
9 50 1869 506.3700 245.0200 52 1990 564.2300 232.4100 51 1850 522.6899 200.1000 49 1825 472.7200 291.0400 48 1741 481.5900 331.6200 53 1803 520.0800 67.2200 54 1663 486.7200 -54.3000 0 1799 452.9000 -138.5100 11 2253 403.1700 -147.2500
5.6189027176e+000 1.5298332534e+000 -1.2282321789e+001
145 107 71
9 50 1284 711.6200 230.7000 52 1745 769.6801 210.3900 51 1611 725.5500 182.9300 49 1456 679.1000 278.6400 48 1353 683.3300 320.6400 53 1590 726.0900 46.6000 54 1481 696.2800 -76.4600 0 1801 661.5500 -153.0500 22 2280 585.7900 -153.6000
5.8126435780e+000 1.3985401979e+000 -1.2212127347e+001
127 89 53
13 50 1295 757.0200 207.1700 52 1383 813.6500 184.2700 51 1281 769.8500 158.7300 49 910 727.6000 257.6900 53 1603 766.6600 16.5900 54 1493 736.4700 -108.3400 0 1809 698.2400 -187.2000 56 1348 646.3800 -169.3900 11 2028 652.4800 -197.5800 22 2291 620.3000 -189.4300 33 2380 728.2200 -329.9900 44 2442 815.1899 -382.8800 55 2511 651.2400 -337.5000
4.7830797158e+000 1.1855990243e+000 -1.1971737723e+001
81 48 18
15 50 1640 568.5601 166.7400 52 1764 623.7600 147.3300 51 1631 582.9900 118.9500 49 1846 538.4500 220.0100 48 1767 550.7600 269.8600 53 1609 573.6500 -24.3400 47 1305 562.3900 348.5300 54 1696 537.6300 -152.2600 0 1826 501.1200 -239.3600 56 1540 435.0601 -216.4200 11 2273 446.4000 -248.7000 22 2312 405.4399 -239.3600 33 2387 497.9200 -387.7800 44 2201 587.3101 -439.4400 55 1938 425.9301 -383.4000
4.7869187450e+000 1.1848734871e+000 -1.1980897165e+001
81 48 18
11 50 1641 568.5601 166.7400 52 1765 623.7600 147.3300 51 1632 582.9900 118.9500 49 1847 538.4500 220.0100 48 1768 550.7600 269.8600 53 1610 573.6500 -24.3400 54 1697 537.6300 -152.2600 0 1827 501.1200 -239.3600 56 1541 435.0601 -216.4200 11 2274 446.4000 -248.7000 22 2313 405.4399 -239.3600
5.8237314717e+000 1.2037640299e+000 -1.2138402203e+001
125 84 52
15 50 1893 766.5601 170.0000 52 2023 819.5500 146.1700 51 1879 777.6200 120.6200 49 2119 737.5200 223.3500 48 2040 746.7200 272.3600 53 1828 770.3800 -23.2800 47 1719 747.4399 348.7700 54 1699 737.9399 -152.3800 0 1829 697.5601 -231.4700 56 1543 644.1000 -214.7300 11 2276 647.3000 -241.1900 22 2315 613.9399 -232.6600 33 2389 716.0800 -371.4800 44 2454 800.0300 -418.6000 55 2259 636.1400 -369.3500
5.7242546507e+000 1.0637956810e+000 -1.2102499195e+001
79 45 21
10 50 1903 749.0100 141.7100 52 2029 802.0100 117.3300 51 1877 759.9100 93.0200 49 2126 722.1000 195.6600 53 1832 750.7800 -51.8800 54 1709 715.3800 -179.6500 0 1830 673.8199 -259.0600 56 1550 619.3101 -242.0800 11 2291 620.6600 -268.4200 22 2314 585.1300 -259.3900
5.5476990637e+000 1.0213751843e+000 -1.2053253066e+001
122 87 57
12 50 2097 718.1801 133.6200 52 2229 770.2900 109.6200 51 2076 728.9301 85.1700 49 2328 690.2400 188.2100 48 2050 703.0200 240.5400 53 2026 718.3800 -60.4900 47 1991 708.5400 321.2900 54 1858 682.9100 -188.7900 0 1837 641.5400 -269.3600 56 1716 584.9301 -252.0000 11 2457 587.0000 -279.7700 22 2462 549.4500 -271.8800
1.8796945156e+000 -7.8127109063e-002 -1.3103396072e+001
132 62 55
11 50 1953 -20.0200 -84.6000 52 2072 12.2500 -68.5300 51 1932 -7.7100 -108.1300 49 2188 -48.2700 -70.0000 48 2118 -27.6800 -53.2600 53 1864 -25.6100 -178.2500 47 1811 17.8700 12.3700 54 1731 -73.7800 -264.9000 0 1842 -162.8400 -309.2800 56 1552 -181.7200 -286.6900 11 2282 -210.8100 -270.4800
4.3897256307e+000 9.5648430198e-001 -1.1843885908e+001
101 71 43
12 50 1909 497.8700 121.6700 52 2228 550.8101 101.8500 51 1884 512.4399 73.5900 49 2327 470.4000 176.9200 48 2048 487.6300 231.5700 53 1838 496.0300 -72.0000 47 1989 505.3300 316.9300 54 1718 455.2300 -202.0300 0 1846 415.2700 -293.9400 56 1554 346.5699 -267.0000 11 2301 355.0699 -300.3600 22 2323 308.8101 -290.5100
4.3243099463e+000 8.0920775118e-001 -1.1855402944e+001
45 31 16
10 50 2108 483.0100 90.6000 52 2236 533.9800 71.9700 51 2083 497.1899 43.6700 49 2334 456.3199 145.1700 48 2268 475.7900 200.3300 53 2035 478.9301 -99.6300 47 2178 495.5500 287.8300 54 1726 437.2900 -229.0200 0 1847 395.9500 -319.0200 56 1567 327.8000 -293.1800
-1.2745919762e+000 -8.4523911239e-001 -1.3761852395e+001
129 91 70
11 50 2168 -551.2800 -215.6900 52 2297 -525.8100 -173.0300 51 2140 -538.9100 -224.5300 53 1881 -544.8900 -245.8300 54 1739 -600.1300 -307.6600 0 1854 -751.1300 -333.9600 56 1556 -709.8000 -304.8000 11 2045 -788.9600 -263.5300 22 2076 -841.3800 -204.9700 33 2063 -817.3500 -233.1600 44 2096 -718.5000 -210.2400
-5.1600100562e-001 -8.0927022148e-001 -1.3792967030e+001
176 137 111
15 50 1987 -423.6300 -206.3000 52 2108 -396.3900 -167.6700 51 1736 -410.5300 -216.6200 49 2218 -462.5200 -217.0100 48 2155 -452.6300 -224.9300 53 1682 -418.5200 -244.4800 47 1883 -394.7500 -173.9400 54 1741 -470.7800 -307.4600 0 1858 -606.2900 -332.4100 56 1559 -578.2100 -307.0600 11 2279 -646.2900 -266.1700 22 2295 -696.4700 -209.5700 33 2528 -666.5100 -237.5800 44 2393 -572.0000 -214.6600 55 2452 -651.2500 -115.5600
1.5976324811e+000 -2.3816110657e-001 -1.2929338415e+001
202 143 125
13 50 1725 -71.7400 -115.6000 52 2084 -39.5900 -100.6700 51 1943 -59.1500 -140.2500 49 2196 -101.8300 -99.9500 48 2128 -81.0500 -80.0000 53 1875 -77.6600 -213.0500 47 1822 -31.9100 -10.0500 54 1744 -127.3500 -301.7700 0 1859 -219.7100 -351.5600 56 1573 -237.0400 -325.4000 11 2295 -268.7800 -311.0700 22 2317 -319.0300 -271.9100 33 2373 -272.0400 -339.6300
4.9817332062e+000 2.9350935843e+000 -1.3348933694e+001
107 73 38
11 50 1537 518.8800 450.5500 52 1658 583.4100 458.3200 51 1521 537.1000 418.3500 53 1748 561.7500 331.7500 54 1599 543.2600 243.3800 0 1912 518.0800 206.5100 56 1618 469.2500 217.0900 11 2342 497.5300 216.4500 22 2364 478.2500 246.6700 33 2608 618.7000 138.3700 44 2686 743.4900 69.9500
4.2931114478e+000 2.7067487065e+000 -1.3074012541e+001
139 106 76
12 50 1546 408.9600 421.1600 52 1662 472.1100 428.6000 51 1529 428.4700 387.8300 49 1344 367.2800 443.5900 48 727 364.6899 451.8000 53 1753 445.4700 295.3300 54 1601 421.7300 201.6900 0 1917 392.3800 157.8800 56 1624 337.4500 170.2200 33 2619 456.1400 71.4700 44 2697 575.7500 1.2800 55 2745 428.9600 27.7300
4.8129773657e+000 2.7533985721e+000 -1.3189682409e+001
134 99 70
12 50 1828 497.6000 425.5900 52 1945 561.5100 430.8500 51 1807 516.0800 391.8600 49 2062 456.3500 447.8700 53 1755 536.3500 300.0700 54 1792 515.4700 206.6300 0 1919 489.1700 164.7300 56 1626 436.6899 176.4700 22 2504 440.2800 199.5900 33 2620 573.2700 84.0600 44 2699 694.2400 16.8400 55 2742 545.7300 39.8400
4.9628542290e+000 2.8450274921e+000 -1.3280363096e+001
142 107 75
14 50 1829 518.2500 437.6900 52 1947 583.2900 443.6200 51 1806 536.0100 404.8600 49 1768 475.0500 458.3000 48 1277 468.3300 463.2500 53 1953 560.6899 315.2500 54 1786 541.9800 224.2500 0 1920 516.8300 185.4900 56 1619 466.1801 196.1200 11 2504 493.7000 193.5700 22 2498 473.3900 222.6700 33 2616 611.2900 110.7200 44 2823 733.3900 43.7800 55 2733 586.4700 65.0900
5.2737866896e+000 2.7292875527e+000 -1.3238967021e+001
89 55 27
12 50 1554 578.8900 419.9700 52 1667 642.4900 422.5700 51 1536 595.0400 385.4300 49 1363 536.9700 442.9800 53 1758 618.3700 291.4300 54 1794 598.4900 198.3000 0 1921 572.4700 156.1300 56 1628 524.4700 166.8500 11 2345 550.3101 161.1300 33 2623 670.7100 74.7800 44 2702 790.5000 8.8300 55 2743 640.8199 30.4800
4.9476813974e+000 2.6418832900e+000 -1.3114802990e+001
132 97 70
12 50 1837 527.3900 409.5900 52 1955 590.7900 412.0500 51 1817 544.6300 374.2200 53 1762 563.8900 277.5200 54 1615 542.5200 181.9300 0 1924 515.2300 136.6100 56 1632 463.1500 148.7800 11 2349 488.8400 141.1100 22 2509 465.2400 167.3200 33 2629 597.4600 48.0400 44 2710 716.4000 -19.2100 55 2747 566.2900 5.6800
4.4640409636e+000 2.4744228493e+000 -1.2946196168e+001
80 50 26
15 50 1557 449.6500 385.4200 52 1953 510.6700 388.4400 51 1816 467.3800 350.3500 49 1776 410.4301 411.9900 48 1291 411.4600 426.4700 53 1769 480.0500 250.6100 47 707 420.6500 462.1100 54 1801 454.3800 151.4900 0 1932 423.3000 100.9100 56 1636 368.5100 114.9900 11 2519 390.3000 104.5500 22 2517 359.9200 129.1000 33 2752 478.8300 4.1200 44 2838 594.1801 -63.8400 55 2853 446.6000 -34.1700
4.1479290801e+000 2.4226322289e+000 -1.2861883409e+001
113 83 59
14 50 1844 394.5000 378.5400 52 1951 455.8500 382.2600 51 1820 413.2300 342.9400 49 1786 356.4600 406.1300 48 1698 358.0300 421.9300 53 1766 423.4100 241.9900 54 1800 395.5900 142.5100 0 1940 364.1899 90.2900 56 1634 305.6600 105.1400 11 2356 327.9200 93.7900 22 2382 293.3700 117.6000 33 2642 406.0100 -11.3100 44 2726 520.3700 -79.8200 55 2763 372.4500 -47.3200
4.4302498489e+000 2.3930886101e+000 -1.2871379122e+001
132 102 74
14 50 1845 444.8700 372.8100 52 1958 506.5601 374.8400 51 1822 463.2800 336.8400 49 1789 405.8000 401.5400 48 1699 406.2200 417.6600 53 1768 475.7600 234.0100 47 706 415.0900 456.1500 54 1802 449.8199 133.5900 0 1941 419.5500 79.5600 56 1637 362.6600 95.0700 11 2367 385.3600 82.1300 33 2644 471.2800 -22.9300 44 2727 584.3300 -90.1100 55 2764 435.1600 -58.2400
4.9043067925e+000 2.4177367981e+000 -1.2955901193e+001
139 107 78
