# Bundle file v0.3
60 14954
1.7610836685e+003 2.1315335642e-002 -4.4643610305e-002
9.8132678917e-001 1.7963411175e-001 6.8770042582e-002
-1.4435363069e-001 9.2407674344e-001 -3.5389857521e-001
-1.2712105320e-001 3.3736294717e-001 9.3275209981e-001
-2.3701277826e+000 -5.2846332240e+000 8.5441682811e+000
1.7591551304e+003 6.3512072362e-003 -1.0605392046e-001
9.4784836556e-001 2.9002913943e-001 -1.3216116745e-001
-2.0446587609e-001 2.3523352074e-001 -9.5018887398e-001
-2.4449372469e-001 9.2765742006e-001 2.8226677025e-001
-4.8682559661e+000 -1.2441573373e+001 1.2491404825e-001
1.7549485554e+003 -9.0736291172e-003 -7.1710497313e-002
9.4090970919e-001 3.0219932701e-001 -1.5285445991e-001
-2.0958259038e-001 1.6506904697e-001 -9.6375689234e-001
-2.6601514424e-001 9.3884385096e-001 2.1865078675e-001
-5.1524269793e+000 -1.2611169278e+001 -7.2989998890e-001
1.7524080141e+003 1.0219276607e-002 -1.0857003287e-001
9.3903368757e-001 2.9046908705e-001 -1.8396587476e-001
-2.0295638475e-001 3.6390051988e-002 -9.7851135405e-001
-2.7753277194e-001 9.5619217398e-001 9.3124040500e-002
-5.5726294672e+000 -1.2804038971e+001 -2.5436382901e+000
1.7686183784e+003 4.6110189452e-004 -1.0846325647e-001
9.3683496170e-001 2.8929071851e-001 -1.9659891842e-001
-2.0439539760e-001 -3.3272298164e-003 -9.7888275650e-001
-2.8383582575e-001 9.5723550380e-001 5.6012626213e-002
-5.5921535485e+000 -1.2865288650e+001 -3.0980085550e+000
1.7464612032e+003 2.5199637493e-002 -1.3999512611e-001
9.3172552071e-001 2.8484788262e-001 -2.2527591486e-001
-2.0365943259e-001 -1.0376613774e-001 -9.7352731044e-001
-3.0068320467e-001 9.5293980525e-001 -3.8669600566e-002
-6.1503055289e+000 -1.2671667410e+001 -4.1038700770e+000
1.7229631248e+003 2.2126927860e-002 -1.0482605192e-001
9.2857003620e-001 2.7620814309e-001 -2.4792488692e-001
-1.8002657064e-001 -2.4896576003e-001 -9.5163358715e-001
-3.2457375391e-001 9.2829150164e-001 -1.8145734002e-001
-6.2675052476e+000 -1.2290742130e+001 -6.3053784866e+000
1.7587406465e+003 7.0970046543e-003 -8.5706503825e-002
9.2190059036e-001 2.7285957894e-001 -2.7503990925e-001
-1.8081380233e-001 -3.2483478821e-001 -9.2832576677e-001
-3.4264510851e-001 9.0555508422e-001 -2.5012860505e-001
-6.7153024849e+000 -1.2005849595e+001 -7.0802560069e+000
1.7159954579e+003 3.8255581846e-002 -1.0986885555e-001
9.2034509204e-001 2.5797681701e-001 -2.9396066650e-001
-1.7743552379e-001 -3.9440116617e-001 -9.0164535990e-001
-3.4854202969e-001 8.8198394657e-001 -3.1721092592e-001
-6.8882952857e+000 -1.1647261924e+001 -8.1003675296e+000
1.6399543030e+003 7.2935276533e-003 -2.0865403452e-002
9.0748355304e-001 2.4405988749e-001 -3.4191866325e-001
-1.2769776739e-001 -6.1514145286e-001 -7.7800660227e-001
-4.0020854709e-001 7.4969044564e-001 -5.2706484852e-001
-7.3243710120e+000 -9.7474107995e+000 -1.0729066546e+001
1.6876664434e+003 5.1648061682e-002 -1.3098767699e-001
9.0650752083e-001 2.4134468729e-001 -3.4640562436e-001
-1.0940649888e-001 -6.5818114971e-001 -7.4486763400e-001
-4.0776749831e-001 7.1312713880e-001 -5.7024148502e-001
-7.2949738547e+000 -9.6840940999e+000 -1.1578214922e+001
1.7336565888e+003 2.0735181965e-002 -4.3444613402e-002
9.7768792638e-001 2.0578344654e-001 4.2184022290e-002
-1.6498499128e-001 8.7654262617e-001 -4.5216476771e-001
-1.3002411798e-001 4.3511630358e-001 8.9093632270e-001
-2.8335052178e+000 -6.4171095467e+000 8.0072631311e+000
1.6590925500e+003 2.8596576604e-002 -8.4279310782e-002
9.0879237959e-001 2.1574636069e-001 -3.5714131468e-001
-9.8034603140e-002 -7.2157533260e-001 -6.8535994628e-001
-4.0556827710e-001 6.5786210350e-001 -6.3461155472e-001
-7.3707570103e+000 -8.8125332220e+000 -1.2437704891e+001
1.6385076670e+003 3.1709289500e-002 -8.2543023018e-002
9.0838560640e-001 1.9676350734e-001 -3.6894405033e-001
-8.2827168841e-002 -7.8019944419e-001 -6.2002297328e-001
-4.0984783785e-001 5.9377853571e-001 -6.9242458098e-001
-7.5642799717e+000 -7.8858747564e+000 -1.3062307897e+001
1.6670912901e+003 2.4756925093e-002 -7.9518807950e-002
9.0483051675e-001 1.7280436456e-001 -3.8912772653e-001
-6.5322446268e-002 -8.4677273709e-001 -5.2792888700e-001
-4.2073116592e-001 5.0310494264e-001 -7.5489780945e-001
-7.8226392529e+000 -6.4558643687e+000 -1.3821028433e+001
0 0 0
0 0 0
0 0 0
0 0 0
0 0 0
0 0 0
0 0 0
0 0 0
0 0 0
0 0 0
0 0 0
0 0 0
0 0 0
0 0 0
0 0 0
0 0 0
0 0 0
0 0 0
0 0 0
0 0 0
0 0 0
0 0 0
0 0 0
0 0 0
0 0 0
0 0 0
0 0 0
0 0 0
0 0 0
0 0 0
0 0 0
0 0 0
0 0 0
0 0 0
0 0 0
1.7223874557e+003 2.1863159771e-002 -7.5890926429e-002
9.7589231592e-001 2.1701479639e-001 2.3211330933e-002
-1.7359227708e-001 8.3625795118e-001 -5.2013302186e-001
-1.3228722188e-001 5.0356451149e-001 8.5376980135e-001
-3.1848916562e+000 -7.1739815972e+000 7.5985464837e+000
0 0 0
0 0 0
0 0 0
0 0 0
0 0 0
0 0 0
0 0 0
0 0 0
0 0 0
0 0 0
0 0 0
0 0 0
0 0 0
0 0 0
0 0 0
0 0 0
0 0 0
0 0 0
0 0 0
0 0 0
0 0 0
0 0 0
0 0 0
0 0 0
0 0 0
0 0 0
0 0 0
0 0 0
0 0 0
0 0 0
0 0 0
0 0 0
0 0 0
0 0 0
0 0 0
0 0 0
0 0 0
0 0 0
0 0 0
0 0 0
1.7156171690e+003 2.5976387204e-002 -5.9104730179e-002
9.6277655339e-001 -1.0533763102e-001 -2.4892828632e-001
2.2131948309e-001 -2.2148176721e-001 9.4971759655e-001
-1.5517407852e-001 -9.6945851396e-001 -1.8992418243e-001
-6.1831009887e+000 1.2412069560e+001 -6.3951462707e+000
1.7131549771e+003 6.9350723462e-003 1.0660175246e-002
9.6648115334e-001 -1.1509973022e-001 -2.2949124679e-001
2.1488662408e-001 -1.2648657286e-001 9.6841359226e-001
-1.4049170451e-001 -9.8526808483e-001 -9.7513496356e-002
-6.0772443874e+000 1.2625698202e+001 -5.1907739073e+000
1.7515387642e+003 2.9758022541e-002 -1.2896178988e-001
9.7244206567e-001 2.3313581799e-001 -2.0296038353e-003
-1.7827785263e-001 7.3795552202e-001 -6.5087529895e-001
-1.5024458787e-001 6.3330035362e-001 7.5918194520e-001
-3.3781504114e+000 -8.9636464810e+000 6.4722578084e+000
1.7167687873e+003 3.7197145056e-002 -7.1936859940e-002
9.7116652422e-001 -1.1222261018e-001 -2.1033703429e-001
2.0465578164e-001 -6.0077376795e-002 9.7698859760e-001
-1.2227670780e-001 -9.9186531070e-001 -3.5378131202e-002
-5.7503914506e+000 1.2836724323e+001 -4.3766281623e+000
1.7225708996e+003 3.0780423540e-002 -1.2660081651e-002
9.7114318425e-001 -1.3140009856e-001 -1.9903499639e-001
2.0364408415e-001 2.2486694183e-002 9.7878671608e-001
-1.2413703187e-001 -9.9107434771e-001 4.8596652521e-002
-5.9455914328e+000 1.2771774810e+001 -2.7753062571e+000
1.7385505652e+003 5.1711573106e-002 -1.1851824509e-001
9.7623994948e-001 -1.6058279123e-001 -1.4549477037e-001
1.6815395324e-001 1.3791083839e-001 9.7606600630e-001
-1.3667409795e-001 -9.7734014950e-001 1.6163670107e-001
-5.2369224945e+000 1.3032679564e+001 -1.5504217422e+000
1.7039927204e+003 2.7520783851e-002 -3.1278127054e-002
9.8158357348e-001 -1.3321866938e-001 -1.3691776511e-001
1.6629710487e-001 2.4315046897e-001 9.5562708331e-001
-9.4015749668e-002 -9.6079687529e-001 2.6082638525e-001
-5.0239869704e+000 1.2487423933e+001 -6.4765059286e-001
1.6900842636e+003 9.3629011329e-002 -2.2152829939e-001
9.8783799459e-001 -8.0274982939e-002 -1.3316164447e-001
1.5065570386e-001 2.8233572527e-001 9.4741194690e-001
-3.8457188405e-002 -9.5595107895e-001 2.9099584070e-001
-4.7261188246e+000 1.2485765237e+001 -4.9250905730e-001
1.7318467493e+003 6.4580444836e-002 -1.6378091572e-001
9.8840241811e-001 -1.1408375552e-001 -1.0022752417e-001
1.3700126798e-001 3.8518575653e-001 9.1261305357e-001
-6.5508109762e-002 -9.1576024684e-001 3.9634815234e-001
-4.2852427364e+000 1.1995749631e+001 1.5529103172e+000
1.7117201488e+003 6.1161204608e-002 -1.5905656510e-001
9.9214732488e-001 -8.5352575820e-002 -9.1425508100e-002
1.2301142879e-001 5.3366104082e-001 8.3670429777e-001
-2.2624635204e-002 -8.4138031312e-001 5.3996971634e-001
-4.0986681385e+000 1.0893710140e+001 3.1258412185e+000
1.6999285782e+003 6.0566972753e-002 -1.5644748627e-001
9.9417761953e-001 -8.2061475358e-002 -6.9833910682e-002
1.0608493955e-001 6.3178872512e-001 7.6784698503e-001
-1.8890379041e-002 -7.7078461393e-001 6.3681569744e-001
-3.8972277185e+000 9.9819174397e+000 4.3365583244e+000
1.7355304621e+003 4.5336873709e-002 -1.0505356918e-001
9.9479059837e-001 -8.1376402342e-002 -6.1396633007e-002
9.9812682170e-002 6.5516722696e-001 7.4886135779e-001
-2.0714581358e-002 -7.5108840083e-001 6.5987659472e-001
-3.7252955412e+000 9.7595054109e+000 4.5540642580e+000
1.6949188638e+003 5.0740639649e-002 -1.2262395938e-001
9.9715256706e-001 -6.6302153780e-002 -3.5927460511e-002
7.5091962116e-002 8.2925727802e-001 5.5379920917e-001
-6.9249722202e-003 -5.5492016656e-001 8.3187478235e-001
-3.5253489211e+000 7.1680161452e+000 7.0950183302e+000
1.7378526232e+003 4.4604445810e-002 -1.5351178396e-001
9.7096918527e-001 2.3785005437e-001 -2.5420324289e-002
-1.7943470074e-001 6.5395388445e-001 -7.3494728054e-001
-1.5818353083e-001 7.1817245049e-001 6.7764762372e-001
-3.4925447354e+000 -1.0051469291e+001 5.3502525097e+000
1.7227008195e+003 6.3644660773e-002 -1.9501522850e-001
9.9849251770e-001 -3.9841657454e-002 -3.7753601445e-002
5.3721688383e-002 8.5041772159e-001 5.2335807914e-001
1.1254878408e-002 -5.2459731331e-001 8.5127609304e-001
-3.3934797787e+000 6.6476498417e+000 7.2713261912e+000
1.7321900896e+003 -3.4551589935e-002 9.9871184170e-003
9.9898228758e-001 -1.3793047693e-002 -4.2943462057e-002
2.8218662927e-002 9.3387212403e-001 3.5649202378e-001
3.5186590639e-002 -3.5734102450e-001 9.3331093214e-001
-3.4014860549e+000 4.7534632843e+000 8.2707129000e+000
1.7201144761e+003 3.1683820732e-002 -5.8649744383e-002
9.9984864866e-001 -1.5397123344e-002 -8.0998991751e-003
1.7181941434e-002 9.4699644065e-001 3.2078423011e-001
2.7314213306e-003 -3.2087485098e-001 9.4711766394e-001
-2.9622525961e+000 3.8695492745e+000 8.4666365372e+000
1.7243504868e+003 2.9363714308e-002 -4.1280443796e-002
9.9997512188e-001 6.6461754719e-003 -2.3630436734e-003
-5.9265072638e-003 9.7329170459e-001 2.2949539055e-001
3.8251974405e-003 -2.2947567654e-001 9.7330687953e-001
-3.0032122603e+000 2.5691361515e+000 8.9059591009e+000
1.7230841553e+003 3.2382829520e-002 -5.1652413695e-002
9.9942808925e-001 3.2063694146e-002 -1.0743087780e-002
-3.0504904505e-002 9.9196862310e-001 1.2275056655e-001
1.4592642615e-002 -1.2235264731e-001 9.9237940551e-001
-3.1692159001e+000 1.1840452324e+000 9.0315389499e+000
1.7143151790e+003 5.3858999939e-002 -1.2794530786e-001
9.9827459659e-001 5.4865645756e-002 -2.0918668970e-002
-5.4157342491e-002 9.9798553283e-001 3.3043282434e-002
2.2689470026e-002 -3.1853369922e-002 9.9923498276e-001
-3.2406183234e+000 2.7210099884e-002 8.9711990381e+000
1.7137162948e+003 4.2685813264e-002 -1.0392075848e-001
9.9746820248e-001 7.0420857282e-002 -9.9039331702e-003
-7.0476723422e-002 9.9749875756e-001 -5.4092634504e-003
9.4982360627e-003 6.0935650495e-003 9.9993632396e-001
-3.0693847205e+000 -4.9323102548e-001 8.9659610515e+000
1.7181444626e+003 6.4559002121e-002 -1.5394347353e-001
9.9564218726e-001 9.2794413632e-002 -9.2645423633e-003
-9.3091721823e-002 9.9486387169e-001 -3.9746800242e-002
5.5286774628e-003 4.0436043330e-002 9.9916683298e-001
-3.0127601797e+000 -7.7968445188e-001 8.9907363441e+000
1.7127123543e+003 5.2864710617e-002 -1.1233939302e-001
9.9317040823e-001 1.1304899675e-001 -2.8852461892e-002
-1.1605511552e-001 9.8264099340e-001 -1.4473385314e-001
1.1989594923e-002 1.4709385580e-001 9.8904987094e-001
-3.3642730174e+000 -2.3717812038e+000 8.7025446550e+000
1.7345467874e+003 -8.1975930813e-003 4.2566319482e-002
9.9098824953e-001 1.3162766212e-001 -2.4828367931e-002
-1.3385624397e-001 9.6625196863e-001 -2.2009007034e-001
-4.9794820245e-003 2.2143010562e-001 9.7516353146e-001
-3.4274330540e+000 -3.5070903490e+000 8.5823503118e+000
1.7777522984e+003 -8.8848523789e-003 -3.2538390120e-002
9.6487773541e-001 2.5733452983e-001 -5.2819460981e-002
-1.9850155114e-001 5.8249543796e-001 -7.8822344481e-001
-1.7207001452e-001 7.7102399737e-001 6.1311818240e-001
-4.0875350301e+000 -1.0514323102e+001 4.2959680312e+000
1.7612832026e+003 -3.2303217943e-002 1.7579059652e-001
9.8853327838e-001 1.4823210812e-001 -2.8795826935e-002
-1.4968777053e-001 9.3682374709e-001 -3.1615635094e-001
-1.9887907905e-002 3.1684145721e-001 9.4826998377e-001
-3.7275151320e+000 -4.7533303801e+000 8.2747323599e+000
1.8034596963e+003 -2.9639280467e-002 3.1969747458e-002
9.6291107258e-001 2.6230107441e-001 -6.3248815586e-002
-1.9389464557e-001 5.0966469154e-001 -8.3824028096e-001
-1.8763563823e-001 8.1941445469e-001 5.4162054864e-001
-4.3952259458e+000 -1.1175345858e+001 3.6150006598e+000
1.7680051497e+003 -7.5311917952e-003 -4.5938172927e-002
9.6320275800e-001 2.4688375276e-001 -1.0624904517e-001
-2.1109589286e-001 4.5018774633e-001 -8.6762291180e-001
-1.6636998225e-001 8.5812551860e-001 4.8573822510e-001
-4.6788012226e+000 -1.1303884438e+001 2.3869891873e+000
1.7667640318e+003 4.3583385647e-003 -9.5840962070e-002
9.5560891828e-001 2.7201065940e-001 -1.1323337170e-001
-1.9938684672e-001 3.1406664193e-001 -9.2822789755e-001
-2.1692505768e-001 9.0960010202e-001 3.5436023162e-001
-4.6913416688e+000 -1.2137912992e+001 1.1344400531e+000
4.0970498154e+000 1.3717170931e+000 -1.3007906468e+001
104 69 39
14 50 102 517.3400 322.1400 52 849 578.4399 317.8800 51 794 534.8500 283.0300 49 822 481.0100 358.4000 53 1165 543.3600 168.7000 54 690 515.9200 60.1000 0 294 484.5800 -3.6400 56 987 427.3300 13.9600 11 1590 447.0000 -4.9100 22 1663 415.6000 13.4300 33 1617 529.8101 -119.8800 44 2089 636.9800 -183.5200 57 2152 429.7900 -213.6300 58 1449 507.6700 -136.0600
4.0688394098e+000 1.2879583995e+000 -1.2939113526e+001
101 67 39
16 50 771 513.1500 293.0900 52 154 572.2000 285.0000 51 142 529.2900 251.4600 49 855 478.0300 332.5800 53 759 533.6100 131.0100 54 734 504.1500 18.7600 0 337 471.2600 -50.6100 56 654 411.8000 -30.9300 11 1151 429.7900 -54.2000 22 1198 395.4700 -37.9300 33 1656 504.7900 -175.5600 44 1713 607.9800 -238.0300 55 1385 452.7600 -198.1700 57 643 393.4500 -267.8400 58 503 473.2700 -181.9800 59 589 563.9399 -298.1500
2.8265707598e+000 2.8072454263e-001 -1.3110462176e+001
198 140 120
10 50 401 -54.5200 -117.6500 52 484 -21.7000 -102.4500 51 415 -41.5800 -141.5900 54 447 -109.5200 -304.4600 0 535 -199.8100 -353.2900 56 381 -218.8900 -328.7900 11 718 -250.3500 -313.5300 22 688 -300.7400 -274.4700 33 608 -253.3800 -342.9000 44 657 -161.5500 -340.7100
3.1294038834e+000 1.5185144930e+000 -1.3263477514e+001
157 122 85
14 50 68 97.6600 376.7200 52 787 151.4600 397.9100 51 705 116.2700 351.6500 49 63 60.3300 390.4800 48 78 66.2200 392.1800 53 667 122.4500 278.9900 47 62 93.7100 417.2700 54 612 87.3800 198.1900 0 675 29.0700 170.7700 56 523 -11.7000 179.2100 11 933 -9.9300 192.7500 22 982 -55.9200 231.1500 33 1471 27.0100 130.5000 44 937 140.3700 72.9200
4.2049326700e+000 1.6468117794e+000 -1.3220862379e+001
96 64 38
10 50 36 543.2700 412.9600 52 53 606.5300 415.6900 53 690 581.6500 283.2400 54 620 561.4500 188.6700 0 711 535.1899 144.2500 56 119 483.6300 156.0900 11 987 510.5400 149.8900 22 1044 489.3700 176.5300 33 1503 625.0100 59.7400 44 1046 744.2300 -7.0300
3.9911658563e+000 1.5734163658e+000 -1.3148914243e+001
85 56 35
3 50 707 460.2600 395.0000 52 79 523.0500 398.6000 0 745 441.9100 117.6200
3.0662473735e+000 1.2082898530e+000 -1.3286548267e+001
171 137 91
9 50 146 65.2000 252.4900 52 162 111.9200 271.1100 49 176 30.5500 266.4900 53 163 80.8900 155.6700 54 678 42.4400 73.3000 0 782 -26.8100 41.4500 56 616 -58.4700 52.8100 11 1038 -68.5500 67.0800 22 1073 -115.3300 104.8900
4.0638111626e+000 1.2238651694e+000 -1.2879952249e+001
76 42 17
10 50 164 515.9301 270.0900 52 187 574.9100 259.8500 51 145 532.4399 227.3400 53 786 534.0100 100.7200 54 1145 502.7700 -16.2000 0 879 470.0500 -88.9700 56 1025 407.9500 -70.0200 11 1641 425.0300 -96.0400 22 1707 388.4800 -81.5200 33 1674 493.9000 -223.9200
3.8148747170e+000 1.0777159973e+000 -1.2707858046e+001
170 139 110
15 50 187 417.7600 222.7300 52 912 475.3199 209.5800 53 1229 428.3800 38.5600 54 1168 391.0400 -86.9700 0 919 356.7800 -175.8100 56 709 285.6100 -149.0300 11 1223 302.5800 -184.3700 22 598 256.8101 -173.7900 33 1750 346.9200 -329.2500 55 1928 289.9000 -335.8700 57 2256 212.7800 -414.2500 58 1129 309.0699 -302.0500 59 1670 376.9301 -419.6500 1 1036 382.6000 -462.7700 2 1257 350.6000 -492.3800
4.1675465111e+000 1.0208946924e+000 -1.2725416298e+001
118 83 55
9 50 251 581.2700 187.1400 52 281 638.5699 168.2300 51 884 595.7000 138.7100 49 928 549.8900 238.9900 53 846 586.9000 -4.9600 54 810 551.2400 -133.7900 0 937 517.8800 -219.6000 56 1069 448.7200 -197.9100 11 1272 463.4301 -230.2800
4.1094233513e+000 8.8392855532e-001 -1.2700143786e+001
81 46 21
10 50 1651 554.3900 125.6000 52 1407 606.2900 105.7400 51 1319 567.1200 78.2500 53 1269 553.1500 -66.2500 47 1729 556.9100 316.6100 54 1213 514.1500 -195.3600 0 989 474.2500 -282.9400 56 1095 409.5699 -259.5100 11 1727 417.0900 -289.8400 22 1335 373.2700 -279.7300
4.1138636361e+000 7.5188967399e-001 -1.2729955469e+001
97 69 47
9 50 1672 549.5300 63.0300 52 1798 596.4000 42.9000 51 1654 560.4399 16.4000 49 1883 524.7800 115.4500 48 1803 544.0000 168.7000 47 1755 560.9900 257.4000 54 1240 500.7500 -249.9300 0 1022 455.1300 -332.5400 45 1593 515.2300 373.2600
4.2895312216e+000 1.7471192321e+000 -1.3303525156e+001
96 61 31
7 50 684 569.9500 442.2600 52 758 634.2400 447.2300 51 698 587.8400 409.1400 49 31 526.8500 461.8000 53 1083 613.6200 320.8700 54 1005 596.2400 230.7700 0 1103 572.3900 193.1700
4.3901279549e+000 1.8018671642e+000 -1.3376574594e+001
125 89 57
14 50 670 600.1500 452.8000 52 761 666.8400 458.3100 51 679 618.3000 420.7400 54 1007 633.1200 251.0300 0 1105 609.6500 218.5900 56 884 566.5601 226.8400 11 1432 594.1300 229.9000 22 1504 582.7100 259.7200 33 1878 733.4399 159.8700 44 1944 860.3700 95.1500 55 2066 715.0800 112.5000 57 2830 695.5300 61.7300 58 1657 758.1600 99.3300 59 1879 908.1200 -18.7000
3.1230027379e+000 1.4896140801e+000 -1.3262232324e+001
197 161 127
10 50 67 94.8199 364.7800 52 56 146.6500 385.9700 0 1111 22.1200 158.3800 56 899 -19.2000 167.3600 11 1460 -16.7000 180.3200 22 1526 -62.6600 218.7600 33 1485 20.2800 117.8900 44 1532 132.9700 61.3800 55 1102 6.5200 102.2600 57 1979 -96.8700 58.7800
4.3479543461e+000 1.6858407479e+000 -1.3272858085e+001
86 54 21
12 50 685 596.3900 420.2300 52 785 660.4800 422.4900 51 35 613.0400 385.1800 49 792 554.5400 442.7900 53 665 637.4500 292.2800 54 1019 619.4800 199.4600 0 1125 594.4500 158.1100 56 915 546.9100 168.9800 11 1470 573.3300 164.0300 22 1923 556.3900 191.4300 33 2238 698.9100 79.0800 44 2325 820.2000 14.9300
3.9994375238e+000 1.5930819547e+000 -1.3156850091e+001
125 93 69
19 50 59 463.0800 401.6200 52 78 525.8800 405.8700 51 53 481.2400 367.2200 49 55 423.2200 426.4700 53 682 498.2000 270.7600 54 1030 475.5400 173.7100 0 1135 447.0100 127.2400 56 925 392.1600 140.4500 11 1484 416.2400 132.4600 22 1934 389.5200 157.2900 33 2248 515.2000 35.7600 44 2017 631.3199 -33.2200 55 2116 482.6100 -5.4500 57 2881 430.9500 -67.1500 58 1716 516.1899 -9.0000 59 1926 630.5699 -133.5800 1 1273 637.8500 -217.9800 2 1148 607.0601 -278.8900 3 509 555.2100 -355.9500
3.9143399660e+000 1.5515277090e+000 -1.3120471325e+001
109 77 56
6 50 58 430.9500 390.5600 52 77 493.5500 394.7100 53 680 463.5699 256.8400 54 635 437.8101 158.9000 0 1157 406.8800 109.0400 11 1509 374.2000 113.5000
4.0906915024e+000 1.5895002762e+000 -1.3170200408e+001
122 91 63
12 50 709 500.8700 397.0200 52 807 563.0000 400.1100 51 723 518.9200 362.0800 49 56 460.4600 422.8600 48 67 458.0500 434.8000 53 687 536.0000 264.2900 54 640 513.0300 167.3200 0 1163 485.4399 119.8600 56 559 432.0000 133.4800 11 1486 456.1600 125.2100 22 1584 430.9200 149.9300 33 1524 558.1400 29.9700
4.2182371980e+000 1.6055015716e+000 -1.3195143183e+001
96 62 35
11 50 62 551.0601 398.3600 52 810 614.2300 399.6500 51 725 568.3500 362.9100 49 58 510.2000 423.6900 48 69 505.3700 435.3000 53 691 588.1000 265.2900 54 1031 567.0500 168.5600 0 1165 540.9600 121.6100 56 930 488.8700 134.3500 11 1490 514.7900 126.0000 22 1588 492.5500 151.0000
3.9146962505e+000 1.5094666407e+000 -1.3096194098e+001
78 47 24
9 50 722 432.6000 374.9500 52 820 494.3800 378.6400 51 741 451.4900 340.5100 49 804 393.6000 402.3300 48 753 394.9700 418.7900 53 1123 462.4000 237.6500 47 705 405.4800 456.4300 54 1047 436.2500 138.8800 0 1182 405.2900 87.3100
4.2962097729e+000 1.5474403542e+000 -1.3159781915e+001
88 53 25
10 50 81 588.9200 376.8400 52 823 651.3500 375.3900 51 71 605.6300 339.6200 53 708 623.4900 237.6800 54 657 601.4301 137.2000 0 1189 571.8000 85.8600 56 948 521.4000 99.2600 11 1057 545.4700 88.5100 22 1611 521.5000 110.0300 33 1981 650.9100 -12.9500
4.4984865695e+000 1.5564863491e+000 -1.3211662956e+001
116 80 48
9 50 728 665.7200 370.8200 52 829 727.7800 367.1600 51 749 680.6300 334.1400 53 1134 700.7700 230.9700 54 1058 681.1500 132.5500 0 1191 652.9399 84.0500 56 951 607.4399 95.8100 11 1543 628.3800 85.2600 22 1974 610.3400 106.0900
3.0811984646e+000 1.1966691738e+000 -1.3275351991e+001
153 118 78
11 50 794 71.9399 248.3600 52 1328 118.9301 265.7300 51 1232 87.5000 222.4100 49 896 38.1800 264.5800 53 1169 86.8900 149.2400 54 1079 47.7600 66.7600 0 1196 -21.3200 33.5100 56 617 -53.6700 45.4600 11 1548 -63.1300 59.4400 22 1595 -110.8000 96.1000 33 1534 -39.7400 6.0700
4.2447935216e+000 1.3953702160e+000 -1.3058985076e+001
122 87 59
14 50 750 575.9100 324.1500 52 1307 636.6200 318.2100 51 763 591.9500 285.0100 49 825 538.4000 357.6100 53 1167 603.0300 172.1300 54 1089 577.1801 65.9000 0 1220 547.1600 7.1700 56 1276 493.0200 22.1600 22 2009 484.1000 24.8000 33 2027 605.1400 -103.9100 44 2092 712.1400 -166.7700 55 2163 557.7200 -132.2400 57 2609 511.0601 -197.6100 58 1753 581.3400 -123.5500
4.3035711266e+000 1.3397131692e+000 -1.3018814039e+001
103 67 33
15 50 1246 606.0200 303.8400 52 875 666.2500 293.0500 51 798 621.7200 261.4700 49 860 570.5699 338.2600 53 1186 629.8300 145.0400 54 1114 603.4600 34.7500 0 1229 572.2800 -28.1200 56 1006 517.6899 -11.7700 11 1596 535.6200 -31.5800 22 1684 507.1300 -14.5000 44 1700 730.0601 -207.4700 55 1364 573.8800 -171.0200 57 2174 528.3500 -236.8400 58 1455 594.8000 -158.6100 59 1221 696.0900 -271.6500
4.3582421244e+000 1.1303092227e+000 -1.2837686110e+001
114 71 37
14 50 811 654.8400 224.8600 52 917 712.0900 207.3500 51 858 668.6300 178.8400 53 814 666.6700 41.9800 54 1169 635.4000 -81.3900 0 1274 601.3000 -159.4100 56 1041 541.6000 -140.9200 11 1678 554.4600 -168.4500 22 1732 519.9500 -158.7900 33 2093 626.8600 -301.0100 44 1767 720.7600 -355.0600 55 1471 558.4500 -308.4400 57 2235 506.7500 -380.3000 58 1501 568.5200 -282.7600
4.3581734709e+000 1.1303440458e+000 -1.2837142492e+001
114 71 37
9 50 810 654.8400 224.8600 52 916 712.0900 207.3500 51 859 668.6300 178.8400 53 813 666.6700 41.9800 54 1170 635.4000 -81.3900 0 1275 601.3000 -159.4100 56 1042 541.6000 -140.9200 22 1733 519.9500 -158.7900 55 1472 558.4500 -308.4400
4.3741480536e+000 1.1289458517e+000 -1.2829701846e+001
145 105 70
17 50 812 662.1400 224.9600 52 918 719.4100 206.5400 51 860 676.5300 177.6300 49 909 629.7100 272.4700 48 210 636.7400 315.1300 53 1234 676.0100 40.1500 47 121 640.3101 383.9200 54 1480 645.4000 -84.3100 0 1276 610.7100 -164.0500 56 1043 551.1700 -143.4400 11 1679 563.1801 -171.8700 22 1734 528.6801 -162.1900 33 2094 636.3700 -305.6800 44 1787 728.4500 -362.3900 55 1918 566.5200 -314.1600 57 2237 514.4100 -386.0900 58 1502 576.4500 -287.8100
4.0276356254e+000 1.1036271514e+000 -1.2767991643e+001
110 78 53
9 50 188 511.6801 225.3800 52 248 569.0699 210.7700 51 191 527.7200 179.8000 53 287 523.0800 43.3300 54 777 488.1200 -80.4800 0 1283 453.8500 -164.5400 56 711 387.5699 -141.2000 22 1730 362.4600 -163.0500 33 1727 459.7100 -312.1400
4.1625511522e+000 1.0452622017e+000 -1.2739950359e+001
123 92 61
11 50 234 577.5500 197.4200 52 278 635.4600 179.1900 49 221 546.7200 249.4000 53 316 584.4200 7.1800 54 794 550.2800 -119.8400 0 1293 516.3300 -205.4300 11 1250 462.2700 -215.8200 22 1759 422.8900 -206.7600 33 1753 519.0601 -355.8800 44 1351 610.1700 -410.8200 55 1513 451.2400 -357.5300
4.1786517883e+000 9.8553134147e-001 -1.2717387124e+001
125 92 59
13 50 1303 587.3900 171.0400 52 1395 641.8800 148.9900 51 901 601.1700 122.8100 49 1470 556.9399 224.4100 48 860 569.9600 275.6600 53 849 591.3101 -21.3400 54 1198 554.0699 -151.9500 0 1305 518.3500 -238.5000 11 1707 463.6801 -248.0700 22 2100 422.3800 -240.7400 33 1767 518.0200 -387.2400 44 1809 606.8700 -438.1600 55 1512 445.5500 -382.1300
3.1077119475e+000 4.1514518433e-001 -1.3234555186e+001
168 110 97
8 50 943 66.6300 -67.0900 52 1033 98.8600 -53.0600 51 976 77.8101 -91.6600 49 1069 39.5000 -51.8400 53 417 59.9100 -163.1400 54 862 14.4000 -249.1800 0 1320 -68.2600 -289.0600 56 768 -89.7500 -270.1500
3.1077119475e+000 4.1514518433e-001 -1.3234555186e+001
168 110 97
8 50 944 66.6300 -67.0900 52 1034 98.8600 -53.0600 51 977 77.8101 -91.6600 49 1068 39.5000 -51.8400 53 418 59.9100 -163.1400 54 861 14.4000 -249.1800 0 1321 -68.2600 -289.0600 56 767 -89.7500 -270.1500
3.1166171070e+000 4.4756254263e-001 -1.3268628354e+001
138 70 71
7 50 942 69.9399 -54.0200 52 1032 103.1500 -39.6700 51 975 80.6100 -77.8800 53 899 64.9600 -148.1600 54 860 20.6800 -232.3200 0 1323 -61.3900 -269.7700 56 1080 -82.6700 -252.3300
3.3818842145e+000 6.8623646772e-001 -1.2707434631e+001
148 119 88
6 50 893 205.2600 51.1900 52 992 251.9700 43.9300 49 995 175.5800 95.8700 53 883 201.7300 -115.2000 54 864 155.9100 -236.1900 0 1342 99.7700 -322.3900
1.8216493900e+000 -3.7062739520e-002 -1.3439849471e+001
101 64 38
15 50 1446 -445.4400 -214.2400 52 1542 -419.4800 -176.2700 51 1430 -432.6600 -225.2700 48 1923 -476.5200 -233.6000 53 1372 -440.5400 -253.0000 47 1882 -417.4600 -181.1200 54 1264 -493.8100 -317.5000 0 1350 -631.1200 -343.7300 56 1111 -602.0400 -317.3200 11 1279 -670.5200 -277.2300 22 1754 -721.1200 -220.9000 33 1681 -691.7400 -248.7900 44 1688 -596.1000 -224.7900 55 1820 -674.6800 -125.3300 57 2085 -800.2200 -124.0500
2.8090169433e+000 2.6532874200e-001 -1.3104116153e+001
142 73 58
14 50 1398 -62.1800 -122.2700 52 1505 -30.2100 -108.1600 51 1396 -49.4500 -147.1300 49 1596 -91.9300 -106.9900 48 1023 -71.0600 -86.9400 47 969 -22.0300 -15.8300 54 1268 -118.2300 -310.2300 0 1362 -209.6800 -360.3300 56 1119 -227.8400 -333.9500 11 1733 -260.4000 -320.3000 22 1781 -310.7900 -281.0900 33 1737 -263.8600 -348.7100 43 306 -113.4400 145.2900 45 874 -44.4200 71.6400
4.1889095171e+000 1.6923420851e+000 -1.3250234355e+001
102 65 37
15 50 1549 535.0400 429.3200 52 1663 598.8101 433.0500 51 1532 552.7700 395.6400 49 1770 493.4200 451.4600 53 1474 574.8199 302.7600 54 1367 555.0500 209.9400 0 1442 529.2100 169.2600 56 1206 479.3400 179.5100 11 1873 505.9100 176.0000 22 2198 485.5699 204.7400 33 2235 622.5300 91.0400 44 2322 744.5400 24.4700 55 2393 595.9700 46.3400 57 2872 558.7600 -11.1000 58 1688 633.2500 38.1900
4.3584660308e+000 1.7214696597e+000 -1.3299503113e+001
124 91 60
18 50 1180 597.3900 430.5800 52 1263 662.6500 433.9500 51 1175 614.8600 397.0200 49 1350 554.5699 451.3400 53 1095 640.7900 306.6200 54 1370 624.2300 215.5900 0 1444 599.6300 176.5000 56 1207 551.9200 186.6500 11 1874 579.7700 184.1900 22 1922 564.3500 212.5900 33 2230 710.0800 103.2700 44 2310 831.9800 37.5500 55 2397 682.7400 57.2400 57 3082 655.6000 1.9200 58 1965 721.4700 47.9100 59 2217 860.5400 -72.2900 1 1588 858.9600 -164.6400 2 1553 823.1500 -231.6000
4.6690359317e+000 1.7960559154e+000 -1.3575433470e+001
66 40 25
3 50 1831 684.4500 425.1600 52 1265 743.7700 431.8000 51 1537 699.7800 391.1400
3.9347238945e+000 1.5905005792e+000 -1.3149290542e+001
116 84 59
10 50 701 437.1000 403.1900 52 801 502.1899 408.0600 51 717 456.8800 368.6600 49 50 396.9100 427.8200 53 1109 471.3300 272.3200 54 1027 448.5100 176.3600 0 1454 417.4800 129.5100 56 1212 361.7900 142.5900 11 1885 386.1500 134.8100 22 1932 356.7100 160.9700
4.0644087902e+000 1.5809431926e+000 -1.3158104550e+001
86 54 26
7 50 1191 491.0300 395.3100 52 1674 553.3199 398.2400 51 1541 508.8500 360.6700 49 1360 451.4301 421.3500 53 1485 525.6000 262.7500 0 1466 473.6300 116.7300 56 1465 420.0699 130.0300
3.8900377780e+000 1.5032364877e+000 -1.3087370829e+001
113 83 55
10 50 1210 423.8700 374.6600 52 1285 484.4900 377.3800 49 1376 384.7200 401.8700 48 751 386.8500 418.0700 47 42 397.4900 455.5900 54 1392 425.3900 136.6700 0 1489 393.9100 84.8900 56 1229 336.9700 99.0500 11 1929 359.4200 87.7900 22 2228 326.4000 111.0100
4.1375388183e+000 1.4826731349e+000 -1.3118136358e+001
80 46 19
13 50 723 523.8000 357.9200 52 1287 585.1600 357.1100 51 743 540.9700 320.3700 53 1151 554.1000 216.0700 54 1405 529.7200 115.5900 0 1490 500.0400 60.8000 56 1248 446.1200 76.2800 11 1930 467.7200 62.2600 22 2237 441.0100 86.5200 33 2295 564.2100 -37.2400 55 2447 525.4399 -70.5500 57 3124 477.3700 -133.5500 58 1989 554.5400 -66.5500
4.2022555865e+000 1.5090082492e+000 -1.3118316276e+001
104 68 42
18 50 1215 552.0601 366.7500 52 1288 613.4399 364.8800 51 1200 569.0400 329.1700 49 805 512.9700 396.4200 53 1500 583.5300 224.9900 54 1406 560.7400 122.3700 0 1491 532.3500 68.8800 56 1249 479.5000 83.3600 11 2204 500.8900 70.5100 22 1985 476.5800 91.6400 33 2276 601.7600 -33.2400 44 2372 714.1200 -98.9900 55 2449 563.2800 -69.4900 57 2913 519.8101 -133.4700 58 2005 592.1100 -68.2300 59 2247 706.2000 -188.7200 1 1631 705.2900 -263.6300 2 1951 670.6200 -317.9000
4.2804895486e+000 1.4216135415e+000 -1.3065139411e+001
89 55 28
12 50 1854 593.4900 334.9200 52 1696 654.3199 328.7100 51 1566 609.4399 295.3400 49 1805 555.7000 367.9200 48 1718 555.8500 390.5700 53 1524 620.9800 183.0700 54 1415 595.5100 76.4300 0 1514 563.6100 16.4700 56 1490 511.0900 32.2900 11 1951 529.3500 14.8800 22 1996 502.0300 33.6300 33 2003 624.5699 -94.5200
4.3657214991e+000 1.3433846860e+000 -1.3020488525e+001
114 79 41
13 50 1595 632.7400 303.9300 52 1323 692.6600 292.7700 49 1416 596.1899 340.6900 48 1337 597.1200 368.8800 53 1539 657.1400 143.2600 54 1422 631.4200 33.5300 0 1527 600.5800 -30.5100 11 1612 562.2600 -40.3900 33 2316 657.3199 -150.6400 44 2111 760.7600 -212.1900 57 2631 559.4600 -243.8600 58 1764 626.8500 -160.0100 59 1631 730.3500 -272.7700
4.1427384521e+000 1.2997456970e+000 -1.2951032223e+001
126 92 64
11 50 774 543.1899 294.8800 52 1322 602.7200 286.5600 51 796 559.1700 253.9700 53 1183 565.4800 133.0200 54 1438 536.3900 20.6800 0 1533 505.4100 -48.1200 56 1287 446.5100 -29.4500 11 1967 464.9800 -52.1600 22 2017 431.9301 -35.7000 33 2326 544.6899 -173.9900 55 2479 493.0699 -197.2600
4.2303523829e+000 1.2876439764e+000 -1.2968400910e+001
100 64 34
9 50 1594 579.4800 286.6000 52 1721 639.1500 276.4500 51 1588 595.3300 244.4100 53 1538 601.4000 124.7800 54 1443 572.9301 11.8000 0 1535 541.3500 -55.6300 56 1303 484.1100 -38.1600 11 1968 501.5400 -60.6000 22 2029 470.4100 -44.2900
4.0612175188e+000 1.1882873652e+000 -1.2846080071e+001
95 61 33
14 50 1608 519.0200 256.1900 52 1734 577.3900 244.6100 51 1596 534.6000 214.5200 53 1561 534.7200 83.5000 54 1658 502.2800 -35.2800 0 1556 469.4600 -111.8600 56 1509 405.8700 -91.2400 11 1992 422.5900 -119.3200 22 2047 385.0200 -106.1800 33 2345 488.3900 -250.7500 44 2420 587.6400 -311.9800 55 2210 430.8500 -265.1200 57 2658 367.8000 -338.5000 58 1492 447.3400 -242.4300
4.0491325702e+000 1.1532585593e+000 -1.2804792891e+001
79 48 22
12 50 1277 518.1801 243.6800 52 1357 576.4500 230.9400 51 1265 534.7300 199.4600 53 1218 533.0601 68.5400 54 1159 500.2600 -51.5300 0 1565 465.2700 -136.0100 11 2004 416.3700 -145.4000 22 2056 377.3199 -133.5800 33 2083 477.5601 -280.9900 44 2166 576.2600 -339.2100 55 1913 417.2800 -292.5000 57 2669 352.9600 -366.6800
4.2875391819e+000 1.1589731232e+000 -1.2852204236e+001
110 69 37
13 50 1620 621.0800 236.3800 52 1739 679.0200 222.4300 51 1598 636.0400 193.0000 53 1585 635.2400 59.5000 54 1461 604.5100 -61.2000 0 1567 570.5601 -137.3000 56 1324 510.8600 -118.9100 11 2005 524.3000 -147.4300 22 2058 490.1400 -135.2100 33 2354 595.3199 -278.9700 44 2620 689.7000 -335.7300 55 2489 530.6400 -290.4900 57 3163 476.2600 -361.2100
4.0315255096e+000 1.0771867146e+000 -1.2761675364e+001
89 57 34
11 50 1880 513.4600 213.0500 52 1995 570.5800 198.2500 51 1607 529.5300 168.1100 49 1839 481.0100 262.5800 53 1807 523.3199 30.5400 54 1675 488.0601 -93.6300 0 1579 453.7000 -177.6300 56 1525 386.3700 -154.8100 11 2014 401.5601 -186.3900 22 2287 360.4900 -175.9200 33 2379 457.7900 -325.0800
4.2499798119e+000 1.1052652162e+000 -1.2796244819e+001
99 63 31
15 50 1292 611.4100 218.3000 52 1743 669.2900 201.4100 51 1608 626.4399 172.2300 49 1453 578.2500 267.5300 48 1372 587.3800 311.8400 53 1587 623.0699 34.2500 54 1478 590.2300 -89.9000 0 1582 555.2000 -171.8900 56 1339 494.5601 -149.0400 11 2018 507.1899 -180.3600 44 2439 662.3800 -374.9600 55 2241 502.5000 -325.3100 57 2682 446.3101 -397.2600 58 1816 514.4500 -295.3600 59 2013 591.7900 -404.8900
4.2858065238e+000 1.1130605093e+000 -1.2810581996e+001
146 108 71
9 50 1621 624.6700 220.2500 52 1744 682.3700 202.3700 51 1609 639.6500 174.6000 53 1588 636.8500 36.2300 0 1583 570.3900 -167.4300 56 1338 508.3900 -147.8700 11 2263 521.5800 -178.4500 33 2368 590.2800 -311.8600 55 2228 522.7100 -319.9800
4.5929125898e+000 9.8238324492e-001 -1.2799555439e+001
76 42 16
9 50 1655 767.6000 154.6500 52 1768 820.0900 129.6400 51 1636 777.3199 105.6400 48 1772 750.0900 258.5400 53 1271 769.0900 -39.8300 47 1323 751.4301 337.3800 54 1507 734.2700 -166.9500 0 1607 692.7400 -245.3700 56 1375 640.1000 -229.6300
4.0343603549e+000 1.7704982691e+000 -1.3288926584e+001
155 121 86
15 50 1165 467.5699 457.5700 52 1246 532.4000 467.6700 51 1160 486.3300 426.4600 49 755 424.7100 474.8500 53 1466 511.1000 342.7900 54 1347 490.9500 255.1100 0 1699 465.4900 220.9300 56 1181 413.4900 229.9300 11 2149 442.5500 231.5500 22 2181 420.5300 263.9400 33 2452 558.8199 154.8000 44 2533 683.7600 86.1600 55 2586 537.5900 106.2900 57 3070 494.8900 51.6600 58 2132 579.7600 93.8400
4.1963752256e+000 1.7653240254e+000 -1.3302129372e+001
145 106 73
16 50 666 535.3400 451.5600 52 1247 600.2700 458.9400 51 1161 552.6600 419.2600 49 757 493.1801 470.0700 53 1468 576.9399 333.0600 54 1357 559.1500 244.5100 0 1704 534.7200 208.8100 56 1443 486.2700 218.9100 11 2159 513.7500 217.7500 22 2188 495.3500 248.4200 33 2454 638.5601 140.5700 44 2298 761.8300 72.1300 55 2379 614.9900 91.9200 57 2844 580.4700 37.3400 58 1956 654.4500 79.2000 59 2208 793.8700 -44.1200
4.2482808368e+000 1.7816451714e+000 -1.3331762534e+001
145 109 73
13 50 668 548.1200 452.7000 52 1250 613.7000 459.8100 51 1163 566.4399 420.3800 49 760 505.0000 470.3600 53 1079 593.2700 335.9700 54 1358 577.1500 248.6000 0 1705 554.0900 214.1600 56 1184 505.8300 224.3900 11 2152 535.8300 224.8500 22 2183 519.3400 256.5100 33 2455 666.5699 150.6900 44 2534 793.4100 84.1200 55 2587 646.4399 102.5200
3.9806228225e+000 1.5984561510e+000 -1.3157327484e+001
74 45 18
11 50 705 458.2200 404.8700 52 806 519.3800 408.5200 51 719 475.7200 369.9800 49 786 417.9700 428.9500 48 749 415.8199 440.8500 53 1483 490.7600 273.6300 54 1614 467.1500 178.3200 0 1721 437.1500 131.7100 56 1463 382.8600 144.8100 11 1886 406.7600 134.7600 22 2204 378.5900 161.8400
3.9994365226e+000 1.6479386223e+000 -1.3186343373e+001
135 102 71
17 50 1547 461.0300 422.0900 52 1944 525.1100 428.0800 51 1530 479.6700 388.6000 49 1767 419.2700 445.1100 53 1754 499.3300 294.2600 54 1602 476.2700 199.9900 0 1722 449.3800 153.8600 56 1450 395.1400 167.6900 11 2171 421.2900 160.2700 22 2206 395.1899 187.0900 33 2465 522.9500 68.2100 44 2546 642.5900 -0.7900 55 2409 494.2400 24.6300 57 3088 444.4200 -35.0400 58 1973 530.3199 18.9800 59 2224 651.1000 -106.6000 1 1852 659.8101 -195.7700
4.3333263630e+000 1.6564793347e+000 -1.3243163505e+001
124 93 64
19 50 1562 594.0601 410.7800 52 1668 657.9100 412.2400 51 1544 610.8600 375.7700 49 1366 551.5800 434.7200 53 1489 633.8600 280.3700 54 1617 615.0800 185.4800 0 1725 590.0000 143.4700 56 1466 541.1899 154.1600 11 2189 567.0800 148.3000 22 2210 548.5699 174.1800 33 2470 689.8600 60.4800 44 2560 808.6100 -5.2500 55 2610 658.4600 16.6800 57 3097 626.3000 -41.9500 58 2157 691.9100 9.2900 59 2447 823.1200 -111.5500 1 1870 819.0699 -199.7400 2 2158 783.2200 -262.3200 3 1722 725.7700 -342.4100
4.1095045090e+000 1.5335080271e+000 -1.3141093593e+001
93 62 33
19 50 1570 512.5699 377.1800 52 1685 574.0500 377.7600 51 1556 529.6600 340.9300 49 1790 473.4700 405.0900 48 1703 471.9500 420.0100 53 1773 544.4700 239.5400 54 1625 520.6200 140.4700 0 1739 491.3500 90.8900 56 1476 438.1899 103.6600 11 2198 460.7600 93.4100 22 2386 433.7400 116.9900 33 2492 558.2100 -4.9700 44 2573 671.7900 -70.7200 55 2622 521.9600 -42.1600 57 3115 473.5100 -105.2200 58 2169 552.3600 -41.4900 59 2453 664.7900 -161.5600 1 1872 667.8500 -241.1100 2 2161 634.6500 -297.2400
4.2275808539e+000 1.5193221935e+000 -1.3129874756e+001
134 99 71
11 50 1216 561.5800 369.4900 52 1687 624.1899 367.8200 51 1203 578.7000 332.3500 49 1381 521.8199 398.8500 48 760 519.5400 415.4300 53 1501 594.9600 227.6900 54 1397 571.9301 126.6200 0 1742 544.0000 73.9500 56 1250 491.2900 88.0300 11 2206 514.1300 74.7400 22 2229 489.4600 96.5900
4.0153546834e+000 1.3919674628e+000 -1.3011805210e+001
104 70 42
16 50 1579 482.8300 332.5700 52 1694 543.0300 329.6400 51 1562 499.8101 294.0300 49 1798 445.3900 366.9100 48 1712 447.8000 390.9400 53 1523 508.7100 181.1700 47 729 456.8000 436.4700 54 1636 480.5100 74.2100 0 1759 448.9900 12.2800 56 1489 391.3600 29.6600 11 2218 411.3700 11.0100 22 2242 378.1801 30.1000 33 2309 491.2600 -103.4600 57 2924 389.6300 -198.9400 1 1638 575.7800 -308.7700 2 1971 543.1300 -356.4300
4.0140534754e+000 1.3921486824e+000 -1.3006038154e+001
104 70 42
12 50 1578 482.8300 332.5700 52 1693 543.0300 329.6400 51 1561 499.8101 294.0300 49 1799 445.3900 366.9100 48 1711 447.8000 390.9400 53 1522 508.7100 181.1700 47 730 456.8000 436.4700 54 1635 480.5100 74.2100 0 1760 448.9900 12.2800 56 1488 391.3600 29.6600 11 2219 411.3700 11.0100 22 2243 378.1801 30.1000
4.2925596249e+000 1.3953056761e+000 -1.3061003221e+001
128 93 61
16 50 1582 598.1000 323.0400 52 1697 658.0200 316.6600 51 1579 613.7600 283.1200 49 1806 560.8700 356.8400 48 1323 561.4000 381.1800 53 1525 623.8199 170.2100 54 1639 598.5300 63.7700 0 1761 567.2400 4.4700 56 1495 514.1899 18.9100 11 2220 533.5200 3.0700 22 2247 506.5300 21.2100 33 2310 628.0300 -107.2300 44 2391 734.0500 -169.3000 55 2465 579.0200 -136.0400 57 2925 534.6300 -201.7000 58 1754 601.8500 -127.6900
3.0741208504e+000 1.1161966302e+000 -1.3239817574e+001
160 116 79
11 50 205 67.8101 218.3400 52 900 113.4500 234.5000 51 835 83.9900 192.5500 53 1194 80.8700 116.2200 54 1097 40.6000 31.6300 0 1767 -29.7700 -5.8700 56 1273 -61.4900 9.4600 11 2216 -73.8900 18.7700 22 2241 -121.4500 54.5900 33 2499 -53.9100 -37.3400 44 2570 48.6400 -74.9900
4.1373174781e+000 1.3255621648e+000 -1.2973126013e+001
92 58 30
17 50 1592 537.8300 304.7300 52 1707 597.6500 296.9000 51 1577 554.2800 263.3200 49 1816 501.5400 341.9500 48 1333 504.5601 369.5200 53 1789 561.1400 145.3300 47 731 511.6500 420.7000 54 1647 532.7500 34.0400 0 1768 502.2700 -32.4000 56 1502 444.0000 -14.3900 11 2224 462.7700 -35.8900 22 2418 431.2000 -19.4100 33 2516 544.2100 -155.3300 44 2596 650.8199 -217.9600 57 3145 442.3800 -248.1200 58 2026 518.2600 -165.5500 59 2269 613.3300 -283.3800
3.8778430459e+000 1.2626934773e+000 -1.2904239397e+001
106 79 50
10 50 1589 432.5300 288.9700 52 1705 490.7300 284.6500 51 1583 449.1300 249.4100 0 1778 384.2100 -53.8600 22 2257 300.4000 -42.2300 33 2324 402.3000 -184.1300 44 2407 506.1000 -246.5800 57 3147 284.1000 -273.4300 58 2021 378.1700 -183.9200 59 2274 461.0900 -300.5700
4.0360166613e+000 1.2458019578e+000 -1.2896701532e+001
86 52 25
9 50 789 500.9600 278.6000 52 1334 560.0200 269.7600 51 1242 517.5000 236.2300 53 1551 519.9000 112.7300 0 1785 456.9301 -75.0000 56 1504 395.3300 -54.1900 11 2418 413.6600 -79.9500 22 2424 377.9100 -65.4200 33 2526 484.6500 -206.9000
3.3596436830e+000 1.0377137728e+000 -1.2764857405e+001
122 105 75
