# Bundle file v0.3
44 10610
1668.988954 0.0 0.0
0.640368 0.093981 -0.762297
0.160042 -0.987028 0.012756
-0.751209 -0.130168 -0.647102
-7.230553 0.175941 -26.177656
1654.921884 0.0 0.0
0.643621 0.060573 -0.762944
0.208741 -0.972963 0.098847
-0.736328 -0.222877 -0.638863
-7.424408 0.946994 -25.220547
1656.705888 0.0 0.0
0.659017 0.021231 -0.751829
0.215887 -0.962878 0.162046
-0.720479 -0.269101 -0.639136
-7.256240 1.353199 -25.536598
1667.632113 0.0 0.0
0.667210 -0.037781 -0.743911
0.280470 -0.912467 0.297894
-0.690049 -0.407403 -0.598210
-7.292420 2.887947 -25.657882
1644.716574 0.0 0.0
0.670094 -0.075431 -0.738433
0.290164 -0.889044 0.354127
-0.683212 -0.451566 -0.573856
-7.512006 3.736926 -25.126399
1655.356624 0.0 0.0
0.668241 -0.125354 -0.733308
0.310864 -0.848472 0.428322
-0.675883 -0.514181 -0.528015
-7.827291 3.660140 -24.213121
1682.782919 0.0 0.0
0.675376 -0.217001 -0.704824
0.347097 -0.749722 0.563419
-0.650685 -0.625162 -0.431024
-7.314162 5.876317 -24.264614
1680.919671 0.0 0.0
0.700404 -0.234967 -0.673962
0.317702 -0.742924 0.589177
-0.639140 -0.626781 -0.445698
-6.992562 4.657194 -24.475089
1691.133962 0.0 0.0
0.730634 -0.258480 -0.631951
0.368740 -0.629600 0.683839
-0.574635 -0.732661 -0.364695
-5.675931 6.993779 -24.114146
1692.153206 0.0 0.0
0.740884 -0.273597 -0.613381
0.404450 -0.547365 0.732674
-0.536201 -0.790908 -0.294877
-6.087980 7.723150 -22.553864
1682.554041 0.0 0.0
0.758493 -0.302449 -0.577246
0.420584 -0.449421 0.788118
-0.497792 -0.840562 -0.213677
-5.972482 8.430673 -21.703768
1675.317837 0.0 0.0
0.768649 -0.334412 -0.545295
0.424732 -0.370608 0.825985
-0.478310 -0.866498 -0.142832
-6.217843 8.957080 -20.987214
1690.422049 0.0 0.0
0.815680 -0.331436 -0.474148
0.396721 -0.276053 0.875447
-0.421044 -0.902189 -0.093683
-4.298048 10.952934 -21.949647
1674.414246 0.0 0.0
0.798946 -0.377030 -0.468544
0.461748 -0.114602 0.879577
-0.385323 -0.919084 0.082532
-5.320160 9.363070 -18.090364
1682.163250 0.0 0.0
0.816641 -0.378246 -0.435921
0.455742 -0.040800 0.889176
-0.354113 -0.924806 0.139063
-5.231509 9.305081 -17.530352
1686.091527 0.0 0.0
0.837248 -0.375601 -0.397417
0.458444 0.085980 0.884554
-0.298069 -0.922785 0.244179
-4.834948 9.536686 -15.821903
1677.072366 0.0 0.0
0.848589 -0.407135 -0.337841
0.415644 0.117972 0.901844
-0.327317 -0.905717 0.269333
-4.233485 9.400353 -14.866092
1682.025150 0.0 0.0
0.871505 -0.386589 -0.301709
0.401527 0.209341 0.891601
-0.281523 -0.898179 0.337667
-3.034655 9.209998 -13.465458
1693.447590 0.0 0.0
0.897151 -0.356447 -0.260893
0.386592 0.347865 0.854129
-0.213696 -0.867142 0.449887
-2.448155 9.801657 -12.032128
1691.228780 0.0 0.0
0.916855 -0.326057 -0.230354
0.357207 0.412367 0.838067
-0.178267 -0.850671 0.494551
-2.236386 9.127595 -11.259767
1668.008444 0.0 0.0
0.927820 -0.324314 -0.184310
0.348985 0.580153 0.735956
-0.131753 -0.747157 0.651458
-1.314085 8.853141 -8.029023
1667.174976 0.0 0.0
0.950584 -0.267197 -0.158102
0.298769 0.648791 0.699862
-0.084426 -0.712514 0.696561
-0.756806 8.297277 -7.900130
1694.549677 0.0 0.0
0.960528 -0.245661 -0.130525
0.267038 0.682763 0.680093
-0.077955 -0.688103 0.721413
-0.369010 8.294572 -7.469775
1683.777045 0.0 0.0
0.971400 -0.208113 -0.114324
0.232397 0.734522 0.637550
-0.048709 -0.645885 0.761880
-0.610819 7.403977 -8.039549
1682.905268 0.0 0.0
0.978840 -0.184727 -0.088027
0.200580 0.781005 0.591438
-0.040505 -0.596580 0.801531
-0.346981 7.220198 -8.034463
1673.049901 0.0 0.0
0.988426 -0.143871 -0.048115
0.150242 0.884448 0.441790
-0.021005 -0.443906 0.895827
-0.297944 5.687891 -7.270046
1668.080001 0.0 0.0
0.993275 -0.109286 -0.038218
0.115595 0.917699 0.380088
-0.006466 -0.381950 0.924160
-0.326025 4.912956 -7.317655
1667.682606 0.0 0.0
0.997781 -0.065744 -0.010570
0.065926 0.953000 0.295709
-0.009367 -0.295750 0.955220
-0.033438 3.376494 -6.957743
1661.726110 0.0 0.0
0.998822 -0.020405 0.044015
0.011640 0.981540 0.190902
-0.047098 -0.190165 0.980622
0.381099 2.017147 -5.887554
1658.205795 0.0 0.0
0.999411 0.021401 0.026820
-0.021844 0.999628 0.016360
-0.026460 -0.016936 0.999506
0.505209 0.571869 -5.948096
1661.072562 0.0 0.0
0.998146 0.055769 0.024367
-0.053375 0.994529 -0.089797
-0.029242 0.088330 0.995662
0.206999 -0.611541 -6.634874
1664.667535 0.0 0.0
0.994729 0.101992 0.010596
-0.098234 0.977481 -0.186764
-0.029406 0.184738 0.982348
0.552913 -1.804707 -6.768444
1666.178563 0.0 0.0
0.989619 0.141757 -0.023652
-0.142629 0.948524 -0.282771
-0.017651 0.283209 0.958896
0.552595 -3.250779 -7.645789
1655.037799 0.0 0.0
0.982377 0.180692 -0.047809
-0.185713 0.914729 -0.358860
-0.021111 0.361415 0.932166
0.712177 -4.609291 -7.828741
1648.087479 0.0 0.0
0.975198 0.216554 -0.045747
-0.214343 0.872472 -0.439146
-0.055186 0.438060 0.897250
0.419645 -5.455140 -7.761059
1676.251212 0.0 0.0
0.964433 0.256491 -0.063882
-0.250358 0.808864 -0.532034
-0.084790 0.529105 0.844310
-0.292313 -5.997272 -8.091237
1657.036206 0.0 0.0
0.949654 0.304767 -0.072624
-0.291501 0.774555 -0.561330
-0.114824 0.554239 0.824399
-1.118104 -7.569856 -8.156389
1668.239264 0.0 0.0
0.944115 0.308834 -0.115187
-0.290163 0.612928 -0.734932
-0.156371 0.727283 0.668287
0.181866 -8.339733 -11.603277
1648.729619 0.0 0.0
0.798388 0.517520 -0.307814
-0.406569 0.086240 -0.909541
-0.444159 0.851314 0.279261
-1.346934 -9.387660 -14.349394
1694.037025 0.0 0.0
0.892992 0.448679 -0.035399
-0.288675 0.510644 -0.809882
-0.345301 0.733437 0.585524
-0.687430 -11.479385 -10.621231
13663.066837 0.0 0.0
0.341149 -0.704957 0.621814
0.930448 0.159131 -0.330067
0.133733 0.691168 0.710213
8.055062 -2.039327 -85.073057
1651.296039 0.0 0.0
0.782943 0.505753 -0.362236
-0.414934 -0.009282 -0.909804
-0.463499 0.862628 0.202587
-1.746556 -10.433121 -16.190118
1702.054156 0.0 0.0
0.771576 0.492298 -0.402881
-0.355356 -0.191739 -0.914854
-0.527629 0.849046 0.027000
-1.606018 -9.601591 -17.278977
1678.686814 0.0 0.0
0.756597 0.475832 -0.448492
-0.344948 -0.292235 -0.891970
-0.555492 0.829568 -0.056967
-2.005900 -9.600726 -18.170097
0.619172 -2.048074 -8.219309
82 70 46
19 29 2555 101.07 -191.08 30 1828 56.84 -215.22 31 1388 94.96 -254.91 28 2080 82.66 -190.00 27 2660 94.65 -113.66 23 2629 175.67 104.07 24 2868 170.77 110.70 25 2937 122.29 41.33 26 2772 97.63 -1.68 20 3765 201.31 255.97 21 3736 229.67 192.13 22 3506 253.95 207.04 18 3072 118.28 278.11 19 3207 110.60 200.28 17 2891 89.52 196.53 15 2363 -29.47 248.78 16 2565 -10.50 217.54 14 1913 -36.58 233.86 13 1073 -19.37 259.86
0.619172 -2.048074 -8.219309
82 70 46
19 29 2556 101.07 -191.08 30 1829 56.84 -215.22 31 1389 94.96 -254.91 28 2079 82.66 -190.00 27 2659 94.65 -113.66 23 2628 175.67 104.07 24 2867 170.77 110.70 25 2936 122.29 41.33 26 2773 97.63 -1.68 20 3766 201.31 255.97 21 3737 229.67 192.13 22 3507 253.95 207.04 18 3071 118.28 278.11 19 3208 110.60 200.28 17 2892 89.52 196.53 15 2364 -29.47 248.78 16 2564 -10.50 217.54 14 1914 -36.58 233.86 13 1074 -19.37 259.86
0.689064 -2.259644 -8.473447
134 116 66
18 29 2560 106.13 -212.03 30 1936 61.99 -230.46 31 1398 98.53 -266.51 28 2083 88.37 -218.46 27 2663 102.56 -144.22 23 2634 192.59 63.40 24 2873 185.74 72.34 25 2940 133.89 4.98 26 2774 108.51 -34.47 20 3856 226.78 216.18 21 3834 251.68 151.28 22 3598 274.68 164.06 18 3194 143.88 246.98 19 3218 134.86 166.39 15 2535 -4.91 228.75 16 2657 14.77 195.96 14 2058 -12.31 218.17 13 1181 5.49 246.32
-2.686237 -1.798335 -6.163517
70 62 53
15 29 2214 -329.57 -175.23 30 1292 -351.86 -220.83 28 1925 -370.51 -139.06 27 2512 -344.50 -45.49 23 2489 -316.91 225.60 24 2552 -300.71 232.94 25 2701 -336.35 136.16 26 2519 -348.48 82.46 20 3301 -337.74 378.75 21 3281 -289.90 315.15 22 3320 -277.38 350.01 18 2335 -349.74 384.81 17 1228 -360.53 290.39 15 1095 -449.37 307.73 14 991 -433.97 286.45
-2.378536 -1.636940 -6.148338
134 114 106
18 29 2432 -286.69 -153.23 30 1825 -312.04 -202.23 31 1224 -260.33 -258.73 28 2063 -323.92 -115.83 27 2650 -303.60 -21.13 23 2490 -274.32 251.43 24 2741 -260.71 259.47 25 2850 -296.15 163.06 26 2685 -307.77 107.54 20 3601 -297.31 407.21 21 3568 -249.42 343.83 22 3484 -232.82 378.27 18 2826 -315.81 404.10 19 3085 -334.85 332.98 17 2693 -329.56 307.00 15 2009 -420.91 321.97 16 2004 -413.90 315.54 14 993 -406.94 297.39
-0.165477 -1.610164 -7.398889
82 65 35
17 29 2436 12.83 -145.40 30 1821 -26.92 -181.02 28 1922 -9.68 -126.44 27 2515 -1.90 -43.82 23 2249 54.98 196.21 24 2573 56.88 201.16 25 2711 15.96 123.18 26 2524 -3.85 75.02 20 3307 59.68 348.23 21 3287 96.50 284.96 22 3339 121.10 307.43 18 2841 -10.87 347.11 19 2817 -19.69 275.51 17 2360 -37.90 257.43 15 2024 -149.88 291.71 16 2027 -133.22 269.19 14 1026 -152.06 269.14
-2.305096 -2.081780 -6.607721
136 118 110
19 29 2557 -267.65 -208.49 30 1831 -294.36 -245.26 31 1232 -247.15 -292.13 32 723 -214.49 -348.06 28 2174 -303.00 -185.03 27 2731 -279.93 -94.22 23 2690 -240.12 162.49 24 2920 -230.54 171.44 25 2930 -268.02 79.26 26 2764 -281.62 29.14 20 3835 -250.47 315.65 21 3822 -208.02 251.41 22 3589 -192.83 281.23 18 3183 -275.39 339.31 19 3193 -295.31 261.58 17 2884 -289.32 251.21 15 2356 -384.30 280.85 16 2372 -376.70 268.93 14 1604 -372.35 265.39
-2.613822 -1.911360 -6.312003
135 114 103
19 29 2708 -316.78 -188.62 30 2012 -340.86 -230.79 31 1574 -291.16 -281.48 32 1209 -255.15 -342.13 28 2292 -354.25 -157.86 27 2791 -330.05 -64.64 23 2740 -297.25 199.66 24 2965 -284.47 208.68 25 3021 -320.65 112.80 26 2816 -332.92 62.49 20 3900 -316.07 353.52 21 3869 -270.41 290.58 22 3636 -256.23 322.03 18 3264 -330.95 367.12 19 3298 -352.33 291.82 17 2988 -342.60 274.62 15 2515 -433.92 297.10 16 2648 -427.75 288.76 14 2037 -418.51 277.67
1.217439 -1.449209 -7.951125
74 67 43
17 29 2430 176.56 -124.12 30 1651 129.76 -159.23 31 1223 170.23 -208.19 32 712 183.08 -271.75 28 1924 157.75 -111.07 27 2510 161.07 -31.99 23 2502 227.49 198.84 24 2760 224.93 202.06 25 2859 181.95 131.39 26 2692 159.06 83.04 20 3612 237.95 352.58 21 3581 273.54 289.22 22 3340 302.84 306.43 18 2843 143.97 345.09 19 2821 141.84 275.06 17 2703 109.23 255.37 16 2381 9.20 266.01
-0.121007 -1.213967 -7.018493
124 109 71
12 29 341 22.26 -97.14 30 365 -17.73 -142.98 27 1077 0.11 17.69 23 607 43.61 268.35 24 775 49.27 273.15 25 925 12.17 192.31 26 916 -5.60 139.60 20 1162 36.23 421.62 21 1061 78.54 359.92 22 904 106.25 385.42 19 112 -40.44 334.31 17 92 -64.74 304.12
-2.497430 -2.018237 -6.459319
125 115 106
13 29 642 -298.36 -201.86 30 576 -323.35 -240.66 27 1284 -310.55 -82.67 23 808 -273.80 177.96 24 966 -262.53 187.39 25 1134 -299.35 92.93 26 1118 -312.32 42.06 20 1331 -287.58 331.35 21 1271 -243.51 267.18 22 1927 -230.25 298.80 18 116 -306.49 350.98 19 225 -328.53 274.58 17 166 -319.13 261.26
0.519084 -1.339756 -7.484737
128 113 74
12 29 1532 97.99 -112.03 30 370 54.98 -151.55 28 845 76.56 -91.89 27 1154 79.42 -8.85 23 1501 134.41 230.84 24 1838 135.54 234.77 25 2147 95.74 159.89 26 998 75.82 108.64 21 2272 174.89 321.27 22 1870 203.32 342.87 19 952 48.94 303.29 17 182 21.42 278.52
-2.217441 -1.596876 -6.193039
139 116 108
12 29 2204 -264.00 -147.65 30 1298 -292.38 -197.01 31 419 -242.72 -254.25 28 1921 -297.57 -109.62 23 2219 -247.98 255.76 24 2539 -236.36 263.21 25 2695 -271.84 167.98 26 2514 -284.18 112.65 20 3286 -271.21 411.29 18 2337 -295.64 406.13 19 2098 -312.58 335.33 17 1231 -310.61 308.42
-2.447558 -2.061340 -6.516906
72 65 61
12 29 2230 -290.87 -206.72 30 1351 -316.57 -244.53 27 2516 -302.79 -89.65 23 2255 -264.70 168.95 24 2761 -252.63 178.95 25 2715 -290.51 85.34 26 2526 -304.51 34.03 20 3619 -275.70 323.31 21 3589 -232.85 258.86 22 3335 -218.68 289.31 19 2813 -317.52 267.70 17 2354 -308.70 255.98
0.235759 -1.543102 -7.534593
142 122 71
13 29 2632 62.54 -135.92 30 1922 20.22 -172.36 31 1478 64.02 -221.19 32 915 80.03 -284.99 28 2158 40.46 -119.69 27 2729 46.67 -36.42 24 2851 106.41 204.78 25 2925 64.72 127.75 26 2758 44.52 80.52 21 3812 148.57 289.60 22 3585 174.83 312.60 19 3199 27.43 279.41 17 2882 3.95 260.17
-0.307435 -1.049583 -6.785022
118 102 51
13 29 2704 0.98 -75.08 30 2070 -39.88 -126.89 28 2286 -26.57 -42.00 27 2836 -25.88 44.53 23 2731 11.48 300.27 24 2954 18.42 304.36 25 3015 -16.24 222.06 26 2842 -32.62 168.55 20 3894 -2.89 453.00 21 3864 42.66 392.19 22 3626 69.85 421.32 19 3293 -75.89 359.85 17 2984 -96.86 322.93
-2.676108 -1.681060 -6.062083
71 65 54
9 29 463 -330.34 -160.17 30 490 -353.03 -208.73 27 1137 -345.63 -26.72 24 760 -304.47 255.79 25 966 -339.05 157.37 21 1122 -296.34 337.90 22 937 -280.97 374.59 18 44 -356.09 401.40 19 92 -377.89 329.55
-2.245907 -1.777952 -6.357020
73 62 56
13 29 1640 -264.83 -171.10 30 496 -291.74 -215.42 31 488 -242.16 -267.34 27 1208 -279.59 -46.59 23 1487 -245.65 219.53 24 1823 -233.43 228.50 25 1049 -270.16 133.28 26 1037 -282.92 80.06 20 2317 -262.51 375.37 21 2303 -217.49 311.24 22 1857 -200.82 344.19 18 49 -285.90 381.05 19 933 -305.87 307.59
-0.305829 -1.248910 -6.956477
82 67 35
10 29 1516 -2.05 -101.46 30 1231 -41.50 -147.99 27 2142 -23.02 14.18 24 1777 25.82 271.14 25 2106 -10.98 190.22 26 2009 -28.36 136.85 20 2220 12.28 419.61 21 2210 55.05 357.73 22 1760 80.91 383.67 18 1071 -55.73 399.56
1.290260 -1.517485 -8.059818
117 108 63
12 29 1534 183.40 -131.53 30 375 136.62 -163.92 27 1239 169.04 -42.66 23 1626 238.78 184.78 24 1897 235.41 187.81 25 1169 191.49 117.73 26 1068 167.99 71.40 20 2391 252.19 338.57 21 2388 286.72 274.81 22 1964 315.52 291.41 18 1245 157.13 335.23 19 1052 154.99 263.95
0.985896 -2.467823 -8.847613
129 115 77
9 29 1836 135.43 -231.71 30 632 88.83 -246.24 27 1572 137.07 -173.74 23 1890 238.18 23.94 25 2396 172.39 -31.06 26 2273 144.21 -69.27 21 2706 301.93 108.85 18 1626 195.71 212.23 19 2350 186.65 128.59
-1.786526 -3.220078 -8.153041
126 116 81
11 29 1965 -185.77 -325.92 30 1448 -216.82 -331.78 31 611 -179.32 -355.39 27 2391 -183.79 -269.64 23 2545 -104.15 -80.72 24 2653 -104.28 -62.32 26 2611 -176.34 -164.67 20 3668 -66.11 57.31 21 3460 -45.98 -5.03 18 2926 -105.20 138.96 19 2946 -130.96 43.84
0.383009 -2.340737 -8.416162
143 122 77
13 29 2642 71.26 -221.61 30 1935 27.38 -240.66 31 1397 63.84 -276.23 28 2187 52.70 -228.07 27 2738 68.87 -153.82 23 2707 157.45 53.36 24 2929 150.96 63.50 25 3002 99.65 -4.52 26 2780 74.04 -45.08 21 3745 215.76 136.10 22 3602 237.70 152.03 18 3193 113.45 238.69 19 3223 103.27 155.80
-0.411237 -1.813502 -7.456326
130 114 81
12 29 1667 -18.13 -168.53 30 1320 -57.03 -201.58 31 436 -13.95 -247.61 27 1300 -30.50 -72.14 23 1604 30.40 164.17 24 1930 30.87 172.07 25 2217 -10.69 92.28 26 2115 -30.97 45.77 20 2443 38.81 315.46 21 2372 73.39 252.16 22 2014 95.86 275.05 19 1035 -38.51 252.44
-0.368748 -1.485526 -7.166755
94 80 53
10 29 2193 -11.16 -130.25 30 1659 -49.91 -170.63 27 2185 -28.64 -23.51 23 1493 22.21 222.58 24 1829 25.41 229.65 25 2186 -13.59 148.67 26 2049 -31.87 98.22 20 3305 20.74 374.78 22 3011 84.32 338.15 19 2133 -54.48 298.05
-0.986672 -2.075788 -7.398593
89 75 58
12 29 2234 -90.46 -200.22 30 1363 -125.91 -229.92 31 997 -83.39 -272.24 28 1615 -116.55 -189.13 27 2276 -100.16 -107.10 23 1676 -39.72 126.76 24 1984 -36.86 136.06 25 2312 -79.79 55.94 26 2158 -99.59 10.35 20 2499 -28.71 277.39 22 3073 23.73 238.87 19 2213 -99.05 224.96
-0.110493 -0.986143 -6.831054
84 76 47
14 29 2409 24.72 -68.04 30 1634 -15.66 -119.91 31 954 32.95 -180.58 32 318 52.79 -258.27 28 2047 -1.15 -34.40 27 2638 -0.68 52.52 23 2472 36.59 307.57 24 2735 42.71 311.55 25 2838 8.11 230.55 26 2669 -8.45 176.16 20 3590 22.32 458.81 21 3555 67.65 398.57 22 3298 95.76 426.35 19 2777 -53.76 363.78
-2.410490 -1.701738 -6.197899
72 64 55
10 29 2203 -290.33 -161.72 30 1297 -315.18 -209.34 28 1554 -328.60 -124.77 27 2179 -304.84 -32.60 23 1481 -275.86 239.14 24 1819 -261.80 246.84 25 2176 -297.88 151.30 26 2045 -309.50 96.09 20 2255 -297.78 394.63 21 2254 -250.05 330.90
0.518211 -1.549174 -7.670332
90 74 48
10 29 1601 95.65 -136.07 30 1276 51.95 -172.16 28 1565 75.24 -121.06 27 2216 80.56 -40.16 23 1554 142.95 195.07 24 1892 142.30 199.93 25 2192 100.13 125.20 26 2083 78.85 76.60 20 2333 150.74 349.35 21 2316 187.03 284.88
0.367952 -1.638811 -7.696052
77 61 36
10 29 1600 77.07 -146.70 30 454 33.83 -180.68 27 1227 63.15 -52.24 23 1613 127.03 180.85 24 1944 126.25 185.64 25 1164 83.56 111.06 26 1059 62.26 64.26 20 2388 137.19 333.58 21 2382 171.95 269.84 22 1960 198.05 289.89
-1.095691 -2.230021 -7.516601
140 124 99
11 29 654 -103.82 -217.76 30 586 -138.67 -243.79 28 1084 -129.98 -210.85 27 1372 -111.75 -129.75 23 931 -47.83 98.30 24 1073 -46.29 108.59 25 1299 -90.03 29.25 26 1285 -109.82 -14.34 20 2554 -33.61 247.22 21 2546 -1.98 183.91 22 2138 15.90 205.65
-0.110465 -0.985167 -6.831928
84 76 47
10 29 2410 24.72 -68.04 30 1635 -15.66 -119.91 27 2639 -0.68 52.52 23 2471 36.59 307.57 24 2734 42.71 311.55 25 2839 8.11 230.55 26 2670 -8.45 176.16 20 3589 22.32 458.81 21 3554 67.65 398.57 22 3297 95.76 426.35
-1.822479 -3.678401 -8.699842
60 54 51
11 29 2718 -185.74 -367.62 30 2081 -214.68 -360.49 28 2305 -214.10 -400.12 27 2853 -179.03 -334.15 23 2803 -86.59 -175.01 24 3005 -90.47 -155.51 25 3050 -144.25 -212.15 26 2877 -168.72 -238.05 20 3975 -33.00 -47.69 21 3930 -20.58 -107.77 22 3706 -11.55 -94.42
-2.038291 -2.188623 -6.817333
70 65 59
10 29 2232 -231.99 -220.28 30 1355 -262.37 -253.96 31 1008 -216.80 -298.49 28 1936 -264.27 -200.95 27 2520 -241.82 -111.88 23 2512 -193.29 140.41 24 2772 -184.87 149.05 25 2869 -224.98 59.08 26 2536 -241.59 10.11 21 3596 -155.79 229.23
-0.822510 -1.089117 -6.572943
122 106 64
10 29 2624 -68.68 -80.20 30 1915 -104.40 -132.59 31 1476 -55.17 -193.92 28 2145 -96.96 -44.34 27 2712 -92.42 44.13 23 2595 -58.90 304.17 24 2829 -50.07 309.89 25 2915 -84.75 223.77 26 2733 -99.50 169.73 21 3701 -30.04 395.29
1.501457 -0.798116 -7.526122
93 94 63
9 29 1403 219.83 -47.17 30 1158 172.04 -95.34 28 747 198.33 -22.29 27 2101 190.78 58.01 23 1390 237.43 300.04 24 1746 238.63 302.81 25 2076 203.28 230.81 26 1977 184.03 178.59 22 1737 306.67 411.67
-0.908406 -1.817563 -7.196446
80 64 38
9 29 1652 -80.43 -170.32 30 1305 -116.68 -205.95 28 1581 -106.83 -152.79 27 2207 -93.50 -67.72 23 1597 -39.60 173.44 24 1921 -35.57 181.07 25 2215 -76.38 98.60 26 2108 -94.95 51.72 22 1937 21.65 286.69
-0.425709 -2.183944 -7.800423
134 119 87
7 29 1733 -21.33 -209.62 30 597 -60.26 -235.31 27 1382 -27.86 -126.14 24 2041 42.59 105.56 25 2319 -3.98 31.53 26 1305 -26.27 -12.36 22 2148 113.97 202.79
-1.023420 -2.008317 -7.319975
136 121 91
6 29 1654 -95.23 -192.72 30 1304 -130.64 -224.52 28 1613 -121.55 -179.59 27 2240 -105.72 -96.09 23 1670 -47.79 140.13 26 2156 -105.67 22.00
-1.023788 -2.008632 -7.319274
136 121 91
7 29 1655 -95.23 -192.72 30 1303 -130.64 -224.52 31 498 -87.53 -268.32 28 1614 -121.55 -179.59 27 2239 -105.72 -96.09 23 1671 -47.79 140.13 26 2155 -105.67 22.00
0.327158 -0.993474 -7.063738
68 56 29
7 29 2421 79.25 -69.06 30 1640 35.70 -119.13 28 1900 54.93 -39.45 27 2492 53.93 45.42 23 2205 95.91 295.95 25 2674 64.61 221.22 26 2493 46.93 167.32
-0.574217 -1.907578 -7.441354
145 125 93
7 29 1664 -37.82 -179.23 30 1317 -76.36 -212.14 31 429 -34.26 -257.65 27 2242 -49.31 -83.55 23 2271 9.94 151.61 25 2265 -29.57 80.70 26 2113 -50.16 32.83
-2.297058 -2.081093 -6.618444
136 118 110
8 29 2558 -267.65 -208.49 30 1832 -294.36 -245.26 31 1233 -247.15 -292.13 28 2175 -303.00 -185.03 27 2732 -279.93 -94.22 23 2691 -240.12 162.49 25 2931 -268.02 79.26 26 2765 -281.62 29.14
3.160124 -1.762966 -9.475513
58 49 42
9 29 2634 361.74 -153.33 30 1923 308.62 -171.24 31 1479 344.83 -209.28 28 2235 350.55 -163.41 27 2793 358.59 -96.44 23 2754 463.73 95.53 24 2973 449.53 99.83 25 2998 394.28 46.20 26 2822 364.61 6.43
-2.380599 -1.886852 -6.427677
67 64 57
7 29 2793 -284.05 -184.85 30 2125 -310.56 -226.99 28 2328 -318.81 -155.28 27 2869 -296.62 -62.70 23 2797 -259.31 198.35 24 3014 -246.16 206.04 25 3058 -284.78 114.38
-1.037813 -2.240393 -7.515255
101 84 70
6 29 1722 -96.74 -219.15 30 1360 -132.77 -246.04 31 502 -90.92 -285.20 27 2278 -104.14 -130.26 24 2032 -37.83 108.03 25 2314 -82.27 30.58
-2.159419 -2.020605 -6.636341
135 119 109
8 29 2440 -248.74 -200.34 30 1833 -276.24 -238.15 31 1234 -227.94 -285.16 28 2075 -283.56 -176.96 27 2654 -261.90 -86.47 24 2762 -211.16 179.88 25 2862 -249.40 87.64 26 2694 -263.44 37.70
-2.483538 -1.546751 -6.020336
73 65 55
4 29 465 -304.40 -142.33 30 430 -328.19 -193.88 27 1136 -320.35 -5.84 25 967 -314.82 180.77
0.474040 -1.299549 -7.416944
82 68 39
4 29 397 93.16 -107.09 30 368 50.12 -148.04 27 1081 73.92 -2.91 25 989 89.65 167.23
-0.658080 -0.946206 -6.499969
72 63 34
5 29 1388 -46.17 -62.26 30 305 -82.30 -117.83 28 1476 -75.51 -22.31 27 2079 -72.38 66.16 25 2060 -66.68 248.56
0.986191 -2.468839 -8.857164
129 115 77
5 29 1837 135.43 -231.71 30 633 88.83 -246.24 27 1573 137.07 -173.74 25 2397 172.39 -31.06 26 2274 144.21 -69.27
1.063480 -2.420332 -8.840467
83 66 44
5 29 1762 144.24 -226.76 30 1375 97.32 -241.86 27 2332 145.41 -167.25 25 2399 180.51 -23.35 26 2232 152.51 -62.84
-1.503874 -1.699386 -6.609680
91 81 56
7 29 2630 -161.64 -160.40 30 1926 -193.70 -203.58 31 1481 -146.32 -256.24 28 2155 -190.91 -129.24 27 2724 -177.11 -38.27 25 2984 -164.52 139.47 26 2752 -180.29 87.91
2.524544 -0.933116 -8.153387
79 85 59
4 29 1435 327.32 -65.76 30 337 276.21 -104.83 28 814 308.61 -49.98 26 957 299.30 143.47
0.881835 -1.601358 -7.922831
137 116 65
4 29 2548 136.56 -141.38 30 1822 90.33 -175.29 28 2069 118.16 -128.64 26 2691 122.07 62.11
-0.937266 -0.970605 -6.331151
56 49 43
6 29 2766 -84.64 -64.74 30 2069 -119.98 -122.21 31 1630 -70.29 -188.25 28 2284 -113.42 -21.63 27 2832 -109.76 68.26 26 2840 -117.87 196.25
-2.669824 1.879684 -8.266256
167 78 82
4 29 2358 -275.84 279.65 30 1879 -292.35 243.73 28 1413 -313.97 262.76 27 48 -296.16 277.69
2.798273 0.155291 -8.671615
164 178 153
10 29 2136 348.08 58.10 30 1611 303.34 18.49 31 1182 354.27 -33.75 32 887 370.70 -109.68 33 861 407.68 -195.85 34 752 379.32 -223.39 36 767 236.44 -363.66 37 812 365.51 -252.80 28 710 319.97 64.13 27 132 310.87 125.09
1.908503 -0.120873 -7.990539
184 179 160
9 29 2135 259.13 32.04 30 1908 217.10 -13.50 31 1470 267.59 -70.33 32 1203 283.67 -150.30 33 1150 318.71 -238.86 34 1106 289.98 -269.54 37 1049 277.77 -298.76 28 1466 233.45 48.37 27 139 222.97 117.42
-0.968741 -2.156586 -7.473768
136 120 97
3 29 657 -88.01 -209.38 30 589 -124.04 -237.56 27 448 -96.89 -118.23
-2.572928 1.760417 -8.121902
204 185 186
11 29 2498 -267.77 269.05 30 1880 -283.09 231.10 31 1443 -222.78 196.23 32 1255 -173.80 121.39 33 1212 -125.36 44.76 34 1080 -156.71 23.77 36 1110 -297.27 -109.60 35 767 -218.77 46.44 37 1097 -83.59 -59.83 28 1414 -303.98 254.43 27 934 -288.27 272.75
1.279442 -1.331946 -7.864905
66 60 28
4 29 401 185.17 -110.90 30 371 138.57 -147.23 28 855 166.56 -95.52 27 1158 167.39 -16.25
-0.663797 3.060996 -10.743683
132 90 74
5 29 2494 -38.43 346.18 30 1871 -54.13 334.95 31 1427 8.70 324.55 28 1856 -79.16 290.11 27 2062 -71.50 283.31
0.291688 2.814785 -10.829583
112 125 95
14 29 2495 52.98 316.00 30 1960 35.40 303.82 31 1524 98.35 289.48 32 1309 144.02 235.03 33 1267 198.01 173.83 34 1130 183.26 169.52 36 1101 85.67 63.14 35 817 150.29 208.56 37 1145 256.80 123.70 28 1861 10.88 264.75 39 680 141.24 -153.38 27 2064 13.13 265.07 38 1821 407.75 64.48 41 2027 399.90 -75.09
0.261536 2.803808 -10.797353
112 125 95
5 29 2496 52.98 316.00 30 1961 35.40 303.82 31 1525 98.35 289.48 28 1862 10.88 264.75 27 2065 13.13 265.07
2.581394 1.602602 -10.320214
163 168 159
9 29 2507 289.38 197.04 30 1889 258.94 174.69 31 1454 317.20 144.53 32 1261 348.61 79.20 33 1129 394.77 8.26 34 1087 377.92 -8.91 35 775 338.49 15.87 28 1871 251.17 167.98 27 2075 245.33 195.18
1.309765 -1.232708 -7.784136
71 65 41
4 29 1458 190.65 -99.47 30 1236 143.66 -137.81 28 1535 170.92 -81.98 27 2149 170.84 -1.87
-2.564752 -1.848789 -6.263194
131 113 99
3 29 1638 -311.00 -181.24 30 1296 -334.89 -225.30 27 2202 -325.33 -55.09
-2.346684 -2.029515 -6.547902
75 69 62
3 29 1713 -276.07 -202.72 30 1350 -302.28 -240.70 27 2232 -288.30 -86.13
0.744526 -1.746363 -8.009002
93 78 55
4 29 1608 119.09 -157.90 30 456 74.89 -187.12 28 983 99.21 -150.80 27 2253 106.98 -71.53
-1.803513 -3.070589 -7.962741
96 81 57
4 29 2272 -189.76 -311.43 30 1412 -220.48 -321.54 28 1764 -219.28 -325.40 27 2549 -188.98 -247.42
-2.578772 -3.397001 -7.932962
79 66 47
3 29 2292 -285.26 -350.51 30 1435 -310.87 -354.90 27 2568 -284.68 -294.44
3.038609 -0.192838 -8.366205
140 147 129
11 29 2696 382.93 18.79 30 2063 334.52 -23.86 31 1681 382.91 -80.86 32 1398 395.41 -159.53 33 1346 429.56 -247.84 34 1201 398.88 -277.85 36 1171 248.76 -419.53 35 889 336.70 -266.10 37 1174 372.63 -298.95 28 2140 357.17 32.69 27 2631 345.73 103.00
-34.396837 -2.456925 -90.035655
254 188 117
6 29 2532 -639.68 -46.02 30 1891 -636.90 120.06 31 1433 -616.89 282.77 32 1128 -565.12 441.51 28 2088 -689.59 -327.26 27 2686 -607.43 -508.98
1.239554 -0.052074 -7.768100
166 163 103
4 29 2756 186.30 43.59 30 2119 145.86 -3.16 28 2218 156.75 60.65 27 2704 147.24 129.19
2.523249 0.098724 -8.403527
76 82 69
10 29 2786 322.32 53.39 30 2144 278.58 12.33 31 1709 329.95 -41.15 32 1425 347.14 -120.58 33 1376 384.07 -207.60 36 1220 209.70 -384.12 35 930 296.35 -228.66 37 1240 342.04 -269.40 28 2281 293.42 62.67 27 2705 281.83 126.32
-0.938056 -0.970006 -6.323303
56 49 43
5 29 2767 -84.64 -64.74 30 2068 -119.98 -122.21 31 1629 -70.29 -188.25 28 2285 -113.42 -21.63 27 2833 -109.76 68.26
-38.411265 -0.489693 -89.626050
254 204 99
6 29 2759 -713.84 -9.57 30 2097 -710.87 158.74 31 1654 -691.16 325.92 32 1359 -637.74 488.12 28 2297 -765.56 -292.52 27 2857 -681.77 -476.79
-38.411265 -0.489693 -89.626050
254 204 99
6 29 2760 -713.84 -9.57 30 2098 -710.87 158.74 31 1655 -691.16 325.92 32 1360 -637.74 488.12 28 2298 -765.56 -292.52 27 2858 -681.77 -476.79
-34.890026 -1.200770 -90.243221
246 55 91
6 29 2761 -646.22 -23.86 30 2102 -643.52 142.99 31 1657 -623.39 306.59 32 1361 -570.59 465.49 28 2299 -697.17 -304.00 27 2859 -614.92 -486.20
-34.890026 -1.200770 -90.243221
246 55 91
6 29 2762 -646.22 -23.86 30 2103 -643.52 142.99 31 1658 -623.39 306.59 32 1362 -570.59 465.49 28 2300 -697.17 -304.00 27 2860 -614.92 -486.20
-36.260301 0.479931 -87.501242
71 38 83
6 29 2758 -689.25 7.42 30 2099 -685.82 174.83 31 1656 -665.18 339.85 32 1358 -611.49 500.36 28 2331 -740.24 -271.82 27 2877 -658.19 -455.07
-2.405186 1.372776 -7.746882
159 72 72
4 29 1253 -253.30 229.06 30 1557 -270.96 185.49 31 1130 -211.35 144.12 28 55 -291.88 226.29
0.969382 2.049305 -10.157353
102 96 84
5 29 1258 127.83 250.18 30 1541 104.05 229.05 31 1113 164.28 203.36 32 818 202.27 141.56 28 70 88.90 214.69
1.653509 1.741257 -10.067469
154 153 148
10 29 1267 200.14 217.85 30 1003 171.82 194.65 31 1124 230.58 164.52 32 827 264.25 100.67 33 969 312.32 28.34 34 864 293.88 12.49 36 846 180.98 -111.00 35 576 253.23 38.16 37 886 332.05 -33.90 28 75 160.71 188.18
-0.056005 -0.025869 -7.354612
72 86 70
10 29 1349 31.33 53.22 30 1100 -3.57 3.29 31 1185 49.69 -53.85 32 888 75.46 -134.98 33 863 113.51 -223.03 34 755 80.52 -256.02 36 771 -75.48 -402.26 35 479 12.47 -245.52 37 621 98.03 -297.01 28 133 0.91 74.34
0.346443 -0.235919 -7.267164
179 163 113
10 29 1364 82.02 25.70 30 1125 43.14 -25.36 31 914 94.95 -85.05 32 679 117.02 -166.81 33 643 153.32 -256.63 34 766 119.87 -291.55 36 782 -38.99 -438.16 37 645 127.66 -325.08 28 149 53.04 51.66 40 790 577.99 97.01
0.538323 -0.307695 -7.252414
144 95 75
4 29 251 105.34 16.61 30 1129 65.35 -35.20 31 919 116.78 -95.75 28 153 78.60 43.30
1.087715 -0.170862 -7.613381
141 86 66
4 29 1358 169.16 30.44 30 1130 127.95 -18.17 31 920 178.96 -76.25 28 158 141.07 51.07
-1.994323 1.490470 -7.987795
198 199 192
11 29 2084 -198.63 237.13 30 1550 -218.31 196.35 31 1315 -159.12 156.76 32 1026 -115.03 79.52 33 978 -67.77 -0.35 34 872 -98.41 -24.54 36 979 -240.16 -163.29 35 700 -160.68 -5.88 37 895 -34.97 -105.00 28 652 -235.41 229.26 39 575 -191.74 -462.97
1.092012 2.333446 -10.487065
128 122 110
13 29 2065 137.15 272.25 30 1753 114.52 255.79 31 1437 174.02 232.82 32 1251 215.79 173.90 33 1203 267.57 107.24 34 1133 252.01 96.25 36 1107 148.26 -20.27 35 822 215.84 127.62 37 1146 308.62 47.00 28 658 96.85 230.23 39 686 188.77 -232.41 38 1825 414.98 -10.93 41 2033 404.10 -134.26
1.525599 1.394166 -9.565472
87 83 82
4 29 2094 191.47 189.19 30 1779 163.32 160.35 31 1321 221.13 124.93 28 681 154.98 168.34
1.874163 1.619264 -10.028007
92 92 89
9 29 2095 223.34 205.17 30 1780 192.98 181.22 31 1322 253.32 150.28 32 1028 284.18 85.23 33 980 330.67 12.19 34 1012 312.48 -5.07 36 974 196.91 -129.69 35 695 269.98 19.77 28 682 186.97 177.25
3.155940 -0.239790 -8.348357
175 182 169
9 29 1370 397.34 13.38 30 1618 346.93 -29.99 31 1199 395.55 -87.73 32 903 406.50 -166.06 33 882 440.14 -255.15 34 774 409.15 -284.88 36 789 258.18 -427.77 37 637 380.02 -306.06 28 718 372.49 27.89
3.155940 -0.239790 -8.348357
175 182 169
9 29 1371 397.34 13.38 30 1619 346.93 -29.99 31 1198 395.55 -87.73 32 904 406.50 -166.06 33 883 440.14 -255.15 34 773 409.15 -284.88 36 788 258.18 -427.77 37 638 380.02 -306.06 28 719 372.49 27.89
1.546201 -0.846116 -7.545359
65 65 39
4 29 1410 224.91 -53.25 30 1162 177.04 -100.09 31 277 222.68 -159.04 28 748 203.21 -29.49
1.925285 -1.605250 -8.449798
94 93 65
3 29 1626 250.35 -140.38 30 473 199.90 -168.92 28 1007 233.89 -136.79
-2.278765 1.088638 -7.446733
202 189 191
10 29 2372 -244.71 198.76 30 1783 -263.28 151.38 31 1455 -202.95 105.48 32 1186 -158.01 24.40 33 1130 -112.29 -59.39 34 1018 -145.77 -88.14 36 1057 -296.49 -232.79 35 780 -212.11 -73.11 37 1029 -83.40 -167.07 28 1429 -282.40 203.46
1.522848 1.863678 -10.111996
107 106 103
5 29 2370 185.59 229.26 30 1884 158.35 209.06 31 1450 218.42 178.24 32 1178 253.25 114.62 28 1432 146.24 198.42
0.060923 -0.221923 -7.198981
69 83 61
10 29 2398 46.23 28.49 30 1804 9.27 -23.08 31 1361 61.56 -82.09 32 1074 85.74 -163.61 33 1040 122.52 -253.49 34 929 88.83 -287.40 36 902 -71.12 -435.68 37 821 101.06 -323.20 28 1457 17.11 54.82 40 921 567.31 53.58
1.137510 -0.875842 -7.368998
105 101 63
4 29 1399 177.50 -55.90 30 1194 131.43 -104.15 31 270 177.39 -163.69 28 1484 155.46 -30.13
1.098434 -1.001035 -7.501328
107 101 65
4 29 2180 170.44 -71.32 30 1193 124.49 -115.84 31 961 170.28 -172.94 28 1502 147.67 -48.64
1.444857 -1.195224 -7.794585
76 71 46
3 29 2183 207.08 -94.84 30 1237 159.12 -134.28 28 1537 187.17 -77.83
0.802678 -2.401199 -8.654334
86 74 48
3 29 1756 116.75 -226.72 30 628 71.30 -243.04 28 1682 101.30 -236.28
-2.263384 -3.055949 -7.736782
125 109 83
3 29 1896 -248.33 -313.55 30 848 -276.26 -325.01 28 1715 -281.93 -324.39
-3.001212 -3.653802 -7.974692
109 98 70
4 29 2003 -336.28 -381.15 30 1464 -358.74 -379.79 31 671 -318.02 -394.70 28 1824 -376.44 -405.52
-4.603990 3.597371 -9.863680
181 173 137
3 29 2481 -455.36 438.52 30 1949 -461.50 425.87 28 1840 -492.81 375.76
-0.665499 3.060622 -10.741660
132 90 74
4 29 2493 -38.43 346.18 30 1870 -54.13 334.95 31 1426 8.70 324.55 28 1857 -79.16 290.11
-4.687609 -0.621338 -9.140059
195 93 113
3 29 2149 -495.35 -10.72 30 1613 -504.59 -16.89 28 1891 -538.74 -45.18
-2.267903 0.948861 -7.294794
166 63 67
10 29 2599 -247.72 183.79 30 2047 -265.61 134.01 31 1612 -205.05 85.77 32 1389 -159.48 3.62 33 1335 -114.39 -81.38 34 1191 -148.71 -111.38 36 1188 -301.91 -258.23 35 876 -216.84 -97.73 37 1207 -87.84 -188.51 28 2027 -286.67 192.61
1.213996 1.911467 -10.072275
101 98 93
3 29 2592 153.65 236.38 30 1977 128.75 214.39 28 2029 114.46 204.17
-0.056660 -1.175606 -6.988071
101 87 58
5 29 2420 30.52 -92.64 30 1647 -10.56 -140.60 31 1221 36.26 -196.97 32 709 55.37 -270.26 28 2051 6.35 -61.83
-2.431072 1.160744 -7.546319
171 66 70
10 29 2676 -260.93 206.14 30 2045 -279.10 161.80 31 1668 -219.41 117.58 32 1384 -173.41 38.42 33 1331 -127.03 -43.65 34 1189 -161.19 -70.81 36 1156 -312.12 -213.49 35 873 -227.36 -54.12 37 1204 -96.26 -150.52 28 2122 -296.87 207.38
0.956695 0.145523 -7.885155
171 151 102
10 29 2683 149.34 68.13 30 2059 111.56 21.77 31 1621 165.00 -33.13 32 1335 187.24 -112.68 33 1301 225.41 -200.53 34 1160 194.97 -231.06 36 1167 46.71 -375.30 35 884 132.79 -217.83 37 1171 202.38 -268.48 28 2133 119.03 81.57
0.954551 0.146455 -7.876039
171 151 102
8 29 2684 149.34 68.13 30 2060 111.56 21.77 31 1622 165.00 -33.13 32 1336 187.24 -112.68 33 1302 225.41 -200.53 36 1168 46.71 -375.30 35 885 132.79 -217.83 28 2134 119.03 81.57
-1.005635 -1.763601 -7.134320
127 109 73
4 29 2638 -93.05 -164.05 30 2010 -127.93 -199.75 31 1483 -83.17 -248.82 28 2167 -120.07 -144.75
-2.228049 -1.953724 -6.537021
70 65 59
5 29 2550 -259.84 -192.67 30 1931 -287.15 -232.42 31 1392 -238.16 -281.30 32 721 -205.24 -340.23 28 2173 -295.87 -165.77
0.379943 -2.338481 -8.404793
143 122 77
3 29 2643 71.26 -221.61 30 1934 27.38 -240.66 28 2188 52.70 -228.07
-35.701557 -7.427586 -82.028213
87 65 137
6 29 2628 -723.77 -142.21 30 1905 -720.76 21.82 31 1534 -698.87 187.27 32 1304 -645.93 344.03 33 1256 -614.73 477.61 28 2195 -781.32 -430.37
-30.419653 -9.797950 -80.586600
230 42 80
6 29 2635 -630.45 -193.00 30 1997 -627.43 -28.38 31 1538 -607.94 128.21 32 1239 -557.44 279.04 33 1174 -526.35 408.56 28 2196 -686.75 -479.88
-37.351446 -3.898653 -87.292764
229 159 79
5 29 2623 -713.00 -72.23 30 1985 -709.49 95.81 31 1528 -689.72 261.16 32 1223 -637.41 421.37 28 2247 -767.06 -355.96
-1.431272 0.698236 -7.430522
147 120 78
6 29 2750 -138.33 147.90 30 2111 -162.44 98.97 31 1673 -105.16 48.79 32 1391 -68.19 -33.22 33 1339 -26.03 -118.57 28 2277 -172.45 158.42
-34.485693 -3.657175 -90.502093
243 50 85
5 29 2702 -639.27 -66.12 30 2108 -635.93 98.87 31 1605 -616.68 262.67 32 1366 -564.16 419.68 28 2301 -689.48 -350.03
-34.485693 -3.657175 -90.502093
243 50 85
5 29 2701 -639.27 -66.12 30 2109 -635.93 98.87 31 1604 -616.68 262.67 32 1367 -564.16 419.68 28 2302 -689.48 -350.03
-36.712189 -4.368628 -88.886876
67 37 65
5 29 2768 -690.08 -79.14 30 2114 -686.85 88.02 31 1660 -667.59 252.46 32 1368 -615.63 411.77 28 2303 -742.51 -364.74
-38.233179 -2.058457 -87.168555
70 40 66
5 29 2789 -729.18 -38.54 30 2141 -725.85 130.12 31 1697 -705.79 296.25 32 1404 -653.03 458.47 28 2332 -783.55 -320.95
-0.501710 -0.875968 -6.518917
112 99 54
4 29 2812 -24.89 -52.92 30 2170 -63.56 -110.00 31 1710 -15.28 -174.10 28 2350 -51.53 -12.80
-42.049168 -4.007267 -85.646630
246 49 95
5 29 2815 -814.76 -72.03 30 2167 -809.80 97.90 31 1721 -789.53 266.65 32 1431 -736.05 430.97 28 2354 -872.76 -361.82
-36.152695 -2.078472 -87.928524
253 204 91
5 29 2828 -685.47 -39.03 30 2183 -682.46 128.17 31 1745 -661.91 292.50 32 1451 -609.21 452.08 28 2371 -737.97 -321.09
-5.096764 3.784306 -9.698679
147 144 99
2 29 4 -512.56 462.76 30 937 -517.92 453.77
-4.645519 3.353809 -9.402284
175 172 137
9 29 12 -473.03 425.06 30 943 -479.96 408.54 31 707 -420.46 404.08 33 417 -304.16 292.09 34 357 -338.84 296.95 36 617 -470.42 203.33 35 520 -399.56 348.70 37 679 -236.52 224.49 39 401 -421.12 -113.64
-4.339540 3.089590 -9.120253
185 177 139
3 29 37 -446.69 401.73 30 42 -454.58 382.15 31 33 -394.50 372.38
-3.459417 3.022582 -9.341276
172 137 111
9 29 39 -343.86 386.13 30 59 -354.45 366.31 31 35 -292.90 353.34 32 73 -235.81 291.69 33 76 -182.86 231.98 34 383 -212.30 228.63 36 406 -337.28 122.05 37 450 -118.62 152.49 39 418 -279.06 -182.26
-2.786677 2.312462 -8.653626
131 68 69
2 29 64 -281.57 320.51 30 85 -295.59 290.86
0.156968 2.833886 -10.721110
174 166 127
2 29 67 43.71 320.78 30 968 24.96 308.24
0.122723 2.374199 -10.177742
190 181 141
7 29 80 40.51 285.27 30 978 21.28 266.73 31 760 82.03 245.41 32 804 125.11 185.85 33 768 176.12 119.46 34 667 158.36 110.10 36 828 51.13 -5.82
0.939202 2.695622 -10.937802
187 172 134
7 29 82 118.95 300.52 30 91 99.71 287.12 31 739 160.96 272.49 32 500 202.51 219.45 33 461 257.03 155.88 36 652 145.72 39.99 37 713 309.11 105.12
0.522577 2.331877 -10.300306
172 154 107
9 29 92 82.26 277.87 30 103 61.81 259.36 31 762 122.28 238.20 32 512 162.23 178.31 33 769 213.52 112.32 34 669 196.04 101.18 36 657 89.55 -14.41 35 374 157.67 133.14 39 430 132.16 -234.91
0.888017 2.095898 -10.117129
158 154 127
5 29 94 121.12 255.62 30 994 96.40 234.81 31 778 156.96 208.72 33 144 245.59 77.60 34 413 227.48 64.69
1.328078 2.302697 -10.605553
113 108 102
4 29 95 160.13 266.98 30 995 137.02 250.18 31 764 197.90 228.05 32 517 237.06 169.07
1.524832 2.335034 -10.769405
77 88 73
3 29 97 177.73 266.86 30 996 154.20 251.34 31 765 215.45 229.94
1.317245 1.874748 -10.069670
101 94 89
4 29 111 163.67 232.50 30 129 138.71 210.02 32 149 234.84 118.05 33 168 283.47 47.25
1.279213 1.724490 -9.876906
163 160 148
9 29 112 162.66 219.79 30 130 136.06 195.51 31 125 195.03 164.83 32 534 229.87 100.13 33 495 277.59 27.56 34 694 258.75 11.35 36 462 143.15 -114.09 35 401 216.39 36.38 37 520 298.18 -38.74
-2.082284 1.290356 -7.686154
165 76 77
2 29 129 -214.47 217.77 30 1012 -234.12 173.60
1.371537 1.628506 -9.806029
94 90 84
9 29 136 172.24 211.23 30 1015 144.87 185.85 31 794 204.88 152.85 33 804 285.97 13.58 34 695 266.29 -3.52 36 845 148.95 -128.57 35 410 221.84 21.68 37 748 301.59 -51.50 39 445 176.43 -336.56
-1.654092 0.959148 -7.469498
155 73 63
2 29 151 -164.90 179.24 30 140 -187.36 131.33
-0.636085 1.105996 -8.454511
82 75 57
9 29 152 -38.90 179.72 30 143 -63.37 142.57 31 142 -5.86 102.50 32 171 30.66 29.74 33 203 75.04 -48.48 34 463 46.85 -70.85 36 484 -88.45 -204.78 35 247 -9.85 -51.30 37 538 91.38 -128.49
-0.511121 1.167972 -8.558715
200 188 168
4 29 153 -24.20 184.21 30 146 -49.49 148.75 31 802 8.22 109.76 32 558 44.77 37.62
-0.452455 1.055313 -8.453411
179 166 143
7 29 154 -17.76 172.70 30 155 -43.57 135.51 32 571 49.09 21.91 33 533 93.31 -56.89 34 465 66.05 -79.88 36 488 -70.04 -214.65 37 554 107.24 -137.48
-0.523143 0.982416 -8.349184
186 174 152
2 29 156 -25.62 165.85 30 154 -51.89 127.94
-0.382225 1.045090 -8.493002
79 77 62
2 29 158 -9.23 170.69 30 157 -36.05 134.28
-0.292799 0.917946 -8.349445
196 186 158
8 29 159 0.75 157.88 30 175 -26.39 119.46 31 159 29.97 76.33 32 192 63.67 2.09 33 217 107.01 -78.03 34 195 79.46 -102.60 36 506 -58.39 -238.69 37 215 117.40 -157.69
-0.549125 0.765644 -8.087513
83 78 64
9 29 168 -29.59 143.93 30 1034 -56.90 103.08 31 829 -0.28 57.93 32 589 34.02 -17.66 33 550 76.64 -99.30 34 720 47.90 -125.66 36 723 -94.72 -263.69 37 562 85.05 -180.43 40 824 347.57 36.79
-0.548980 0.766085 -8.087134
83 78 64
8 29 169 -29.59 143.93 30 1035 -56.90 103.08 32 590 34.02 -17.66 33 551 76.64 -99.30 34 721 47.90 -125.66 36 724 -94.72 -263.69 37 563 85.05 -180.43 40 823 347.57 36.79
-0.166478 0.730574 -8.174796
91 77 58
8 29 170 15.23 137.57 30 1038 -13.93 96.96 31 833 42.45 51.20 32 592 74.84 -24.26 33 571 117.03 -106.34 34 494 87.98 -133.10 36 728 -52.25 -271.26 35 436 30.40 -117.01
-0.166478 0.730574 -8.174796
91 77 58
8 29 171 15.23 137.57 30 1039 -13.93 96.96 31 834 42.45 51.20 32 593 74.84 -24.26 33 572 117.03 -106.34 34 493 87.98 -133.10 36 729 -52.25 -271.26 35 437 30.40 -117.01
1.283581 0.845499 -8.841974
163 149 98
9 29 175 175.33 138.98 30 178 142.88 102.83 31 164 198.01 60.07 32 215 225.23 -13.84 33 222 267.01 -95.19 34 490 242.93 -119.08 36 509 109.53 -254.86 35 269 191.39 -101.66 37 238 260.45 -166.47
1.958427 1.022707 -9.333348
154 162 140
9 29 176 242.49 151.19 30 182 208.82 119.26 31 826 264.52 78.95 32 579 291.51 8.48 33 557 334.70 -70.59 34 476 311.85 -93.09 36 495 185.01 -225.91 35 434 262.86 -73.83 37 559 328.61 -136.67
1.762932 0.765955 -8.957616
102 114 75
5 29 178 226.53 127.06 30 181 191.76 93.13 31 179 246.62 48.17 33 237 312.98 -107.57 34 199 288.91 -130.20
-0.190157 0.342648 -7.710742
173 158 118
3 29 181 13.91 96.19 30 199 -17.64 50.34 31 187 37.12 -1.34
-0.190520 0.342927 -7.721479
173 158 118
2 29 182 13.91 96.19 30 200 -17.64 50.34
0.797857 0.369926 -8.117973
170 162 90
6 29 188 128.25 93.02 30 206 93.17 50.30 31 855 147.10 -0.73 32 630 172.47 -78.21 33 596 212.09 -163.33 34 512 182.68 -192.37
0.857954 0.508818 -8.292883
143 99 70
2 29 189 134.07 107.68 30 1068 99.20 66.33
0.857954 0.508818 -8.292883
143 99 70
2 29 190 134.07 107.68 30 1069 99.20 66.33
0.054671 0.193034 -7.632544
72 77 62
3 29 199 43.71 77.96 30 202 10.12 30.80 31 867 64.02 -22.97
0.569587 0.176697 -7.809782
139 103 64
