# Bundle file v0.3
60 6054
0 0 0
0 0 0
0 0 0
0 0 0
0 0 0
0 0 0
0 0 0
0 0 0
0 0 0
0 0 0
0 0 0
0 0 0
0 0 0
0 0 0
0 0 0
0 0 0
0 0 0
0 0 0
0 0 0
0 0 0
0 0 0
0 0 0
0 0 0
0 0 0
0 0 0
0 0 0
0 0 0
0 0 0
0 0 0
0 0 0
0 0 0
0 0 0
0 0 0
0 0 0
0 0 0
0 0 0
0 0 0
0 0 0
0 0 0
0 0 0
0 0 0
0 0 0
0 0 0
0 0 0
0 0 0
0 0 0
0 0 0
0 0 0
0 0 0
0 0 0
0 0 0
0 0 0
0 0 0
0 0 0
0 0 0
0 0 0
0 0 0
0 0 0
0 0 0
0 0 0
0 0 0
0 0 0
0 0 0
0 0 0
0 0 0
0 0 0
0 0 0
0 0 0
0 0 0
0 0 0
0 0 0
0 0 0
0 0 0
0 0 0
0 0 0
0 0 0
0 0 0
0 0 0
0 0 0
0 0 0
0 0 0
0 0 0
0 0 0
0 0 0
0 0 0
0 0 0
0 0 0
0 0 0
0 0 0
0 0 0
0 0 0
0 0 0
0 0 0
0 0 0
0 0 0
0 0 0
0 0 0
0 0 0
0 0 0
0 0 0
0 0 0
0 0 0
0 0 0
0 0 0
0 0 0
0 0 0
0 0 0
0 0 0
0 0 0
0 0 0
0 0 0
0 0 0
0 0 0
0 0 0
0 0 0
0 0 0
0 0 0
0 0 0
0 0 0
0 0 0
0 0 0
0 0 0
0 0 0
0 0 0
0 0 0
0 0 0
0 0 0
0 0 0
0 0 0
0 0 0
0 0 0
0 0 0
0 0 0
0 0 0
0 0 0
0 0 0
0 0 0
0 0 0
0 0 0
0 0 0
0 0 0
0 0 0
0 0 0
0 0 0
0 0 0
0 0 0
0 0 0
0 0 0
0 0 0
0 0 0
1.6969994810e+003 6.5988959165e-002 -1.5670049542e-001
9.5925594631e-001 -2.6386811531e-001 -1.0100320382e-001
2.6621341908e-001 7.2434832086e-001 6.3596377693e-001
-9.4649062137e-002 -6.3694044289e-001 7.6508066715e-001
-8.0804341915e-001 5.9784853693e+000 -1.2764183088e+000
1.6976289011e+003 6.9786652672e-002 -1.5573738043e-001
9.6979178608e-001 -2.2638437666e-001 -9.0851558402e-002
2.3758479153e-001 7.9217056117e-001 5.6215591151e-001
-5.5293385610e-002 -5.6675913404e-001 8.2202598833e-001
-6.8308256521e-001 5.3043815077e+000 -1.4035218845e+000
1.6941064741e+003 5.3193068966e-002 -1.1491139706e-001
9.7701270296e-001 -2.0791019399e-001 -4.7111882776e-002
2.0358592642e-001 8.4441351279e-001 4.9549832490e-001
-6.3237242423e-002 -4.9369947402e-001 8.6733031800e-001
-7.7574552729e-001 4.4736472354e+000 -7.1826124286e-001
0 0 0
0 0 0
0 0 0
0 0 0
0 0 0
1.6996079596e+003 3.7375864886e-002 -7.1078751813e-002
9.8545633167e-001 -1.6680209657e-001 -3.2448096240e-002
1.6586890388e-001 9.0272103218e-001 3.9696630183e-001
-3.6923232483e-002 -3.9657508575e-001 9.1725943782e-001
-5.8117116543e-001 3.4856947779e+000 -4.5905133213e-001
1.7015763385e+003 4.3476763717e-002 -9.6876872269e-002
9.9076428499e-001 -1.3375997192e-001 -2.2235141210e-002
1.3414240041e-001 9.4293702445e-001 3.0475495784e-001
-1.9797676711e-002 -3.0492300311e-001 9.5217121053e-001
-4.2318999211e-001 2.5455798857e+000 -2.8930358164e-001
1.6971023470e+003 6.6937442431e-002 -1.5873125786e-001
9.9661381000e-001 -8.1224642042e-002 -1.2785587032e-002
8.2162127886e-002 9.7767272054e-001 1.9340485066e-001
-3.2091201064e-003 -1.9380043612e-001 9.8103572438e-001
-8.2897773982e-002 1.8495847675e+000 1.1079941658e-002
1.7023726128e+003 2.5024469868e-002 -3.2474376855e-002
9.9896452344e-001 -4.5243339302e-002 4.7876043547e-003
4.4298650774e-002 9.9125747261e-001 1.2428295352e-001
-1.0368724428e-002 -1.2394217702e-001 9.9223526762e-001
-4.3548982458e-002 1.4300469688e+000 -1.3915355178e-002
1.6922302703e+003 5.6156861112e-002 -1.2498161433e-001
9.9997823696e-001 -4.5453024127e-004 6.5817172075e-003
5.0929113376e-004 9.9996525128e-001 -8.3208684576e-003
-6.5777064149e-003 8.3240393804e-003 9.9994372049e-001
-3.9991278546e-003 -3.4061528944e-002 -1.0858958234e-001
1.6894015824e+003 4.9543489843e-002 -9.4504714324e-002
9.9927789868e-001 3.5725451200e-002 1.2937284784e-002
-3.4567424075e-002 9.9613368752e-001 -8.0763666174e-002
-1.5772583613e-002 8.0258138015e-002 9.9664931490e-001
-1.4180244815e-001 -9.4426645239e-001 -4.4924772895e-001
1.6851357660e+003 6.1185052890e-002 -1.1207909921e-001
9.9693064119e-001 7.7086345859e-002 1.3674499921e-002
-7.3432705220e-002 9.8127076632e-001 -1.7808795853e-001
-2.7146536981e-002 1.7653718716e-001 9.8391955315e-001
-7.4104539318e-002 -1.7626025776e+000 -4.0940972163e-001
1.6885366768e+003 5.3103422897e-002 -1.1240524793e-001
9.9319502303e-001 1.1643452885e-001 -2.5781230998e-003
-1.1244788503e-001 9.5295609097e-001 -2.8147852818e-001
-3.0316981700e-002 2.7985297777e-001 9.5956406324e-001
-1.5601453307e-001 -2.7943620618e+000 -6.0466725708e-001
1.6807380882e+003 7.1268440738e-002 -1.6137526427e-001
9.8676004249e-001 1.6203684823e-001 -6.9769873650e-003
-1.5237629140e-001 9.1147805356e-001 -3.8208536180e-001
-5.5552536920e-002 3.7808969531e-001 9.2410069686e-001
-2.5028219888e-001 -3.4434141416e+000 -1.3324272345e+000
1.6828047155e+003 6.2669000371e-002 -1.3342374499e-001
9.7879123436e-001 2.0451914134e-001 -1.1816952579e-002
-1.8755793467e-001 8.7142979459e-001 -4.5324621813e-001
-8.2399882788e-002 4.4584978853e-001 8.9130703205e-001
-5.0980080389e-001 -4.2726933665e+000 -1.5737059403e+000
0 0 0
0 0 0
0 0 0
0 0 0
0 0 0
1.6817708238e+003 6.9045619108e-002 -1.5947096538e-001
9.7178945514e-001 2.3405387004e-001 -2.9052380418e-002
-2.1248094324e-001 8.1537217545e-001 -5.3853510959e-001
-1.0235772393e-001 5.2951581791e-001 8.4210206919e-001
-6.0142435963e-001 -4.9118837339e+000 -1.8909460863e+000
1.6788594887e+003 7.2022019985e-002 -1.4498136891e-001
9.6053625522e-001 2.7538881853e-001 -3.9129286286e-002
-2.4441205120e-001 7.6846450795e-001 -5.9137555686e-001
-1.3278874818e-001 5.7760133193e-001 8.0544636675e-001
-5.9058966998e-001 -5.0562407815e+000 -1.5732287799e+000
1.6790744380e+003 6.9936848595e-002 -1.3975719798e-001
9.4833566111e-001 3.1086551228e-001 -6.3420084625e-002
-2.7065572346e-001 6.8837812095e-001 -6.7296436901e-001
-1.6554441464e-001 6.5536111868e-001 7.3695105055e-001
-8.5803563802e-001 -5.9426959776e+000 -2.5096682836e+000
1.6746214381e+003 6.9413039915e-002 -1.4665760984e-001
9.3793095159e-001 3.3087487088e-001 -1.0395840453e-001
-2.9389335324e-001 5.9909107759e-001 -7.4479297639e-001
-1.8415272730e-001 7.2911706919e-001 6.5914798980e-001
-1.3799321744e+000 -6.7271205036e+000 -3.4053054747e+000
1.6763183195e+003 5.8032956092e-002 -1.0126456937e-001
9.2020337669e-001 3.6484819571e-001 -1.4181516000e-001
-3.2614022398e-001 5.1426165674e-001 -7.9320079596e-001
-2.1646778011e-001 7.7615767889e-001 5.9221698530e-001
-1.7219949036e+000 -6.9506955473e+000 -4.0537245255e+000
1.6731580892e+003 6.8532340752e-002 -1.3639861618e-001
9.0900955506e-001 3.7900936615e-001 -1.7335953732e-001
-3.3444201924e-001 4.1513155786e-001 -8.4605810996e-001
-2.4869693319e-001 8.2705361981e-001 5.0411521043e-001
-1.8066281086e+000 -7.6024787274e+000 -5.0467865723e+000
1.6749736873e+003 5.8887778654e-002 -1.1586955649e-001
8.9370950725e-001 3.9603126954e-001 -2.1081401803e-001
-3.5654207440e-001 3.4172435173e-001 -8.6954138292e-001
-2.7232529415e-001 8.5228146817e-001 4.4660411237e-001
-2.2085850897e+000 -7.6145457501e+000 -5.8098820700e+000
1.6798169839e+003 5.4819953585e-002 -1.0450261253e-001
8.7766496589e-001 4.1153504379e-001 -2.4564835717e-001
-3.6708123640e-001 2.4766559204e-001 -8.9661202334e-001
-3.0814862248e-001 8.7709786355e-001 3.6843420609e-001
-2.2839204344e+000 -8.2851292653e+000 -6.3953090983e+000
1.6741478946e+003 5.4988283091e-002 -9.9777151305e-002
8.6017054894e-001 4.2576688694e-001 -2.8076535528e-001
-3.5501088086e-001 1.0461502523e-001 -9.2899029649e-001
-3.6616103181e-001 8.9876484938e-001 2.4113864126e-001
-2.7946137837e+000 -8.1170430368e+000 -7.3762447252e+000
1.6820799334e+003 4.2399903340e-002 -7.4641852352e-002
8.3813971781e-001 4.3719722106e-001 -3.2616008848e-001
-3.6073141568e-001 -4.2387658973e-003 -9.3266010883e-001
-4.0913892404e-001 8.9935567089e-001 1.5415809443e-001
-3.3409425224e+000 -8.4717767324e+000 -8.1560772555e+000
0 0 0
0 0 0
0 0 0
0 0 0
0 0 0
1.6749489248e+003 5.9735712334e-002 -1.1775417918e-001
8.2263841126e-001 4.4289000702e-001 -3.5653118517e-001
-3.5678172882e-001 -8.6129951409e-002 -9.3020880960e-001
-4.4268819987e-001 8.9242930989e-001 8.7161255991e-002
-3.5169807548e+000 -8.2686284594e+000 -8.6841725798e+000
0 0 0
0 0 0
0 0 0
0 0 0
0 0 0
0 0 0
0 0 0
0 0 0
0 0 0
0 0 0
0 0 0
0 0 0
0 0 0
0 0 0
0 0 0
4.4278958284e-001 -1.0681344383e+000 -8.9531006824e+000
160 41 54
6 38 613 70.7800 -191.9800 39 693 27.3100 -232.0200 37 1585 78.8101 -140.2000 35 1638 71.1100 -226.7700 32 1946 63.3500 -165.1100 31 1604 166.4200 -96.8700
-1.9318033842e-001 -9.3514746111e-001 -8.4566998020e+000
155 152 136
10 38 1931 -53.0700 -177.4100 39 1694 -93.6700 -223.7300 40 1457 -90.6300 -220.0700 37 2108 -48.6300 -113.7100 35 2396 -63.1400 -197.9400 36 2147 -20.3700 -149.8600 32 2369 -80.9800 -121.7700 34 2192 -73.0500 -162.1400 30 2268 29.5800 -30.5700 31 2031 27.0000 -50.6000
-6.6539576440e-001 -1.0645422626e+000 -8.4832435103e+000
27 56 41
10 38 2120 -143.1600 -202.3700 39 1902 -179.1500 -244.1400 40 1919 -175.9900 -237.4100 37 2199 -142.8200 -144.5600 35 2398 -159.2400 -240.6700 36 2261 -115.3800 -184.7900 32 2317 -182.5700 -173.6300 34 2205 -171.4900 -208.7800 30 2277 -75.1300 -88.3800 31 1983 -70.1600 -101.7100
-1.5948558112e-001 -8.5604601824e-001 -8.3664932595e+000
31 60 43
9 38 1511 -43.2600 -164.1300 39 618 -80.8100 -212.8800 37 1776 -41.3100 -96.7000 35 2104 -60.2600 -177.6300 36 1779 -14.2400 -130.9500 32 2197 -81.5700 -96.2800 34 1957 -70.7900 -138.6800 30 2134 25.1100 -1.1700 31 1870 24.1900 -24.9000
-1.7255500161e-001 -6.8808200031e-001 -8.1576958869e+000
159 170 103
10 38 1918 -47.9100 -134.0000 39 1885 -87.3800 -188.7200 40 1905 -81.5300 -190.9800 37 2079 -47.1900 -58.3400 35 2241 -69.7200 -133.1100 36 2126 -20.6600 -89.9600 32 2190 -94.7400 -41.9700 34 2082 -82.3500 -89.6600 30 2129 8.4300 59.7000 31 1855 10.7000 29.4200
5.3016271758e-001 -8.8903364454e-001 -8.7124333296e+000
166 45 48
10 38 1514 89.5200 -163.1100 39 1461 45.2900 -209.5400 40 1139 50.1300 -206.9800 41 639 54.9300 -229.4300 37 1548 96.4500 -101.7200 35 1890 84.4100 -178.6200 36 1797 127.0400 -134.1000 32 1895 72.1300 -105.3900 34 1760 77.3000 -144.7600 31 1576 172.6700 -35.7300
-1.5948558112e-001 -8.5604601824e-001 -8.3664932595e+000
31 60 43
9 38 1512 -43.2600 -164.1300 39 619 -80.8100 -212.8800 37 1777 -41.3100 -96.7000 35 2105 -60.2600 -177.6300 36 1780 -14.2400 -130.9500 32 2198 -81.5700 -96.2800 34 1958 -70.7900 -138.6800 30 2135 25.1100 -1.1700 31 1871 24.1900 -24.9000
6.3240195775e-001 -6.5896329757e-001 -8.4419803887e+000
165 34 44
9 38 1723 113.1600 -122.7100 39 1681 68.0000 -177.5900 37 1942 118.5000 -49.8700 35 2089 100.1100 -118.5600 36 1970 147.6600 -78.9900 32 2068 82.1700 -30.3000 34 1938 90.8300 -75.9500 30 2005 190.1100 69.7900 31 1742 179.7300 40.0100
1.0519880982e+000 -1.0299146078e+000 -9.1345189692e+000
144 86 82
8 38 1175 180.3900 -181.1400 39 1151 132.9500 -222.5600 37 1552 192.5699 -129.2000 35 1915 188.2000 -209.0600 36 1538 226.0900 -162.2800 32 2094 185.0601 -146.6600 34 1785 185.5699 -179.5700 30 2040 307.6700 -65.7400
-5.2378030071e-001 -4.3141534679e-001 -7.7829166588e+000
137 145 66
10 38 1888 -124.5800 -86.6100 39 1872 -160.3500 -148.7600 40 1892 -151.9500 -156.9300 37 2064 -129.6300 2.0000 35 2229 -160.6000 -69.1400 36 2111 -105.8300 -28.3600 32 2291 -195.1600 34.9500 34 2182 -176.4700 -17.4800 30 2204 -101.3800 142.1500 31 1955 -87.6800 104.2700
-3.2989327962e-001 -3.1058860911e-001 -7.7801204166e+000
159 162 24
13 38 1441 -82.9100 -60.2900 39 1051 -119.5400 -126.1800 40 527 -110.4500 -136.5900 41 538 -103.6400 -179.5000 42 509 -112.1900 -136.7800 43 514 -157.6000 -186.2000 37 988 -87.0600 31.1200 35 1490 -119.7700 -36.6500 36 1399 -64.2000 2.8100 32 1448 -155.2300 67.5700 34 1410 -137.0200 13.9100 30 1438 -62.3500 174.8700 31 1193 -50.9700 135.0200
2.5399715050e-002 -1.9050553301e-001 -7.8401133893e+000
29 57 34
11 38 1877 -7.4800 -34.1900 39 1664 -44.3800 -102.5400 40 1680 -34.2800 -114.7500 42 1012 -37.3000 -121.3300 37 1911 -10.0900 58.5700 35 2223 -44.6300 -4.6000 36 1927 13.0200 32.7900 32 2166 -78.5700 99.1700 34 2066 -61.3900 45.9600 30 2108 13.4700 204.8300 31 1710 20.7200 164.4700
-2.6721388913e-003 -3.4290733891e-001 -7.9368181725e+000
22 56 37
10 38 1705 -12.8500 -65.5700 39 1402 -51.1500 -129.8900 40 1429 -41.6600 -139.4700 37 1729 -14.4700 22.4300 35 2068 -45.0700 -43.4000 36 1942 8.9500 -4.8400 32 2053 -76.0600 57.3100 34 1906 -60.6900 5.5800 30 1979 19.0600 162.7200 31 1718 24.5800 124.7900
-2.6721388913e-003 -3.4290733891e-001 -7.9368181725e+000
22 56 37
10 38 1704 -12.8500 -65.5700 39 1401 -51.1500 -129.8900 40 1428 -41.6600 -139.4700 37 1728 -14.4700 22.4300 35 2069 -45.0700 -43.4000 36 1943 8.9500 -4.8400 32 2054 -76.0600 57.3100 34 1907 -60.6900 5.5800 30 1980 19.0600 162.7200 31 1719 24.5800 124.7900
-5.9894775698e-001 -3.9105444079e-001 -7.7269618654e+000
29 60 41
11 38 1715 -141.1600 -78.3900 39 1668 -176.5200 -142.3000 40 1688 -168.6200 -151.3900 41 1354 -161.6100 -193.2500 42 1039 -165.9300 -148.0000 37 1921 -147.0600 12.4800 35 2067 -179.8300 -58.6600 36 1940 -124.4300 -17.6800 34 1911 -197.7700 -7.8900 30 1990 -123.7400 153.9200 31 1723 -107.7700 114.6400
-3.9234819381e-001 -4.9553877114e-001 -7.8787365254e+000
147 144 43
12 38 1716 -95.5700 -98.1400 39 1429 -132.2800 -158.9900 40 1437 -124.8000 -166.7500 41 1370 -118.6500 -205.9500 42 1041 -127.6800 -158.1400 37 1473 -98.4100 -12.8000 35 1836 -127.0400 -84.0500 36 1751 -74.3100 -42.5000 32 1816 -159.2600 16.7400 34 1693 -143.0200 -35.1100 30 1789 -63.0200 122.9200 31 1515 -53.0400 87.4900
2.4881263363e+000 -1.2418037057e-001 -8.8046531877e+000
193 141 109
9 38 1427 460.9000 -16.3300 39 1032 407.8199 -80.4200 37 1410 468.4200 62.7500 35 1473 442.9500 15.6000 36 1380 498.9100 45.5400 32 1788 421.1899 103.0400 34 1677 431.9301 57.1700 30 1751 521.8700 199.3600 31 1474 501.1899 165.6800
-9.2152829452e-001 -5.0772996024e-001 -7.6781652268e+000
23 50 23
10 38 1481 -213.2800 -104.1900 39 526 -247.6200 -165.8200 40 571 -240.9000 -173.1800 37 1466 -221.0100 -15.2300 35 1833 -250.5900 -90.8400 36 1429 -198.3700 -48.1900 32 1813 -288.5400 13.0100 34 1703 -269.9500 -40.5300 30 1782 -196.0500 122.0300 31 1511 -174.6200 84.5200
3.7180318073e+000 -1.5441177646e-001 -9.3418563579e+000
134 48 51
13 38 1703 656.2900 -18.7800 39 1398 594.5200 -82.5300 40 1399 608.7100 -91.2600 41 1332 617.8000 -127.5800 42 1005 571.4000 -95.9500 43 1023 528.3600 -143.0800 37 1914 667.3700 51.5000 35 1803 646.9600 9.4200 36 1717 702.5800 37.4800 32 2045 631.2300 89.3000 34 1683 639.3900 47.9500 30 1985 737.1801 179.8100 31 1499 707.7400 151.5700
3.2406475507e+000 -5.6447153842e-001 -9.5134821699e+000
195 134 114
10 38 1018 559.4000 -90.8100 39 1090 500.1801 -144.0800 40 547 508.5699 -147.2000 37 1479 575.7600 -30.3600 35 1530 567.7400 -84.0900 36 1446 613.7100 -50.7400 32 1843 564.8000 -11.1000 34 1715 565.8400 -48.8800 30 1822 684.7000 76.8100 31 1540 649.0000 51.7500
-6.5401508428e-001 -7.1376230333e-001 -7.9834500322e+000
30 67 35
9 38 1914 -148.8600 -142.9400 39 1894 -184.7400 -196.6800 37 2077 -151.9600 -64.9200 35 2238 -177.3900 -144.6800 36 2124 -126.8300 -98.7900 32 2300 -208.5300 -51.3400 34 2088 -192.2800 -99.6700 30 2219 -109.6300 52.2700 31 1966 -97.4400 22.1700
-3.2972394370e-001 -3.1084785682e-001 -7.7794359343e+000
159 162 24
12 38 1440 -82.9100 -60.2900 39 1050 -119.5400 -126.1800 40 526 -110.4500 -136.5900 41 537 -103.6400 -179.5000 42 508 -112.1900 -136.7800 37 987 -87.0600 31.1200 35 1489 -119.7700 -36.6500 36 1398 -64.2000 2.8100 32 1447 -155.2300 67.5700 34 1409 -137.0200 13.9100 30 1437 -62.3500 174.8700 31 1192 -50.9700 135.0200
1.4801938594e+000 -1.2962736558e-001 -8.4132037155e+000
186 128 109
11 38 1690 282.3300 -17.4500 39 1382 233.0601 -84.9500 40 1391 246.3000 -96.7200 42 1016 227.5601 -105.0500 43 1011 184.8199 -155.8100 37 1700 285.0900 66.1500 35 1795 255.8800 11.8200 36 1704 312.3600 46.0400 32 1769 230.6400 103.8000 34 1659 243.4500 57.8100 31 1464 316.5900 167.0600
-3.1545731515e-001 -7.0498173082e-001 -8.0921298478e+000
125 139 68
9 38 1917 -77.1400 -138.8000 39 1680 -114.6700 -193.5400 37 1940 -77.9000 -61.6200 35 2239 -100.9000 -137.9500 36 1967 -51.9600 -93.9000 32 2189 -128.1600 -45.1200 34 2081 -114.7600 -92.9300 30 2128 -26.3600 58.1400 31 1863 -21.1000 26.8100
-4.6204793124e-001 -3.6081539273e-001 -7.7530290718e+000
26 56 27
9 38 1461 -112.1600 -71.2300 39 1425 -148.6800 -136.1400 37 1448 -118.3100 19.7900 35 1820 -148.9100 -49.5100 36 1736 -93.4100 -9.2900 32 2049 -183.1700 54.8600 34 1687 -165.9500 1.4000 30 1977 -89.8900 162.8600 31 1503 -77.9900 123.6100
-4.6204793124e-001 -3.6081539273e-001 -7.7530290718e+000
26 56 27
9 38 1462 -112.1600 -71.2300 39 1426 -148.6800 -136.1400 37 1449 -118.3100 19.7900 35 1821 -148.9100 -49.5100 36 1737 -93.4100 -9.2900 32 2050 -183.1700 54.8600 34 1688 -165.9500 1.4000 30 1978 -89.8900 162.8600 31 1504 -77.9900 123.6100
3.3977757414e+000 -5.2488970864e-003 -9.0913149428e+000
196 137 107
10 38 2331 616.2700 7.0700 39 2305 558.2400 -61.8900 40 2332 574.3900 -73.2000 41 2137 584.5500 -111.6500 37 2315 623.5800 82.8800 35 2587 595.9800 44.0600 36 2399 655.8400 70.8000 34 2349 583.5800 84.6600 30 2335 669.3400 217.8400 31 2090 646.8000 185.6700
3.9104973829e+000 -1.6628356799e-001 -9.4259946193e+000
194 139 93
10 38 377 684.7800 -20.4500 39 428 622.6801 -83.2900 40 469 636.3101 -92.2800 37 1007 696.2100 48.2000 35 1480 677.3000 6.7200 36 921 732.5000 34.5000 32 962 662.3199 86.6900 34 909 670.0699 44.8600 30 913 768.4700 176.7900 31 738 738.4000 147.7400
1.6973892202e+000 -1.7340390575e-001 -8.5375967971e+000
190 125 105
12 38 1693 320.5601 -25.8500 39 1384 270.4100 -91.3300 40 1412 284.4100 -101.8500 41 1343 291.6600 -143.5100 42 1020 260.9000 -108.9600 37 1713 324.9900 56.0000 35 2056 297.5800 2.5200 36 1708 353.7900 35.8300 32 1803 275.0200 91.9000 34 1663 286.0601 45.0300 30 1735 374.5100 189.2200 31 1488 360.0100 153.9600
2.4881263363e+000 -1.2418037057e-001 -8.8046531877e+000
193 141 109
9 38 1426 460.9000 -16.3300 39 1033 407.8199 -80.4200 37 1409 468.4200 62.7500 35 1474 442.9500 15.6000 36 1381 498.9100 45.5400 32 1789 421.1899 103.0400 34 1678 431.9301 57.1700 30 1752 521.8700 199.3600 31 1475 501.1899 165.6800
3.2517888539e+000 -2.3005814725e-001 -9.1940523996e+000
139 96 84
11 38 1436 581.2500 -33.6900 39 1396 522.2900 -95.1400 40 1417 534.7800 -104.1800 41 1052 542.4900 -140.3900 37 1720 592.2800 37.7000 35 1812 573.1400 -6.9700 36 1728 627.0400 22.1400 32 1805 558.2100 74.7200 34 1681 565.7300 32.2200 30 1771 665.3400 167.4700 31 1496 636.8700 137.1800
-6.5485461312e-001 -3.6802477312e-001 -7.6987221056e+000
135 136 74
10 38 1713 -153.8500 -73.1400 39 1422 -188.2900 -138.8500 40 1427 -178.9900 -147.3500 37 1726 -160.6000 17.6400 35 1818 -193.5200 -53.8100 36 1735 -137.9900 -12.2800 32 2047 -231.4200 51.3600 34 1686 -212.0000 -3.4300 30 1976 -139.6000 159.4100 31 1501 -122.1000 119.3200
7.7649704711e-001 -3.4446002725e-001 -8.2595181267e+000
174 114 81
13 38 1884 145.0699 -62.5600 39 1868 99.7900 -125.6400 40 1897 110.0000 -134.1700 41 1760 116.3800 -172.3400 42 1530 94.9500 -131.6800 43 1316 50.6500 -179.5100 37 1731 147.8800 19.4600 35 2071 121.6200 -40.7900 36 1741 174.6500 -5.0800 32 2056 97.1100 54.4100 34 1909 109.4900 5.2100 30 1982 196.2400 156.7800 31 1507 189.6899 120.8700
3.2153934459e+000 -6.1757930076e-001 -9.5565666830e+000
188 126 107
8 38 1020 553.1801 -99.7500 39 503 493.0800 -151.6000 37 1513 568.9800 -41.5600 35 1532 563.1700 -95.4600 36 1443 607.5601 -62.0700 34 1444 561.8700 -62.7000 30 1823 684.1300 62.3500 31 1262 647.2600 38.8000
-1.0478862398e-001 -4.8395673396e-001 -8.0033607094e+000
150 152 62
9 38 1718 -32.5500 -93.9100 39 1670 -72.3900 -155.4000 37 1930 -34.8900 -10.6900 35 2079 -62.4700 -79.7100 36 1958 -9.5700 -39.3200 32 2177 -92.2600 17.7500 34 2074 -77.2500 -33.0000 30 2120 5.7200 122.6100 31 1850 10.7200 87.0300
-1.0175975886e-001 -4.8372561216e-001 -8.0036746089e+000
150 152 62
12 38 1717 -32.5500 -93.9100 39 1669 -72.3900 -155.4000 40 1430 -62.8500 -161.8000 41 1088 -56.1500 -199.5500 42 515 -68.6400 -153.4800 37 1929 -34.8900 -10.6900 35 2078 -62.4700 -79.7100 36 1957 -9.5700 -39.3200 32 2178 -92.2600 17.7500 34 2073 -77.2500 -33.0000 30 2119 5.7200 122.6100 31 1851 10.7200 87.0300
1.1021738139e+000 -5.8211683250e-001 -8.5582535340e+000
17 56 92
10 38 1900 202.8600 -106.4800 39 1874 154.5400 -162.6000 40 1701 162.8199 -167.9000 37 1932 210.3600 -32.3400 35 2083 192.7700 -95.2800 36 1963 240.3800 -58.5300 32 2070 176.6100 -7.4100 34 1931 184.2800 -52.7400 30 2125 284.9900 91.8200 31 1732 270.1300 60.8000
-7.3227281565e-001 -1.0410580415e+000 -8.3787363926e+000
143 154 67
9 38 1539 -156.5800 -201.1200 39 1174 -190.9800 -243.8500 37 1977 -158.2200 -140.5700 35 2120 -176.2800 -233.9000 36 2011 -131.4000 -180.1800 32 2214 -201.9700 -161.8200 34 2103 -190.1600 -199.1100 30 2234 -98.4300 -73.1700 31 1889 -88.5400 -89.4800
-5.8893310450e-001 -9.5950850682e-001 -8.2911832920e+000
114 137 124
8 38 2114 -130.4100 -187.0400 39 2071 -166.0200 -232.6300 37 2190 -130.9700 -121.2000 35 2391 -149.7200 -208.5300 36 2251 -104.7000 -158.9400 32 2366 -175.1800 -129.5100 34 2266 -162.7800 -170.5000 31 2028 -64.1500 -57.1300
-2.9434316613e-001 -9.7973155978e-001 -8.4953055142e+000
35 58 41
10 38 2118 -70.1600 -185.9800 39 1904 -108.6400 -230.3900 40 1713 -103.9700 -225.2000 37 2194 -67.6900 -124.7000 35 2395 -83.4100 -211.7500 36 2255 -39.4400 -161.6200 32 2371 -103.1600 -139.7200 34 2199 -94.1400 -177.2500 30 2271 5.9200 -51.2800 31 2033 5.0500 -68.6300
1.1703892974e+000 -1.1614321885e-002 -8.1684678628e+000
17 85 134
11 38 2288 227.6100 6.1800 39 2260 180.8000 -65.8900 40 2277 193.7300 -81.9000 41 2087 201.3000 -129.8900 37 2261 227.9600 97.6300 35 2518 194.2500 43.9100 36 2350 253.0601 77.0500 32 2390 163.5500 141.5600 34 2298 179.3800 91.5000 30 2293 255.3900 240.2500 31 2057 249.4800 202.4000
4.8933931388e+000 2.0968177189e-001 -9.5946094064e+000
161 98 58
9 38 328 844.0500 45.6900 39 357 781.6300 -22.1500 37 954 850.9301 117.5700 35 893 822.6200 84.9200 36 887 884.2900 108.9800 32 881 796.7300 161.1500 34 859 809.8700 121.5600 30 851 889.9200 246.9000 31 693 863.6899 218.8100
4.3219274296e+000 1.4012916734e-001 -9.4009437739e+000
90 65 61
8 38 937 760.3400 33.3500 39 993 698.7300 -33.4900 37 1395 766.9700 106.3400 35 1425 738.9200 72.7300 32 904 713.5601 151.2300 34 1347 726.9700 109.6000 30 847 809.7700 238.4900 31 689 784.2800 208.7300
3.9848363364e+000 -7.5904462438e-004 -9.3334884813e+000
190 82 42
8 38 947 703.4000 8.9500 39 1009 641.4600 -56.8600 37 1413 712.9900 82.0700 35 1434 688.9600 43.5100 36 1347 748.0699 69.3200 32 1405 670.3300 124.7300 34 1368 679.0601 82.1600 30 1428 771.4600 214.3100
1.3922245668e+000 -6.9802499518e-002 -8.3334184281e+000
187 130 105
9 38 1409 267.5500 -6.8600 39 1378 219.4000 -75.2500 40 1388 233.2300 -87.5900 37 1400 269.1300 79.6000 36 1356 295.6100 59.4000 32 1766 210.1200 120.8000 34 1651 224.5699 72.4400 30 1727 304.7000 219.4600 31 1461 295.4100 183.4300
3.2521025719e+000 -2.2977316172e-001 -9.1948182860e+000
139 96 84
12 38 1435 581.2500 -33.6900 39 1395 522.2900 -95.1400 40 1418 534.7800 -104.1800 41 1051 542.4900 -140.3900 42 492 499.6500 -105.9800 37 1721 592.2800 37.7000 35 1813 573.1400 -6.9700 36 1729 627.0400 22.1400 32 1806 558.2100 74.7200 34 1682 565.7300 32.2200 30 1772 665.3400 167.4700 31 1497 636.8700 137.1800
4.3542776675e+000 -1.0350357664e-001 -9.5737367180e+000
185 162 144
9 38 984 751.8101 -9.5000 39 1044 689.0000 -71.8500 37 1437 763.6500 58.9600 35 1482 744.1300 20.3600 36 1394 800.0500 46.6000 32 1440 728.0699 97.6300 34 1402 736.4000 57.0500 30 1456 832.7800 185.9800 31 1188 801.9100 158.3300
2.6692966304e+000 8.7978941478e-002 -8.7589346857e+000
169 33 48
9 38 1872 499.1100 24.7100 39 1649 443.5000 -44.6700 37 1900 503.0500 106.7600 35 2048 470.9200 62.5300 36 2099 532.6801 91.0000 32 2030 443.5100 149.9800 34 1892 457.6500 104.7000 30 2104 538.5500 243.1700 31 1705 519.5601 210.3700
1.0397316968e+000 -2.3654916944e-001 -8.2890208795e+000
14 59 83
11 38 1443 197.6600 -40.3500 39 1406 150.4700 -105.6200 40 1409 162.7800 -115.7000 41 1340 169.6600 -157.2200 37 1709 200.2400 43.5700 35 1808 172.3000 -13.3300 36 1725 227.4800 21.2000 32 1798 146.6801 81.9300 34 1655 159.8300 32.2200 30 1756 244.1801 182.8000 31 1485 236.4700 146.8500
3.8239176786e-001 -6.4213246439e-001 -8.3068158287e+000
131 88 79
9 38 1492 64.7300 -122.1700 39 1446 21.5600 -178.2400 40 1098 28.5900 -182.1700 37 1494 68.4200 -46.1100 35 1857 47.8300 -114.7400 36 1473 96.4500 -75.2800 32 1832 27.0200 -23.5500 34 1727 37.1900 -70.9600 30 1805 132.7400 77.6200
-2.5730957093e-001 -6.4978302933e-001 -8.0371422868e+000
33 60 32
9 38 1896 -65.3200 -128.2300 39 1884 -103.3300 -185.9400 37 2078 -65.8900 -48.2500 35 2234 -90.5400 -121.2900 36 2125 -40.2900 -79.3300 32 2186 -118.7200 -25.1600 34 2079 -105.0400 -74.4100 30 2124 -17.7900 79.2800 31 1854 -13.0100 46.5500
2.3472502993e-001 -6.7263146541e-001 -8.3168258695e+000
161 107 104
7 38 2099 35.3800 -128.1300 39 1886 -5.6200 -180.4100 37 2081 37.6700 -55.4600 35 2235 17.9000 -127.1500 34 2084 5.9200 -84.2200 30 2217 101.7000 63.1200 31 1857 97.4600 33.3000
3.2894996920e+000 -1.1409385279e-001 -9.1212820382e+000
195 144 124
7 38 980 592.6500 -12.9800 39 423 533.7800 -76.8300 40 463 548.3700 -87.6700 41 482 558.4700 -126.0100 37 974 602.0500 61.2400 35 947 579.1000 18.9000 32 1436 560.3600 102.4800
-4.0386731333e-003 -1.3301681633e-001 -7.7910998243e+000
147 156 129
11 38 1876 -12.9600 -21.9000 39 1858 -51.6700 -91.1200 40 1679 -38.6000 -105.0000 41 1554 -31.0800 -151.1600 37 1904 -17.0000 71.9000 35 2051 -52.2100 9.4700 36 1926 6.0400 45.9500 32 2165 -88.9700 114.8400 34 2065 -70.8600 61.1500 30 2102 1.3800 220.7000 31 1709 10.1800 179.4200
4.4904888939e+000 2.9129380266e-001 -9.3983563986e+000
34 18 32
15 38 1679 790.5601 60.8700 39 1365 729.6700 -8.8200 40 1375 750.1100 -23.1600 41 1314 765.6700 -65.8200 42 972 715.3800 -44.6100 43 989 673.8500 -99.7800 45 448 686.8000 -94.8000 46 557 736.2900 -65.8100 37 1684 794.7300 136.0000 35 1780 762.2600 101.9400 36 1681 826.8500 126.6600 32 1385 732.6400 179.2600 34 1635 748.1300 139.1500 30 1390 823.3500 265.2100 31 1151 800.4900 236.2400
4.3910626599e+000 1.9378482863e-001 -9.4038224483e+000
184 159 142
10 38 1391 772.7000 43.0200 39 996 711.6000 -24.9500 40 1018 730.6000 -38.6900 37 1397 779.1500 117.7300 35 1424 748.1300 81.6400 36 1339 811.5900 107.2100 32 1388 721.2500 160.6400 34 1346 735.3300 119.4500 30 1408 815.0601 247.9400 31 1159 790.1899 218.9500
1.4151476386e+000 -1.6461549365e-001 -8.3878329448e+000
114 59 63
9 38 371 269.6300 -25.2100 39 395 221.3800 -91.8800 37 992 273.1400 58.6700 35 930 244.9000 5.2400 36 909 300.3500 37.8100 32 917 220.1600 99.1700 34 893 232.5100 50.4600 30 859 317.5900 198.9000 31 701 306.3199 163.0000
-2.8963945910e-001 -4.2905953035e-001 -7.8967859465e+000
24 53 30
10 38 1465 -72.3600 -84.3700 39 1078 -108.2900 -146.6400 40 530 -99.6100 -155.0700 37 1454 -74.6900 3.0900 35 1824 -105.9800 -67.4400 36 1740 -52.3100 -27.3000 32 2051 -139.8000 32.1900 34 1917 -123.4400 -20.0600 30 1993 -44.3800 138.0500 31 1725 -35.6100 100.3700
4.0146951178e+000 -6.7335498099e-001 -1.0016028305e+001
172 146 128
9 38 1506 661.5100 -104.4200 39 1437 598.2500 -151.9600 37 1773 681.1400 -52.6800 35 1874 681.1500 -106.8400 36 1773 722.8400 -72.8500 32 2077 686.2400 -43.9000 34 1942 682.1801 -77.2700 30 2020 813.9900 36.4700 31 1759 770.7700 16.8800
-4.1472081350e-001 -8.4447333739e-001 -8.2548569394e+000
28 55 40
9 38 1929 -96.9800 -164.1800 39 1691 -134.8500 -213.9500 37 2092 -96.9100 -94.5000 35 2387 -116.2300 -177.4400 36 2136 -69.6300 -129.6500 32 2305 -140.6100 -94.5200 34 2190 -128.5000 -137.5100 30 2262 -34.6400 1.5000 31 1970 -30.6600 -22.8000
3.5825996133e-001 -5.6708897670e-001 -8.2359285573e+000
173 156 133
12 38 1042 60.2300 -107.0600 39 1110 17.3200 -165.8800 40 596 24.3300 -171.9000 41 583 29.5600 -206.0900 42 521 11.2600 -159.7000 37 1046 63.3400 -28.9900 35 1519 41.2700 -95.8800 36 1007 90.6600 -56.9300 32 1491 18.3700 -3.1300 34 1434 29.7000 -51.5100 30 1488 121.4500 99.7100 31 1230 117.2400 66.4500
1.5078992365e+000 -9.3622341805e-001 -9.1589207915e+000
140 80 70
9 38 1119 262.2800 -163.5000 39 631 211.1000 -208.1900 37 1169 276.4399 -107.4300 35 1612 272.7900 -179.9800 36 1151 311.6899 -137.3600 32 1604 271.3900 -112.0200 34 1507 270.9100 -147.9100 30 1617 393.9100 -26.9800 31 1333 366.5200 -45.9000
-1.8505208950e-001 2.5355664536e-001 -7.5443538826e+000
160 158 137
14 38 2083 -52.0200 62.0800 39 1857 -87.9500 -15.7300 40 1883 -73.6500 -33.8800 41 1750 -62.9500 -88.8800 42 1514 -70.8400 -61.7200 43 1753 -113.3300 -123.3600 45 1229 -105.5700 -124.4700 37 1894 -62.9200 166.9800 35 2042 -106.3400 103.7700 36 1915 -42.8800 140.9100 32 2021 -150.9900 210.6700 34 1885 -127.9400 156.3900 30 1964 -68.3500 311.9700 31 1698 -51.3000 267.3000
4.9356965889e+000 8.5392747120e-002 -9.7065982749e+000
159 92 46
9 38 1404 840.8000 24.3000 39 1012 777.3700 -40.7800 37 1691 850.0300 92.2500 35 1789 827.8700 58.6500 36 1699 886.0400 83.0400 32 2032 806.9700 133.3200 34 1647 817.6899 93.9500 30 1973 904.4500 219.1800 31 1708 876.2900 191.7400
4.7239136538e+000 1.9660400491e-001 -9.5290030871e+000
183 100 52
10 38 2192 820.1801 44.3600 39 2046 757.5100 -24.6400 40 2165 776.6600 -38.3500 37 2156 827.4100 116.2600 35 2363 798.7000 83.1300 36 2214 860.8800 107.9700 32 2270 772.6100 159.5700 34 2168 786.0500 119.2500 30 2192 865.3800 247.1600 31 1943 840.9399 217.3500
2.9515786667e+000 7.7598280747e-002 -8.8677610250e+000
170 34 47
12 38 2193 545.1000 23.6300 39 2047 488.0200 -45.1900 40 2054 505.7200 -59.1700 41 1883 516.6000 -102.5500 43 1754 432.8000 -129.8600 37 2153 551.8600 104.1400 35 2362 519.9301 61.5600 36 2216 580.9200 89.7700 32 2274 496.5200 146.9700 34 2165 508.7600 103.4200 30 2250 592.6100 240.0900 31 1942 571.5400 206.7100
3.4715196273e+000 5.0299516929e-001 -9.0143485333e+000
22 20 44
19 38 1867 635.1600 102.0300 39 1854 580.4900 29.2900 40 1882 603.3101 14.9100 41 1743 621.3800 -30.7100 42 1736 580.7400 -11.7600 43 1747 541.7800 -69.5900 45 1387 556.9100 -67.5400 46 1551 607.2800 -35.0500 47 1334 568.3300 -84.1400 48 1312 520.8900 -127.2300 49 1384 505.5300 -115.9400 50 1177 517.8101 -154.5800 51 1018 483.5100 -135.9400 37 1895 633.7700 181.5100 35 1774 592.1300 139.5500 36 1914 660.3600 168.9900 32 1378 555.9800 216.0100 34 1628 574.9500 176.8300 31 1134 624.2800 269.0600
4.4039350255e+000 2.7194891131e-001 -9.3653334523e+000
37 17 19
10 38 938 777.8600 57.3500 39 994 716.7900 -12.2700 40 1010 736.6600 -26.6100 41 996 752.2100 -68.9700 37 1389 782.5000 132.6600 35 1414 750.0100 98.3600 36 1335 814.5300 123.2900 32 1383 720.5400 176.9500 34 1336 735.9000 136.0000 31 1148 788.2700 234.4600
4.4513783781e+000 2.4083655165e-001 -9.3953700189e+000
186 159 138
12 38 1390 784.1600 51.4400 39 1366 723.0100 -17.4400 40 1012 742.2000 -31.5600 41 997 757.4000 -73.8000 42 435 707.1899 -51.4100 43 477 663.8500 -105.9800 37 1390 789.4900 126.3500 35 1415 757.8300 92.1800 36 1338 822.0900 116.7800 32 1387 728.9200 170.8300 34 1339 744.1899 129.9600 31 1150 796.3600 228.6100
4.4268663961e+000 8.4852814264e-002 -9.4893374556e+000
190 173 145
8 38 1688 770.9500 23.8900 39 1653 707.8600 -41.8300 40 1670 725.0100 -54.0400 37 1689 779.7400 95.4900 35 1787 754.6801 59.3300 36 1694 813.7600 85.2800 32 1759 733.0800 136.9800 31 1161 803.6000 196.5100
3.2677201457e+000 -1.8085860674e-001 -9.1637952825e+000
199 145 114
8 38 1433 587.8500 -25.1200 39 1042 527.5500 -87.5100 37 1434 596.1600 47.6900 35 1479 575.0900 3.8600 36 1388 630.6300 32.1100 32 1456 558.5200 86.6100 34 1397 567.0500 43.2700 31 1205 636.4700 148.6500
3.8187351697e+000 -2.2705906412e-001 -9.4460183591e+000
193 129 58
8 38 375 666.3700 -32.1000 39 426 605.1100 -92.4600 37 1010 679.2800 36.3500 35 977 661.8600 -6.7700 36 942 716.0800 21.4900 32 1460 649.3800 71.6300 34 1399 656.0100 31.2700 31 1209 726.3400 132.6400
-3.0894331990e-001 -3.9802180703e-001 -7.8465048409e+000
174 163 47
8 38 1008 -77.9200 -77.8700 39 1076 -115.7800 -141.6200 41 539 -101.2200 -191.4300 37 1452 -80.9800 10.5500 36 1416 -57.5800 -18.2900 32 1471 -144.4400 43.5400 34 1416 -127.6900 -8.9500 31 1218 -40.3300 112.1200
1.3671616378e+000 -1.7242304009e-001 -8.3854924867e+000
187 128 110
7 38 1410 260.7200 -27.3100 39 1379 212.2600 -93.0000 35 1793 235.4900 2.6900 36 1705 291.2900 35.6200 32 1768 210.1700 95.1100 34 1658 223.0601 47.8900 31 1463 296.6100 160.3000
4.7810599317e+000 -6.5833237282e-002 -9.7887977826e+000
174 106 40
8 38 1402 806.4200 -2.2700 39 1374 742.3900 -63.2700 37 1706 820.1100 63.3400 35 1804 802.1600 24.9700 36 1719 856.5800 51.3200 32 1793 787.5200 97.4300 34 1685 795.0500 59.4400 31 1480 860.2900 156.9200
1.4656491538e+000 -1.8711580743e-001 -8.4364019004e+000
197 132 112
8 38 1411 278.7500 -28.9400 39 1383 229.2900 -95.3700 40 1410 241.6600 -106.3500 37 1710 282.0800 53.2600 35 1794 254.8400 -0.9900 36 1706 310.4399 31.8600 34 1660 242.9700 43.7700 31 1487 316.6100 155.8300
-5.3727302881e-002 -9.9717793287e-001 -8.6060591374e+000
33 63 19
8 38 1168 -22.1200 -186.7400 39 688 -61.5900 -230.2600 37 1546 -16.2200 -127.1900 35 1912 -32.0000 -213.5000 36 1795 10.4800 -163.6900 32 2092 -48.5200 -142.3700 34 1965 -41.0600 -179.5800 31 1774 57.2600 -72.0200
-5.3727302881e-002 -9.9717793287e-001 -8.6060591374e+000
33 63 19
8 38 1169 -22.1200 -186.7400 39 689 -61.5900 -230.2600 37 1547 -16.2200 -127.1900 35 1913 -32.0000 -213.5000 36 1796 10.4800 -163.6900 32 2093 -48.5200 -142.3700 34 1966 -41.0600 -179.5800 31 1775 57.2600 -72.0200
1.0454054973e+000 -7.3724714542e-001 -8.7083046108e+000
18 65 112
8 38 1730 188.2700 -134.6800 39 1682 140.7500 -185.2700 40 1442 147.5200 -186.4700 37 1944 197.0400 -67.0900 35 2098 183.5000 -135.9800 32 2193 171.7300 -52.7800 34 2086 177.2600 -95.8300 31 1864 267.1899 15.2000
1.6350924697e+000 5.6827965034e-001 -8.3261841520e+000
167 165 135
12 38 917 316.1300 121.1900 39 966 272.3500 45.8900 40 350 293.9700 31.6000 41 958 310.0300 -18.3700 42 384 286.3700 1.6800 43 411 248.4600 -58.2800 45 798 261.4900 -60.0500 47 928 274.3600 -77.7700 37 903 309.7800 209.9600 35 144 264.6200 154.5700 32 46 223.8199 236.7500 34 81 244.9700 195.6400
2.1025514886e+000 6.6493465664e-001 -8.5455164772e+000
164 91 90
16 38 1669 399.2200 137.1500 39 1635 353.9800 62.6900 40 1653 377.4301 48.8100 41 1528 397.0800 0.3000 43 1540 333.7200 -40.6900 45 1218 349.0300 -41.0200 47 1322 365.4700 -59.2600 48 1304 321.5601 -109.0300 49 1163 311.1600 -96.3000 50 916 331.9800 -143.9000 51 994 302.9600 -122.7200 37 1363 391.9200 221.5600 35 840 344.0800 167.4500 36 1309 412.9900 203.5300 32 50 303.1899 243.2400 34 811 324.4301 204.9700
2.5596149186e+000 -1.7912476304e-001 -8.8573398816e+000
186 129 102
8 38 970 471.9100 -25.8400 39 405 416.6300 -90.2700 40 443 429.5300 -100.5900 37 1000 480.3199 51.3300 35 936 456.3300 4.1700 36 910 511.5800 33.5900 32 949 437.2900 91.0300 34 895 447.0300 46.2500
4.0613681371e+000 -5.2404719683e-001 -9.8532865243e+000
188 153 126
8 38 1025 680.3600 -80.3200 39 509 617.0601 -132.8000 40 559 625.9100 -135.3200 37 1065 697.7800 -23.7100 35 1057 692.8700 -72.9700 36 1031 738.0800 -41.5400 32 1034 692.4600 -4.4700 34 1445 691.9301 -40.7300
3.9600037307e+000 -1.2112939257e-001 -9.4074376172e+000
104 37 11
8 38 378 694.8900 -12.8500 39 430 633.0800 -76.0800 40 472 646.7200 -86.2900 37 1011 706.0000 57.1800 35 953 685.1100 17.8800 36 922 741.4399 44.5200 32 1438 668.8700 96.9100 34 1400 677.5100 54.9900
-5.8503352522e-001 -5.6639627556e-001 -7.8397794943e+000
47 105 123
8 38 1038 -137.6300 -113.3300 39 1101 -172.5500 -174.3600 40 1082 -166.1900 -179.9800 41 1084 -160.3800 -218.4600 37 1470 -140.7500 -28.7800 35 1538 -169.2900 -102.1000 32 1484 -202.3400 -2.4700 34 1432 -185.1600 -54.2200
4.0894347000e+000 -4.3665758295e-001 -9.7739347224e+000
189 162 126
8 38 996 690.9100 -66.0000 39 1062 627.9800 -120.3400 40 517 637.0400 -125.1500 41 532 644.5000 -153.1000 37 1484 706.9500 -6.6400 35 1511 698.4200 -53.7800 36 1426 747.0100 -22.9300 32 1499 694.4900 16.9600
3.9378389584e+000 -8.2623410397e-001 -1.0174077255e+001
166 139 117
7 38 1078 638.2100 -127.6600 39 590 575.4000 -171.7900 37 1149 659.9100 -80.8100 35 1596 664.6899 -141.0700 36 1517 702.9600 -104.4300 32 1582 675.2500 -84.4700 34 1497 668.7400 -114.7000
3.9694682967e+000 7.8479184245e-002 -9.2846934562e+000
209 121 71
8 38 1401 706.6700 22.5000 39 1372 644.7700 -44.1200 40 1380 661.5100 -56.9000 37 1688 713.3199 97.5800 35 1786 685.8500 59.7300 36 1693 746.5500 85.4800 32 1758 662.3101 140.5900 34 1645 674.8700 98.5300
6.9178905824e-001 -8.1635667442e-001 -8.6318321007e+000
130 32 68
5 38 1515 121.3600 -150.5700 39 1148 74.3400 -201.0100 37 1782 129.9301 -84.0700 32 1883 103.4600 -76.2300 34 1748 109.3300 -118.2600
-5.2133926458e-001 -8.8471610213e-001 -8.2676770542e+000
150 153 39
7 38 1928 -117.3700 -172.2000 39 1690 -153.6700 -220.4500 37 1968 -117.5400 -104.3900 35 2253 -137.8100 -189.4400 36 1999 -91.4500 -140.4400 32 2207 -163.4100 -109.1600 34 2095 -150.9100 -151.2700
3.9034272516e+000 1.4214738173e-001 -9.2130633221e+000
186 92 29
9 38 2249 699.6300 33.7900 39 2216 639.3300 -33.5300 40 2163 656.9500 -47.6800 41 1979 670.1500 -89.1000 37 2222 705.9600 109.5300 35 2517 677.1100 74.0900 36 2302 738.1700 98.9800 32 2344 648.9301 157.0300 34 2251 661.6899 111.9600
9.0214081311e-001 -2.9270162335e-002 -8.0883379594e+000
102 22 57
8 38 2287 173.8700 1.0000 39 2261 130.2600 -69.7100 40 2276 144.4700 -84.0300 41 2047 153.9000 -130.5700 42 2061 133.1000 -97.7400 37 2304 172.8199 91.5100 35 2555 137.7700 36.4800 32 2428 105.1600 136.2800
3.6507988210e+000 2.0528516025e-001 -9.1151640116e+000
101 23 37
8 38 2330 658.4000 47.5400 39 2304 598.7400 -23.3000 40 2331 617.3101 -37.6300 37 2313 664.3000 125.0900 35 2586 633.9600 85.4400 36 2398 695.1400 113.0200 32 2446 608.2700 165.8500 34 2348 621.8800 124.1000
2.0589947350e+000 7.1139988930e-001 -8.5665706770e+000
93 29 30
5 38 899 390.5900 146.5400 39 941 345.2700 72.7500 37 894 383.2300 229.7100 35 122 335.9000 172.9100 34 82 315.6500 209.7100
3.1021733126e+000 6.0855898369e-001 -8.9113932568e+000
65 32 41
7 38 922 572.8500 122.3200 39 303 521.6700 49.3500 40 1364 543.4000 36.1200 42 1281 525.7600 8.5700 37 914 568.5900 202.3300 35 849 524.7100 155.8100 34 95 505.5200 192.1200
3.4004618359e+000 7.0758892362e-001 -9.1039102248e+000
31 27 55
16 38 908 614.7800 139.2600 39 950 563.7300 66.3000 40 1365 588.9600 55.0100 41 1298 610.2300 10.8800 42 1261 573.6000 28.5200 45 1042 555.4600 -27.4900 47 915 573.3000 -45.5300 48 863 528.4800 -92.8100 49 898 516.8500 -82.8200 51 1001 498.9700 -111.2500 52 616 537.1600 -196.6600 53 539 494.1899 -131.1900 37 915 610.6801 214.0500 35 135 565.1300 165.7200 36 851 633.8600 200.5700 34 97 546.2800 199.1200
3.4054681287e+000 6.6419703183e-001 -9.0752598970e+000
35 30 51
17 38 909 617.9600 131.2100 39 975 565.8400 59.1400 40 975 590.8500 46.1000 41 944 611.3400 1.5100 42 949 574.2700 19.4200 43 1286 537.3300 -38.0300 45 1043 554.7600 -36.4000 46 920 607.4100 -2.5800 47 916 571.1000 -54.6100 48 884 526.0100 -100.4300 49 900 513.3400 -91.0300 50 522 528.4700 -133.4700 51 571 495.8000 -116.7000 37 916 613.7500 207.9600 35 136 569.3300 160.5600 36 852 638.6899 193.4800 34 98 550.2500 195.1500
1.7085364659e+000 5.6629825356e-001 -8.3553959773e+000
187 149 99
9 38 1369 330.7200 120.6900 39 967 285.6899 45.7800 40 956 307.0000 30.7300 41 1306 323.9600 -19.3400 42 1275 299.7100 0.7300 37 904 323.2300 209.2200 35 1400 278.6300 153.1800 36 837 344.3400 190.2100 34 808 257.7800 194.8000
2.1011376879e+000 6.6355953862e-001 -8.5452876588e+000
164 91 90
11 38 1668 399.2200 137.1500 39 1634 353.9800 62.6900 40 1654 377.4301 48.8100 41 1529 397.0800 0.3000 43 1541 333.7200 -40.6900 45 1219 349.0300 -41.0200 48 1305 321.5601 -109.0300 37 1364 391.9200 221.5600 35 841 344.0800 167.4500 36 1308 412.9900 203.5300 34 812 324.4301 204.9700
2.8456805372e+000 5.9916627118e-001 -8.8038005335e+000
68 21 32
9 38 1374 530.5601 121.8600 39 1355 480.2300 48.3500 40 1363 503.6899 34.1200 41 1308 522.5300 -12.3500 42 1279 488.2500 6.3100 45 1052 466.0000 -52.0500 37 912 525.8900 202.9700 36 849 549.9200 188.1800 34 815 460.2100 193.0800
2.9400426280e+000 5.9908707690e-001 -8.8427787303e+000
82 35 41
6 38 1375 546.0500 121.1700 39 1356 495.1500 48.6000 37 913 541.2500 202.6300 35 861 497.3300 154.7700 36 860 565.3900 187.4300 34 816 478.3000 191.8200
