# Bundle file v0.3
60 6590
0 0 0
0 0 0
0 0 0
0 0 0
0 0 0
0 0 0
0 0 0
0 0 0
0 0 0
0 0 0
0 0 0
0 0 0
0 0 0
0 0 0
0 0 0
0 0 0
0 0 0
0 0 0
0 0 0
0 0 0
0 0 0
0 0 0
0 0 0
0 0 0
0 0 0
0 0 0
0 0 0
0 0 0
0 0 0
0 0 0
0 0 0
0 0 0
0 0 0
0 0 0
0 0 0
0 0 0
0 0 0
0 0 0
0 0 0
0 0 0
0 0 0
0 0 0
0 0 0
0 0 0
0 0 0
0 0 0
0 0 0
0 0 0
0 0 0
0 0 0
0 0 0
0 0 0
0 0 0
0 0 0
0 0 0
0 0 0
0 0 0
0 0 0
0 0 0
0 0 0
0 0 0
0 0 0
0 0 0
0 0 0
0 0 0
0 0 0
0 0 0
0 0 0
0 0 0
0 0 0
0 0 0
0 0 0
0 0 0
0 0 0
0 0 0
0 0 0
0 0 0
0 0 0
0 0 0
0 0 0
0 0 0
0 0 0
0 0 0
0 0 0
0 0 0
0 0 0
0 0 0
0 0 0
0 0 0
0 0 0
0 0 0
0 0 0
0 0 0
0 0 0
0 0 0
0 0 0
0 0 0
0 0 0
0 0 0
0 0 0
0 0 0
0 0 0
0 0 0
0 0 0
0 0 0
0 0 0
0 0 0
0 0 0
0 0 0
0 0 0
0 0 0
0 0 0
0 0 0
0 0 0
0 0 0
0 0 0
0 0 0
0 0 0
0 0 0
0 0 0
0 0 0
0 0 0
0 0 0
0 0 0
0 0 0
0 0 0
0 0 0
0 0 0
0 0 0
0 0 0
0 0 0
0 0 0
0 0 0
0 0 0
0 0 0
0 0 0
0 0 0
0 0 0
0 0 0
0 0 0
1.7025213978e+003 4.6398822350e-002 -1.1512527848e-001
9.3508643172e-001 -3.1237602388e-001 -1.6743531565e-001
3.1820891027e-001 5.3192976117e-001 7.8472531411e-001
-1.5606554599e-001 -7.8706540318e-001 5.9680113645e-001
-1.4628309899e+000 7.6311781211e+000 -2.9749301139e+000
1.6844670405e+003 5.9224152704e-002 -1.3595998009e-001
9.4488778943e-001 -2.9929766015e-001 -1.3269504892e-001
2.9931781407e-001 6.2550405990e-001 7.2052308584e-001
-1.3264958185e-001 -7.2053145780e-001 6.8061626983e-001
-1.1519250758e+000 6.8104852355e+000 -1.9587886496e+000
1.6865925179e+003 7.7993970826e-002 -1.6744252099e-001
9.5892101389e-001 -2.6540332813e-001 -1.0015768831e-001
2.6686129606e-001 7.2424910694e-001 6.3580522156e-001
-9.6205705531e-002 -6.3641519822e-001 7.6532356406e-001
-8.0136138855e-001 5.9756141830e+000 -1.2296564224e+000
1.6931471420e+003 7.3705603809e-002 -1.5607231433e-001
9.6961050412e-001 -2.2728844980e-001 -9.0528619154e-002
2.3815847997e-001 7.9217585196e-001 5.6190564865e-001
-5.6000077811e-002 -5.6638977759e-001 8.2223269889e-001
-6.8050323591e-001 5.3011215391e+000 -1.3814254602e+000
1.6898757601e+003 5.6079957726e-002 -1.1196850098e-001
9.7689074593e-001 -2.0852229721e-001 -4.6935296781e-002
2.0404569889e-001 8.4444329239e-001 4.9525839589e-001
-6.3638221881e-002 -4.9339028922e-001 8.6747691567e-001
-7.7414989792e-001 4.4708000998e+000 -6.9881689960e-001
0 0 0
0 0 0
0 0 0
0 0 0
0 0 0
1.6969886738e+003 4.2092521659e-002 -7.9582453254e-002
9.8537955943e-001 -1.6730810537e-001 -3.2173307749e-002
1.6623346418e-001 9.0276035322e-001 3.9672431239e-001
-3.7330406392e-002 -3.9627230856e-001 9.1737380507e-001
-5.7880019922e-001 3.4830936521e+000 -4.4767086476e-001
1.6999397488e+003 4.6452727762e-002 -1.0193937835e-001
9.9071791064e-001 -1.3413606536e-001 -2.2034915655e-002
1.3444363757e-001 9.4296028295e-001 3.0455018158e-001
-2.0073112762e-002 -3.0468577380e-001 9.5224138189e-001
-4.2141267089e-001 2.5434555822e+000 -2.8275384632e-001
1.6961576862e+003 6.8302843621e-002 -1.6039184029e-001
9.9659206136e-001 -8.1508541976e-002 -1.2673627243e-002
8.2419770651e-002 9.7769917609e-001 1.9316133795e-001
-3.3533041081e-003 -1.9354761341e-001 9.8108515262e-001
-8.1887615209e-002 1.8473693869e+000 1.4469699981e-002
1.7014208677e+003 2.6495604823e-002 -3.4218763807e-002
9.9895340576e-001 -4.5476640287e-002 4.8957432575e-003
4.4519350002e-002 9.9127837721e-001 1.2403711680e-001
-1.0493835774e-002 -1.2368934496e-001 9.9226550144e-001
-4.2539458284e-002 1.4279428078e+000 -1.0802144763e-002
1.6920890272e+003 5.7228784814e-002 -1.2657039982e-001
9.9997832529e-001 -5.6352338184e-004 6.5598319894e-003
6.1931057411e-004 9.9996363631e-001 -8.5054405001e-003
-6.5548004351e-003 8.5093187204e-003 9.9994231138e-001
-4.0420412576e-003 -3.5361700767e-002 -1.1050497222e-001
1.6896125147e+003 5.0654978307e-002 -9.6609406396e-002
9.9928158531e-001 3.5655868384e-002 1.2844154321e-002
-3.4502870916e-002 9.9612217203e-001 -8.0933122353e-002
-1.5680087659e-002 8.0431818611e-002 9.9663677306e-001
-1.4243991800e-001 -9.4536079352e-001 -4.5365175054e-001
1.6854384519e+003 6.2211674095e-002 -1.1403846752e-001
9.9693577152e-001 7.7041304892e-002 1.3553774213e-002
-7.3406177864e-002 9.8124951603e-001 -1.7821593737e-001
-2.7029622755e-002 1.7667491226e-001 9.8389805106e-001
-7.4986713221e-002 -1.7632571444e+000 -4.1420156240e-001
1.6888448782e+003 5.3872335497e-002 -1.1379705531e-001
9.9319861028e-001 1.1640085014e-001 -2.7134150077e-003
-1.1245086854e-001 9.5293167660e-001 -2.8155997923e-001
-3.0188121836e-002 2.7995010596e-001 9.5953979358e-001
-1.5699895002e-001 -2.7946027184e+000 -6.0926004468e-001
1.6810186528e+003 7.2008736968e-002 -1.6252886179e-001
9.8676295233e-001 1.6201296863e-001 -7.1185607300e-003
-1.5240473870e-001 9.1145231812e-001 -3.8213540455e-001
-5.5422662631e-002 3.7816196237e-001 9.2407892449e-001
-2.5132150022e-001 -3.4432633486e+000 -1.3369673515e+000
1.6831003842e+003 6.3323642495e-002 -1.3439904746e-001
9.7879292103e-001 2.0450235107e-001 -1.1966877299e-002
-1.8760739603e-001 8.7140584059e-001 -4.5327180140e-001
-8.2267142285e-002 4.4590430520e-001 8.9129202168e-001
-5.1094763122e-001 -4.2723529346e+000 -1.5780852387e+000
0 0 0
0 0 0
0 0 0
0 0 0
0 0 0
1.6820550051e+003 6.9625186765e-002 -1.6021261618e-001
9.7178743399e-001 2.3404337589e-001 -2.9204132250e-002
-2.1255260307e-001 8.1535567334e-001 -5.3853181603e-001
-1.0222804934e-001 5.2954586595e-001 8.4209892636e-001
-6.0255846761e-001 -4.9112433880e+000 -1.8949853996e+000
1.6791532396e+003 7.2478722316e-002 -1.4539439164e-001
9.6053267678e-001 2.7537884567e-001 -3.9286997735e-002
-2.4449862563e-001 7.6845597593e-001 -5.9135085619e-001
-1.3265518798e-001 5.7761743776e-001 8.0545682485e-001
-5.9173592466e-001 -5.0553426064e+000 -1.5768718245e+000
1.6793490571e+003 7.0456098880e-002 -1.4034668230e-001
9.4832494958e-001 3.1086481416e-001 -6.3583467318e-002
-2.7077211082e-001 6.8838211073e-001 -6.7291346667e-001
-1.6541539832e-001 6.5535725901e-001 7.3698345236e-001
-8.5922179112e-001 -5.9415869182e+000 -2.5130610124e+000
1.6748918596e+003 6.9930383690e-002 -1.4715790658e-001
9.3790972746e-001 3.3088178489e-001 -1.0412774637e-001
-2.9403773133e-001 5.9911067657e-001 -7.4472022248e-001
-1.8403031188e-001 7.2909782721e-001 6.5920346075e-001
-1.3811691940e+000 -6.7258464786e+000 -3.4084932677e+000
1.6765633060e+003 5.8570616553e-002 -1.0175901692e-001
9.2017200197e-001 3.6486091124e-001 -1.4198592268e-001
-3.2630504583e-001 5.1429490121e-001 -7.9311144971e-001
-2.1635273018e-001 7.7612967347e-001 5.9229572521e-001
-1.7232141636e+000 -6.9492464318e+000 -4.0565345678e+000
1.6733894129e+003 6.9100090016e-002 -1.3704137900e-001
9.0896606044e-001 3.7903216304e-001 -1.7353766263e-001
-3.3463544460e-001 4.1518047655e-001 -8.4595761780e-001
-2.4859569624e-001 8.2701861604e-001 5.0422255853e-001
-1.8078550835e+000 -7.6009773544e+000 -5.0492854155e+000
1.6752114917e+003 5.9493590133e-002 -1.1659957348e-001
8.9365568868e-001 3.9605640891e-001 -2.1099486025e-001
-3.5675013188e-001 3.4178474039e-001 -8.6943230595e-001
-2.7222941335e-001 8.5224557036e-001 4.4673105367e-001
-2.2098196435e+000 -7.6129496032e+000 -5.8123209345e+000
1.6800719159e+003 5.5359983732e-002 -1.0511302869e-001
8.7759844711e-001 4.1156611637e-001 -2.4583388190e-001
-3.6731045541e-001 2.4774062252e-001 -8.9649741400e-001
-3.0806492008e-001 8.7706209347e-001 3.6858932324e-001
-2.2851243515e+000 -8.2836002815e+000 -6.3974995253e+000
1.6744068295e+003 5.5587262959e-002 -1.0051680179e-001
8.6009300387e-001 4.2579748443e-001 -2.8095645027e-001
-3.5526932828e-001 1.0472106234e-001 -9.2887954197e-001
-3.6609251436e-001 8.9873800485e-001 2.4134263936e-001
-2.7958752146e+000 -8.1155029547e+000 -7.3779557302e+000
1.6823406236e+003 4.3032290971e-002 -7.5447530541e-002
8.3804789588e-001 4.3722944667e-001 -3.2635277719e-001
-3.6100773645e-001 -4.1162090084e-003 -9.3255373628e-001
-4.0908329034e-001 8.9934057386e-001 1.5439363255e-001
-3.3422182252e+000 -8.4703956546e+000 -8.1574934174e+000
0 0 0
0 0 0
0 0 0
0 0 0
0 0 0
1.6752024971e+003 6.0373477907e-002 -1.1860063328e-001
8.2253652251e-001 4.4292603938e-001 -3.5672144984e-001
-3.5706852231e-001 -8.5993543563e-002 -9.3011138088e-001
-4.4264629165e-001 8.9242458175e-001 8.7422116092e-002
-3.5181998187e+000 -8.2673324074e+000 -8.6852851532e+000
0 0 0
0 0 0
0 0 0
0 0 0
0 0 0
0 0 0
0 0 0
0 0 0
0 0 0
0 0 0
0 0 0
0 0 0
0 0 0
0 0 0
0 0 0
4.4268531333e-001 -1.0686430617e+000 -8.9511901903e+000
160 41 54
8 38 613 70.7800 -191.9800 39 693 27.3100 -232.0200 37 1585 78.8101 -140.2000 35 1638 71.1100 -226.7700 32 1946 63.3500 -165.1100 31 1604 166.4200 -96.8700 28 1821 177.2500 40.5400 29 1780 177.7400 -40.2100
-1.9193372154e-001 -9.3532892498e-001 -8.4581266619e+000
155 152 136
11 38 1931 -53.0700 -177.4100 39 1694 -93.6700 -223.7300 40 1457 -90.6300 -220.0700 37 2108 -48.6300 -113.7100 35 2396 -63.1400 -197.9400 36 2147 -20.3700 -149.8600 32 2369 -80.9800 -121.7700 34 2192 -73.0500 -162.1400 30 2268 29.5800 -30.5700 31 2031 27.0000 -50.6000 28 2219 19.0600 101.5500
-6.6629053034e-001 -1.0647401476e+000 -8.4764680063e+000
27 56 41
12 38 2120 -143.1600 -202.3700 39 1902 -179.1500 -244.1400 40 1919 -175.9900 -237.4100 37 2199 -142.8200 -144.5600 35 2398 -159.2400 -240.6700 36 2261 -115.3800 -184.7900 32 2317 -182.5700 -173.6300 34 2205 -171.4900 -208.7800 30 2277 -75.1300 -88.3800 31 1983 -70.1600 -101.7100 28 2224 -80.5200 49.1700 29 2114 -84.1500 -40.0100
-1.6071963586e-001 -8.5608422714e-001 -8.3631704389e+000
31 60 43
11 38 1511 -43.2600 -164.1300 39 618 -80.8100 -212.8800 37 1776 -41.3100 -96.7000 35 2104 -60.2600 -177.6300 36 1779 -14.2400 -130.9500 32 2197 -81.5700 -96.2800 34 1957 -70.7900 -138.6800 30 2134 25.1100 -1.1700 31 1870 24.1900 -24.9000 28 2082 12.2400 131.6700 29 1985 14.0200 48.2600
-1.7194827430e-001 -6.8900584089e-001 -8.1505966657e+000
159 170 103
12 38 1918 -47.9100 -134.0000 39 1885 -87.3800 -188.7200 40 1905 -81.5300 -190.9800 37 2079 -47.1900 -58.3400 35 2241 -69.7200 -133.1100 36 2126 -20.6600 -89.9600 32 2190 -94.7400 -41.9700 34 2082 -82.3500 -89.6600 30 2129 8.4300 59.7000 31 1855 10.7000 29.4200 28 2067 -9.4700 191.5700 29 1976 -5.6400 110.5300
5.2955030605e-001 -8.8928217906e-001 -8.7105592093e+000
166 45 48
12 38 1514 89.5200 -163.1100 39 1461 45.2900 -209.5400 40 1139 50.1300 -206.9800 41 639 54.9300 -229.4300 37 1548 96.4500 -101.7200 35 1890 84.4100 -178.6200 36 1797 127.0400 -134.1000 32 1895 72.1300 -105.3900 34 1760 77.3000 -144.7600 31 1576 172.6700 -35.7300 28 1943 173.0699 110.7900 29 1889 177.1700 31.3500
-1.6045828067e-001 -8.5611782691e-001 -8.3633877155e+000
31 60 43
10 38 1512 -43.2600 -164.1300 39 619 -80.8100 -212.8800 37 1777 -41.3100 -96.7000 35 2105 -60.2600 -177.6300 36 1780 -14.2400 -130.9500 32 2198 -81.5700 -96.2800 34 1958 -70.7900 -138.6800 30 2135 25.1100 -1.1700 31 1871 24.1900 -24.9000 29 1986 14.0200 48.2600
6.3213120124e-001 -6.5955038479e-001 -8.4388430329e+000
165 34 44
11 38 1723 113.1600 -122.7100 39 1681 68.0000 -177.5900 37 1942 118.5000 -49.8700 35 2089 100.1100 -118.5600 36 1970 147.6600 -78.9900 32 2068 82.1700 -30.3000 34 1938 90.8300 -75.9500 30 2005 190.1100 69.7900 31 1742 179.7300 40.0100 28 1921 167.6100 192.9600 29 1871 176.1899 117.1100
1.0513097266e+000 -1.0306038882e+000 -9.1310437252e+000
144 86 82
10 38 1175 180.3900 -181.1400 39 1151 132.9500 -222.5600 37 1552 192.5699 -129.2000 35 1915 188.2000 -209.0600 36 1538 226.0900 -162.2800 32 2094 185.0601 -146.6600 34 1785 185.5699 -179.5700 30 2040 307.6700 -65.7400 28 1958 300.3600 55.2200 29 1900 303.3199 -21.6700
-5.2369290920e-001 -4.3179427176e-001 -7.7781182390e+000
137 145 66
12 38 1888 -124.5800 -86.6100 39 1872 -160.3500 -148.7600 40 1892 -151.9500 -156.9300 37 2064 -129.6300 2.0000 35 2229 -160.6000 -69.1400 36 2111 -105.8300 -28.3600 32 2291 -195.1600 34.9500 34 2182 -176.4700 -17.4800 30 2204 -101.3800 142.1500 31 1955 -87.6800 104.2700 28 2045 -122.3500 268.2000 29 2041 -118.6800 191.8300
-3.3015898089e-001 -3.1048308833e-001 -7.7757251876e+000
159 162 24
15 38 1441 -82.9100 -60.2900 39 1051 -119.5400 -126.1800 40 527 -110.4500 -136.5900 41 538 -103.6400 -179.5000 42 509 -112.1900 -136.7800 43 514 -157.6000 -186.2000 37 988 -87.0600 31.1200 35 1490 -119.7700 -36.6500 36 1399 -64.2000 2.8100 32 1448 -155.2300 67.5700 34 1410 -137.0200 13.9100 30 1438 -62.3500 174.8700 31 1193 -50.9700 135.0200 28 1340 -87.3300 293.9300 29 1299 -82.0500 221.4400
2.5747675427e-002 -1.9081845956e-001 -7.8373418034e+000
29 57 34
13 38 1877 -7.4800 -34.1900 39 1664 -44.3800 -102.5400 40 1680 -34.2800 -114.7500 42 1012 -37.3000 -121.3300 37 1911 -10.0900 58.5700 35 2223 -44.6300 -4.6000 36 1927 13.0200 32.7900 32 2166 -78.5700 99.1700 34 2066 -61.3900 45.9600 30 2108 13.4700 204.8300 31 1710 20.7200 164.4700 28 1899 -15.0700 315.6000 29 1832 -6.1900 247.8900
-2.4992292379e-003 -3.4318519825e-001 -7.9342464585e+000
22 56 37
12 38 1705 -12.8500 -65.5700 39 1402 -51.1500 -129.8900 40 1429 -41.6600 -139.4700 37 1729 -14.4700 22.4300 35 2068 -45.0700 -43.4000 36 1942 8.9500 -4.8400 32 2053 -76.0600 57.3100 34 1906 -60.6900 5.5800 30 1979 19.0600 162.7200 31 1718 24.5800 124.7900 28 1678 -6.1800 279.9100 29 1839 0.5600 208.4500
-2.4992292379e-003 -3.4318519825e-001 -7.9342464585e+000
22 56 37
12 38 1704 -12.8500 -65.5700 39 1401 -51.1500 -129.8900 40 1428 -41.6600 -139.4700 37 1728 -14.4700 22.4300 35 2069 -45.0700 -43.4000 36 1943 8.9500 -4.8400 32 2054 -76.0600 57.3100 34 1907 -60.6900 5.5800 30 1980 19.0600 162.7200 31 1719 24.5800 124.7900 28 1679 -6.1800 279.9100 29 1840 0.5600 208.4500
-5.9959834007e-001 -3.9088663194e-001 -7.7214870491e+000
29 60 41
13 38 1715 -141.1600 -78.3900 39 1668 -176.5200 -142.3000 40 1688 -168.6200 -151.3900 41 1354 -161.6100 -193.2500 42 1039 -165.9300 -148.0000 37 1921 -147.0600 12.4800 35 2067 -179.8300 -58.6600 36 1940 -124.4300 -17.6800 34 1911 -197.7700 -7.8900 30 1990 -123.7400 153.9200 31 1723 -107.7700 114.6400 28 1904 -145.8200 279.3700 29 1838 -142.4100 202.7100
-3.9264921433e-001 -4.9549833089e-001 -7.8769405173e+000
147 144 43
14 38 1716 -95.5700 -98.1400 39 1429 -132.2800 -158.9900 40 1437 -124.8000 -166.7500 41 1370 -118.6500 -205.9500 42 1041 -127.6800 -158.1400 37 1473 -98.4100 -12.8000 35 1836 -127.0400 -84.0500 36 1751 -74.3100 -42.5000 32 1816 -159.2600 16.7400 34 1693 -143.0200 -35.1100 30 1789 -63.0200 122.9200 31 1515 -53.0400 87.4900 28 1693 -84.1700 250.3400 29 1633 -80.2600 172.3500
2.4887209419e+000 -1.2435382656e-001 -8.8059001632e+000
193 141 109
11 38 1427 460.9000 -16.3300 39 1032 407.8199 -80.4200 37 1410 468.4200 62.7500 35 1473 442.9500 15.6000 36 1380 498.9100 45.5400 32 1788 421.1899 103.0400 34 1677 431.9301 57.1700 30 1751 521.8700 199.3600 31 1474 501.1899 165.6800 28 1670 476.5000 289.7400 29 1608 496.6899 234.0300
-9.2066778496e-001 -5.0806673163e-001 -7.6736925104e+000
23 50 23
12 38 1481 -213.2800 -104.1900 39 526 -247.6200 -165.8200 40 571 -240.9000 -173.1800 37 1466 -221.0100 -15.2300 35 1833 -250.5900 -90.8400 36 1429 -198.3700 -48.1900 32 1813 -288.5400 13.0100 34 1703 -269.9500 -40.5300 30 1782 -196.0500 122.0300 31 1511 -174.6200 84.5200 28 1677 -213.2400 254.8500 29 1631 -214.0100 173.8200
3.7197454483e+000 -1.5542121272e-001 -9.3448649716e+000
134 48 51
15 38 1703 656.2900 -18.7800 39 1398 594.5200 -82.5300 40 1399 608.7100 -91.2600 41 1332 617.8000 -127.5800 42 1005 571.4000 -95.9500 43 1023 528.3600 -143.0800 37 1914 667.3700 51.5000 35 1803 646.9600 9.4200 36 1717 702.5800 37.4800 32 2045 631.2300 89.3000 34 1683 639.3900 47.9500 30 1985 737.1801 179.8100 31 1499 707.7400 151.5700 28 1684 688.9000 265.0100 29 1845 711.4500 212.9000
3.2406778632e+000 -5.6537916302e-001 -9.5133405646e+000
195 134 114
12 38 1018 559.4000 -90.8100 39 1090 500.1801 -144.0800 40 547 508.5699 -147.2000 37 1479 575.7600 -30.3600 35 1530 567.7400 -84.0900 36 1446 613.7100 -50.7400 32 1843 564.8000 -11.1000 34 1715 565.8400 -48.8800 30 1822 684.7000 76.8100 31 1540 649.0000 51.7500 28 1770 654.5699 176.2300 29 1681 669.3900 114.3400
-6.5505956449e-001 -7.1474348150e-001 -7.9743263631e+000
30 67 35
11 38 1914 -148.8600 -142.9400 39 1894 -184.7400 -196.6800 37 2077 -151.9600 -64.9200 35 2238 -177.3900 -144.6800 36 2124 -126.8300 -98.7900 32 2300 -208.5300 -51.3400 34 2088 -192.2800 -99.6700 30 2219 -109.6300 52.2700 31 1966 -97.4400 22.1700 28 2154 -126.1500 190.4400 29 2055 -124.9100 104.6900
-3.3004082653e-001 -3.1088648469e-001 -7.7750228867e+000
159 162 24
14 38 1440 -82.9100 -60.2900 39 1050 -119.5400 -126.1800 40 526 -110.4500 -136.5900 41 537 -103.6400 -179.5000 42 508 -112.1900 -136.7800 37 987 -87.0600 31.1200 35 1489 -119.7700 -36.6500 36 1398 -64.2000 2.8100 32 1447 -155.2300 67.5700 34 1409 -137.0200 13.9100 30 1437 -62.3500 174.8700 31 1192 -50.9700 135.0200 28 1339 -87.3300 293.9300 29 1298 -82.0500 221.4400
1.4808656335e+000 -1.3005315709e-001 -8.4150000091e+000
186 128 109
12 38 1690 282.3300 -17.4500 39 1382 233.0601 -84.9500 40 1391 246.3000 -96.7200 42 1016 227.5601 -105.0500 43 1011 184.8199 -155.8100 37 1700 285.0900 66.1500 35 1795 255.8800 11.8200 36 1704 312.3600 46.0400 32 1769 230.6400 103.8000 34 1659 243.4500 57.8100 31 1464 316.5900 167.0600 29 1578 304.6600 239.6700
-3.1607824345e-001 -7.0603281812e-001 -8.0843563901e+000
125 139 68
11 38 1917 -77.1400 -138.8000 39 1680 -114.6700 -193.5400 37 1940 -77.9000 -61.6200 35 2239 -100.9000 -137.9500 36 1967 -51.9600 -93.9000 32 2189 -128.1600 -45.1200 34 2081 -114.7600 -92.9300 30 2128 -26.3600 58.1400 31 1863 -21.1000 26.8100 28 2066 -44.4000 193.3100 29 1975 -40.7700 109.3000
-4.6212242177e-001 -3.6114046991e-001 -7.7494908548e+000
26 56 27
11 38 1461 -112.1600 -71.2300 39 1425 -148.6800 -136.1400 37 1448 -118.3100 19.7900 35 1820 -148.9100 -49.5100 36 1736 -93.4100 -9.2900 32 2049 -183.1700 54.8600 34 1687 -165.9500 1.4000 30 1977 -89.8900 162.8600 31 1503 -77.9900 123.6100 28 1640 -114.4800 285.2500 29 1617 -109.8500 210.4800
-4.6212242177e-001 -3.6114046991e-001 -7.7494908548e+000
26 56 27
11 38 1462 -112.1600 -71.2300 39 1426 -148.6800 -136.1400 37 1449 -118.3100 19.7900 35 1821 -148.9100 -49.5100 36 1737 -93.4100 -9.2900 32 2050 -183.1700 54.8600 34 1688 -165.9500 1.4000 30 1978 -89.8900 162.8600 31 1504 -77.9900 123.6100 28 1641 -114.4800 285.2500 29 1618 -109.8500 210.4800
3.3984044370e+000 -3.2635748704e-003 -9.1029228414e+000
196 137 107
12 38 2331 616.2700 7.0700 39 2305 558.2400 -61.8900 40 2332 574.3900 -73.2000 41 2137 584.5500 -111.6500 37 2315 623.5800 82.8800 35 2587 595.9800 44.0600 36 2399 655.8400 70.8000 34 2349 583.5800 84.6600 30 2335 669.3400 217.8400 31 2090 646.8000 185.6700 28 2296 615.9700 297.5900 29 2191 640.6801 247.3300
3.9112793368e+000 -1.6697031029e-001 -9.4276779811e+000
194 139 93
12 38 377 684.7800 -20.4500 39 428 622.6801 -83.2900 40 469 636.3101 -92.2800 37 1007 696.2100 48.2000 35 1480 677.3000 6.7200 36 921 732.5000 34.5000 32 962 662.3199 86.6900 34 909 670.0699 44.8600 30 913 768.4700 176.7900 31 738 738.4000 147.7400 28 905 720.1801 261.4900 29 879 742.6600 209.3400
1.6980320007e+000 -1.7392021890e-001 -8.5381905427e+000
190 125 105
14 38 1693 320.5601 -25.8500 39 1384 270.4100 -91.3300 40 1412 284.4100 -101.8500 41 1343 291.6600 -143.5100 42 1020 260.9000 -108.9600 37 1713 324.9900 56.0000 35 2056 297.5800 2.5200 36 1708 353.7900 35.8300 32 1803 275.0200 91.9000 34 1663 286.0601 45.0300 30 1735 374.5100 189.2200 31 1488 360.0100 153.9600 28 1651 334.9900 287.3400 29 1590 352.0900 226.3400
2.4887209419e+000 -1.2435382656e-001 -8.8059001632e+000
193 141 109
11 38 1426 460.9000 -16.3300 39 1033 407.8199 -80.4200 37 1409 468.4200 62.7500 35 1474 442.9500 15.6000 36 1381 498.9100 45.5400 32 1789 421.1899 103.0400 34 1678 431.9301 57.1700 30 1752 521.8700 199.3600 31 1475 501.1899 165.6800 28 1671 476.5000 289.7400 29 1609 496.6899 234.0300
3.2521577926e+000 -2.3090067468e-001 -9.1939219411e+000
139 96 84
12 38 1436 581.2500 -33.6900 39 1396 522.2900 -95.1400 40 1417 534.7800 -104.1800 41 1052 542.4900 -140.3900 37 1720 592.2800 37.7000 35 1812 573.1400 -6.9700 36 1728 627.0400 22.1400 32 1805 558.2100 74.7200 34 1681 565.7300 32.2200 30 1771 665.3400 167.4700 31 1496 636.8700 137.1800 29 1627 641.1899 203.0000
-6.5510278140e-001 -3.6883866451e-001 -7.6906627084e+000
135 136 74
12 38 1713 -153.8500 -73.1400 39 1422 -188.2900 -138.8500 40 1427 -178.9900 -147.3500 37 1726 -160.6000 17.6400 35 1818 -193.5200 -53.8100 36 1735 -137.9900 -12.2800 32 2047 -231.4200 51.3600 34 1686 -212.0000 -3.4300 30 1976 -139.6000 159.4100 31 1501 -122.1000 119.3200 28 1898 -160.8800 284.4200 29 1837 -158.3400 208.2800
7.7632926382e-001 -3.4464060239e-001 -8.2570633454e+000
174 114 81
15 38 1884 145.0699 -62.5600 39 1868 99.7900 -125.6400 40 1897 110.0000 -134.1700 41 1760 116.3800 -172.3400 42 1530 94.9500 -131.6800 43 1316 50.6500 -179.5100 37 1731 147.8800 19.4600 35 2071 121.6200 -40.7900 36 1741 174.6500 -5.0800 32 2056 97.1100 54.4100 34 1909 109.4900 5.2100 30 1982 196.2400 156.7800 31 1507 189.6899 120.8700 28 1905 165.3700 267.2300 29 1842 177.3199 199.7400
3.2171401633e+000 -6.1781741848e-001 -9.5614463083e+000
188 126 107
10 38 1020 553.1801 -99.7500 39 503 493.0800 -151.6000 37 1513 568.9800 -41.5600 35 1532 563.1700 -95.4600 36 1443 607.5601 -62.0700 34 1444 561.8700 -62.7000 30 1823 684.1300 62.3500 31 1262 647.2600 38.8000 28 1771 656.3700 161.5000 29 1682 670.1500 99.4100
-1.0621624350e-001 -4.8369737885e-001 -8.0012366889e+000
150 152 62
11 38 1718 -32.5500 -93.9100 39 1670 -72.3900 -155.4000 37 1930 -34.8900 -10.6900 35 2079 -62.4700 -79.7100 36 1958 -9.5700 -39.3200 32 2177 -92.2600 17.7500 34 2074 -77.2500 -33.0000 30 2120 5.7200 122.6100 31 1850 10.7200 87.0300 28 2056 -17.8600 245.7200 29 1964 -11.7800 170.1200
-1.0344255993e-001 -4.8339251778e-001 -8.0016368296e+000
150 152 62
14 38 1717 -32.5500 -93.9100 39 1669 -72.3900 -155.4000 40 1430 -62.8500 -161.8000 41 1088 -56.1500 -199.5500 42 515 -68.6400 -153.4800 37 1929 -34.8900 -10.6900 35 2078 -62.4700 -79.7100 36 1957 -9.5700 -39.3200 32 2178 -92.2600 17.7500 34 2073 -77.2500 -33.0000 30 2119 5.7200 122.6100 31 1851 10.7200 87.0300 28 2057 -17.8600 245.7200 29 1965 -11.7800 170.1200
1.1023458666e+000 -5.8221514616e-001 -8.5594915516e+000
17 56 92
12 38 1900 202.8600 -106.4800 39 1874 154.5400 -162.6000 40 1701 162.8199 -167.9000 37 1932 210.3600 -32.3400 35 2083 192.7700 -95.2800 36 1963 240.3800 -58.5300 32 2070 176.6100 -7.4100 34 1931 184.2800 -52.7400 30 2125 284.9900 91.8200 31 1732 270.1300 60.8000 28 1922 258.5300 208.7100 29 1972 269.7600 136.2400
-7.3548415967e-001 -1.0404181334e+000 -8.3746561793e+000
143 154 67
11 38 1539 -156.5800 -201.1200 39 1174 -190.9800 -243.8500 37 1977 -158.2200 -140.5700 35 2120 -176.2800 -233.9000 36 2011 -131.4000 -180.1800 32 2214 -201.9700 -161.8200 34 2103 -190.1600 -199.1100 30 2234 -98.4300 -73.1700 31 1889 -88.5400 -89.4800 28 2170 -104.4300 65.4600 29 2077 -108.0700 -23.4200
-5.9072703654e-001 -9.5906298270e-001 -8.2899382672e+000
114 137 124
10 38 2114 -130.4100 -187.0400 39 2071 -166.0200 -232.6300 37 2190 -130.9700 -121.2000 35 2391 -149.7200 -208.5300 36 2251 -104.7000 -158.9400 32 2366 -175.1800 -129.5100 34 2266 -162.7800 -170.5000 31 2028 -64.1500 -57.1300 28 2216 -79.5500 103.0800 29 2108 -80.9600 14.3100
-2.9569002923e-001 -9.7967730432e-001 -8.4926954868e+000
35 58 41
12 38 2118 -70.1600 -185.9800 39 1904 -108.6400 -230.3900 40 1713 -103.9700 -225.2000 37 2194 -67.6900 -124.7000 35 2395 -83.4100 -211.7500 36 2255 -39.4400 -161.6200 32 2371 -103.1600 -139.7200 34 2199 -94.1400 -177.2500 30 2271 5.9200 -51.2800 31 2033 5.0500 -68.6300 28 2221 -3.5500 83.1900 29 2110 -3.4900 -3.1400
1.1734000837e+000 -1.0046640023e-002 -8.1841015408e+000
17 85 134
13 38 2288 227.6100 6.1800 39 2260 180.8000 -65.8900 40 2277 193.7300 -81.9000 41 2087 201.3000 -129.8900 37 2261 227.9600 97.6300 35 2518 194.2500 43.9100 36 2350 253.0601 77.0500 32 2390 163.5500 141.5600 34 2298 179.3800 91.5000 30 2293 255.3900 240.2500 31 2057 249.4800 202.4000 28 2246 215.6500 331.1800 29 2126 230.8500 274.5400
4.8966462613e+000 2.0831828926e-001 -9.5981460528e+000
161 98 58
11 38 328 844.0500 45.6900 39 357 781.6300 -22.1500 37 954 850.9301 117.5700 35 893 822.6200 84.9200 36 887 884.2900 108.9800 32 881 796.7300 161.1500 34 859 809.8700 121.5600 30 851 889.9200 246.9000 31 693 863.6899 218.8100 28 84 827.6300 314.2400 29 58 855.9100 271.6400
4.3239431287e+000 1.3951539633e-001 -9.4040759785e+000
90 65 61
9 38 937 760.3400 33.3500 39 993 698.7300 -33.4900 37 1395 766.9700 106.3400 35 1425 738.9200 72.7300 32 904 713.5601 151.2300 34 1347 726.9700 109.6000 30 847 809.7700 238.4900 31 689 784.2800 208.7300 28 79 750.5800 310.3900
3.9901028337e+000 -2.0783621016e-003 -9.3390571319e+000
190 82 42
9 38 947 703.4000 8.9500 39 1009 641.4600 -56.8600 37 1413 712.9900 82.0700 35 1434 688.9600 43.5100 36 1347 748.0699 69.3200 32 1405 670.3300 124.7300 34 1368 679.0601 82.1600 30 1428 771.4600 214.3100 28 866 719.0100 293.4000
1.3922952593e+000 -7.0217254653e-002 -8.3320914944e+000
187 130 105
10 38 1409 267.5500 -6.8600 39 1378 219.4000 -75.2500 40 1388 233.2300 -87.5900 37 1400 269.1300 79.6000 36 1356 295.6100 59.4000 32 1766 210.1200 120.8000 34 1651 224.5699 72.4400 30 1727 304.7000 219.4600 31 1461 295.4100 183.4300 29 1573 280.6100 256.7100
3.2524543311e+000 -2.3059271874e-001 -9.1946045614e+000
139 96 84
13 38 1435 581.2500 -33.6900 39 1395 522.2900 -95.1400 40 1418 534.7800 -104.1800 41 1051 542.4900 -140.3900 42 492 499.6500 -105.9800 37 1721 592.2800 37.7000 35 1813 573.1400 -6.9700 36 1729 627.0400 22.1400 32 1806 558.2100 74.7200 34 1682 565.7300 32.2200 30 1772 665.3400 167.4700 31 1497 636.8700 137.1800 29 1628 641.1899 203.0000
4.3542742158e+000 -1.0474120619e-001 -9.5734671788e+000
185 162 144
11 38 984 751.8101 -9.5000 39 1044 689.0000 -71.8500 37 1437 763.6500 58.9600 35 1482 744.1300 20.3600 36 1394 800.0500 46.6000 32 1440 728.0699 97.6300 34 1402 736.4000 57.0500 30 1456 832.7800 185.9800 31 1188 801.9100 158.3300 28 1380 781.5400 266.9400 29 1340 805.0300 217.4100
2.6698324819e+000 8.7414597143e-002 -8.7590825292e+000
169 33 48
10 38 1872 499.1100 24.7100 39 1649 443.5000 -44.6700 37 1900 503.0500 106.7600 35 2048 470.9200 62.5300 36 2099 532.6801 91.0000 32 2030 443.5100 149.9800 34 1892 457.6500 104.7000 30 2104 538.5500 243.1700 31 1705 519.5601 210.3700 29 1828 508.8600 274.7300
1.0394772498e+000 -2.3719748430e-001 -8.2852582706e+000
14 59 83
13 38 1443 197.6600 -40.3500 39 1406 150.4700 -105.6200 40 1409 162.7800 -115.7000 41 1340 169.6600 -157.2200 37 1709 200.2400 43.5700 35 1808 172.3000 -13.3300 36 1725 227.4800 21.2000 32 1798 146.6801 81.9300 34 1655 159.8300 32.2200 30 1756 244.1801 182.8000 31 1485 236.4700 146.8500 28 1647 209.7000 289.3500 29 1577 223.2100 223.5400
3.8206630004e-001 -6.4226319588e-001 -8.3058158300e+000
131 88 79
11 38 1492 64.7300 -122.1700 39 1446 21.5600 -178.2400 40 1098 28.5900 -182.1700 37 1494 68.4200 -46.1100 35 1857 47.8300 -114.7400 36 1473 96.4500 -75.2800 32 1832 27.0200 -23.5500 34 1727 37.1900 -70.9600 30 1805 132.7400 77.6200 28 1705 110.6100 203.2200 29 1649 117.7600 125.9200
-2.5811356289e-001 -6.4941643887e-001 -8.0363636290e+000
33 60 32
11 38 1896 -65.3200 -128.2300 39 1884 -103.3300 -185.9400 37 2078 -65.8900 -48.2500 35 2234 -90.5400 -121.2900 36 2125 -40.2900 -79.3300 32 2186 -118.7200 -25.1600 34 2079 -105.0400 -74.4100 30 2124 -17.7900 79.2800 31 1854 -13.0100 46.5500 28 1917 -37.2200 211.4800 29 1969 -33.0800 130.2600
2.3347241966e-001 -6.7429011647e-001 -8.3055279597e+000
161 107 104
9 38 2099 35.3800 -128.1300 39 1886 -5.6200 -180.4100 37 2081 37.6700 -55.4600 35 2235 17.9000 -127.1500 34 2084 5.9200 -84.2200 30 2217 101.7000 63.1200 31 1857 97.4600 33.3000 28 2069 80.2900 191.7000 29 2058 88.0900 111.4700
3.2879915739e+000 -1.1441951082e-001 -9.1179010963e+000
195 144 124
9 38 980 592.6500 -12.9800 39 423 533.7800 -76.8300 40 463 548.3700 -87.6700 41 482 558.4700 -126.0100 37 974 602.0500 61.2400 35 947 579.1000 18.9000 32 1436 560.3600 102.4800 28 893 613.6200 282.6900 29 849 635.7200 229.6700
-3.9870524858e-003 -1.3338326394e-001 -7.7870102098e+000
147 156 129
13 38 1876 -12.9600 -21.9000 39 1858 -51.6700 -91.1200 40 1679 -38.6000 -105.0000 41 1554 -31.0800 -151.1600 37 1904 -17.0000 71.9000 35 2051 -52.2100 9.4700 36 1926 6.0400 45.9500 32 2165 -88.9700 114.8400 34 2065 -70.8600 61.1500 30 2102 1.3800 220.7000 31 1709 10.1800 179.4200 28 1892 -27.0500 329.0700 29 1826 -19.5200 263.0700
4.4921373944e+000 2.9004532997e-001 -9.4002472940e+000
34 18 32
16 38 1679 790.5601 60.8700 39 1365 729.6700 -8.8200 40 1375 750.1100 -23.1600 41 1314 765.6700 -65.8200 42 972 715.3800 -44.6100 43 989 673.8500 -99.7800 45 448 686.8000 -94.8000 46 557 736.2900 -65.8100 37 1684 794.7300 136.0000 35 1780 762.2600 101.9400 36 1681 826.8500 126.6600 32 1385 732.6400 179.2600 34 1635 748.1300 139.1500 30 1390 823.3500 265.2100 31 1151 800.4900 236.2400 29 814 787.8700 289.3500
4.3926420856e+000 1.9323635154e-001 -9.4068829590e+000
184 159 142
11 38 1391 772.7000 43.0200 39 996 711.6000 -24.9500 40 1018 730.6000 -38.6900 37 1397 779.1500 117.7300 35 1424 748.1300 81.6400 36 1339 811.5900 107.2100 32 1388 721.2500 160.6400 34 1346 735.3300 119.4500 30 1408 815.0601 247.9400 31 1159 790.1899 218.9500 29 832 781.3500 273.6700
1.4155577772e+000 -1.6521728170e-001 -8.3865123832e+000
114 59 63
10 38 371 269.6300 -25.2100 39 395 221.3800 -91.8800 37 992 273.1400 58.6700 35 930 244.9000 5.2400 36 909 300.3500 37.8100 32 917 220.1600 99.1700 34 893 232.5100 50.4600 30 859 317.5900 198.9000 31 701 306.3199 163.0000 29 838 294.9399 237.6800
-2.9080365500e-001 -4.2905167112e-001 -7.8930908496e+000
24 53 30
11 38 1465 -72.3600 -84.3700 39 1078 -108.2900 -146.6400 40 530 -99.6100 -155.0700 37 1454 -74.6900 3.0900 35 1824 -105.9800 -67.4400 36 1740 -52.3100 -27.3000 32 2051 -139.8000 32.1900 34 1917 -123.4400 -20.0600 30 1993 -44.3800 138.0500 31 1725 -35.6100 100.3700 29 1854 -62.6200 185.5900
4.0149578325e+000 -6.7460884238e-001 -1.0016113345e+001
172 146 128
10 38 1506 661.5100 -104.4200 39 1437 598.2500 -151.9600 37 1773 681.1400 -52.6800 35 1874 681.1500 -106.8400 36 1773 722.8400 -72.8500 32 2077 686.2400 -43.9000 34 1942 682.1801 -77.2700 30 2020 813.9900 36.4700 31 1759 770.7700 16.8800 29 1888 801.5900 71.9400
-4.1443118581e-001 -8.4473875832e-001 -8.2520358183e+000
28 55 40
10 38 1929 -96.9800 -164.1800 39 1691 -134.8500 -213.9500 37 2092 -96.9100 -94.5000 35 2387 -116.2300 -177.4400 36 2136 -69.6300 -129.6500 32 2305 -140.6100 -94.5200 34 2190 -128.5000 -137.5100 30 2262 -34.6400 1.5000 31 1970 -30.6600 -22.8000 29 2106 -46.4800 51.8200
3.5799431942e-001 -5.6725481004e-001 -8.2339659775e+000
173 156 133
12 38 1042 60.2300 -107.0600 39 1110 17.3200 -165.8800 40 596 24.3300 -171.9000 41 583 29.5600 -206.0900 42 521 11.2600 -159.7000 37 1046 63.3400 -28.9900 35 1519 41.2700 -95.8800 36 1007 90.6600 -56.9300 32 1491 18.3700 -3.1300 34 1434 29.7000 -51.5100 30 1488 121.4500 99.7100 31 1230 117.2400 66.4500
1.5077858096e+000 -9.3692018720e-001 -9.1576732221e+000
140 80 70
9 38 1119 262.2800 -163.5000 39 631 211.1000 -208.1900 37 1169 276.4399 -107.4300 35 1612 272.7900 -179.9800 36 1151 311.6899 -137.3600 32 1604 271.3900 -112.0200 34 1507 270.9100 -147.9100 30 1617 393.9100 -26.9800 31 1333 366.5200 -45.9000
-1.8505723408e-001 2.5357743575e-001 -7.5427841545e+000
160 158 137
14 38 2083 -52.0200 62.0800 39 1857 -87.9500 -15.7300 40 1883 -73.6500 -33.8800 41 1750 -62.9500 -88.8800 42 1514 -70.8400 -61.7200 43 1753 -113.3300 -123.3600 45 1229 -105.5700 -124.4700 37 1894 -62.9200 166.9800 35 2042 -106.3400 103.7700 36 1915 -42.8800 140.9100 32 2021 -150.9900 210.6700 34 1885 -127.9400 156.3900 30 1964 -68.3500 311.9700 31 1698 -51.3000 267.3000
4.9372671576e+000 8.4428690073e-002 -9.7091025303e+000
159 92 46
9 38 1404 840.8000 24.3000 39 1012 777.3700 -40.7800 37 1691 850.0300 92.2500 35 1789 827.8700 58.6500 36 1699 886.0400 83.0400 32 2032 806.9700 133.3200 34 1647 817.6899 93.9500 30 1973 904.4500 219.1800 31 1708 876.2900 191.7400
4.7253725718e+000 1.9568274910e-001 -9.5312605362e+000
183 100 52
10 38 2192 820.1801 44.3600 39 2046 757.5100 -24.6400 40 2165 776.6600 -38.3500 37 2156 827.4100 116.2600 35 2363 798.7000 83.1300 36 2214 860.8800 107.9700 32 2270 772.6100 159.5700 34 2168 786.0500 119.2500 30 2192 865.3800 247.1600 31 1943 840.9399 217.3500
2.9522270381e+000 7.6894138948e-002 -8.8680423233e+000
170 34 47
12 38 2193 545.1000 23.6300 39 2047 488.0200 -45.1900 40 2054 505.7200 -59.1700 41 1883 516.6000 -102.5500 43 1754 432.8000 -129.8600 37 2153 551.8600 104.1400 35 2362 519.9301 61.5600 36 2216 580.9200 89.7700 32 2274 496.5200 146.9700 34 2165 508.7600 103.4200 30 2250 592.6100 240.0900 31 1942 571.5400 206.7100
3.4723108555e+000 5.0224303967e-001 -9.0149124967e+000
22 20 44
19 38 1867 635.1600 102.0300 39 1854 580.4900 29.2900 40 1882 603.3101 14.9100 41 1743 621.3800 -30.7100 42 1736 580.7400 -11.7600 43 1747 541.7800 -69.5900 45 1387 556.9100 -67.5400 46 1551 607.2800 -35.0500 47 1334 568.3300 -84.1400 48 1312 520.8900 -127.2300 49 1384 505.5300 -115.9400 50 1177 517.8101 -154.5800 51 1018 483.5100 -135.9400 37 1895 633.7700 181.5100 35 1774 592.1300 139.5500 36 1914 660.3600 168.9900 32 1378 555.9800 216.0100 34 1628 574.9500 176.8300 31 1134 624.2800 269.0600
4.4050773732e+000 2.7105432416e-001 -9.3669303763e+000
37 17 19
10 38 938 777.8600 57.3500 39 994 716.7900 -12.2700 40 1010 736.6600 -26.6100 41 996 752.2100 -68.9700 37 1389 782.5000 132.6600 35 1414 750.0100 98.3600 36 1335 814.5300 123.2900 32 1383 720.5400 176.9500 34 1336 735.9000 136.0000 31 1148 788.2700 234.4600
4.4524557249e+000 2.3987800298e-001 -9.3968512276e+000
186 159 138
12 38 1390 784.1600 51.4400 39 1366 723.0100 -17.4400 40 1012 742.2000 -31.5600 41 997 757.4000 -73.8000 42 435 707.1899 -51.4100 43 477 663.8500 -105.9800 37 1390 789.4900 126.3500 35 1415 757.8300 92.1800 36 1338 822.0900 116.7800 32 1387 728.9200 170.8300 34 1339 744.1899 129.9600 31 1150 796.3600 228.6100
4.4280051771e+000 8.3898879961e-002 -9.4909836142e+000
190 173 145
8 38 1688 770.9500 23.8900 39 1653 707.8600 -41.8300 40 1670 725.0100 -54.0400 37 1689 779.7400 95.4900 35 1787 754.6801 59.3300 36 1694 813.7600 85.2800 32 1759 733.0800 136.9800 31 1161 803.6000 196.5100
3.2683637489e+000 -1.8164585936e-001 -9.1643368993e+000
199 145 114
8 38 1433 587.8500 -25.1200 39 1042 527.5500 -87.5100 37 1434 596.1600 47.6900 35 1479 575.0900 3.8600 36 1388 630.6300 32.1100 32 1456 558.5200 86.6100 34 1397 567.0500 43.2700 31 1205 636.4700 148.6500
3.8195779813e+000 -2.2797770906e-001 -9.4470789602e+000
193 129 58
8 38 375 666.3700 -32.1000 39 426 605.1100 -92.4600 37 1010 679.2800 36.3500 35 977 661.8600 -6.7700 36 942 716.0800 21.4900 32 1460 649.3800 71.6300 34 1399 656.0100 31.2700 31 1209 726.3400 132.6400
-3.0914646829e-001 -3.9804404877e-001 -7.8442012116e+000
174 163 47
8 38 1008 -77.9200 -77.8700 39 1076 -115.7800 -141.6200 41 539 -101.2200 -191.4300 37 1452 -80.9800 10.5500 36 1416 -57.5800 -18.2900 32 1471 -144.4400 43.5400 34 1416 -127.6900 -8.9500 31 1218 -40.3300 112.1200
1.3671931794e+000 -1.7283576959e-001 -8.3842888773e+000
187 128 110
7 38 1410 260.7200 -27.3100 39 1379 212.2600 -93.0000 35 1793 235.4900 2.6900 36 1705 291.2900 35.6200 32 1768 210.1700 95.1100 34 1658 223.0601 47.8900 31 1463 296.6100 160.3000
4.7823522821e+000 -6.6897759873e-002 -9.7907789821e+000
174 106 40
8 38 1402 806.4200 -2.2700 39 1374 742.3900 -63.2700 37 1706 820.1100 63.3400 35 1804 802.1600 24.9700 36 1719 856.5800 51.3200 32 1793 787.5200 97.4300 34 1685 795.0500 59.4400 31 1480 860.2900 156.9200
1.4657067463e+000 -1.8753560598e-001 -8.4353184385e+000
197 132 112
8 38 1411 278.7500 -28.9400 39 1383 229.2900 -95.3700 40 1410 241.6600 -106.3500 37 1710 282.0800 53.2600 35 1794 254.8400 -0.9900 36 1706 310.4399 31.8600 34 1660 242.9700 43.7700 31 1487 316.6100 155.8300
-5.4142678774e-002 -9.9742599416e-001 -8.6034488756e+000
33 63 19
8 38 1168 -22.1200 -186.7400 39 688 -61.5900 -230.2600 37 1546 -16.2200 -127.1900 35 1912 -32.0000 -213.5000 36 1795 10.4800 -163.6900 32 2092 -48.5200 -142.3700 34 1965 -41.0600 -179.5800 31 1774 57.2600 -72.0200
-5.4142678774e-002 -9.9742599416e-001 -8.6034488756e+000
33 63 19
8 38 1169 -22.1200 -186.7400 39 689 -61.5900 -230.2600 37 1547 -16.2200 -127.1900 35 1913 -32.0000 -213.5000 36 1796 10.4800 -163.6900 32 2093 -48.5200 -142.3700 34 1966 -41.0600 -179.5800 31 1775 57.2600 -72.0200
1.0452088933e+000 -7.3770647229e-001 -8.7067872833e+000
18 65 112
8 38 1730 188.2700 -134.6800 39 1682 140.7500 -185.2700 40 1442 147.5200 -186.4700 37 1944 197.0400 -67.0900 35 2098 183.5000 -135.9800 32 2193 171.7300 -52.7800 34 2086 177.2600 -95.8300 31 1864 267.1899 15.2000
1.6353919634e+000 5.6801485416e-001 -8.3255967353e+000
167 165 135
12 38 917 316.1300 121.1900 39 966 272.3500 45.8900 40 350 293.9700 31.6000 41 958 310.0300 -18.3700 42 384 286.3700 1.6800 43 411 248.4600 -58.2800 45 798 261.4900 -60.0500 47 928 274.3600 -77.7700 37 903 309.7800 209.9600 35 144 264.6200 154.5700 32 46 223.8199 236.7500 34 81 244.9700 195.6400
2.1029867630e+000 6.6456809755e-001 -8.5452946413e+000
164 91 90
16 38 1669 399.2200 137.1500 39 1635 353.9800 62.6900 40 1653 377.4301 48.8100 41 1528 397.0800 0.3000 43 1540 333.7200 -40.6900 45 1218 349.0300 -41.0200 47 1322 365.4700 -59.2600 48 1304 321.5601 -109.0300 49 1163 311.1600 -96.3000 50 916 331.9800 -143.9000 51 994 302.9600 -122.7200 37 1363 391.9200 221.5600 35 840 344.0800 167.4500 36 1309 412.9900 203.5300 32 50 303.1899 243.2400 34 811 324.4301 204.9700
2.5599462738e+000 -1.7976592092e-001 -8.8571284795e+000
186 129 102
8 38 970 471.9100 -25.8400 39 405 416.6300 -90.2700 40 443 429.5300 -100.5900 37 1000 480.3199 51.3300 35 936 456.3300 4.1700 36 910 511.5800 33.5900 32 949 437.2900 91.0300 34 895 447.0300 46.2500
4.0621908726e+000 -5.2516306138e-001 -9.8544103801e+000
188 153 126
8 38 1025 680.3600 -80.3200 39 509 617.0601 -132.8000 40 559 625.9100 -135.3200 37 1065 697.7800 -23.7100 35 1057 692.8700 -72.9700 36 1031 738.0800 -41.5400 32 1034 692.4600 -4.4700 34 1445 691.9301 -40.7300
3.9607974641e+000 -1.2204833172e-001 -9.4084204590e+000
104 37 11
8 38 378 694.8900 -12.8500 39 430 633.0800 -76.0800 40 472 646.7200 -86.2900 37 1011 706.0000 57.1800 35 953 685.1100 17.8800 36 922 741.4399 44.5200 32 1438 668.8700 96.9100 34 1400 677.5100 54.9900
-5.8524003663e-001 -5.6636037990e-001 -7.8372780543e+000
47 105 123
8 38 1038 -137.6300 -113.3300 39 1101 -172.5500 -174.3600 40 1082 -166.1900 -179.9800 41 1084 -160.3800 -218.4600 37 1470 -140.7500 -28.7800 35 1538 -169.2900 -102.1000 32 1484 -202.3400 -2.4700 34 1432 -185.1600 -54.2200
4.0902756122e+000 -4.3774395955e-001 -9.7751043192e+000
189 162 126
8 38 996 690.9100 -66.0000 39 1062 627.9800 -120.3400 40 517 637.0400 -125.1500 41 532 644.5000 -153.1000 37 1484 706.9500 -6.6400 35 1511 698.4200 -53.7800 36 1426 747.0100 -22.9300 32 1499 694.4900 16.9600
3.9386640368e+000 -8.2748099943e-001 -1.0175216971e+001
166 139 117
7 38 1078 638.2100 -127.6600 39 590 575.4000 -171.7900 37 1149 659.9100 -80.8100 35 1596 664.6899 -141.0700 36 1517 702.9600 -104.4300 32 1582 675.2500 -84.4700 34 1497 668.7400 -114.7000
3.9703029555e+000 7.7624171510e-002 -9.2857077370e+000
209 121 71
8 38 1401 706.6700 22.5000 39 1372 644.7700 -44.1200 40 1380 661.5100 -56.9000 37 1688 713.3199 97.5800 35 1786 685.8500 59.7300 36 1693 746.5500 85.4800 32 1758 662.3101 140.5900 34 1645 674.8700 98.5300
6.9148169604e-001 -8.1677040923e-001 -8.6299762647e+000
130 32 68
5 38 1515 121.3600 -150.5700 39 1148 74.3400 -201.0100 37 1782 129.9301 -84.0700 32 1883 103.4600 -76.2300 34 1748 109.3300 -118.2600
-5.2163048249e-001 -8.8480376209e-001 -8.2647582141e+000
150 153 39
7 38 1928 -117.3700 -172.2000 39 1690 -153.6700 -220.4500 37 1968 -117.5400 -104.3900 35 2253 -137.8100 -189.4400 36 1999 -91.4500 -140.4400 32 2207 -163.4100 -109.1600 34 2095 -150.9100 -151.2700
3.9042417409e+000 1.4132309956e-001 -9.2140165191e+000
186 92 29
