# Bundle file v0.3
60 15998
0 0 0
0 0 0
0 0 0
0 0 0
0 0 0
0 0 0
0 0 0
0 0 0
0 0 0
0 0 0
0 0 0
0 0 0
0 0 0
0 0 0
0 0 0
0 0 0
0 0 0
0 0 0
0 0 0
0 0 0
0 0 0
0 0 0
0 0 0
0 0 0
0 0 0
0 0 0
0 0 0
0 0 0
0 0 0
0 0 0
0 0 0
0 0 0
0 0 0
0 0 0
0 0 0
0 0 0
0 0 0
0 0 0
0 0 0
0 0 0
0 0 0
0 0 0
0 0 0
0 0 0
0 0 0
0 0 0
0 0 0
0 0 0
0 0 0
0 0 0
0 0 0
0 0 0
0 0 0
0 0 0
0 0 0
0 0 0
0 0 0
0 0 0
0 0 0
0 0 0
1.6395661281e+003 9.8335790895e-002 -1.2835915193e-001
5.0134099159e-001 -2.7174831079e-002 -8.6482295223e-001
2.0864771895e-003 -9.9946580584e-001 3.2615173907e-002
-8.6524728070e-001 -1.8155756990e-002 -5.0101647849e-001
-7.4427739102e+000 5.3490622207e-001 -1.4040253837e+001
1.6366509703e+003 8.0288139152e-002 -3.6983125244e-002
5.0180713835e-001 -7.0077857650e-002 -8.6213612021e-001
6.5073794843e-002 -9.9082961536e-001 1.1841484091e-001
-8.6252825874e-001 -1.1552388147e-001 -4.9264514175e-001
-7.3236453605e+000 1.5641985692e+000 -1.3798679897e+001
1.6504569930e+003 7.0566615226e-002 -9.0838700157e-002
4.8545047731e-001 -1.2748206086e-001 -8.6491974092e-001
1.0497572636e-001 -9.7365445239e-001 2.0242802232e-001
-8.6793889817e-001 -1.8906435810e-001 -4.5927849671e-001
-7.4218229845e+000 1.8643914444e+000 -1.3265449386e+001
1.6475267644e+003 4.4216295164e-002 -2.4911055830e-002
4.6925509800e-001 -1.9706119899e-001 -8.6079413152e-001
1.3324119826e-001 -9.4782229218e-001 2.8961989836e-001
-8.7295271126e-001 -2.5059885533e-001 -4.1851377232e-001
-7.4930043420e+000 2.7485001423e+000 -1.2538636174e+001
1.6514387669e+003 4.0841343453e-002 -4.9455876432e-002
4.5212127555e-001 -2.5238904282e-001 -8.5550343264e-001
2.0712418229e-001 -9.0320570384e-001 3.7592423394e-001
-8.6757473759e-001 -3.4715879309e-001 -3.5608264079e-001
-7.5600243112e+000 3.5144426546e+000 -1.1853480424e+001
1.6485272067e+003 9.1688293090e-002 -1.4660906580e-001
4.8087427105e-001 -2.8309510411e-001 -8.2982955929e-001
2.4730554226e-001 -8.6421971578e-001 4.3813725204e-001
-8.4118957685e-001 -4.1591038084e-001 -3.4557003762e-001
-7.3340606188e+000 4.4645153847e+000 -1.1734132240e+001
1.6439838116e+003 1.3145297525e-001 -2.5647767833e-001
5.7471156323e-001 -2.8473101605e-001 -7.6722543466e-001
2.5194235557e-001 -8.3042494469e-001 4.9690991206e-001
-7.7860880329e-001 -4.7887645561e-001 -4.0551901522e-001
-6.7469088332e+000 5.2094332600e+000 -1.2553026802e+001
1.6602975306e+003 8.2164903032e-002 -1.2246463372e-001
5.9649293476e-001 -3.1537646932e-001 -7.3806087919e-001
2.7734793228e-001 -7.8192826321e-001 5.5827082644e-001
-7.5317614357e-001 -5.3770426239e-001 -3.7894567284e-001
-6.4931085727e+000 5.1804580583e+000 -1.2313452937e+001
1.6613526507e+003 2.4089018565e-002 -9.2150103042e-004
5.8502462648e-001 -3.7069834227e-001 -7.2133828780e-001
3.1706326380e-001 -7.1409982484e-001 6.2412524938e-001
-7.4646974028e-001 -5.9383851273e-001 -3.0023115701e-001
-6.7149724657e+000 6.0584023274e+000 -1.1154773828e+001
1.6588144980e+003 5.3710396902e-002 -6.4247012576e-002
6.1910776103e-001 -3.8548736948e-001 -6.8418204317e-001
3.3977544194e-001 -6.5397153564e-001 6.7592446296e-001
-7.0799592462e-001 -6.5093833698e-001 -2.7389971188e-001
-5.5934943258e+000 6.1343913040e+000 -1.1442974744e+001
0 0 0
0 0 0
0 0 0
0 0 0
0 0 0
1.6574033862e+003 6.4235593290e-002 -7.8533305366e-002
6.2432897822e-001 -4.1973401887e-001 -6.5881460242e-001
3.7337458502e-001 -5.8045838919e-001 7.2364319777e-001
-6.8615213052e-001 -6.9777604705e-001 -2.0567897790e-001
-5.5504595537e+000 6.8409966961e+000 -1.1001866054e+001
1.6598307917e+003 7.1215343423e-002 -1.2682082804e-001
6.2735087261e-001 -4.6876822101e-001 -6.2184181075e-001
3.8068071948e-001 -5.1200442523e-001 7.7002185577e-001
-6.7934753437e-001 -7.1979707107e-001 -1.4275539931e-001
-5.5342377291e+000 7.3103033448e+000 -1.0185809570e+001
1.6628230462e+003 6.4900196285e-002 -1.1034520290e-001
6.5014426467e-001 -4.8855942380e-001 -5.8191247154e-001
4.1872137097e-001 -4.0869647478e-001 8.1094981657e-001
-6.3402275086e-001 -7.7089356005e-001 -6.1141397341e-002
-4.9992654573e+000 7.5315284503e+000 -9.4122422564e+000
1.6532091645e+003 7.8561092517e-002 -1.4492382649e-001
6.6434094369e-001 -5.2153834225e-001 -5.3539599186e-001
4.4312314443e-001 -3.0202398284e-001 8.4405177131e-001
-6.0190779144e-001 -7.9798450571e-001 3.0458812382e-002
-4.6011566908e+000 8.0159551068e+000 -8.3701656200e+000
1.6686744344e+003 5.2685646567e-002 -1.0025437232e-001
6.8644873538e-001 -5.2784020060e-001 -5.0017282645e-001
4.6540545317e-001 -2.0959577701e-001 8.5992288865e-001
-5.5873598225e-001 -8.2307614039e-001 1.0178295169e-001
-4.3912609752e+000 8.4402054271e+000 -7.6344390161e+000
1.6781620978e+003 4.1341654215e-002 -8.7804519214e-002
7.0701174450e-001 -5.2801593937e-001 -4.7046100892e-001
4.7082647697e-001 -1.4494452467e-001 8.7023761890e-001
-5.2769008113e-001 -8.3677371645e-001 1.4612640328e-001
-4.0381769262e+000 7.8462615071e+000 -7.6665870890e+000
1.6696596932e+003 5.5761586923e-002 -1.0583433863e-001
7.4898873725e-001 -5.1754117311e-001 -4.1372334428e-001
4.8173933588e-001 -3.3462290596e-003 8.7630817354e-001
-4.5490997322e-001 -8.5565176146e-001 2.4681365315e-001
-3.6644648514e+000 7.8843153722e+000 -7.1267119958e+000
1.6600841164e+003 5.2316963100e-002 -6.1780578990e-002
7.7592695743e-001 -5.0535926560e-001 -3.7755710746e-001
4.8515807020e-001 9.5530936956e-002 8.6919243382e-001
-4.0318606579e-001 -8.5760471824e-001 3.1930415531e-001
-3.3187632657e+000 7.6514141173e+000 -6.6091650181e+000
1.6584612231e+003 6.2993020509e-002 -1.1342173676e-001
8.0703017643e-001 -4.8189679761e-001 -3.4128839827e-001
4.8203189848e-001 2.0376149518e-001 8.5213056625e-001
-3.4109755670e-001 -8.5220697576e-001 3.9673130363e-001
-2.8880145786e+000 7.8602887570e+000 -6.0559731887e+000
1.6556956757e+003 6.5113369669e-002 -1.1161786716e-001
8.3965386878e-001 -4.4286021575e-001 -3.1441407402e-001
4.7692911321e-001 3.2424581877e-001 8.1694753196e-001
-2.5984611140e-001 -8.3590638131e-001 4.8346718614e-001
-2.6290126578e+000 7.6347734776e+000 -5.3396516090e+000
0 0 0
0 0 0
0 0 0
0 0 0
0 0 0
1.6540022635e+003 6.0508802332e-002 -9.9162742252e-002
8.4495779745e-001 -4.5269598972e-001 -2.8480284659e-001
4.5767250983e-001 3.3648038188e-001 8.2299260407e-001
-2.7673488085e-001 -8.2574045166e-001 4.9149823216e-001
-2.2081401873e+000 7.1346126633e+000 -4.8061476226e+000
1.6477127861e+003 4.4903355451e-002 -4.3126451367e-002
8.7694159044e-001 -4.2853248784e-001 -2.1756229871e-001
4.2616108665e-001 4.8410034550e-001 7.6422089982e-001
-2.2217149948e-001 -7.6289367697e-001 6.0715159760e-001
-1.7308190837e+000 6.7428460005e+000 -3.5336000733e+000
1.6498416447e+003 3.3202978604e-002 -1.1411035883e-002
9.0111459081e-001 -3.9875294065e-001 -1.7026034931e-001
3.9474184858e-001 5.9204984249e-001 7.0260647378e-001
-1.7936378455e-001 -7.0033783014e-001 6.9090922447e-001
-1.1042310533e+000 6.3961225355e+000 -2.6147565625e+000
1.6485408001e+003 3.9885849870e-002 -4.3496149950e-002
9.1208866978e-001 -3.8484050799e-001 -1.4139321719e-001
3.7638443915e-001 6.4920659801e-001 6.6095805243e-001
-1.6257002315e-001 -6.5607055757e-001 7.3698196115e-001
-9.8040383771e-001 5.8735828013e+000 -2.2638119260e+000
1.6661235097e+003 3.8326846099e-002 -3.3113595570e-002
9.3581601346e-001 -3.3208542349e-001 -1.1818485713e-001
3.3449196060e-001 7.3086838197e-001 5.9493406066e-001
-1.1119135418e-001 -5.9628070549e-001 7.9503823997e-001
-8.1783926096e-001 5.4732092323e+000 -1.7590316703e+000
1.6546885020e+003 4.1177590190e-002 -5.1372185219e-002
9.5112624894e-001 -2.9582581964e-001 -8.8577327833e-002
2.9551578784e-001 7.8872082023e-001 5.3906389869e-001
-8.9606237008e-002 -5.3889382272e-001 8.3759427536e-001
-5.4605741918e-001 5.0049772695e+000 -1.4704843959e+000
1.6503023868e+003 3.2100534912e-002 -3.6073821187e-002
9.6531744263e-001 -2.4985874140e-001 -7.5715548621e-002
2.5680188201e-001 8.5641753775e-001 4.4788591677e-001
-4.7064087735e-002 -4.5179598315e-001 8.9087898239e-001
-3.5056621677e-001 4.4302275819e+000 -8.7916486587e-001
1.6539771447e+003 4.3075002285e-002 -5.9851530793e-002
9.7688558282e-001 -2.0298545949e-001 -6.7018365482e-002
2.1259390415e-001 8.8981804712e-001 4.0376685715e-001
-2.2324649934e-002 -4.0868171754e-001 9.1240389289e-001
-7.1889056355e-002 3.4156480060e+000 -6.8927352195e-001
1.6581802865e+003 6.0900751002e-002 -1.0753591010e-001
9.8683565488e-001 -1.5138956794e-001 -5.6891027138e-002
1.6110043618e-001 9.5110468064e-001 2.6352710663e-001
1.4214067384e-002 -2.6922311414e-001 9.6297293581e-001
-1.6754708147e-001 2.3559578535e+000 -3.6647488861e-001
1.6530028369e+003 4.0005248323e-002 -5.3914139533e-002
9.9311224381e-001 -1.1009040355e-001 -4.0102047942e-002
1.1605010616e-001 9.7138067570e-001 2.0724853614e-001
1.6138279449e-002 -2.1047490567e-001 9.7746604546e-001
-3.0032035453e-001 1.8414383859e+000 -6.1682527728e-001
0 0 0
0 0 0
0 0 0
0 0 0
0 0 0
1.6615480342e+003 2.6680334088e-002 -3.2253569967e-002
9.9808611280e-001 -5.7064394568e-002 -2.3827847506e-002
5.9439341210e-002 9.9157784366e-001 1.1506669663e-001
1.7060954271e-002 -1.1626278351e-001 9.9307194554e-001
-2.5502197223e-001 9.1154654640e-001 -3.1965300444e-001
1.6409352370e+003 4.7638366187e-002 -6.6223922620e-002
9.9994315699e-001 -6.5100058688e-003 -8.4440875338e-003
6.4153982239e-003 9.9991688679e-001 -1.1183120448e-002
8.5161878984e-003 1.1128312582e-002 9.9990181278e-001
-1.0090598262e-001 -1.4221209411e-001 -1.3468705444e-001
1.6439274674e+003 4.8742339293e-002 -8.6245539977e-002
9.9872014470e-001 4.8239374079e-002 -1.5199847644e-002
-4.9872435416e-002 9.8927731728e-001 -1.3727027974e-001
8.4150321259e-003 1.3785264707e-001 9.9041700053e-001
-2.0154868667e-001 -1.0846814608e+000 -4.8280354120e-002
1.6406808917e+003 6.3599366535e-002 -1.1181868081e-001
9.9435478317e-001 1.0435010184e-001 -1.9225541302e-002
-1.0608537824e-001 9.8130788792e-001 -1.6056376185e-001
2.1113304271e-003 1.6169689342e-001 9.8683821214e-001
-3.9731523514e-001 -1.3708442589e+000 -1.4393918486e-001
1.6395310829e+003 5.8245866985e-002 -9.6973134217e-002
9.8670232482e-001 1.6218790423e-001 -1.0658607586e-002
-1.5827898738e-001 9.4386794774e-001 -2.8993285324e-001
-3.6963283766e-002 2.8776445395e-001 9.5698763560e-001
-1.4444942960e-001 -2.6261256769e+000 1.6843158931e-001
1.6419995180e+003 4.7677254368e-002 -8.1952749809e-002
9.7848047618e-001 2.0152084698e-001 -4.4331771535e-002
-2.0436276657e-001 9.1680832726e-001 -3.4307193226e-001
-2.8492409057e-002 3.4474895112e-001 9.3826240644e-001
-3.9712264822e-001 -3.0634860627e+000 -7.3384952761e-002
1.6433418791e+003 6.4861017056e-002 -1.2508863740e-001
9.6520547928e-001 2.5585256023e-001 -5.4017128722e-002
-2.5438863871e-001 8.7090799928e-001 -4.2048267181e-001
-6.0537618613e-002 4.1959352262e-001 9.0569115736e-001
-5.2160905450e-001 -3.9851172507e+000 -3.3025780074e-001
1.6331913005e+003 6.7140655703e-002 -1.1486223087e-001
9.5608332959e-001 2.7779117382e-001 -9.3470480005e-002
-2.8661140752e-001 8.1941004404e-001 -4.9640817963e-001
-6.1307160776e-002 5.0139729105e-001 8.6304240253e-001
-7.0461729452e-001 -4.5010178792e+000 -8.7614278362e-001
1.6387878175e+003 5.7954234696e-002 -1.0378150059e-001
9.3484992363e-001 3.3718897933e-001 -1.1117199517e-001
-3.3548838012e-001 7.3645649063e-001 -5.8743457867e-001
-1.1620312859e-001 5.8646008358e-001 8.0159927849e-001
-1.1461115416e+000 -5.2031039922e+000 -1.4024124407e+000
1.6265360084e+003 7.5280977483e-002 -1.3705349797e-001
9.1497923525e-001 3.7217084796e-001 -1.5589053525e-001
-3.7269077915e-001 6.3142639801e-001 -6.8000168163e-001
-1.5464340331e-001 6.8028638368e-001 7.1644668608e-001
-1.5533903738e+000 -6.1702638580e+000 -2.4466451107e+000
0 0 0
0 0 0
0 0 0
0 0 0
0 0 0
1.6285933940e+003 6.3275392233e-002 -1.1530933869e-001
8.9439112043e-001 4.0406193321e-001 -1.9182929345e-001
-4.0489491595e-001 5.4914651149e-001 -7.3109384894e-001
-1.9006480666e-001 7.3155455234e-001 6.5475438618e-001
-1.8668135083e+000 -6.4717705597e+000 -3.0393012134e+000
0 0 0
0 0 0
0 0 0
0 0 0
0 0 0
0 0 0
0 0 0
0 0 0
0 0 0
0 0 0
0 0 0
0 0 0
0 0 0
0 0 0
0 0 0
-5.8656148581e-001 -1.2642231809e+000 -8.3879044150e+000
150 145 141
16 46 4511 -116.0000 -253.4800 47 4651 -138.6000 -223.5100 48 4694 -181.4000 -230.5700 45 3727 -110.6200 -263.5500 43 3298 -78.2500 -230.7000 42 3523 -15.9000 -235.9800 41 3698 37.2200 -257.8200 40 3311 7.4800 -118.5300 39 3004 2.6700 -145.7400 38 2308 9.5500 -138.7700 37 2468 34.0500 -155.2800 36 2997 66.8000 -105.6000 35 2354 25.8000 -115.2700 34 2439 54.5000 -99.2700 32 2352 14.8000 16.9900 31 2221 22.4100 32.6900
-4.6348362799e-001 -1.1704654977e+000 -8.3322115675e+000
144 140 128
20 46 3934 -92.9400 -236.2800 47 4043 -114.9100 -209.0300 48 4111 -157.6200 -217.6900 49 4441 -141.4400 -251.0200 50 3952 -142.0300 -235.3400 51 3472 -162.4400 -273.4700 52 3311 -132.6400 -225.6600 53 3726 -199.0100 -192.3300 45 3306 -87.9800 -242.8600 43 3272 -56.5800 -208.4200 42 3093 6.1900 -210.4300 41 3329 58.3400 -230.8100 40 3287 27.5700 -89.3200 39 2984 21.0800 -115.8800 38 2280 26.8400 -107.6100 37 2446 48.9500 -123.9000 36 2757 79.7200 -74.9400 35 2335 37.4100 -85.2300 34 2438 63.2300 -70.5900 32 2006 22.5600 44.6600
-3.0898482364e-001 -1.1063951969e+000 -8.3365138368e+000
124 117 107
15 46 4500 -63.9400 -223.8300 47 4044 -84.7600 -198.1000 48 4112 -126.5800 -208.1600 49 4442 -109.2900 -243.0700 51 3474 -129.1800 -269.6500 52 3313 -100.0300 -223.9200 45 3720 -59.6700 -229.3000 43 3553 -29.1900 -193.4800 42 3495 35.5000 -193.6000 41 3678 87.6899 -211.7600 39 3239 48.2700 -96.0400 38 2552 52.2800 -86.9900 36 2980 104.3199 -52.3500 35 2545 61.2200 -62.8600 34 2688 83.2700 -49.1300
-6.2161625706e-001 -7.7724461243e-001 -8.4709524836e+000
151 149 126
20 46 2480 -123.1900 -157.9900 47 2520 -140.7200 -126.7100 48 2556 -178.0400 -134.4300 49 3677 -160.2500 -162.1700 50 3885 -156.3200 -147.5100 51 2616 -171.6100 -187.0000 52 2489 -138.4800 -143.8900 53 2841 -200.5700 -113.1300 54 1253 -198.5000 -121.5400 56 1184 -200.1800 -81.7600 45 1711 -121.4200 -167.7300 43 1993 -93.1200 -140.1900 42 2403 -36.5700 -143.2700 41 2684 9.2600 -169.9000 40 1925 -23.1100 -38.5600 39 1718 -31.7900 -73.2000 38 1061 -29.6000 -72.5200 37 1397 -10.0600 -96.4300 36 693 19.5900 -54.2400 35 506 -20.8400 -76.4700
1.4227230914e+000 1.5645435027e+000 -8.2452701855e+000
50 30 17
11 46 4090 270.8199 299.8700 47 4227 291.7400 315.6700 48 4274 273.6100 275.4300 45 2791 243.7000 307.7800 43 2766 233.7700 334.0000 42 3235 281.0100 362.7700 41 2903 290.1500 332.8800 40 2325 231.8000 448.9900 39 2118 192.1100 393.4500 38 1372 173.5500 388.6800 36 1321 165.5400 358.6900
8.7049353610e-001 1.6783862225e+000 -8.4209217515e+000
157 140 115
11 46 2932 160.1300 314.4700 47 2981 177.3101 340.6700 48 3043 162.7200 308.0400 45 2152 135.0800 313.0000 43 2296 128.8199 330.1300 42 2111 171.6300 349.9200 41 2451 182.5800 309.6900 40 1489 127.0400 417.1400 39 1328 92.4500 356.6900 38 1407 76.0800 345.9900 37 1778 60.1400 292.5000
-3.4493426480e-001 -2.0240024749e-001 -8.5885653377e+000
20 24 23
17 46 3742 -69.9500 -47.0000 47 3848 -81.4100 -16.8000 48 3896 -112.9700 -29.0400 49 4679 -86.1900 -55.1100 50 4880 -78.8900 -46.5600 51 4399 -88.9300 -93.1100 52 4330 -55.9200 -59.4900 53 4307 -114.1900 -38.3300 54 4142 -113.3500 -61.7100 56 4130 -113.3400 -30.5000 45 3012 -72.0500 -55.9100 43 2931 -50.8500 -32.1300 42 2848 2.2700 -30.1100 41 3075 40.8400 -60.0100 40 2999 3.4600 62.8600 38 1595 -11.6600 19.7300 37 1916 -1.7500 -13.1700
-3.8699825825e-001 -3.0601266501e-001 -8.5568225544e+000
26 21 25
12 46 3744 -77.9800 -66.9900 47 3869 -90.7600 -37.1100 48 3914 -123.4600 -48.5000 49 4735 -98.1300 -75.5700 50 4481 -92.0200 -65.8900 51 3945 -102.6900 -111.4700 45 3077 -79.5100 -75.5700 43 2997 -57.1000 -50.8500 42 2891 -3.0300 -49.3400 41 3128 36.8000 -77.9900 40 3069 0.2300 46.7400 37 1918 -1.2300 -24.8300
-6.9045740458e-001 -1.2950402298e-001 -8.7372751442e+000
16 12 13
17 46 4195 -132.8400 -31.9700 47 4302 -143.7000 4.8300 48 4340 -173.6900 -3.2800 49 4652 -149.3400 -21.0100 50 4847 -139.3600 -8.3000 51 4387 -147.8600 -49.8000 52 4327 -111.7800 -14.6300 53 4882 -167.3200 11.4300 54 4823 -162.4300 -11.4000 56 4817 -160.0100 21.6500 45 3525 -135.2300 -48.1500 43 2927 -113.8900 -31.2100 42 2840 -64.6500 -34.1200 41 3126 -27.5500 -72.4100 40 3062 -63.7400 42.4100 39 2743 -76.1800 -4.0600 37 1951 -63.2700 -48.7100
-6.9293204084e-001 -1.2760041278e-001 -8.7486401437e+000
16 12 13
10 46 4196 -132.8400 -31.9700 47 4303 -143.7000 4.8300 48 4341 -173.6900 -3.2800 49 4653 -149.3400 -21.0100 50 4848 -139.3600 -8.3000 45 3526 -135.2300 -48.1500 43 2928 -113.8900 -31.2100 40 3063 -63.7400 42.4100 39 2744 -76.1800 -4.0600 37 1952 -63.2700 -48.7100
-8.9330769510e-001 -7.7383239562e-001 -8.3648803140e+000
12 10 13
11 46 4397 -176.0600 -159.3300 47 3931 -194.3600 -127.5200 48 4013 -231.2500 -134.0600 45 3654 -174.1100 -168.7200 43 3512 -145.7300 -143.5100 42 3442 -91.7000 -147.8200 41 3619 -47.0300 -175.9300 40 3592 -80.4400 -44.6000 39 3237 -89.4300 -78.9200 38 2233 -88.4400 -77.3300 37 2024 -69.5700 -103.3000
-1.9867500980e-001 -9.7714502567e-001 -8.3471973566e+000
24 19 27
13 46 4503 -43.0500 -198.5200 47 4637 -62.4500 -174.0200 48 4659 -103.4500 -185.9700 49 4995 -83.3300 -222.1200 50 5182 -83.6100 -210.4700 45 3703 -39.3300 -201.8600 43 3551 -10.8600 -166.2800 42 3493 52.5500 -164.1200 41 3639 102.9800 -181.4700 40 3598 70.4600 -41.1600 39 2912 62.1400 -67.9500 38 2218 65.7100 -58.1600 37 2415 84.4399 -74.7100
-1.7610745176e-001 -1.0426937082e+000 -8.3475078364e+000
119 107 91
13 46 3905 -38.0100 -211.1300 47 4017 -58.7300 -186.7900 48 4113 -100.1700 -198.7100 49 4444 -81.3000 -234.5800 50 4608 -82.4000 -222.4600 45 3274 -33.8900 -215.0000 43 3239 -4.6500 -178.4200 42 3062 59.2200 -176.0100 41 3278 111.2700 -193.4400 40 3263 78.5000 -51.9800 39 2959 70.5601 -77.5200 38 2219 75.0699 -66.9200 37 2417 94.9301 -82.7000
-1.0175842856e+000 -1.0450958067e+000 -8.2614236280e+000
87 63 37
10 46 4824 -203.9600 -215.0300 47 4959 -224.8600 -184.3300 45 4008 -200.0900 -225.1600 43 3797 -166.3900 -193.7800 42 3796 -110.7400 -201.2900 41 3946 -62.4000 -225.8600 40 3972 -95.1200 -92.3900 39 3558 -102.4900 -124.2500 38 2887 -99.6100 -121.7600 37 2869 -75.8200 -140.4100
-2.2368936729e+000 -1.5425654508e+000 -8.1463910377e+000
143 123 96
11 46 4834 -448.4600 -317.4400 47 4971 -470.5200 -275.0500 48 5011 -512.7500 -264.4100 45 4026 -445.5800 -340.0400 43 3811 -406.1000 -319.1000 42 3862 -357.9400 -343.1400 41 4014 -313.0600 -382.0500 40 3980 -340.2800 -250.4600 39 3563 -341.5900 -289.2500 38 2896 -338.1700 -297.1000 37 2940 -304.4000 -325.6000
-1.6559760556e-001 1.8733302441e+000 -1.0135413476e+001
133 116 87
17 46 4086 -30.9700 295.5600 47 4735 -20.6200 362.6600 48 4770 -28.5700 352.7600 49 5081 17.9000 384.7100 50 5408 47.3600 400.5500 51 4904 64.0900 371.1900 52 4753 111.4900 400.9400 53 5272 86.7300 429.5600 54 5075 107.2900 382.0500 56 5077 131.2200 402.4200 45 3437 -43.3300 250.8800 43 3390 -38.0800 234.6600 42 3252 -4.6000 225.9200 41 2963 13.6600 149.0700 40 3501 -27.2300 223.1100 39 2625 -49.2600 146.9500 38 1463 -56.0500 117.7300
5.2224367450e-001 4.6087048163e-002 -8.6478837458e+000
25 19 26
15 46 4189 92.4600 0.4600 47 4330 86.6100 23.1500 48 4356 55.5000 1.2600 49 4669 94.9700 -32.0200 50 4867 101.3900 -32.5500 52 4363 120.4800 -62.6800 53 4950 62.1900 -51.6400 54 4221 54.0500 -84.6200 56 4209 51.8500 -62.0100 43 2869 101.8600 28.0500 42 2775 158.8700 39.2800 41 3004 194.0200 14.7300 40 2937 152.9399 139.8100 39 2645 132.9100 100.9900 38 1473 129.3000 102.9100
-8.8343099303e-001 -6.4345094028e-001 -8.3644694751e+000
19 15 14
12 46 4396 -175.2600 -134.8700 47 4529 -192.4400 -103.4200 48 4531 -228.2800 -110.1700 49 4856 -212.6400 -136.8000 50 4996 -206.9200 -120.8900 45 3608 -173.6800 -144.7400 43 3493 -146.0300 -118.4300 42 3400 -93.3100 -121.7600 41 3225 -50.1200 -148.5900 40 3194 -84.4600 -18.6000 39 2323 -94.3500 -55.7500 38 1658 -94.1700 -56.3700
-3.8208946903e-001 1.3233229302e+000 -9.8781844221e+000
132 111 80
10 46 4611 -68.2800 211.2700 47 4748 -64.5700 272.6900 48 4786 -77.6800 264.2100 45 3446 -77.1100 172.5400 43 3404 -66.7600 162.9700 42 3268 -29.3000 154.2700 41 3495 -7.6300 85.0800 40 3511 -47.4800 166.9300 39 2634 -66.2800 96.8700 38 2029 -71.3100 70.0300
-2.7383942897e-001 -1.0047785958e+000 -8.3341693468e+000
138 131 108
16 46 4502 -57.5100 -204.2600 47 4633 -77.2200 -179.1200 48 4656 -118.3900 -190.3400 49 4988 -99.1200 -226.2200 50 5179 -99.2800 -213.6900 51 4685 -118.2300 -255.6200 52 4022 -89.1500 -211.4600 53 4506 -155.1800 -181.7400 54 4436 -158.4900 -185.8000 45 3702 -53.5800 -208.1100 43 3549 -24.7300 -172.9400 42 3491 38.3600 -171.6200 41 3635 89.1300 -189.4200 40 3595 56.7900 -49.0100 39 2956 48.4200 -75.7400 38 2210 52.7300 -66.4600
-3.9370066837e-001 -2.4188931987e-001 -8.5800081575e+000
139 134 114
15 46 926 -79.1500 -55.0300 47 953 -91.1500 -24.3200 48 958 -123.2200 -35.6900 49 2729 -97.3300 -61.5200 50 1142 -90.1200 -52.5200 51 2513 -100.6600 -98.1600 52 994 -67.5700 -63.5500 53 1139 -125.7900 -41.3200 54 1086 -124.5300 -63.7800 56 1057 -124.6600 -31.9100 45 656 -81.0500 -63.6900 43 691 -59.1800 -40.0200 41 633 32.9600 -68.5000 40 575 -3.8700 54.9100 39 471 -17.4300 14.2700
4.9122815174e-001 -3.7852932964e-001 -8.5522882887e+000
129 120 92
11 46 3762 87.9600 -79.7300 47 3874 77.0400 -59.4300 48 3951 41.0100 -79.9900 49 4304 74.4900 -117.0700 50 4514 76.8500 -115.1200 51 3986 62.5400 -167.4900 43 3046 106.8900 -45.2000 42 2886 168.5200 -34.7300 41 3113 209.8400 -53.5400 40 3046 171.7400 79.2300 39 2267 153.7000 47.5200
-1.4567016418e+000 -8.4619980131e-002 -8.0169976395e+000
169 149 116
11 46 3716 -300.6700 -29.1000 47 4301 -316.6800 0.6500 48 4339 -346.6900 -3.6100 49 4651 -332.8600 -33.3600 50 4460 -322.4200 -19.1700 51 3931 -331.7900 -69.0400 43 2926 -276.1200 -13.1200 42 2838 -231.9500 -15.0600 41 3072 -196.7200 -43.0600 40 2994 -234.7800 82.3200 39 2690 -246.2600 38.5100
3.7799526843e-001 1.3470009529e-001 -8.6826047079e+000
131 126 104
12 46 2304 65.1500 16.9400 47 2332 60.0500 42.1900 48 2348 30.1100 21.6200 49 2688 69.6500 -8.1900 50 2886 77.2700 -7.8200 51 2472 70.0200 -62.9500 52 2391 99.4200 -37.2800 54 1104 36.6300 -60.5300 45 576 59.2700 12.9100 43 520 73.4200 39.1000 42 484 129.0699 49.0000 40 372 120.9800 142.9200
1.0725333441e+000 2.3320372868e+000 -8.3245904860e+000
72 50 27
15 46 2828 200.1100 447.3900 47 3533 229.6899 478.7900 48 3623 222.0200 441.7200 49 3901 316.8199 418.2800 50 4097 344.8199 397.9500 51 3649 370.5500 302.5500 52 3544 411.3400 291.5000 53 4008 378.0400 252.7000 54 3987 372.1899 131.2600 56 4047 380.8400 106.5300 45 2027 166.9301 439.8600 43 2256 151.8500 449.8600 42 2064 188.8199 472.7100 41 1560 190.0200 422.6900 40 1421 129.2000 523.3600
-4.3045225424e-001 1.0655220335e+000 -9.9468774418e+000
146 119 89
11 46 2126 -74.8600 167.4600 47 2112 -72.9200 227.8600 48 3096 -87.2500 221.3300 49 3345 -51.1100 242.7700 50 3490 -28.5500 257.9800 51 3035 -21.9000 229.0500 45 1343 -82.7100 127.5100 43 384 -71.8500 117.3300 42 1387 -31.2800 110.3200 41 1841 -7.1700 42.4200 40 1685 -45.1300 126.6900
4.8806725810e-001 1.0508936590e-001 -8.6749945665e+000
133 127 102
14 46 3702 85.8101 11.5400 47 3813 80.8400 35.0900 48 3875 50.3800 13.7600 49 4259 90.5000 -18.2600 50 4470 97.6899 -18.3500 51 3937 89.6300 -74.3600 52 3856 118.0200 -48.6700 53 4320 60.8800 -38.0900 54 4217 53.7000 -72.4100 45 2934 80.2500 8.9900 43 2442 93.9800 36.7500 42 2292 150.1600 47.4300 41 2570 184.1600 21.1300 40 1694 142.4000 144.2200
-3.8812984867e-001 2.2035153198e-002 -8.7031627553e+000
19 20 14
7 46 4197 -76.5300 -4.5400 47 4791 -85.5500 28.6400 49 5156 -86.4200 -4.7600 45 3508 -80.9300 -16.7500 42 2793 -10.9800 4.4100 41 3016 23.7100 -31.0700 40 2509 -15.0100 85.8000
-3.5629735483e-001 -1.3108907220e-001 -8.6155064736e+000
132 127 98
15 46 3184 -72.0000 -33.9300 47 3826 -82.9700 -2.7200 48 3322 -113.5300 -14.9000 49 4275 -86.2400 -40.0100 50 4461 -78.2900 -31.2300 51 3317 -87.4100 -78.2600 52 3847 -53.9900 -44.9900 53 3606 -111.0600 -23.4400 54 3402 -109.9400 -48.9100 56 3397 -109.0400 -18.2700 45 2446 -74.5200 -42.6500 43 2491 -53.8700 -20.3000 42 2330 -2.0500 -18.7000 41 2596 35.7900 -49.5200 40 2511 -1.6400 71.4900
-2.7143664658e-001 -1.7141333585e-001 -8.5948072484e+000
136 130 107
14 46 4245 -56.2000 -41.3100 47 4345 -67.1400 -11.6200 48 4370 -98.7300 -24.7700 49 4677 -70.6800 -51.2600 50 4885 -63.3500 -43.4000 52 4333 -40.7200 -58.1200 53 4902 -98.5800 -37.3600 54 4144 -98.5100 -62.1300 56 4133 -98.7200 -32.0400 45 3016 -58.3500 -49.5900 43 2932 -38.0300 -25.2800 42 2847 15.3900 -22.1300 41 3073 53.5000 -51.7700 40 2997 16.0700 71.1600
-3.1975080610e-001 -2.7370711929e-001 -8.5624799393e+000
129 122 103
14 46 4242 -65.2600 -60.7300 47 4346 -77.5500 -31.2700 48 4418 -110.1400 -43.8700 49 4739 -83.6100 -71.0300 50 4882 -77.1100 -62.3600 51 4441 -88.1400 -108.9400 52 4374 -55.7400 -74.6700 53 4903 -114.4600 -52.5000 54 4173 -114.5000 -74.8600 56 4159 -115.4100 -43.0800 43 3000 -45.2500 -43.6700 42 2893 8.8400 -41.3100 41 3129 48.4300 -69.6500 40 3067 11.6300 54.9200
-1.6468235735e+000 -1.2296185870e+000 -7.9272165159e+000
27 16 14
7 46 3345 -340.0200 -262.2300 47 3385 -363.8600 -230.8800 45 3317 -338.0300 -273.2100 43 2621 -301.3900 -241.7400 42 2495 -250.0600 -251.5100 41 3343 -202.1800 -275.6900 40 3323 -233.7200 -135.0400
1.1446813786e+000 1.9252643430e+000 -8.2360826413e+000
29 20 25
15 46 4768 216.0400 371.1500 47 4902 240.7600 394.0200 48 5039 228.0200 356.2700 49 5335 316.3900 319.6200 50 5572 338.8700 297.3700 51 5065 357.6500 201.1800 52 4932 393.0800 192.0700 53 5470 351.0300 155.7100 54 5262 339.8300 48.7400 56 5265 343.2200 31.7000 45 3950 184.8800 371.9100 43 3626 172.8800 391.3200 42 3592 213.7300 416.1800 41 3437 220.1200 374.9600 40 3437 160.5300 483.1500
-3.4654252636e-001 1.1168650135e+000 -9.9233257306e+000
129 106 75
8 46 4133 -61.0100 176.0100 47 3658 -58.3900 236.7100 49 4572 -35.4800 248.2300 45 3458 -69.2400 138.5600 43 3413 -57.0000 131.2300 42 3278 -18.4500 121.1100 41 3500 3.4800 52.6400 40 3520 -34.3000 137.9600
-1.2343916565e-001 -9.4853753206e-001 -8.3666696768e+000
136 123 95
10 46 4470 -28.3100 -192.4600 47 4638 -47.2500 -168.5500 48 4664 -88.1800 -181.3000 49 4996 -67.0600 -217.6900 50 5183 -67.1800 -206.8300 45 3675 -24.6900 -195.4000 43 3528 3.1300 -159.4000 42 3462 66.7900 -156.6300 41 3638 117.2600 -173.6100 40 3571 84.1400 -33.4900
1.0390759490e+000 -1.2475183936e+000 -7.5166738223e+000
92 53 22
6 46 4709 217.8400 -278.8300 47 4864 192.8600 -288.5500 48 4712 138.7100 -316.9400 45 3893 224.1300 -247.0800 43 3710 251.8300 -174.6600 40 3768 357.2800 61.7100
-9.1110332357e-002 -1.4341204992e+000 -8.1950525848e+000
127 119 107
15 46 4710 -22.6700 -293.2300 47 4860 -47.0100 -270.5500 48 4893 -93.9400 -282.1500 49 5209 -76.3800 -323.4300 50 5386 -81.4100 -309.2400 51 4881 -104.7800 -348.4400 52 4734 -78.2800 -297.9200 53 5075 -148.4500 -264.8300 54 4868 -154.8200 -257.7300 56 4862 -162.7400 -213.3100 45 3904 -15.3700 -294.3700 43 3723 17.8400 -252.9200 42 3804 88.0200 -248.7900 41 4007 147.4200 -259.1000 40 3910 116.5900 -106.9300
4.1326526643e-001 1.4627389273e-001 -8.6873277086e+000
128 122 98
12 46 2305 70.8000 18.9000 47 2333 66.4600 43.8500 48 895 37.6500 23.3900 49 2689 76.4600 -7.1600 50 2887 84.0200 -6.7900 51 2473 77.0500 -62.2100 52 2392 106.4900 -36.7400 54 1105 44.5300 -61.0400 56 1144 43.1500 -38.8600 45 580 66.0900 15.6200 43 519 79.9900 41.7200 41 497 169.3199 24.4300
-1.1496932347e-002 3.8741607370e-002 -8.6463063454e+000
122 114 98
14 46 740 -7.6500 -1.7200 47 853 -15.2100 26.6800 48 2346 -44.7300 10.6400 49 2681 -11.9300 -16.7100 50 2883 -3.6300 -12.1500 51 2468 -11.3600 -63.1800 52 2352 20.3800 -33.9700 53 2746 -36.3900 -18.2000 54 1098 -38.2800 -49.2700 56 1061 -38.0400 -23.0600 45 1558 -11.1000 -6.8100 43 570 5.5500 15.4800 42 525 59.0600 21.2200 41 561 93.8300 -8.3600
-7.2395053134e-001 -2.4463097338e-001 -8.6792136198e+000
29 24 21
10 46 921 -139.9900 -54.9900 47 943 -152.7300 -19.1200 48 2389 -183.0300 -26.4300 49 3615 -160.0000 -43.9200 50 2874 -152.8800 -32.6800 51 2508 -162.2000 -72.9900 52 2347 -126.3700 -36.1600 43 690 -117.9600 -50.8200 42 562 -67.4200 -53.9800 41 689 -29.1900 -89.6700
1.2591979611e+000 2.1196706286e+000 -8.1992700570e+000
178 158 119
7 46 2853 239.9800 411.5500 47 2911 268.7000 435.1800 48 2969 257.7000 395.1500 45 2032 206.7400 412.8100 43 1435 191.4100 429.2700 42 2068 232.0800 455.9300 41 1563 233.2400 413.3300
5.8806882552e-001 5.2933983844e-002 -8.6548687621e+000
119 115 93
13 46 3163 104.7400 1.8500 47 3228 99.2400 23.7200 48 3295 67.8700 1.6900 49 3593 108.6400 -32.7300 50 3794 114.6700 -33.4100 51 3319 105.5300 -89.8700 52 3182 133.4700 -64.6600 53 3629 74.8500 -54.2600 54 3436 66.1700 -87.5800 56 3430 63.0000 -65.3200 43 1832 113.9800 30.2900 42 2293 171.1400 42.9000 41 1870 205.9200 18.0300
8.0253001586e-001 -3.4973805950e-001 -8.5646541698e+000
20 19 15
12 46 2422 146.7200 -74.0200 47 2436 136.7700 -56.6000 49 2816 137.3199 -120.5700 50 3019 138.8101 -121.6000 51 2619 124.0500 -177.0700 52 2491 147.9000 -147.4200 53 2884 83.8000 -133.8300 54 1361 70.0200 -157.5100 56 1278 63.4800 -130.9500 43 1900 163.1500 -34.0700 42 1554 226.9700 -19.4500 41 1906 268.4100 -36.4100
-2.4517413484e+000 -1.4766521943e+000 -8.1039947501e+000
51 28 14
5 46 3359 -492.9700 -307.3400 47 3406 -516.8500 -260.6900 43 2683 -451.2400 -312.6900 42 2576 -406.0800 -338.4000 41 2312 -363.2800 -377.1700
1.1695634355e+000 1.7575641232e+000 -8.2613246237e+000
25 14 12
5 46 2900 220.4600 337.3500 47 2962 241.6700 358.3300 43 2285 182.6899 360.4800 42 2100 227.3400 386.4100 41 2425 235.9700 350.7000
-3.8324940858e-001 1.8549846825e+000 -1.0067153093e+001
144 105 62
12 46 3561 -66.5200 294.0000 47 3596 -57.9800 363.4300 48 3644 -65.7300 352.7100 49 3913 -20.9000 388.4000 50 4094 9.0600 403.9200 51 3633 25.0600 373.5000 52 3502 73.2500 403.7300 53 3941 48.3700 434.8200 45 2827 -79.4400 248.7600 43 2784 -73.9100 230.5100 42 2692 -41.2200 220.8900 41 2961 -23.4600 142.0700
3.4016993400e-001 5.8818063953e-002 -8.6618003714e+000
134 127 105
8 46 3701 58.1900 2.7500 47 4321 52.2000 27.6700 50 4864 66.6000 -21.6800 51 4425 58.2100 -75.9900 52 4352 87.6700 -49.0700 53 4314 29.8000 -36.1600 43 2895 68.7300 26.0700 41 2993 159.2900 8.4500
2.6399757404e-001 3.4154152288e-002 -8.6501699124e+000
26 20 22
12 46 4185 44.2100 -1.9100 47 4318 37.2400 23.4900 48 4348 6.6700 4.4500 49 4660 43.2100 -25.8300 50 4859 50.3400 -23.9300 51 4423 41.8900 -77.5700 52 4350 71.7000 -49.9600 53 4940 14.4300 -36.3800 54 4203 9.4200 -68.2500 56 4197 7.9000 -43.9200 43 2887 55.6400 20.6000 41 2995 146.0100 2.0700
4.1768611706e-001 8.9788948418e-002 -8.6698500169e+000
21 18 19
14 46 4188 72.7200 8.6000 47 4295 67.0800 32.9700 48 4353 36.7600 12.2000 49 4664 75.7200 -19.0100 50 4861 82.9600 -18.7300 51 4431 74.9200 -73.9100 52 4358 104.0500 -47.7300 53 4946 46.7100 -36.1700 54 4214 40.0000 -69.8100 56 4206 38.5800 -47.1800 45 2932 67.3500 5.2700 43 2867 81.8199 32.7800 42 2774 137.9600 42.7900 41 2998 172.0699 16.1400
4.4567422164e-001 1.7268140037e-002 -8.6493180758e+000
140 131 116
13 46 4220 78.2200 -5.0100 47 4328 71.7000 18.4800 48 4354 40.4500 -2.4900 49 4667 78.8700 -34.8600 50 4865 85.2100 -34.5300 51 4433 76.2200 -89.6000 52 4360 104.6100 -62.7100 53 4948 46.4500 -50.7300 54 4215 39.3300 -82.8000 56 4207 37.1200 -59.3400 43 2898 88.4301 21.4100 42 2777 145.3500 31.8300 41 3001 180.8300 6.4100
6.2326774316e-001 -5.4956868314e-003 -8.6369522381e+000
19 19 20
14 46 3726 111.9000 -9.2100 47 4336 105.5300 12.2100 48 3900 73.7000 -10.5000 49 4721 113.5699 -45.6600 50 4926 119.0800 -47.0000 51 4489 109.0601 -103.7100 52 4419 136.1600 -77.6100 53 4322 76.7700 -66.7000 54 4225 67.4700 -98.8700 56 4302 63.8500 -76.0700 45 2987 106.7400 -9.5400 43 2906 121.5200 21.6300 42 2780 180.0100 33.7800 41 3008 215.3101 11.2000
-2.2360215223e-001 -7.8332891211e-002 -8.6250671927e+000
135 130 105
14 46 3720 -46.9300 -23.5300 47 3829 -56.9000 6.3200 48 3898 -87.9600 -7.5800 49 4654 -57.9200 -33.1400 50 4849 -50.0700 -26.1100 51 4403 -58.9100 -74.5000 52 3850 -25.8200 -42.9700 53 4892 -83.2100 -23.5400 54 4145 -83.2600 -50.8800 56 4134 -83.0900 -22.1800 45 2957 -50.2400 -32.1500 43 2934 -30.9500 -8.8600 42 2842 22.1100 -5.1400 41 3017 59.4100 -35.6500
-7.1328121663e-002 -1.7387383878e-002 -8.6348253159e+000
138 130 106
13 46 3721 -18.4100 -12.0100 47 3831 -27.2100 16.5200 48 3873 -57.6200 0.9600 49 4655 -25.5000 -25.8500 50 4850 -17.5700 -20.5500 51 4408 -26.2000 -70.8200 52 3852 6.0500 -40.8600 53 4893 -50.9300 -23.5500 54 4150 -52.3500 -53.1800 56 4137 -52.7400 -26.1500 43 2881 -4.2700 4.9800 42 2794 48.6700 10.1000 41 3019 85.3000 -19.5200
-4.3000988856e-002 -8.1187498298e-002 -8.6100165754e+000
27 21 22
13 46 4200 -13.1100 -23.9400 47 4306 -22.5500 3.5800 48 4379 -53.6200 -12.0800 49 4691 -21.9400 -40.3800 50 4852 -14.7700 -35.2500 51 4411 -24.0700 -85.5300 52 4338 7.2300 -55.0100 53 4923 -50.5000 -37.5000 54 4152 -52.6400 -65.7700 56 4177 -53.7900 -37.8900 43 2944 1.9000 -4.8400 42 2795 56.1000 0.5900 41 3021 93.6200 -27.4900
1.1014696927e-001 -2.1206684533e-002 -8.6244253812e+000
19 17 23
10 46 4204 15.5500 -12.4400 47 4310 7.3100 13.8700 48 4344 -23.5500 -3.6200 49 4656 10.7600 -32.9600 50 4855 17.7900 -29.4500 51 4415 8.8900 -81.5500 52 4344 39.4100 -52.5700 53 4935 -18.2300 -37.1800 43 2883 28.6000 8.4300 41 3024 120.0100 -11.8300
7.0602045033e-001 -2.2899654130e-001 -8.5793771419e+000
118 108 91
11 46 4288 128.2000 -51.3300 47 4397 119.4200 -32.5400 48 4470 84.5900 -55.7600 49 4786 122.5900 -94.2800 50 4986 125.6600 -95.1300 51 4557 112.8199 -150.8500 52 4475 138.1100 -122.1400 45 3531 125.3300 -49.3600 43 2986 142.1400 -14.2700 42 3318 203.7200 -1.5700 41 3060 242.7300 -19.9600
7.9639501011e-001 -2.8749638176e-001 -8.5743992678e+000
113 106 88
13 46 3751 145.4399 -62.3500 47 3880 136.2900 -44.5200 48 3964 100.5000 -68.6100 49 4311 138.2000 -108.4000 50 4526 140.4600 -109.7200 51 3995 126.3600 -165.9600 52 3943 150.8300 -136.6600 53 4414 87.5300 -123.6900 56 3493 68.1100 -123.2300 45 3063 143.0601 -58.9100 43 2989 160.3800 -23.1500 42 2887 223.4100 -9.1000 41 3062 263.2700 -25.9000
7.9614445328e-001 -2.8748531330e-001 -8.5733247559e+000
113 106 88
12 46 3750 145.4399 -62.3500 47 3879 136.2900 -44.5200 48 3963 100.5000 -68.6100 49 4310 138.2000 -108.4000 50 4525 140.4600 -109.7200 51 3994 126.3600 -165.9600 52 3942 150.8300 -136.6600 53 4415 87.5300 -123.6900 45 3062 143.0601 -58.9100 43 2988 160.3800 -23.1500 42 2888 223.4100 -9.1000 41 3063 263.2700 -25.9000
5.2923608351e-001 -4.5422972514e-001 -8.5638039959e+000
12 10 14
11 46 3765 95.6801 -93.9800 47 3901 83.6899 -73.6100 48 4520 46.8500 -94.0900 49 4305 79.6000 -131.1900 50 4516 80.9700 -129.0400 51 3989 65.4200 -180.7100 52 3240 89.8600 -148.2500 45 3118 95.2000 -93.8600 43 3049 115.6100 -58.3900 42 2934 178.4600 -47.9200 41 3115 221.2300 -66.1600
-3.1985025934e-001 -2.7364907115e-001 -8.5623003796e+000
129 122 103
11 46 4243 -65.2600 -60.7300 47 4347 -77.5500 -31.2700 48 4419 -110.1400 -43.8700 50 4883 -77.1100 -62.3600 52 4375 -55.7400 -74.6700 53 4904 -114.4600 -52.5000 54 4174 -114.5000 -74.8600 56 4160 -115.4100 -43.0800 43 2999 -45.2500 -43.6700 42 2892 8.8400 -41.3100 41 3130 48.4300 -69.6500
4.8178711801e-001 -5.5934120950e-001 -8.5511191356e+000
22 20 25
12 46 3798 86.8900 -113.8800 47 3902 73.3600 -93.4600 48 3987 35.5900 -113.1600 49 4327 66.1700 -150.2600 50 4541 67.3900 -146.6200 51 4015 51.1800 -196.8500 52 3932 76.3600 -162.4600 53 3696 10.9400 -142.7000 45 3158 87.7500 -114.2600 43 3106 109.4700 -78.2100 42 2980 173.4200 -68.6600 41 3175 217.4600 -86.1300
-2.0693347721e-001 9.8431466444e-001 -9.9539506841e+000
60 43 25
10 46 3624 -35.4900 153.7900 47 4249 -34.4200 212.7200 48 4289 -50.5800 203.0200 49 3989 -14.9400 220.9300 50 4161 6.3300 235.0900 52 3569 53.6300 239.4200 45 3470 -44.4100 118.0100 43 3423 -33.6600 111.3000 42 3281 6.1900 103.5500 41 3501 30.2500 37.6800
-2.0569121304e-001 9.8352497230e-001 -9.9485286407e+000
60 43 25
9 46 3625 -35.4900 153.7900 47 4248 -34.4200 212.7200 48 4290 -50.5800 203.0200 49 3990 -14.9400 220.9300 50 4162 6.3300 235.0900 45 3469 -44.4100 118.0100 43 3422 -33.6600 111.3000 42 3280 6.1900 103.5500 41 3502 30.2500 37.6800
7.3028217110e-001 -3.0643556332e-001 -8.5745290791e+000
20 18 19
12 46 4290 132.9399 -65.8000 47 4456 123.3101 -47.4500 48 4523 87.7000 -70.5700 49 4847 124.5100 -109.6000 50 5046 126.7900 -110.4600 51 4614 113.0200 -165.4100 52 3941 137.6200 -135.8100 53 4413 74.7000 -122.4500 45 3533 130.7100 -63.7300 43 3465 148.3199 -27.7200 42 3335 211.1801 -14.8200 41 3518 251.6500 -32.3600
7.2906923576e-001 -3.0667189110e-001 -8.5736665462e+000
20 18 19
7 46 4291 132.9399 -65.8000 47 4457 123.3101 -47.4500 48 4524 87.7000 -70.5700 45 3534 130.7100 -63.7300 43 3466 148.3199 -27.7200 42 3336 211.1801 -14.8200 41 3519 251.6500 -32.3600
6.5406423671e-001 -3.2623496116e-001 -8.5842228792e+000
140 134 112
7 46 4343 118.5500 -69.4400 47 4454 108.6100 -50.0800 48 4521 72.9900 -72.2500 45 3556 116.7000 -68.4000 43 3463 134.8600 -33.1400 42 3337 197.3600 -21.3600 41 3529 238.2800 -39.7800
5.7637687975e-001 -3.5099171608e-001 -8.5820252644e+000
22 17 19
7 46 4341 103.9301 -74.2500 47 4450 93.4200 -53.9500 48 3954 57.5600 -75.3000 45 3555 102.5699 -73.9700 43 3473 121.3199 -39.2800 42 3334 183.3101 -28.2500 41 3531 224.6300 -47.1900
6.7757935781e-001 -4.0292613233e-001 -8.6002079553e+000
33 31 23
10 46 3766 122.7400 -84.1600 47 3877 112.1300 -63.9300 48 3957 75.5601 -86.1400 49 4308 109.6500 -123.6200 50 4521 112.0601 -123.2000 51 3992 98.0699 -176.2100 45 3119 121.8000 -82.8100 43 3050 140.9200 -47.2800 42 3339 204.4700 -35.6000 41 3532 246.7700 -53.3800
4.6097048293e-001 -4.8520681528e-001 -8.5537754152e+000
139 133 111
7 46 4393 82.2700 -100.0100 47 4516 69.9301 -79.1800 48 4518 32.9300 -98.9600 49 4905 64.7500 -135.7500 43 3474 103.3199 -65.2800 42 3358 166.1300 -55.7400 41 3547 209.4900 -74.0500
8.7611797824e-002 -6.2173747303e-001 -8.4754297641e+000
25 20 17
9 46 4384 12.0500 -127.5100 47 4557 -2.7900 -104.1300 48 4562 -40.5000 -120.0600 49 4890 -13.7900 -155.2800 50 5083 -12.1100 -148.4300 51 4601 -27.7800 -195.8600 52 3919 -0.2700 -158.9100 43 3481 36.6600 -96.0000 41 3566 143.4301 -109.4500
-5.7008357887e-001 -7.3283983673e-001 -8.4718152868e+000
29 25 13
13 46 3827 -113.4400 -149.3900 47 3932 -130.3500 -118.7800 48 3980 -167.4600 -127.5100 49 4857 -148.3900 -155.7200 50 4540 -143.7300 -141.3600 51 3979 -159.7900 -182.3100 52 3910 -126.6800 -140.3800 53 4368 -188.8400 -110.7000 54 4237 -187.3600 -120.3500 56 4221 -189.2800 -81.3900 43 3128 -84.4600 -130.8300 42 3026 -27.6000 -132.7400 41 3587 17.8200 -158.8800
4.2371824714e-001 -1.0779172436e+000 -7.8390507140e+000
80 44 26
7 46 4512 81.4100 -232.5800 47 4654 58.8500 -226.6500 48 4698 12.3200 -246.6200 45 3709 86.5200 -217.1500 43 3538 114.2600 -160.7200 42 3677 187.7000 -145.0500 41 3612 243.4500 -137.4900
-2.0136689268e-001 -9.7719386956e-001 -8.3478038069e+000
24 19 27
13 46 4504 -43.0500 -198.5200 47 4636 -62.4500 -174.0200 48 4658 -103.4500 -185.9700 49 4994 -83.3300 -222.1200 50 5181 -83.6100 -210.4700 51 4687 -102.4300 -253.0300 52 4023 -73.8400 -209.8700 53 4507 -140.1300 -180.9500 54 3511 -145.3100 -185.8400 56 3521 -150.7500 -146.0500 43 3552 -10.8600 -166.2800 42 3494 52.5500 -164.1200 41 3640 102.9800 -181.4700
-3.5152267780e-001 -1.0392344461e+000 -8.3264521022e+000
30 26 25
14 46 4498 -72.4500 -211.2700 47 4635 -92.5100 -185.5000 48 4651 -134.0300 -195.6600 49 5019 -115.8000 -230.5600 50 5178 -115.7700 -217.2400 51 4680 -134.7400 -258.3100 52 4554 -105.0700 -213.2900 53 4500 -171.1100 -182.4100 54 4429 -174.0200 -185.5600 56 4402 -178.6700 -144.1800 45 3699 -68.2400 -215.8700 43 3547 -38.7000 -180.9700 42 3489 23.8700 -180.6000 41 3676 74.8300 -199.0900
8.7251084360e-001 -1.6397173859e+000 -7.6721409959e+000
155 107 69
