# Bundle file v0.3
60 14982
0 0 0
0 0 0
0 0 0
0 0 0
0 0 0
0 0 0
0 0 0
0 0 0
0 0 0
0 0 0
1.7683130270e+003 2.2600627841e-002 -1.2522747854e-001
9.3487071399e-001 3.0633377727e-001 -1.7937771606e-001
-2.3410584607e-001 1.5217106509e-001 -9.6022831649e-001
-2.6685426913e-001 9.3968270382e-001 2.1397480037e-001
-4.2798877176e+000 -1.5530108660e+001 -2.7018958071e+000
1.7666189263e+003 3.3709292978e-002 -1.4944259604e-001
9.3230360452e-001 2.9378630242e-001 -2.1094927709e-001
-2.2779561965e-001 2.3941114926e-002 -9.7341459753e-001
-2.8092551444e-001 9.5557125926e-001 8.9243620546e-002
-4.8221466330e+000 -1.5908687209e+001 -4.9669861296e+000
1.7850840704e+003 2.7158201844e-002 -1.7001114636e-001
9.2969420997e-001 2.9280593288e-001 -2.2345774013e-001
-2.2887972893e-001 -1.6079433347e-002 -9.7332190025e-001
-2.8858750083e-001 9.5603668209e-001 5.2068386464e-002
-4.7674010447e+000 -1.6075241966e+001 -5.7027903398e+000
1.7643172717e+003 4.1277524977e-002 -1.5590717339e-001
9.2422205070e-001 2.8704823094e-001 -2.5182715127e-001
-2.2733503418e-001 -1.1625765092e-001 -9.6685207805e-001
-3.0681001163e-001 9.5083514434e-001 -4.2191765152e-002
-5.5626372870e+000 -1.5907773178e+001 -6.8281050895e+000
1.7593715496e+003 3.5698737458e-002 -1.0831593160e-001
9.2032098129e-001 2.7879044227e-001 -2.7438145108e-001
-2.0242453923e-001 -2.6078121963e-001 -9.4393721264e-001
-3.3471420245e-001 9.2426676062e-001 -1.8356840113e-001
-5.6201746078e+000 -1.5516531098e+001 -9.8336205628e+000
1.7690717238e+003 1.8358739701e-002 -8.4645173381e-002
9.1351842038e-001 2.7377788107e-001 -3.0088165026e-001
-2.0091082963e-001 -3.3949060868e-001 -9.1890204329e-001
-3.5372154891e-001 8.9988432504e-001 -2.5512598336e-001
-6.2302648182e+000 -1.5281719181e+001 -1.0738834025e+001
1.7266638392e+003 5.3473065265e-002 -1.1107343418e-001
9.1118024810e-001 2.5964180390e-001 -3.1990106148e-001
-1.9581122295e-001 -4.1024916027e-001 -8.9070398644e-001
-3.6250313162e-001 8.7423209742e-001 -3.2297015249e-001
-6.4232432946e+000 -1.4919348411e+001 -1.2115255604e+001
1.6665238634e+003 1.9198746888e-002 -1.7158892183e-002
8.9654913335e-001 2.4557534772e-001 -3.6863586379e-001
-1.4298649217e-001 -6.2722915829e-001 -7.6559679078e-001
-4.1923086067e-001 7.3910508832e-001 -5.2722780075e-001
-6.9150198870e+000 -1.2613739308e+001 -1.5556459252e+001
1.7301588023e+003 7.8100874427e-002 -1.6635538528e-001
8.9437698220e-001 2.4427871526e-001 -3.7472352872e-001
-1.2277983077e-001 -6.7148138410e-001 -7.3077894329e-001
-4.3013361513e-001 6.9960035740e-001 -5.7056499460e-001
-6.8625129182e+000 -1.2723992040e+001 -1.6900774865e+001
0 0 0
0 0 0
0 0 0
0 0 0
0 0 0
1.6956161740e+003 5.1193957349e-002 -1.0718865185e-001
8.9655602334e-001 2.1826042388e-001 -3.8542143737e-001
-1.0942706874e-001 -7.3404377789e-001 -6.7022790807e-001
-4.2920043528e-001 6.4307240611e-001 -6.3422777206e-001
-6.9455558401e+000 -1.1667664848e+001 -1.7976382030e+001
1.6722843742e+003 5.3704592764e-002 -1.0360102472e-001
8.9600550425e-001 1.9869663432e-001 -3.9710676632e-001
-9.2243515552e-002 -7.9150012243e-001 -6.0416776646e-001
-4.3435615592e-001 5.7796816842e-001 -6.9085999024e-001
-7.2289340609e+000 -1.0541072945e+001 -1.8724114260e+001
1.7003909786e+003 4.4872566730e-002 -9.9520187405e-002
8.9225784150e-001 1.7364953021e-001 -4.1679945410e-001
-7.2459926137e-002 -8.5605889779e-001 -5.1177409334e-001
-4.4567421216e-001 4.8683570552e-001 -7.5124263221e-001
-7.5770914721e+000 -8.7345145794e+000 -1.9736203364e+001
1.6582754739e+003 4.8175754145e-002 -9.2999531285e-002
8.9465258227e-001 1.3907176845e-001 -4.2456542518e-001
-7.2867733846e-002 -8.9216729136e-001 -4.4578898325e-001
-4.4078004765e-001 4.2976338541e-001 -7.8804592643e-001
-7.6065220942e+000 -7.8628221226e+000 -2.0448172254e+001
1.7123417000e+003 2.8814786316e-002 -8.2847891153e-002
8.8013061642e-001 1.2704699257e-001 -4.5741574057e-001
-1.1764313311e-002 -9.5739214769e-001 -2.8855134115e-001
-4.7458581834e-001 2.5934405184e-001 -8.4113552048e-001
-8.5865148826e+000 -5.4849634727e+000 -2.0968654876e+001
1.6978125885e+003 3.3667658858e-002 -9.0224135565e-002
8.8617246646e-001 9.8474872068e-002 -4.5277042666e-001
1.5148546397e-003 -9.7776602079e-001 -2.0969338046e-001
-4.6335306722e-001 1.8513861878e-001 -8.6661850138e-001
-8.4835354246e+000 -4.3939110053e+000 -2.2106532479e+001
1.6847616706e+003 4.6430639819e-002 -1.1975106491e-001
8.8510700305e-001 6.9793999650e-002 -4.6012432099e-001
2.6257598900e-002 -9.9460495732e-001 -1.0035694978e-001
-4.6464624356e-001 7.6744879189e-002 -8.8216443584e-001
-8.6488007462e+000 -2.4886878707e+000 -2.2228394964e+001
1.7001862947e+003 4.8437194638e-002 -1.3683350236e-001
8.8881527319e-001 3.9544263264e-002 -4.5655630693e-001
5.9324408688e-002 -9.9781548615e-001 2.9066649700e-002
-4.5440953411e-001 -5.2919815135e-002 -8.8921958395e-001
-8.9768739750e+000 -1.1876856398e+000 -2.1895440567e+001
1.7186998238e+003 4.4413903176e-002 -1.3678018784e-001
8.8948824303e-001 1.3651773930e-002 -4.5675408545e-001
8.9120237517e-002 -9.8554227135e-001 1.4409724028e-001
-4.4818327588e-001 -1.6887883366e-001 -8.7784491271e-001
-9.0073312827e+000 1.2562742705e+000 -2.1684210054e+001
1.7238312272e+003 3.2326472811e-002 -9.9522370702e-002
8.9450288592e-001 -1.2563073112e-002 -4.4688561878e-001
1.1186815549e-001 -9.6151422041e-001 2.5095003434e-001
-4.3283958098e-001 -2.7446779982e-001 -8.5867183720e-001
-8.9526389299e+000 2.8811536677e+000 -2.1869623135e+001
0 0 0
0 0 0
0 0 0
0 0 0
0 0 0
1.7314160748e+003 1.2614310955e-003 1.4120864297e-003
8.8450906386e-001 -3.7398449475e-002 -4.6502158221e-001
1.4332226799e-001 -9.2679456685e-001 3.4714630685e-001
-4.4396220948e-001 -3.7370200272e-001 -8.1439816412e-001
-9.8690644611e+000 5.0489123451e+000 -2.0603562021e+001
1.7278733713e+003 3.7636239368e-002 -9.4339445554e-002
8.9545732792e-001 -6.9459299413e-002 -4.3969487102e-001
1.4308427003e-001 -8.9042248378e-001 4.3205866736e-001
-4.2152469150e-001 -4.4980351944e-001 -7.8739680489e-001
-9.2703681813e+000 6.1947133741e+000 -2.0187165734e+001
1.7237782396e+003 1.2712916573e-002 -2.1108100521e-002
9.0604154013e-001 -8.7253092963e-002 -4.1409615469e-001
1.6244467549e-001 -8.3184415617e-001 5.3070427476e-001
-3.9076905580e-001 -5.4810783393e-001 -7.3951156003e-001
-8.7392416294e+000 7.8729437699e+000 -1.9929993439e+001
1.7272364362e+003 1.8373268499e-002 -3.7984729877e-002
9.0859524037e-001 -1.0543855391e-001 -4.0415022025e-001
1.8868003492e-001 -7.5964444080e-001 6.2236658650e-001
-3.7263190094e-001 -6.4173439593e-001 -6.7031517325e-001
-8.6471909299e+000 9.6653107476e+000 -1.8545971200e+001
1.7316415873e+003 3.2115328574e-002 -8.2792395493e-002
9.3163377381e-001 -9.0673533696e-002 -3.5190456346e-001
2.0271287675e-001 -6.7403720200e-001 7.1033889090e-001
-3.0160570469e-001 -7.3311128801e-001 -6.0957512933e-001
-7.5375875135e+000 1.0846148875e+001 -1.8111369847e+001
1.7042243954e+003 2.0164156423e-002 -6.4123152769e-002
9.3679283039e-001 -1.0489966347e-001 -3.3378923519e-001
2.1352519366e-001 -5.8434622193e-001 7.8290898870e-001
-2.7717536794e-001 -8.0469593855e-001 -5.2501263021e-001
-7.1833153007e+000 1.2473287899e+001 -1.6679925781e+001
1.6998342496e+003 2.2564090356e-003 -1.1829458977e-002
9.4122511060e-001 -1.1931631721e-001 -3.1600460063e-001
2.1221943367e-001 -5.1894895252e-001 8.2804281088e-001
-2.6278927518e-001 -8.4643700364e-001 -4.6312654397e-001
-7.0900462642e+000 1.3203401823e+001 -1.6114897088e+001
1.7027161289e+003 1.2720844026e-002 -2.3127427185e-002
9.4993717290e-001 -1.3005606548e-001 -2.8408588027e-001
2.0653578258e-001 -4.2086676764e-001 8.8329730805e-001
-2.3444047870e-001 -8.9775084724e-001 -3.7293575616e-001
-6.7229496290e+000 1.4220966218e+001 -1.4699420318e+001
1.7145821345e+003 2.8615081971e-002 -6.7093910228e-002
9.5714168165e-001 -1.0690642646e-001 -2.6916689474e-001
2.4305122334e-001 -2.0891050809e-001 9.4724996830e-001
-1.5749890182e-001 -9.7207377065e-001 -1.7397321730e-001
-5.8211515578e+000 1.5252382651e+001 -1.1712522752e+001
1.7126787016e+003 1.1305017144e-002 -1.8863576429e-003
9.6129678120e-001 -1.1661423052e-001 -2.4961894900e-001
2.3673322737e-001 -1.1388552343e-001 9.6487691786e-001
-1.4094636399e-001 -9.8662617480e-001 -8.1871323954e-002
-5.7797686611e+000 1.5593846233e+001 -1.0255959924e+001
0 0 0
0 0 0
0 0 0
0 0 0
0 0 0
1.7171782642e+003 4.2128005521e-002 -8.3206419431e-002
9.6638991563e-001 -1.1364133106e-001 -2.3059960722e-001
2.2656084052e-001 -4.7435985410e-002 9.7284120638e-001
-1.2149368920e-001 -9.9238877219e-001 -2.0094982457e-002
-5.3262995882e+000 1.5955496920e+001 -9.2346596951e+000
1.7201895474e+003 3.6160664724e-002 -4.0882886246e-002
9.6667050824e-001 -1.3281353533e-001 -2.1888054581e-001
2.2531005927e-001 3.5298352413e-002 9.7364747394e-001
-1.2158744054e-001 -9.9051228723e-001 6.4046101784e-002
-5.7798947668e+000 1.5935666697e+001 -7.0272047411e+000
1.7358810491e+003 5.9738475711e-002 -1.5439124384e-001
9.7299201640e-001 -1.6155471771e-001 -1.6488362324e-001
1.8944786226e-001 1.5074001978e-001 9.7025097471e-001
-1.3189406170e-001 -9.7528330224e-001 1.7727503170e-001
-4.9492599514e+000 1.6448350982e+001 -5.7358007901e+000
1.7123444913e+003 2.5019748440e-002 2.0450077170e-002
9.7844471974e-001 -1.3497088251e-001 -1.5629712503e-001
1.8675866296e-001 2.5533418068e-001 9.4864411556e-001
-8.8131335104e-002 -9.5738566787e-001 2.7503736241e-001
-4.5756744166e+000 1.5775214342e+001 -4.7653109226e+000
1.6926974928e+003 8.7951669706e-002 -1.6547480806e-001
9.8477503899e-001 -8.1413133223e-002 -1.5359044347e-001
1.7098743514e-001 2.9442792892e-001 9.4025288710e-001
-3.1327617386e-002 -9.5219960954e-001 3.0386589802e-001
-3.9879254729e+000 1.5831403546e+001 -4.4918183572e+000
1.7394601242e+003 5.9853042991e-002 -1.2029969383e-001
9.8607988448e-001 -1.1511278958e-001 -1.1998127808e-001
1.5634520825e-001 3.9632000921e-001 9.0470250699e-001
-5.6591848090e-002 -9.1086744149e-001 4.0880052196e-001
-3.4964438027e+000 1.5321166183e+001 -1.7380798509e+000
1.7226259539e+003 4.5440548676e-002 -7.3878041014e-002
9.9005049271e-001 -8.5368846030e-002 -1.1185786518e-001
1.4036473933e-001 5.4331067014e-001 8.2771447714e-001
-9.8874580645e-003 -8.3518002601e-001 5.4988777249e-001
-3.1839336815e+000 1.4103355352e+001 1.8358636201e-001
1.7137978808e+003 5.1443326965e-002 -5.9146026198e-002
9.9255610799e-001 -8.2595421409e-002 -8.9500664021e-002
1.2167194178e-001 6.4039121389e-001 7.5835020390e-001
-5.3208157903e-003 -7.6359484646e-001 6.4567375615e-001
-2.9661386189e+000 1.3089082333e+001 1.6830326559e+000
1.7599489349e+003 2.7637872248e-002 3.1579599321e-002
9.9334314541e-001 -8.2226135744e-002 -8.0673775557e-002
1.1496042917e-001 6.6316321834e-001 7.3959356783e-001
-7.3140404702e-003 -7.4394449285e-001 6.6820138908e-001
-2.7167793980e+000 1.2854216484e+001 1.8653474186e+000
1.7056611390e+003 4.4609691754e-002 -6.4189580156e-002
9.9626559176e-001 -6.5534668776e-002 -5.6214569925e-002
8.5576383284e-002 8.3596876814e-001 5.4206355838e-001
1.1469669017e-002 -5.4484991134e-001 8.3845513941e-001
-2.5373416549e+000 9.8792690077e+000 5.4451504465e+000
0 0 0
0 0 0
0 0 0
0 0 0
0 0 0
1.7264600085e+003 6.9226113576e-002 -1.6281565264e-001
9.9754827485e-001 -3.9929844927e-002 -5.7472139517e-002
6.3846219952e-002 8.5554381803e-001 5.1377858619e-001
2.8654834399e-002 -5.1618832117e-001 8.5599562940e-001
-2.2355496328e+000 9.1712169578e+000 5.7208154249e+000
1.7224954454e+003 -2.3745466694e-002 2.6892711965e-003
9.9778612970e-001 -1.3107914807e-002 -6.5199861570e-002
3.4948720223e-002 9.3744613777e-001 3.4637165840e-001
5.6581148221e-002 -3.4788348819e-001 9.3582885845e-001
-2.2065871335e+000 7.1018474818e+000 7.2272128403e+000
1.7153730855e+003 3.7767374058e-002 -2.4110816488e-002
9.9947928595e-001 -1.5111117480e-002 -2.8509841922e-002
2.3229031416e-002 9.5022443178e-001 3.1069911706e-001
2.2395737482e-002 -3.1119958768e-001 9.5008065319e-001
-1.6639965065e+000 5.7857966637e+000 7.3954934410e+000
1.7178934144e+003 4.1562353086e-002 -2.1768834782e-002
9.9970614814e-001 6.9926821346e-003 -2.3210337678e-002
-1.7338604603e-003 9.7566433487e-001 2.1926262652e-001
2.4178732524e-002 -2.1915795230e-001 9.7538975842e-001
-1.7525163152e+000 4.1234663294e+000 8.1102451462e+000
1.7166091211e+003 4.8103335979e-002 -3.5449412682e-002
9.9897106197e-001 3.2234470835e-002 -3.1902292021e-002
-2.8450896956e-002 9.9322496251e-001 1.1267084942e-001
3.5318038006e-002 -1.1164726927e-001 9.9312009518e-001
-1.9507998734e+000 2.4153740307e+000 8.3717760290e+000
1.7125055780e+003 6.9392994205e-002 -1.0866960274e-001
9.9763404280e-001 5.4751087495e-002 -4.1576857409e-002
-5.3816196148e-002 9.9827939100e-001 2.3282494391e-002
4.2780061781e-002 -2.0989900692e-002 9.9886399994e-001
-1.9617865564e+000 9.6902763458e-001 8.3478277064e+000
1.7128828635e+003 6.1218998694e-002 -9.6530830747e-002
9.9705468840e-001 7.0377844765e-002 -3.0477980751e-002
-7.0857689714e-002 9.9737425025e-001 -1.4959704344e-002
2.9345121450e-002 1.7075242656e-002 9.9942348378e-001
-1.7198507677e+000 2.7803653715e-001 8.3336416488e+000
1.7184176415e+003 7.8645964289e-002 -1.3811315405e-001
9.9522972060e-001 9.2812985109e-002 -3.0059158855e-002
-9.4198861109e-002 9.9436928311e-001 -4.8541769386e-002
2.5384597723e-002 5.1141750113e-002 9.9836874129e-001
-1.6004399791e+000 -4.8668495910e-002 8.4121951752e+000
1.7075996477e+003 7.6540036087e-002 -1.3335805587e-001
9.9232906149e-001 1.1290769661e-001 -5.0347649001e-002
-1.1937561269e-001 9.8101128437e-001 -1.5286046916e-001
3.2132488337e-002 1.5769816735e-001 9.8696443260e-001
-2.0640393884e+000 -2.1696516971e+000 8.1678656225e+000
1.7293324593e+003 1.5126056597e-002 2.1718521709e-002
9.9018933569e-001 1.3141006365e-001 -4.7502364707e-002
-1.3882460252e-001 9.6385066411e-001 -2.2741949571e-001
1.5899975363e-002 2.3178285628e-001 9.7263759866e-001
-2.2041906698e+000 -3.6905336090e+000 8.1003525659e+000
0 0 0
0 0 0
0 0 0
0 0 0
0 0 0
1.7384010592e+003 3.2389143459e-003 1.0690463977e-001
9.8759279844e-001 1.4824704036e-001 -5.1800381217e-002
-1.5703482304e-001 9.3383391600e-001 -3.2139427761e-001
7.2720239920e-004 3.2554113772e-001 9.4552759813e-001
-2.6945045310e+000 -5.2426817916e+000 7.9090531012e+000
0 0 0
0 0 0
0 0 0
0 0 0
0 0 0
0 0 0
0 0 0
0 0 0
0 0 0
0 0 0
0 0 0
0 0 0
0 0 0
0 0 0
0 0 0
2.9975417546e+000 -2.2556292735e+000 -1.7398528669e+001
76 51 31
20 50 1809 318.7800 -358.8100 51 1781 315.7200 -367.0000 52 1922 328.0200 -331.6000 49 2261 309.8900 -377.3700 48 2208 341.2300 -395.2500 47 2135 384.1899 -349.1900 43 2507 342.8300 -258.7400 45 2268 406.4399 -329.7600 46 941 416.8199 -198.5400 40 2081 440.2900 -253.0600 41 2333 384.4399 -260.3500 42 2192 402.7300 -255.2500 39 2335 450.9700 -212.4500 37 1874 307.1500 -167.1000 35 2207 334.2200 -112.6300 36 2035 295.4100 -51.1800 38 1410 398.5900 -149.7300 32 1817 414.4500 -55.2400 34 1815 449.9200 -45.7300 31 954 485.4900 -7.5100
4.0175426462e+000 -1.8282162603e+000 -1.7382942349e+001
88 57 29
20 50 1485 523.2000 -288.8000 51 1483 517.8101 -302.2900 52 1614 534.0000 -271.6200 49 1712 516.6200 -297.7500 48 1623 549.1600 -305.5000 47 1911 585.6400 -256.3300 43 2079 541.4500 -155.0400 45 1816 609.3300 -228.6200 46 645 620.8800 -104.1300 40 1823 634.4700 -155.7700 41 1905 574.6801 -163.1100 42 1798 592.0200 -158.1300 39 2055 652.1801 -118.6300 37 1839 488.0500 -90.6800 35 1931 544.9399 -37.3700 36 2013 488.5500 15.2500 38 1131 582.7000 -76.4600 32 1786 595.7100 -3.6000 34 1789 633.2800 9.6800 31 1721 662.1801 33.3100
3.4665603722e+000 -6.3689890698e-001 -1.5544913716e+001
107 79 55
19 50 1945 516.9900 -53.5300 51 1926 523.4500 -90.6600 52 2068 553.1700 -62.8800 49 2371 497.5500 -17.9600 48 2307 522.6700 21.9000 47 2210 546.5400 104.7300 43 2553 435.7500 291.0300 45 2320 520.2700 210.0300 46 984 565.7200 308.5800 40 2165 449.2800 303.7800 41 2236 419.1200 287.8400 39 2595 421.7700 351.2300 37 2203 261.6100 297.6300 35 2299 233.5000 343.8900 36 2435 227.8199 403.3400 38 1498 363.8000 316.5600 32 2328 292.1801 286.8300 34 2505 332.4000 323.5200 31 1917 336.3101 287.0500
3.2123041052e+000 -1.0234653778e+000 -1.5955262377e+001
80 54 31
16 50 1742 428.7000 -137.3800 51 1727 433.3800 -166.0000 49 2204 411.7400 -115.8600 48 2134 438.7000 -91.2200 47 2061 470.0100 -16.1500 43 2440 378.4600 152.5500 46 881 491.1000 172.8100 40 2190 415.8300 176.5200 41 2253 379.2900 156.9700 42 2124 403.4000 161.9600 37 2226 243.5000 198.7200 35 2320 221.5300 252.6400 36 2454 211.9200 310.3600 38 1536 344.1500 216.4700 32 2345 288.2900 220.2500 31 1941 337.1899 231.2900
3.3565566498e+000 -1.6821246322e+000 -1.6846135581e+001
102 76 53
20 50 1786 413.2800 -266.0100 51 1755 412.4700 -282.4400 52 1893 429.5100 -250.5700 49 2237 403.3000 -267.4600 48 2179 433.2800 -267.2400 47 2106 471.2700 -207.9100 43 2478 411.8000 -82.8700 45 2237 482.1300 -158.5200 46 914 500.8400 -41.9200 40 2229 486.0200 -62.7700 41 2301 436.4000 -76.5600 42 2167 456.2500 -72.8400 39 2496 486.5100 -14.5500 37 2068 332.9700 -1.3700 35 2373 346.6400 57.7300 36 2287 316.3600 112.1200 38 1370 428.6300 15.0800 32 2381 412.1000 72.8500 34 2375 449.7700 91.6500 31 1979 471.3600 103.3400
2.9542055460e+000 -1.2962364612e+000 -1.6197458151e+001
55 34 15
17 50 2163 355.9100 -192.4900 51 2148 360.2000 -216.2100 52 2305 381.0601 -184.2100 49 2408 339.8101 -180.4700 48 2524 368.1600 -163.9900 47 2368 404.3500 -94.0500 45 2343 397.1500 -17.2500 40 2360 374.1300 91.0500 42 2284 358.1500 78.1500 39 2635 358.0000 146.2400 37 2405 212.0400 131.0000 35 2539 190.7900 188.5900 36 2638 180.3900 246.8100 38 1730 310.5400 148.6000 32 2542 266.3300 172.8600 34 2526 304.0699 200.4400 31 2137 319.4800 190.9400
3.0962434980e+000 -1.6832428128e+000 -1.6747411767e+001
66 45 26
18 50 2334 362.3600 -265.4100 51 2324 362.2700 -281.3100 49 2579 350.6700 -268.4000 48 2544 380.9200 -267.5000 47 2386 419.0000 -206.4900 43 2606 356.6700 -75.6000 45 2355 426.1899 -151.1300 46 1021 445.9900 -37.8100 40 2376 428.5000 -52.2600 41 2425 381.3600 -66.9200 42 2302 402.1100 -62.8300 39 2650 425.0800 -2.1900 37 2249 277.4500 8.7400 35 2559 279.3000 66.7900 38 1583 372.7300 24.5600 32 2557 352.5900 79.8200 34 2539 389.6100 99.5700 31 2155 411.6300 109.2100
3.2738350312e+000 -9.4631669294e-001 -1.5851405058e+001
111 84 57
20 50 2301 447.6500 -121.5800 51 2131 451.9000 -152.5100 52 2283 476.6400 -123.1700 49 2534 431.3700 -96.9600 48 2648 457.5100 -69.2900 47 2472 487.7800 8.0800 43 2787 393.9399 183.6600 45 2544 473.1200 102.8200 46 1120 510.2000 203.8000 40 2485 426.3800 206.1500 41 2501 391.1100 188.6200 42 2364 415.5000 193.1700 39 2743 404.6000 258.0500 37 2533 249.5699 222.9100 35 2685 225.9301 277.2600 36 2767 217.2400 334.5200 38 1854 349.9500 240.8800 32 2683 289.9800 239.3300 34 2689 329.6300 271.6700 31 2305 337.0300 247.9600
3.1907961092e+000 -9.3131692703e-001 -1.5828426440e+001
71 46 26
14 50 1409 430.8900 -117.6300 51 1018 436.5400 -148.5200 52 1088 461.3000 -118.5300 49 1587 413.1801 -92.2300 48 1489 439.3700 -63.9800 47 1441 470.3101 13.5600 43 1548 373.4500 186.0300 45 1290 452.6899 105.8000 40 1263 405.7100 208.7900 39 1492 383.4301 261.4100 35 766 204.6600 277.8900 36 883 197.7200 336.6900 32 127 271.5400 238.9200 34 1029 310.4100 272.4800
3.4420911713e+000 -3.5824629259e-001 -1.5156725605e+001
105 76 50
17 50 1682 540.3400 18.4400 51 1670 550.2200 -25.5600 52 1439 583.2800 0.9500 48 2081 540.3400 117.8500 47 1769 559.1500 206.0200 43 2185 430.9301 405.5800 45 1924 519.6700 323.3700 46 686 574.8000 423.0300 40 1635 428.7500 405.2400 41 1715 403.5100 391.8200 42 1632 430.7200 398.4300 39 1853 394.7300 450.8100 37 1700 233.3000 375.0300 35 1745 194.5800 414.0100 38 991 337.8400 396.8900 32 1630 252.7600 339.2700 34 1611 293.8800 383.4000
3.3499279778e+000 -7.3343687634e-001 -1.5661751566e+001
72 45 24
17 50 2144 480.8500 -75.4500 51 1935 486.8500 -109.8600 52 2078 514.7400 -81.5500 49 2379 461.5300 -43.4400 48 2492 485.3101 -8.0500 47 2213 512.4700 72.7200 43 2411 406.9800 252.9100 45 2190 488.7100 172.0400 46 992 531.1600 274.8100 40 1961 429.4399 265.7200 41 2047 396.9900 251.0300 42 1926 422.4399 255.6600 39 1892 404.0400 315.2700 37 1717 248.1300 267.5700 35 1768 221.0200 316.2200 36 1886 214.9301 375.0300 32 1651 282.9301 267.0100
4.0112216736e+000 -1.1507197375e+000 -1.6364770657e+001
103 77 52
16 50 1033 585.4399 -171.9600 51 1058 586.4800 -196.6200 49 1625 574.7500 -155.5300 48 1541 603.2500 -137.3800 47 1487 631.4800 -67.5600 43 1996 552.8400 88.3100 45 1726 631.9800 9.2200 46 588 662.8300 114.7800 40 1736 596.6400 109.5600 41 1827 553.3500 92.1100 39 2256 588.3300 158.3800 35 1815 426.1300 200.9200 36 1936 398.3700 250.7800 38 1053 516.7000 158.1700 32 1714 471.3300 182.0600 34 1693 513.0000 208.3400
3.5628285394e+000 -8.8571487741e-001 -1.5916093405e+001
103 77 53
16 50 1969 512.6899 -111.1100 51 1949 515.9700 -142.2200 49 2393 495.4100 -85.3700 48 2323 521.6000 -56.9800 47 2348 549.0200 20.0200 43 2569 454.8800 191.0000 45 2332 535.1100 110.1700 46 1000 573.4600 212.5100 41 2392 449.0601 192.9300 39 2610 466.6500 258.9700 37 2221 303.7600 223.1900 35 2113 290.4700 275.0700 36 2213 277.3101 331.0700 38 1530 405.1000 241.1800 32 2034 347.8199 236.5300 34 2034 387.1200 269.2700
4.2018354494e+000 -7.9653758748e-001 -1.6063274859e+001
80 54 29
18 50 1963 657.8199 -98.4200 51 1706 658.2900 -130.7000 52 1867 685.3500 -104.9700 49 2193 643.6899 -71.9400 48 2127 668.9000 -43.8200 47 2053 690.0800 31.4600 43 2231 592.5699 197.4800 45 1992 676.3101 116.7000 40 2187 613.1100 207.6300 41 2055 576.6801 192.9500 42 1941 599.8500 197.5600 39 2442 596.4600 252.2200 37 2013 420.0601 217.6800 35 2117 420.5100 269.1100 36 2216 398.6899 320.3200 38 1298 522.3600 235.8600 32 2039 460.6200 230.6400 34 2037 503.1000 262.7100
3.3695716607e+000 -6.3329446603e-001 -1.5527739676e+001
67 42 22
19 50 2287 491.7800 -49.2400 51 2285 498.7200 -86.0300 52 2459 527.2700 -58.1500 49 2515 472.5500 -13.8600 48 2487 497.1600 24.6200 47 2336 523.0601 106.9800 43 2552 412.6000 290.1700 45 2319 496.0000 209.1300 46 983 542.5000 311.2800 40 2164 428.7000 302.9500 41 2235 398.4500 287.2900 42 2103 423.8900 293.1100 39 2428 401.2200 352.4200 37 1993 243.8900 297.5100 35 2298 214.0900 344.2200 36 2434 209.7500 403.9300 38 1497 346.9500 317.7500 32 2327 275.6000 289.1000 34 2308 315.1801 326.9300
3.2401207672e+000 -1.3015686083e+000 -1.6292862380e+001
54 29 7
15 50 1028 417.7500 -195.4100 51 1052 420.2900 -219.1500 49 1634 403.4600 -183.4900 48 1553 431.8800 -168.2200 47 1854 466.3500 -99.1300 43 2006 387.1100 53.4000 45 1730 461.6500 -25.2300 46 600 489.0200 81.0200 40 1747 437.6400 81.2400 41 1826 396.9900 63.7100 42 1724 419.5000 67.8100 39 1955 425.0300 134.2700 35 1827 260.2500 181.2100 36 1933 244.4200 237.6500 34 1690 365.8500 193.6800
3.9986625168e+000 -6.7301548993e-001 -1.5853108738e+001
61 42 18
17 50 1383 624.9100 -67.8900 51 1391 628.0200 -102.5300 52 1071 657.2600 -76.5400 49 1936 609.0800 -36.9900 48 1843 633.5300 -3.4300 47 1799 654.4399 74.5100 43 1925 549.4301 246.7100 45 1973 634.0699 165.9500 46 718 677.8700 268.2000 40 1675 563.5200 254.1900 41 1768 530.0601 239.6700 42 1680 554.6300 244.9100 39 1898 542.0500 298.5000 37 1309 370.2200 254.3300 35 1285 361.5699 302.4700 36 1432 344.0400 356.8900 38 729 473.4301 273.4300
3.4492805880e+000 -1.7917449315e+000 -1.7040745912e+001
102 78 52
16 50 1483 424.2100 -284.3500 51 1478 421.7900 -298.1700 52 1607 437.4301 -266.2000 49 1693 415.1000 -289.6900 48 1618 446.2500 -294.8600 47 1583 484.8900 -239.3800 43 2065 431.5699 -123.4400 45 1794 500.2700 -198.6100 40 1451 512.0800 -109.0900 41 1894 459.1500 -119.9000 42 1451 478.5400 -115.8000 39 1659 517.8500 -63.7800 37 1484 362.2300 -42.7700 35 1898 388.9301 13.6000 36 1605 351.1400 69.1900 38 1115 457.5300 -27.5600
3.4491178145e+000 -1.7931635478e+000 -1.7040691229e+001
102 78 52
15 50 1482 424.2100 -284.3500 51 1479 421.7900 -298.1700 52 1608 437.4301 -266.2000 49 1692 415.1000 -289.6900 48 1617 446.2500 -294.8600 47 1584 484.8900 -239.3800 43 2064 431.5699 -123.4400 45 1793 500.2700 -198.6100 46 638 515.4399 -81.2300 40 1452 512.0800 -109.0900 41 1895 459.1500 -119.9000 42 1452 478.5400 -115.8000 37 1483 362.2300 -42.7700 35 1899 388.9301 13.6000 38 1114 457.5300 -27.5600
4.2379262719e+000 -3.9432837146e-001 -1.5539895924e+001
110 80 52
17 50 2121 715.6600 -2.6100 51 2104 720.3199 -42.9900 52 2257 754.4700 -18.6600 49 2362 695.7900 38.2800 48 2298 716.1500 80.4000 47 2204 729.1100 163.5700 43 2398 604.9900 348.7600 45 2177 695.4700 266.2700 46 849 750.8800 368.1800 40 2154 597.3900 347.4300 41 2233 569.1500 334.2300 42 2100 595.0900 339.9400 39 2426 569.3300 388.4000 37 1987 389.9500 328.3900 35 2097 374.4900 371.0200 36 2197 361.9700 426.6500 38 1268 494.6600 348.5900
3.5257226548e+000 -6.7598966835e-001 -1.5635099232e+001
79 53 30
17 50 1713 526.8900 -63.2700 51 1695 533.1700 -98.8700 52 1498 561.3300 -71.7700 49 2177 508.4301 -29.4800 48 2105 532.6500 7.2000 47 2215 556.3600 88.3900 43 2413 447.7000 270.0700 45 2186 531.1899 188.5200 46 860 576.5300 289.6500 40 2174 462.9800 281.9900 41 2241 432.0000 266.7100 42 2107 457.5300 271.8700 39 2430 437.6899 330.3500 37 2216 275.7500 279.6900 35 2300 250.7600 327.8400 36 2436 243.5000 386.1900 38 1508 379.3000 300.1500
2.8471096265e+000 -1.8030398179e+000 -1.6838177179e+001
82 55 34
17 50 2181 306.1300 -283.9300 51 2164 306.7200 -299.0000 52 2323 321.8400 -264.8600 49 2577 293.2900 -289.6400 48 2548 322.7800 -293.2000 47 2389 364.1000 -235.5900 43 2736 304.1100 -114.1900 45 2360 370.7900 -189.0400 46 1028 389.0100 -72.0900 40 2525 380.3700 -93.3400 41 2540 332.8600 -106.9400 42 2408 353.7900 -102.1000 39 2794 376.5601 -44.3000 37 2562 234.6600 -27.1000 35 2716 231.5300 30.2000 36 2798 210.2200 90.0800 38 1889 329.8800 -10.2200
3.6842081339e+000 -1.6396807593e+000 -1.6924447177e+001
111 85 58
16 50 2462 482.8800 -259.1200 51 2451 479.9700 -276.3000 49 2713 473.1100 -260.2700 48 2674 504.7100 -258.5200 47 2498 539.6300 -200.5300 43 2800 480.5300 -77.8400 45 2557 551.6899 -153.7200 46 1252 570.2800 -38.7700 40 2597 553.1000 -63.9300 41 2602 502.3101 -76.8600 42 2468 521.7600 -71.7300 39 2875 555.9700 -14.7500 37 2650 395.7000 -2.8300 35 2814 419.6600 58.5400 36 2888 382.6700 109.7100 38 1973 491.9200 11.3500
4.0060984630e+000 -8.5289713218e-001 -1.6058305586e+001
87 60 39
16 50 1002 611.7100 -107.7800 51 444 611.0000 -139.7600 52 510 638.0900 -113.0100 49 1114 595.6300 -83.6700 48 1019 621.5800 -56.3700 47 967 646.0200 18.5200 43 1554 550.2700 183.8600 45 1296 632.7000 103.2200 46 244 672.6899 207.9500 40 1274 575.8400 197.4500 41 1403 538.9800 181.8900 42 1306 562.0200 186.7200 39 1511 558.9800 243.6900 37 835 387.7200 210.9800 36 167 364.8700 315.7200 38 383 488.6500 229.2000
3.6013322728e+000 -4.7497719455e-001 -1.5341496353e+001
83 57 32
13 50 933 568.2000 -14.7200 51 962 576.5500 -55.9100 52 411 608.2200 -30.3400 49 1534 548.0300 28.9600 48 1457 570.3199 75.1500 47 1382 590.6300 162.4900 43 1461 467.2300 355.9100 46 528 607.7400 372.2500 40 1200 468.1801 360.9000 41 1322 441.2300 347.4300 42 1218 467.3600 352.3000 39 915 436.4600 407.4500 37 771 272.1400 342.7400
3.7474257005e+000 -1.5336576157e+000 -1.6839655869e+001
61 36 14
14 50 546 497.7100 -239.9400 51 536 495.9301 -258.5600 52 630 514.4100 -228.5200 49 578 488.2300 -238.1400 48 1151 519.0601 -234.4800 47 1098 553.8900 -175.0100 43 1158 492.0300 -46.8700 45 991 563.9500 -123.8900 40 1399 561.1700 -30.6300 41 1031 511.2600 -44.3600 42 967 531.0500 -40.5300 39 1141 562.9301 15.0000 37 959 399.9100 22.6000 38 462 498.7700 39.5600
3.3854077385e+000 -2.8306784798e-001 -1.5091845168e+001
93 65 43
15 50 1922 529.2200 40.1600 51 1908 539.6500 -5.0300 52 2055 575.4200 22.1100 49 2356 506.5800 90.2000 48 2287 528.0699 142.4500 47 2187 546.5000 231.2000 43 2177 415.0800 428.7400 45 1922 504.7000 347.2700 46 678 562.8700 448.7500 40 1623 412.6100 422.0500 41 1713 387.8500 410.1400 42 1893 415.2100 417.4800 39 1851 377.9500 465.3500 37 1258 219.3000 387.3400 38 702 323.7400 408.7900
3.6893936114e+000 -3.7314602639e-001 -1.5262600620e+001
64 39 19
14 50 1359 598.4800 10.8900 51 1348 607.0300 -32.3700 52 1458 641.4399 -6.9000 49 1904 577.3000 57.1900 48 2295 599.1100 106.3100 47 2196 615.6200 193.3700 43 2542 486.7000 389.2400 45 2309 576.6400 306.3900 46 972 632.0699 405.7600 40 2315 480.9900 388.6700 41 2377 455.4399 375.3800 39 2421 447.2800 433.6700 37 2193 280.7000 362.6200 38 1479 384.8800 382.6800
3.6536021223e+000 -4.2287911839e-001 -1.5304481247e+001
61 35 12
13 50 1685 586.0100 -0.9500 51 1678 594.5800 -43.3400 52 1457 627.0000 -18.0400 49 1903 564.5500 43.5200 48 2088 586.4500 90.3100 47 1778 604.7400 176.7900 43 2195 478.6300 370.9800 45 1618 567.3600 288.7300 46 688 621.7700 388.6900 40 1643 475.3500 375.7300 41 1725 449.1700 361.0600 42 1640 475.7300 367.1000 39 1865 442.9301 420.8400
3.3482477691e+000 -1.8658330612e+000 -1.7085209748e+001
75 48 27
11 50 1119 400.5100 -296.4600 51 581 398.0300 -308.9800 52 654 412.8800 -276.7300 49 1243 390.8300 -303.2100 48 1619 421.8101 -311.2000 47 1582 461.0800 -256.7700 45 1792 477.8500 -219.9700 46 637 492.9399 -97.1900 40 1813 496.7100 -129.0400 42 1793 462.2300 -135.8600 39 2036 502.7800 -85.4300
4.0558204338e+000 -2.2845524253e-001 -1.5260864032e+001
79 49 25
14 50 2115 696.3101 43.3100 51 2088 704.1300 -2.6400 52 2249 740.6801 21.3400 49 2346 674.1700 93.0000 48 2292 692.0400 142.8300 53 1858 685.2400 -138.6100 47 2189 702.6400 229.3000 43 2181 566.9500 421.9100 45 1925 659.5601 339.4800 46 835 720.7100 442.8800 40 1930 550.2300 411.6300 41 2008 525.7600 400.0100 42 1899 552.5699 406.6500 39 2194 516.7300 451.2600
4.1588300584e+000 -9.1524586799e-001 -1.6180318180e+001
70 43 22
11 50 2302 636.1600 -123.3100 51 2299 635.8300 -152.5600 52 2473 661.0000 -125.9300 49 2549 623.0000 -102.0100 48 2650 650.1100 -76.4000 47 2355 673.8300 -4.4400 43 2575 583.3000 158.9000 45 2446 664.2100 78.8000 46 1132 701.0900 183.9700 42 2273 596.3000 161.9900 39 2623 600.7600 219.3600
3.4336551659e+000 -1.9575730766e-001 -1.5038469019e+001
97 69 47
13 50 1671 549.5300 63.0300 51 1653 560.4399 16.4000 52 1797 596.4000 42.9000 49 1882 524.7800 115.4500 48 1802 544.0000 168.7000 53 1639 541.8300 -123.3500 47 1754 560.9900 257.4000 43 1864 425.3800 454.2900 45 1592 515.2300 373.2600 46 504 575.1000 477.0900 40 665 415.9900 440.7600 41 1294 392.8500 430.7700 42 1200 420.5000 437.9800
3.7976569150e+000 -1.4827878640e-001 -1.5146275173e+001
85 52 29
13 50 1917 638.0800 68.2700 51 1897 648.1300 21.9900 52 2042 685.1500 47.6100 49 2146 614.5000 119.9100 48 2066 632.8101 172.7700 53 1850 629.8300 -115.7100 47 1757 645.2100 258.8600 43 1427 507.1600 450.9800 45 1595 598.9399 368.9200 46 517 660.4000 474.6000 40 1172 491.0100 432.9000 41 1295 468.2500 424.1100 42 709 495.6700 432.0600
1.5747924933e+000 -1.3398898203e+000 -1.5959211212e+001
164 84 93
14 50 1981 45.0700 -188.4700 51 1963 54.9500 -209.5200 52 2113 73.1801 -172.8300 49 2212 20.7700 -178.2100 53 1897 33.5700 -272.7600 47 2070 90.2800 -95.9900 54 1755 -13.7000 -353.3800 56 1583 -116.0700 -369.3600 43 1999 3.7800 57.1000 45 2018 73.3500 -17.5000 46 737 102.9399 92.4600 40 1330 62.7500 87.8900 41 1450 29.8000 71.3000 42 1720 54.8200 76.7400
3.7005451035e+000 -2.1266141743e-001 -1.5121100931e+001
68 43 21
14 50 2113 614.1200 53.8400 51 1896 624.7600 8.3200 52 2239 661.0699 33.4900 49 2345 590.3800 104.7400 48 2275 609.5100 157.6100 53 1849 606.2400 -130.9300 47 2010 623.4700 246.4000 54 1526 566.5200 -255.8400 56 1395 464.3199 -315.3700 43 2180 486.1600 441.9000 45 1908 577.5800 360.3300 46 827 638.7100 461.2000 40 1624 472.6700 429.8700 42 1614 476.9800 427.0900
3.9284323356e+000 -3.3294644598e-001 -1.5295658237e+001
100 70 44
12 50 1686 657.1600 17.0900 51 1351 665.5500 -26.0100 52 1443 699.7800 -1.2800 49 1894 636.2800 64.2300 48 1818 657.8800 114.2200 47 1770 672.0601 201.7700 43 2186 541.5100 395.5900 45 1932 632.1801 312.7700 46 520 689.7100 413.5000 40 1638 530.4200 392.3000 41 1727 503.9900 379.0400 42 1633 532.1300 386.5200
3.9844008680e+000 -9.1693537960e-001 -1.6119195307e+001
94 70 46
11 50 1416 601.0200 -122.2300 51 1408 601.7100 -152.0900 52 1522 627.2500 -125.1600 49 1594 586.6899 -99.1100 48 1866 613.4200 -74.1700 47 1820 638.3700 -0.5400 43 1951 545.6700 163.2900 45 1694 626.7600 83.0000 40 1706 574.9500 179.0500 41 1793 536.6300 163.0000 42 1699 559.5200 167.8000
1.6213776174e+000 -1.4984357841e+000 -1.5952730068e+001
182 134 112
11 50 1768 54.1500 -224.9000 51 1447 62.8800 -246.1700 52 1564 80.3900 -208.6100 49 1990 30.4200 -217.6000 48 1914 54.6500 -204.5500 47 1873 101.6801 -133.0000 45 1736 88.1300 -48.2900 46 750 113.7500 55.0400 40 1743 78.9600 73.7500 41 1834 45.1400 52.7800 42 1367 70.0200 56.5500
4.2995231710e+000 -2.0548260736e-001 -1.5301054626e+001
81 51 26
12 50 2278 755.8500 45.1500 51 2090 761.2800 -0.7400 52 2250 798.3800 22.3300 49 2495 734.8600 95.2300 48 2467 752.4100 146.1500 47 2320 759.9301 232.1500 43 2539 623.1500 424.0700 45 2306 716.1100 341.4100 46 1090 779.6801 444.2500 40 2316 600.8199 413.0500 41 2375 576.6300 401.7000 42 2245 603.4000 408.5400
3.4273231449e+000 -4.3817094744e-001 -1.5221400811e+001
80 54 29
9 50 922 530.2900 -2.5400 51 348 538.2700 -45.3300 49 1025 509.4000 43.7900 48 1451 533.5400 94.4600 47 872 554.0601 181.9000 45 1222 517.0800 298.0100 46 362 569.4301 395.7000 41 1309 403.3199 368.0600 42 1217 430.3300 375.0700
3.7825814060e+000 -1.4063519640e+000 -1.6656717426e+001
66 41 20
11 50 1461 517.4399 -218.5700 51 1078 516.7700 -239.4600 52 1151 536.3600 -210.0400 49 1669 506.7400 -211.4100 48 1919 536.2800 -202.4900 47 1879 568.7500 -139.0900 43 2270 500.2300 -0.5700 45 2040 574.5400 -78.6100 46 610 598.3500 32.4200 41 2104 513.8400 3.8600 42 1985 534.6300 7.9000
3.4154757917e+000 -1.4924634598e+000 -1.6619400455e+001
91 70 49
11 50 1469 438.5100 -232.8900 51 1457 438.6600 -252.6800 52 1573 457.1100 -221.2800 49 1995 426.8400 -227.8500 48 1917 456.5800 -220.7500 47 1878 492.2900 -156.7600 43 2273 424.1801 -18.9200 45 2038 497.0800 -96.8900 46 618 519.2300 15.0400 41 2108 441.1801 -11.7300 42 1990 462.3199 -7.8000
3.9390252097e+000 -1.0041924201e-001 -1.5139035510e+001
92 58 30
10 50 1918 677.7300 79.6700 51 1887 688.2000 32.7100 52 2044 726.0800 56.8200 49 2141 653.6300 132.4500 48 2067 669.8400 184.3900 53 1641 671.4600 -110.1900 43 1866 538.1400 463.4100 45 1586 631.2000 382.0600 46 670 695.0300 486.4600 42 1201 522.4100 440.8500
3.6430155677e+000 -2.0466193546e-001 -1.5096374676e+001
114 83 56
9 50 1925 600.2700 55.8500 51 1895 611.2600 12.2900 52 1799 648.2900 36.1600 49 1884 578.2900 108.2000 47 2009 610.9200 249.6900 43 2167 473.9200 446.4900 45 1905 564.9800 364.2600 46 679 625.3199 468.9400 42 1613 465.7700 430.8900
3.8962948157e+000 -3.7951764254e-001 -1.5331417187e+001
80 53 29
10 50 1937 645.2700 5.8800 51 1679 652.1700 -36.4800 52 1823 685.7600 -12.2600 49 2162 625.1400 51.6900 48 2296 646.8800 99.7800 47 2022 662.4700 187.0200 43 2389 535.1700 380.5800 45 2170 624.9200 298.0400 46 844 680.7400 397.6600 42 2097 527.8300 372.2700
2.3853683951e+000 -4.5597440627e-001 -1.4827013045e+001
118 84 55
8 50 917 272.7400 11.0800 51 941 288.9301 -32.7400 52 1433 320.0500 -1.7100 49 1521 245.3900 61.4400 48 1445 269.6600 117.2500 47 846 303.6801 211.3500 43 100 179.1700 425.1600 45 170 263.3400 341.7000
4.2607818155e+000 -2.0481822416e-001 -1.5311733530e+001
64 35 11
9 50 906 745.0000 45.7300 51 932 751.5500 -0.1100 52 1444 789.1899 23.0900 49 1518 723.4200 95.3100 48 1441 741.5500 145.5400 53 434 732.9500 -136.1300 47 1363 749.6100 231.1100 43 115 612.8600 421.0800 45 751 706.2800 339.0800
2.0259043310e+000 -6.8897998220e-002 -1.5096501787e+001
133 98 67
9 50 871 176.7800 113.6600 51 250 194.9000 75.0500 52 315 226.0300 111.0500 49 971 145.4900 153.5300 48 1410 163.6899 194.0300 47 822 197.6100 269.1800 43 850 79.7400 433.9800 45 706 158.0400 361.8400 46 184 201.3400 477.0900
3.9553918431e+000 1.0155045421e-001 -1.5122934452e+001
95 60 30
9 50 1653 687.7500 132.5400 51 1644 698.4500 84.0300 52 2027 739.6899 109.3600 49 1869 658.8800 185.4400 48 1784 671.5500 236.9000 53 1620 686.5601 -60.9000 47 1730 678.0699 318.7100 43 1405 529.9301 498.8400 45 1572 623.6899 421.0900
1.6631562615e+000 -2.4535808193e-001 -1.5537790014e+001
138 61 58
10 50 1662 79.5100 66.6100 51 1321 94.6200 35.3500 52 1781 121.4700 73.4500 49 1879 48.4600 92.3800 48 1813 66.8600 118.4300 53 1256 81.7300 -56.0800 47 1773 105.2500 181.0900 54 802 36.7100 -154.0400 43 1467 2.9200 319.7900 45 1227 74.8400 252.6000
3.9374185081e+000 -1.1046870755e+000 -1.6298619330e+001
89 63 40
9 50 1017 575.0300 -161.6600 51 1035 575.4600 -188.0900 52 1105 598.5500 -160.8100 49 1623 563.4301 -144.1700 48 1530 592.9100 -123.9900 47 1485 619.1899 -53.1600 43 1583 536.4200 103.7300 45 915 614.5601 23.2900 46 411 649.3000 129.6700
-5.5980325144e-001 -1.5673520692e+000 -1.6238355814e+001
176 137 111
12 50 1987 -423.6300 -206.3000 51 1736 -410.5300 -216.6200 52 2108 -396.3900 -167.6700 49 2218 -462.5200 -217.0100 48 2155 -452.6300 -224.9300 53 1682 -418.5200 -244.4800 47 1883 -394.7500 -173.9400 54 1741 -470.7800 -307.4600 56 1559 -578.2100 -307.0600 43 1643 -484.8100 -67.5900 45 1757 -423.1900 -128.1300 46 613 -389.4600 -0.5100
1.9549053759e+000 -1.7523050595e+000 -1.6275600850e+001
87 79 58
7 50 1085 125.1500 -278.4200 51 1105 130.4700 -296.0500 49 1685 105.8700 -277.6600 48 1597 132.9301 -272.0300 47 1561 179.1000 -204.4800 43 1651 104.3101 -57.9700 45 1421 172.1801 -133.2300
1.0679862579e+000 -1.0397971552e+000 -1.5657191109e+001
202 143 125
12 50 1725 -71.7400 -115.6000 51 1943 -59.1500 -140.2500 52 2084 -39.5900 -100.6700 49 2196 -101.8300 -99.9500 48 2128 -81.0500 -80.0000 53 1875 -77.6600 -213.0500 47 1822 -31.9100 -10.0500 54 1744 -127.3500 -301.7700 56 1573 -237.0400 -325.4000 43 1956 -124.2700 147.1700 45 1679 -55.5900 74.0700 46 563 -26.6300 180.9700
1.6626433156e+000 -1.0752628416e+000 -1.5810470169e+001
166 120 97
8 50 1727 68.8199 -130.8500 51 1709 79.3600 -155.3000 52 1857 99.6000 -117.8100 49 1945 43.1800 -115.6200 53 1665 59.2900 -228.1500 47 1825 110.6700 -26.5400 43 1961 18.3800 131.1400 45 1702 89.2800 56.0000
3.9218456995e+000 -9.5085604452e-001 -1.6144937067e+001
95 71 48
8 50 1414 583.9500 -128.7900 51 1407 585.3199 -157.9200 52 1519 610.4900 -130.8400 49 1608 569.8700 -106.8800 48 1509 596.8700 -83.2600 47 1466 622.6000 -9.8800 43 1968 532.0300 152.6600 45 1695 612.5000 72.2500
3.2026384261e+000 2.8513195629e-003 -1.4911672054e+001
101 71 43
11 50 1909 497.8700 121.6700 51 1884 512.4399 73.5900 52 2228 550.8101 101.8500 49 2327 470.4000 176.9200 48 2048 487.6300 231.5700 53 1838 496.0300 -72.0000 47 1989 505.3300 316.9300 54 1718 455.2300 -202.0300 56 1554 346.5699 -267.0000 43 2162 366.3400 505.4000 45 1887 454.3199 428.3000
3.4773049756e+000 -2.2875570744e-001 -1.5080873054e+001
73 45 23
9 50 1924 557.5699 52.7100 51 1892 568.8700 7.1900 52 2040 604.5699 33.8100 49 2144 533.1700 104.3200 48 2064 553.0300 157.2800 47 2006 570.1600 245.4500 43 2178 435.3700 441.5200 45 1903 525.1300 360.3500 46 825 583.3600 462.7500
4.0660760275e+000 -6.1027520198e-001 -1.5776726485e+001
66 41 19
8 50 1947 648.8300 -54.0000 51 1696 653.0900 -90.2600 52 1839 682.8199 -64.6400 49 2179 632.4100 -20.7600 48 2108 655.5601 14.8400 47 2035 674.1400 94.3700 43 2217 565.0200 269.9800 45 1961 650.7700 189.5500
3.2159972245e+000 -8.7145993064e-001 -1.5781637798e+001
71 49 29
7 50 1733 440.0800 -104.6500 51 1716 446.0100 -136.2900 52 1864 471.7800 -107.2500 48 2125 447.9800 -46.9200 47 2051 477.3400 30.7800 43 2228 377.6000 205.0800 45 1981 457.1700 124.1900
3.1572902206e+000 -1.1373968761e-001 -1.4922206221e+001
45 31 16
11 50 2108 483.0100 90.6000 51 2083 497.1899 43.6700 52 2236 533.9800 71.9700 49 2334 456.3199 145.1700 48 2268 475.7900 200.3300 53 2035 478.9301 -99.6300 47 2178 495.5500 287.8300 54 1726 437.2900 -229.0200 56 1567 327.8000 -293.1800 43 2370 358.4900 483.4600 45 2150 447.6700 403.5700
4.1515088706e+000 -6.5665204876e-001 -1.5882663802e+001
107 79 54
