# Bundle file v0.3
51 15542
1686.490605 0.0 0.0
0.636340 -0.625011 -0.452143
0.419333 -0.211701 0.882804
-0.647481 -0.751362 0.127374
-5.109355 9.186928 -6.545225
1696.721944 0.0 0.0
0.673781 -0.625046 -0.394127
0.439116 -0.090290 0.893882
-0.594303 -0.775349 0.213632
-4.448378 9.283438 -5.628045
1698.102956 0.0 0.0
0.708906 -0.599672 -0.371275
0.442647 -0.031550 0.896141
-0.549104 -0.799624 0.243077
-4.153488 9.394663 -5.172548
1690.121481 0.0 0.0
0.745288 -0.582034 -0.325242
0.447223 0.074601 0.891306
-0.494507 -0.809735 0.315898
-3.753244 8.950845 -4.339940
1695.418303 0.0 0.0
0.779704 -0.562836 -0.274368
0.448243 0.195778 0.872209
-0.437196 -0.803048 0.404936
-3.329620 8.471051 -3.727631
1688.750092 0.0 0.0
0.804479 -0.542391 -0.242127
0.449696 0.289849 0.844843
-0.388055 -0.788543 0.477089
-2.680697 8.251082 -3.179848
1693.518217 0.0 0.0
0.828346 -0.521861 -0.203725
0.448871 0.400681 0.798730
-0.335197 -0.753071 0.566151
-2.564359 7.898324 -2.437993
1676.507348 0.0 0.0
0.861241 -0.478469 -0.171265
0.422820 0.487677 0.763803
-0.281934 -0.730232 0.622313
-2.225241 7.462593 -2.197048
1679.862424 0.0 0.0
0.879993 -0.450527 -0.150456
0.408805 0.557099 0.722855
-0.241847 -0.697614 0.674421
-1.874188 7.189775 -1.777253
1666.546361 0.0 0.0
0.907198 -0.406492 -0.108422
0.375232 0.665271 0.645457
-0.190243 -0.626241 0.756062
-1.537578 6.450695 -0.975753
1702.558053 0.0 0.0
0.926684 -0.364743 -0.090659
0.340202 0.711515 0.614824
-0.159748 -0.600590 0.783436
-1.686823 6.181420 -1.213148
1681.649218 0.0 0.0
0.942157 -0.328395 -0.067062
0.309646 0.776214 0.549191
-0.128297 -0.538190 0.833002
-1.529793 4.985097 -0.330320
1677.495895 0.0 0.0
0.957070 -0.284437 -0.055781
0.278258 0.847710 0.451620
-0.081171 -0.447754 0.890465
-1.257491 4.256312 0.015985
1688.035056 0.0 0.0
0.973387 -0.225452 -0.041097
0.226113 0.915666 0.332307
-0.037288 -0.332756 0.942275
-0.629632 3.100427 0.356510
1673.688500 0.0 0.0
0.984667 -0.170954 -0.034721
0.174172 0.952350 0.250388
-0.009739 -0.252596 0.967523
-0.754648 2.247731 0.442070
1678.409175 0.0 0.0
0.990888 -0.128742 -0.039575
0.133943 0.972770 0.189148
0.014146 -0.192726 0.981151
-0.816698 1.777372 0.557462
1701.705865 0.0 0.0
0.998067 -0.061436 0.009408
0.060363 0.994224 0.088737
-0.014806 -0.087998 0.996011
-0.531725 0.941492 1.272849
1669.597185 0.0 0.0
0.999750 -0.005038 -0.021772
0.004984 0.999984 -0.002529
0.021785 0.002420 0.999760
-0.625964 -0.212594 1.037258
1682.967148 0.0 0.0
0.998313 0.047775 -0.033008
-0.049812 0.996712 -0.063911
0.029846 0.065448 0.997410
-0.760786 -0.989431 1.436740
1665.994446 0.0 0.0
0.995934 0.074615 -0.050472
-0.081609 0.984570 -0.154799
0.038143 0.158288 0.986656
-0.832781 -2.045313 1.179858
1670.472877 0.0 0.0
0.988956 0.130966 -0.069384
-0.143984 0.959970 -0.240262
0.035140 0.247599 0.968225
-1.192684 -2.847502 0.909403
1669.709661 0.0 0.0
0.980741 0.164287 -0.105623
-0.191429 0.915849 -0.352953
0.038749 0.366375 0.929660
-1.304316 -4.284673 0.514062
1689.377441 0.0 0.0
0.967844 0.214690 -0.131100
-0.250360 0.872794 -0.418988
0.024471 0.438337 0.898477
-1.253891 -5.047992 0.039641
1678.284936 0.0 0.0
0.949843 0.268763 -0.159886
-0.312666 0.826127 -0.468779
0.006096 0.495257 0.868725
-1.923233 -6.628170 -0.226114
1668.042416 0.0 0.0
0.934754 0.293706 -0.199928
-0.355143 0.788832 -0.501615
0.010382 0.539890 0.841672
-2.291551 -8.038236 -0.923323
1656.536181 0.0 0.0
0.916418 0.323310 -0.235901
-0.400179 0.731477 -0.552086
-0.005939 0.600344 0.799720
-2.910014 -8.591192 -1.671923
1661.895859 0.0 0.0
0.890047 0.356166 -0.284539
-0.454876 0.652684 -0.605881
-0.030080 0.668692 0.742931
-3.608612 -8.690768 -2.463762
1675.340228 0.0 0.0
0.864576 0.387359 -0.320097
-0.492674 0.528060 -0.691683
-0.098899 0.755716 0.647389
-4.111530 -8.858664 -3.906300
1672.946544 0.0 0.0
0.841823 0.399880 -0.362534
-0.524939 0.450265 -0.722288
-0.125592 0.798347 0.588956
-4.825181 -8.903161 -4.341445
1666.518842 0.0 0.0
0.811255 0.405632 -0.421103
-0.566440 0.366695 -0.738025
-0.144950 0.837256 0.527249
-6.036636 -8.704241 -5.255537
1676.858206 0.0 0.0
0.791888 0.409812 -0.452734
-0.587422 0.308598 -0.748132
-0.166881 0.858383 0.485108
-6.619477 -8.718942 -5.926000
1671.238653 0.0 0.0
0.760232 0.405465 -0.507588
-0.614971 0.197284 -0.763472
-0.209422 0.892568 0.399331
-6.918206 -8.239249 -7.019002
1668.213426 0.0 0.0
0.731387 0.417727 -0.539053
-0.626629 0.099755 -0.772907
-0.269091 0.903080 0.334719
-7.379640 -8.404929 -8.007794
1683.008923 0.0 0.0
0.698457 0.415667 -0.582562
-0.640378 -0.000399 -0.768060
-0.319489 0.909517 0.265905
-8.298514 -7.941420 -8.538110
1682.294553 0.0 0.0
0.659411 0.396656 -0.638625
-0.637523 -0.155162 -0.754645
-0.398425 0.904759 0.150561
-8.670741 -7.239354 -9.723889
1685.981005 0.0 0.0
0.637483 0.373561 -0.673845
-0.647356 -0.214556 -0.731366
-0.417787 0.902451 0.105051
-8.970216 -7.050979 -10.110953
1666.418161 0.0 0.0
0.611196 0.339799 -0.714826
-0.629238 -0.339231 -0.699273
-0.480103 0.877188 0.006478
-9.122229 -6.334359 -11.142695
1691.268251 0.0 0.0
0.589146 0.324770 -0.739886
-0.624577 -0.397910 -0.671991
-0.512650 0.858016 -0.031584
-9.477418 -6.242231 -11.489631
1673.383595 0.0 0.0
0.558684 0.269195 -0.784479
-0.570113 -0.562314 -0.598977
-0.602365 0.781881 -0.160684
-9.426585 -5.046583 -12.646028
1681.750479 0.0 0.0
0.544667 0.218831 -0.809599
-0.536324 -0.651265 -0.536852
-0.644743 0.726614 -0.237358
-9.449580 -4.042029 -13.491803
1666.410075 0.0 0.0
0.522383 0.194636 -0.830201
-0.509007 -0.709940 -0.486721
-0.684126 0.676832 -0.271790
-9.857189 -3.141059 -13.877884
1666.559815 0.0 0.0
0.520369 0.138673 -0.842606
-0.479095 -0.769391 -0.422499
-0.706883 0.623544 -0.333930
-9.633402 -2.313647 -14.480320
1672.031204 0.0 0.0
0.506323 0.098553 -0.856694
-0.454645 -0.813653 -0.362307
-0.732758 0.572936 -0.367165
-9.675653 -1.445235 -14.672930
1679.051808 0.0 0.0
0.498020 0.054178 -0.865471
-0.408722 -0.865568 -0.289376
-0.764802 0.497852 -0.408927
-9.572310 -0.578665 -14.768972
1683.453385 0.0 0.0
0.488303 0.011189 -0.872602
-0.343825 -0.916572 -0.204155
-0.802088 0.399712 -0.443718
-9.556631 0.575022 -14.827913
1677.982708 0.0 0.0
0.476865 -0.035427 -0.878263
-0.306070 -0.943347 -0.128132
-0.823967 0.329911 -0.460692
-9.550522 1.165271 -14.710242
1680.269831 0.0 0.0
0.456310 -0.100725 -0.884102
-0.242949 -0.969925 -0.014891
-0.856012 0.221587 -0.467057
-9.741613 1.813087 -14.649985
1678.274568 0.0 0.0
0.464777 -0.160049 -0.870842
-0.177372 -0.980421 0.085523
-0.867480 0.114714 -0.484066
-9.217681 2.664949 -14.161250
1671.286017 0.0 0.0
0.473686 -0.215535 -0.853912
-0.100627 -0.976486 0.190654
-0.874926 -0.004383 -0.484237
-8.867975 4.121168 -14.096320
1668.391528 0.0 0.0
0.477369 -0.256191 -0.840527
-0.040125 -0.961911 0.270401
-0.877787 -0.095355 -0.469466
-8.291313 4.881729 -13.952919
1660.524753 0.0 0.0
0.485823 -0.309031 -0.817604
-0.003417 -0.936076 0.351780
-0.874051 -0.168109 -0.455823
-8.168071 5.595233 -13.490642
-0.061965 2.452259 -9.391288
213 220 204
16 17 3245 -101.55 455.03 18 3627 -87.86 448.90 19 3753 -54.48 399.36 20 3771 -64.23 395.52 14 2416 -166.01 401.14 15 2917 -152.81 437.43 13 1809 -156.10 400.58 12 1473 -266.12 368.10 11 1457 -314.50 303.24 10 970 -303.26 361.01 9 1382 -274.26 348.16 7 1195 -314.05 250.80 8 1300 -276.71 298.91 6 1344 -348.45 240.97 5 1348 -312.18 180.16 4 1259 -387.34 135.91
-0.953162 1.542867 -10.591869
74 63 72
15 17 1917 -238.48 237.21 18 2635 -240.86 238.97 19 2632 -210.23 222.35 16 2182 -304.44 267.67 14 2115 -261.18 145.66 15 2576 -255.35 188.48 13 1546 -244.98 128.34 12 1530 -336.88 84.88 11 1518 -378.63 10.91 10 1035 -358.59 72.95 9 1438 -322.03 48.85 7 1235 -343.20 -47.67 8 1232 -311.93 1.41 6 1268 -365.87 -66.75 5 1245 -321.87 -125.31
-1.032357 2.316199 -10.877970
188 171 125
14 17 3569 -243.69 359.55 18 4014 -239.68 372.21 16 3056 -315.25 386.61 14 2686 -281.34 244.12 15 3202 -271.24 291.56 13 1982 -270.73 219.71 12 1637 -362.58 164.38 11 1614 -406.14 81.59 10 1112 -388.72 124.63 9 1517 -358.46 94.09 7 1329 -383.57 -25.32 8 1335 -352.27 31.20 6 1374 -410.60 -57.23 5 1394 -370.70 -130.04
-0.818312 2.559731 -10.669823
195 175 125
15 17 2926 -212.26 411.99 18 3131 -204.49 425.62 19 3135 -170.40 409.23 16 2503 -285.08 444.43 20 3764 -174.36 435.87 14 2085 -259.95 297.74 15 2546 -247.99 345.22 13 1509 -251.16 275.17 12 1076 -346.60 218.11 11 987 -391.27 136.63 10 407 -375.64 179.08 9 974 -346.66 151.96 7 851 -374.01 35.52 8 799 -342.37 90.30 6 823 -402.73 8.87
-1.616158 3.131768 -11.813527
92 59 49
13 17 3243 -310.64 456.63 18 3622 -304.10 492.18 19 3737 -268.40 500.42 16 2713 -387.69 462.32 14 2257 -353.24 284.13 15 2737 -340.14 343.01 13 1675 -348.36 240.57 12 1504 -434.29 159.80 11 1500 -477.04 62.43 10 1031 -459.64 82.73 9 1435 -434.18 44.15 7 1246 -458.07 -106.32 8 1243 -427.36 -37.64
-0.639568 2.945500 -10.468609
146 98 52
9 17 1684 -187.05 489.12 18 1784 -174.71 506.03 16 1436 -262.14 526.89 14 1085 -245.58 373.92 15 1151 -231.65 421.02 13 805 -239.57 351.80 12 638 -337.77 293.87 11 587 -383.59 211.98 10 380 -370.08 248.62
0.153874 2.666545 -9.017755
91 70 67
8 17 2909 -64.04 521.55 18 3106 -45.52 514.26 14 2218 -140.28 478.60 15 2699 -125.13 513.64 13 1633 -131.79 483.25 12 1457 -247.60 453.31 11 1445 -297.85 391.07 10 953 -288.45 446.94
0.416832 -1.079675 -7.824277
63 49 72
8 17 1627 -8.33 -313.53 18 1720 -34.70 -416.35 20 1017 -89.87 -502.01 14 1624 26.99 -162.36 15 1899 10.36 -168.80 13 1080 85.82 -99.81 12 822 -30.62 -20.21 11 315 -69.70 -6.39
-1.120311 0.822383 -10.637097
213 215 212
8 17 469 -264.70 109.97 18 445 -274.14 104.52 16 1166 -326.54 135.49 14 1486 -272.12 28.71 15 1654 -269.59 68.98 13 1004 -250.21 10.75 12 812 -339.76 -27.74 11 716 -380.09 -100.06
-0.867271 2.639879 -10.702826
108 69 54
11 17 2925 -220.57 424.15 18 3130 -213.13 439.28 19 3750 -179.90 424.00 16 2502 -293.26 455.14 20 3754 -183.44 452.71 14 2084 -267.64 306.32 15 2532 -255.67 353.92 21 3619 -118.01 410.69 13 1508 -259.35 281.96 12 1062 -353.61 224.94 11 986 -398.12 142.71
-0.141247 2.337219 -9.498961
211 224 210
10 17 2927 -114.24 424.62 18 3132 -102.93 417.59 19 3153 -71.07 371.30 16 2500 -183.10 490.25 20 3069 -82.05 370.64 14 2069 -172.29 371.70 15 2525 -159.98 407.76 13 1478 -161.92 370.47 12 1305 -268.97 338.85 11 1249 -316.28 274.92
-0.372786 1.047145 -9.643758
210 230 218
11 17 1991 -154.54 166.16 18 2118 -158.59 142.64 19 2741 -131.55 103.81 16 2193 -213.60 222.97 20 1982 -154.65 107.83 14 1898 -176.66 139.82 15 2181 -172.88 169.60 21 2410 -100.73 32.16 13 1548 -153.86 143.87 12 1352 -255.05 128.04 11 1338 -298.30 74.08
-0.242288 0.136660 -9.193723
209 225 210
5 17 1452 -136.74 -11.30 18 2267 -149.70 -55.42 15 2334 -140.17 27.76 12 1381 -208.23 31.46 11 1364 -249.63 -7.45
-0.417684 0.574279 -9.660950
206 232 217
9 17 2582 -162.67 74.66 18 2821 -171.64 45.68 19 2838 -145.76 10.11 16 2256 -217.95 127.08 14 2143 -172.25 56.37 15 2613 -171.80 84.59 13 1708 -144.65 60.75 12 1542 -243.32 50.37 11 1522 -284.15 -0.71
-0.563198 0.091797 -9.734679
71 67 68
11 17 2678 -188.22 -18.81 18 2898 -202.80 -49.71 19 2900 -177.59 -78.68 16 2355 -240.37 27.05 20 2777 -208.73 -67.54 14 2155 -184.00 -37.03 15 2634 -186.76 -8.68 21 2515 -160.17 -129.26 13 1577 -152.34 -33.89 12 1565 -247.79 -42.69 11 1534 -286.55 -93.43
-0.767108 -1.274547 -9.528949
210 223 218
12 17 2300 -233.04 -288.30 18 2376 -263.41 -332.60 19 3034 -239.66 -347.15 16 2467 -275.85 -257.29 20 2160 -281.91 -323.70 14 2193 -190.80 -294.67 15 2678 -204.06 -268.72 21 2046 -239.04 -365.90 13 1777 -144.30 -291.76 12 1588 -234.79 -287.39 11 1546 -267.49 -331.75 22 1167 -189.03 -369.78
-1.013103 2.544425 -10.942790
128 90 70
10 17 3565 -236.20 397.18 18 4010 -230.36 413.46 19 4192 -197.10 403.43 16 2971 -310.40 423.53 20 4181 -202.11 438.02 14 2580 -282.15 273.69 15 3089 -270.34 321.94 13 1972 -274.78 245.85 12 1636 -368.30 184.89 11 1608 -412.91 99.43
-0.296232 0.630024 -9.463785
210 227 211
8 17 3014 -142.98 87.16 18 3298 -150.68 52.92 16 2572 -198.07 147.92 14 2311 -156.60 81.63 15 2785 -155.58 107.33 13 1706 -129.30 90.14 12 1533 -230.76 84.14 11 1623 -271.80 35.11
-1.006796 0.183929 -10.332438
201 230 214
10 17 2649 -254.10 -0.81 18 2870 -269.27 -17.72 19 2862 -242.06 -33.41 16 2331 -310.52 28.33 20 2737 -267.61 -8.90 14 2340 -247.85 -59.44 15 2813 -249.80 -22.83 13 1749 -219.67 -70.14 12 1691 -308.46 -98.00 11 1641 -346.41 -162.54
0.453872 1.240517 -8.270590
204 226 209
10 17 3501 -0.91 243.39 18 3954 4.06 188.39 19 4134 27.60 104.47 16 2985 -55.49 352.51 20 4196 -6.34 67.08 14 2577 -48.10 305.85 15 3091 -42.03 319.32 13 2078 -24.66 342.50 12 1741 -147.50 360.03 11 1678 -197.97 329.48
0.361772 0.610469 -8.240914
92 74 87
10 17 3292 -19.63 99.36 18 3707 -22.71 31.67 19 3845 -1.33 -48.94 16 2762 -68.93 205.40 20 3848 -42.77 -84.22 14 2450 -47.97 182.06 15 2963 -46.29 191.00 13 1977 -18.07 221.84 12 1761 -139.92 252.37 11 1686 -188.87 229.26
0.193183 -0.176025 -8.392501
205 223 210
8 17 3103 -55.44 -83.49 18 3444 -70.66 -155.28 16 2799 -96.71 8.01 14 2328 -52.95 2.77 15 2808 -58.62 9.64 13 1866 -13.87 43.70 12 1664 -127.45 84.25 11 1709 -171.65 68.61
0.194999 -0.174721 -8.396619
205 223 210
10 17 3104 -55.44 -83.49 18 3445 -70.66 -155.28 19 3553 -51.75 -218.09 16 2798 -96.71 8.01 20 3539 -99.56 -236.59 14 2327 -52.95 2.77 15 2809 -58.62 9.64 13 1867 -13.87 43.70 12 1665 -127.45 84.25 11 1710 -171.65 68.61
2.757447 1.748376 -9.640558
118 103 65
9 17 1871 459.81 310.43 18 2622 507.23 261.15 19 2667 534.51 198.03 16 1570 402.54 398.23 20 2595 516.83 158.80 14 1110 359.01 355.43 15 1253 380.10 371.05 13 795 368.17 381.16 12 87 249.04 376.30
-0.809200 -1.126593 -9.633811
201 204 205
9 17 786 -237.79 -255.92 18 909 -266.40 -296.82 19 1651 -242.10 -312.01 16 1395 -282.14 -225.51 20 774 -282.77 -287.98 14 1669 -199.61 -268.84 15 1917 -211.49 -241.72 13 1123 -155.70 -267.66 12 418 -246.00 -267.23
-1.089511 2.540505 -11.028335
106 70 57
7 17 2362 -248.64 393.59 18 3137 -242.72 411.37 16 2112 -321.79 417.23 14 1833 -291.07 264.91 15 2095 -279.72 314.60 13 881 -282.59 236.15 12 709 -373.91 174.14
0.421216 -1.108655 -7.820388
191 196 201
6 17 841 -7.44 -320.72 18 1731 -35.38 -424.45 14 865 29.81 -169.19 15 967 12.18 -176.20 13 1093 89.21 -106.41 12 823 -25.97 -25.24
-0.404852 1.293695 -9.745001
213 226 213
9 17 1958 -158.22 211.66 18 2678 -160.32 192.79 19 2705 -132.40 155.57 16 1622 -219.17 267.40 20 2582 -153.12 161.22 14 1884 -185.72 174.59 21 2390 -97.46 87.60 13 1332 -165.61 175.19 12 1107 -266.32 153.04
-0.252388 0.909956 -9.401999
212 225 212
7 17 2030 -134.94 143.86 18 2760 -139.56 112.57 16 2208 -192.55 207.89 14 1899 -157.49 135.20 15 2182 -154.02 161.82 13 1549 -133.97 144.42 12 1113 -238.33 135.96
-0.543168 1.188252 -9.945334
204 227 213
8 17 1956 -180.43 187.41 18 2706 -184.16 171.67 16 2191 -241.51 235.33 20 2599 -176.48 150.99 14 1895 -202.78 140.45 15 2178 -198.25 174.13 13 1344 -181.94 136.97 12 1134 -279.68 112.01
-0.179102 -0.713359 -8.842087
211 231 219
9 17 2263 -131.10 -193.82 18 3020 -154.97 -255.24 19 3020 -134.95 -296.30 16 2435 -170.76 -128.85 20 2900 -181.89 -295.60 14 1985 -105.77 -142.93 15 2424 -116.34 -129.22 13 1410 -60.62 -115.81 12 1200 -162.42 -86.88
0.497541 -1.110411 -7.699955
62 50 75
7 17 2887 11.38 -327.61 18 3096 -16.56 -437.13 19 2377 -6.64 -503.96 16 2464 -10.60 -222.64 15 2664 30.37 -171.54 13 1597 108.02 -93.53 12 1397 -10.39 -4.98
-0.582009 0.271270 -9.750710
103 75 84
11 17 3047 -191.22 15.28 18 3346 -204.06 -14.79 19 2877 -178.11 -44.50 16 2590 -245.63 62.86 20 3340 -207.07 -32.64 14 2336 -192.60 -6.08 15 2806 -193.61 22.74 21 2489 -157.25 -95.37 13 1728 -163.89 -4.35 12 1557 -260.41 -16.04 22 2208 -92.13 -112.90
-0.692807 0.377962 -9.983669
198 228 206
8 17 3025 -206.49 35.02 18 3322 -218.74 11.83 19 3398 -192.15 -13.29 16 2588 -262.10 76.23 14 2325 -207.86 -2.23 15 2796 -208.52 29.19 13 1726 -179.75 -5.77 12 1558 -273.95 -22.51
0.138814 -0.669019 -8.350671
121 73 96
8 17 3183 -69.55 -196.58 18 3553 -92.27 -274.52 19 3652 -75.19 -331.00 16 2642 -104.24 -112.51 14 2351 -48.15 -101.79 15 2825 -58.82 -97.25 13 1883 0.20 -59.79 12 1679 -110.27 -9.25
-0.486734 -0.659727 -9.284585
204 229 211
7 17 3155 -183.36 -172.35 18 3493 -206.61 -220.33 16 2821 -228.38 -122.27 14 2505 -160.09 -157.51 15 2839 -168.59 -137.00 13 1899 -119.85 -145.01 12 1695 -216.63 -133.96
3.245615 1.727678 -9.995686
59 46 22
9 17 1874 535.31 295.59 18 2036 587.93 246.54 19 2678 614.47 189.63 16 1588 479.35 377.58 20 2615 600.48 152.52 14 1137 431.64 338.59 15 1266 455.62 353.48 21 2417 675.11 41.83 13 195 441.76 362.16
-0.637952 1.776942 -10.188624
93 67 78
7 17 252 -192.27 289.73 18 1271 -190.58 285.42 19 1320 -159.64 258.56 16 958 -258.65 333.83 20 1228 -172.88 274.41 15 441 -218.96 255.78 13 348 -212.39 206.43
-0.637952 1.776942 -10.188624
93 67 78
7 17 251 -192.27 289.73 18 1270 -190.58 285.42 19 1319 -159.64 258.56 16 957 -258.65 333.83 20 1227 -172.88 274.41 15 440 -218.96 255.78 13 349 -212.39 206.43
-0.226353 1.369716 -9.456365
86 58 55
6 17 328 -129.61 234.84 18 352 -128.98 210.49 16 297 -191.49 298.77 14 423 -164.11 211.97 15 512 -157.80 241.41 13 350 -144.97 217.65
-0.442807 1.276114 -9.816086
214 223 214
5 17 368 -164.18 206.71 18 348 -165.78 189.32 16 341 -225.83 259.60 14 497 -191.46 166.01 13 397 -171.82 164.45
-0.369586 0.804958 -9.607968
204 225 216
7 17 1377 -154.17 119.88 18 2160 -159.88 92.29 19 2193 -132.48 53.81 16 1142 -211.63 176.24 14 597 -171.72 100.31 15 662 -169.08 129.24 13 471 -147.03 106.00
0.234991 -0.546090 -8.245482
193 225 208
8 17 1533 -48.86 -170.98 18 1608 -69.24 -251.78 19 1667 -52.67 -313.68 16 1309 -84.00 -78.91 20 1590 -106.54 -332.16 14 801 -32.49 -66.43 15 877 -42.70 -64.01 13 566 14.08 -20.41
-0.039995 -1.038118 -8.486006
212 215 220
6 17 812 -106.74 -275.89 18 1671 -134.86 -351.70 16 1400 -140.77 -203.70 14 861 -71.90 -194.31 15 965 -86.26 -186.90 13 633 -20.53 -157.48
2.581360 1.719785 -9.488476
76 59 29
10 17 2458 430.36 309.61 18 3202 475.71 259.46 19 3278 504.58 193.27 16 2135 374.17 400.25 20 3240 486.73 153.65 14 1782 331.81 357.06 15 2064 352.48 372.03 21 3160 557.99 31.05 13 788 342.22 384.09 22 2186 632.54 -48.01
1.648141 0.536353 -7.672574
123 108 69
9 17 3017 300.93 89.65 18 3348 320.00 -12.79 19 3470 330.12 -123.65 16 2196 266.83 235.47 20 3470 274.78 -193.30 14 1841 245.53 264.12 15 2568 250.72 255.04 21 3454 318.89 -368.72 13 850 278.05 336.65
3.191393 1.447949 -9.912307
102 86 60
9 17 2494 530.36 244.48 18 2064 578.02 190.73 19 2731 600.34 132.54 16 1610 478.67 328.67 20 2639 580.46 94.88 14 1828 438.48 299.21 15 2107 457.96 312.16 21 2460 649.16 -15.00 13 854 450.70 326.27
-0.987027 2.771029 -10.920623
188 141 114
9 17 1045 -235.41 438.19 18 1134 -227.32 457.52 19 1185 -192.98 446.69 16 833 -309.68 462.68 20 1091 -194.50 480.20 14 1147 -282.94 306.94 15 1229 -270.23 357.23 21 1081 -128.71 444.02 13 867 -275.98 278.37
0.801720 -0.785992 -7.271775
50 37 64
5 17 1616 90.74 -261.98 18 2417 69.89 -388.81 16 1343 72.19 -126.48 15 1840 95.11 -67.50 13 986 169.11 39.90
2.685695 1.747715 -9.587692
128 111 69
8 17 2460 447.77 312.27 18 2621 493.81 263.59 19 3282 521.44 198.92 16 2138 391.64 400.65 20 3213 503.07 159.11 14 1783 348.05 357.36 15 2542 369.27 371.96 13 1239 358.29 382.69
2.839305 1.741675 -9.682837
116 100 66
6 17 2960 474.28 307.15 18 3205 523.12 257.02 16 2140 417.03 394.91 14 1787 371.52 353.31 15 2543 393.04 368.31 13 1261 381.06 378.88
-0.649510 2.432096 -10.370413
195 177 132
6 17 1758 -190.39 402.63 18 1893 -182.99 409.30 16 1505 -262.14 442.16 14 1821 -238.90 304.44 15 2057 -227.20 349.35 13 1280 -229.06 286.91
-0.266156 2.026132 -9.668681
213 207 206
7 17 1781 -133.95 356.33 18 1950 -126.39 346.43 19 2022 -94.89 304.35 16 1507 -202.00 415.85 14 1824 -183.62 304.09 15 2084 -173.19 339.61 13 1283 -170.87 301.80
-0.449023 1.341244 -9.835448
79 66 80
9 17 2502 -165.73 218.40 18 2677 -167.19 200.97 19 2686 -137.90 165.68 16 2183 -228.28 270.64 20 3203 -154.67 176.06 14 1881 -194.43 175.44 15 2146 -188.39 209.05 21 3693 -96.27 103.01 13 1330 -175.14 174.26
-1.087773 1.665363 -10.771314
208 219 205
6 17 1878 -255.50 253.20 18 2004 -257.20 257.74 16 1621 -322.87 280.07 14 1893 -280.81 153.10 15 2141 -273.51 197.24 13 1341 -266.02 130.77
0.527589 -0.986117 -7.667149
57 44 65
7 17 2310 18.50 -297.64 18 2412 -8.39 -407.30 19 1782 2.94 -479.55 16 2046 -4.68 -187.44 14 1981 49.67 -128.55 15 2429 33.73 -138.98 13 1397 108.15 -59.13
-0.179885 -0.713539 -8.843504
211 231 219
8 17 2262 -131.10 -193.82 18 3021 -154.97 -255.24 19 3021 -134.95 -296.30 16 2434 -170.76 -128.85 20 2899 -181.89 -295.60 14 1984 -105.77 -142.93 15 2423 -116.34 -129.22 13 1409 -60.62 -115.81
3.930604 1.773197 -9.795458
126 90 32
10 17 2474 682.13 312.94 18 3210 746.99 253.18 19 3300 775.17 186.39 16 2523 624.91 405.65 20 3244 758.71 136.28 14 2067 558.29 383.24 15 2530 585.57 393.00 21 3184 838.06 8.68 13 1468 564.68 415.92 22 2700 903.71 -80.70
-0.288792 2.212950 -9.759131
89 72 75
5 17 2365 -137.48 388.30 18 2509 -128.63 383.50 16 2099 -206.25 445.74 15 2533 -178.29 363.48 13 1487 -177.54 321.27
3.243179 1.524929 -9.988373
100 83 55
9 17 2479 536.54 257.83 18 2701 584.40 205.57 19 2732 609.60 148.85 16 2161 482.39 339.63 20 2637 590.02 111.79 14 2093 441.12 306.64 15 2553 461.19 320.72 21 2432 661.26 2.21 13 1493 452.61 332.82
-0.673780 2.000873 -10.316179
209 223 209
10 17 2422 -195.45 326.54 18 3161 -191.75 327.32 19 3185 -160.28 302.38 16 2149 -263.66 367.30 20 3093 -171.21 320.67 14 2098 -234.51 242.08 15 2555 -224.86 284.51 21 2944 -110.60 263.95 13 1521 -221.25 228.02 22 1939 -25.37 239.90
-1.047466 1.333611 -10.653808
206 225 217
8 17 2498 -251.64 198.73 18 2675 -256.17 197.62 19 2682 -225.87 183.13 20 2546 -240.70 209.58 14 1915 -270.97 109.88 15 2591 -265.34 152.31 21 2329 -184.78 167.70 13 1556 -253.50 90.71
-1.044935 1.332364 -10.646630
206 225 217
9 17 2499 -251.64 198.73 18 2676 -256.17 197.62 19 2683 -225.87 183.13 20 2547 -240.70 209.58 14 1914 -270.97 109.88 15 2592 -265.34 152.31 21 2330 -184.78 167.70 13 1557 -253.50 90.71 22 2007 -108.39 156.37
-0.559959 0.091081 -9.708538
71 67 68
10 17 2679 -188.22 -18.81 18 2899 -202.80 -49.71 19 2901 -177.59 -78.68 16 2356 -240.37 27.05 20 2778 -208.73 -67.54 14 2156 -184.00 -37.03 21 2516 -160.17 -129.26 13 1578 -152.34 -33.89 22 1571 -97.89 -151.81 23 2359 -171.44 -357.48
-1.614597 3.131107 -11.809825
92 59 49
7 17 3242 -310.64 456.63 18 3621 -304.10 492.18 19 3736 -268.40 500.42 16 2712 -387.69 462.32 14 2256 -353.24 284.13 15 2736 -340.14 343.01 13 1676 -348.36 240.57
-0.805563 1.904568 -10.482617
208 225 213
8 17 2955 -214.94 303.34 18 3174 -213.21 305.89 19 3186 -182.42 285.46 16 2531 -282.29 339.19 20 3108 -194.12 308.00 14 2276 -248.44 213.61 15 2748 -240.01 255.83 13 1681 -234.08 196.94
-0.607433 1.678536 -10.171692
88 69 91
6 17 2965 -186.97 272.65 18 3195 -186.10 266.48 16 2532 -252.36 316.68 14 2277 -220.02 203.91 15 2751 -212.63 241.75 13 1682 -203.95 193.49
-0.509941 1.405069 -9.910796
207 227 214
8 17 2977 -174.67 229.24 18 3663 -175.45 215.14 19 3811 -145.98 181.60 16 2540 -238.10 279.14 20 3806 -163.96 190.65 14 2291 -204.56 179.32 15 2762 -198.09 214.00 13 1696 -186.49 174.41
-26.779671 7.941895 -70.094319
112 71 128
5 17 2981 -628.12 188.63 18 2577 -609.87 313.14 19 2420 -578.80 466.71 16 2354 -701.52 24.48 13 1796 -644.83 -477.22
0.036108 1.798993 -9.062730
205 223 210
8 17 3258 -83.53 335.81 18 3647 -74.98 310.46 19 3791 -44.83 250.89 16 2718 -148.97 415.69 20 3800 -64.06 236.88 14 2248 -137.70 323.81 15 2728 -127.48 351.87 13 1816 -123.44 335.44
-1.483949 2.617847 -11.453453
160 127 83
11 17 2930 -302.00 389.89 18 3127 -297.29 413.71 19 3123 -263.07 415.93 16 2722 -377.04 402.15 20 2303 -264.27 458.98 14 2440 -341.17 240.99 15 2940 -329.23 294.78 21 2817 -201.08 441.91 13 1834 -333.98 202.23 22 1821 -113.16 446.46 23 2521 -147.45 258.27
-0.220478 1.327451 -9.446090
213 223 210
10 17 2487 -128.63 226.59 18 3233 -128.20 201.91 19 2687 -100.24 156.37 16 2539 -190.11 291.00 20 2601 -121.80 153.79 14 2278 -162.97 205.50 15 2752 -156.87 234.55 21 2391 -65.27 66.63 13 1836 -143.26 210.98 22 2137 13.12 24.88
-19.637039 6.666759 -71.436992
123 51 55
6 17 2998 -443.79 155.19 18 3194 -427.58 269.84 19 3122 -397.16 417.86 16 2601 -513.55 0.69 15 3011 -431.41 -186.11 13 1932 -453.55 -469.19
-20.383080 5.658067 -68.146752
111 103 128
7 17 3285 -486.40 137.27 18 3651 -470.18 253.05 19 3752 -439.29 400.58 16 2804 -556.27 -18.30 14 2532 -489.63 -327.45 15 3017 -473.78 -207.16 13 1935 -494.28 -494.18
0.269963 1.193785 -8.573007
87 70 82
6 17 3500 -40.34 223.57 18 3958 -37.63 176.88 16 2988 -95.88 318.88 14 2582 -80.27 263.89 15 3095 -75.39 279.83 13 1961 -57.18 293.57
0.365232 0.610151 -8.223159
92 74 87
8 17 3293 -19.63 99.36 18 3708 -22.71 31.67 19 3846 -1.33 -48.94 16 2761 -68.93 205.40 20 3849 -42.77 -84.22 14 2449 -47.97 182.06 15 2962 -46.29 191.00 13 1976 -18.07 221.84
0.016837 0.866498 -8.930141
202 227 208
6 17 3514 -90.87 143.20 18 3967 -95.27 101.89 16 2998 -143.90 223.01 14 2591 -113.27 167.79 15 3104 -110.95 187.16 13 1983 -86.74 188.24
0.681324 -0.668540 -7.491276
79 58 97
6 17 3552 56.92 -222.97 18 4045 38.28 -336.29 16 3029 33.33 -96.45 14 2619 73.07 -37.17 15 3137 59.17 -50.94 13 2016 128.82 40.68
-0.816434 0.405521 -10.089528
108 78 95
7 17 3435 -226.88 39.51 18 3881 -239.80 19.62 19 4044 -213.78 -2.39 16 2908 -282.53 77.00 14 2612 -226.78 -6.34 15 3126 -227.48 27.16 13 2025 -197.82 -11.22
-24.891247 8.022389 -69.174964
102 41 54
6 17 3403 -589.09 192.85 18 3842 -572.23 315.61 19 3994 -541.91 468.21 16 2912 -662.20 32.04 14 2635 -599.12 -290.52 13 2060 -607.19 -462.05
-23.150482 6.560175 -70.674807
170 39 54
7 17 2997 -531.47 154.77 18 3650 -517.50 272.09 19 3748 -485.19 423.25 16 2803 -606.58 -5.17 14 2527 -538.37 -320.02 15 3152 -523.64 -199.22 13 2065 -547.24 -492.24
-0.647636 0.491548 -9.956305
100 66 90
6 17 3527 -199.83 56.60 18 3978 -210.00 33.90 16 3009 -255.53 99.21 14 2605 -202.93 20.08 15 3121 -203.56 51.34 13 2106 -175.04 17.66
-0.787303 1.355190 -10.373464
77 61 79
5 17 3623 -212.83 208.25 18 4070 -216.29 200.88 16 3115 -276.94 247.24 15 3361 -231.50 175.91 13 2224 -221.60 120.95
-21.755040 9.132878 -69.189629
201 199 184
7 17 3622 -513.72 220.41 18 4063 -495.61 339.82 19 4236 -464.82 491.94 16 3124 -584.72 64.37 14 2849 -522.18 -249.94 15 3378 -503.73 -129.90 13 2256 -529.14 -414.57
-0.315594 2.888685 -9.907563
202 180 123
3 17 1654 -139.94 510.12 18 1754 -124.82 519.41 14 109 -207.09 419.52
2.541067 2.274764 -9.654289
94 76 40
5 17 1750 415.62 412.35 18 1942 467.74 374.62 16 812 351.31 497.02 14 137 299.61 431.28 15 1136 323.59 452.42
-0.254454 2.684769 -9.762601
131 95 60
4 17 929 -131.38 479.73 18 1106 -116.97 482.44 14 171 -195.24 401.53 15 189 -181.30 443.13
-0.929452 3.029908 -10.892115
113 69 44
5 17 1681 -227.02 482.71 18 2441 -216.71 506.09 16 1435 -302.79 508.85 14 264 -279.66 346.65 15 1183 -265.65 398.52
-0.881911 2.221009 -10.648412
181 160 132
8 17 1105 -224.45 353.24 18 1229 -220.06 362.81 19 2001 -187.31 345.83 16 896 -294.81 385.38 20 1841 -194.64 371.84 14 365 -263.30 248.08 15 372 -253.15 293.93 21 1793 -132.33 325.69
4.373855 1.954416 -9.091012
171 125 48
4 17 1102 835.27 379.85 18 2002 919.86 304.66 20 1978 933.14 134.93 14 988 671.16 491.70
-0.124686 2.167211 -9.427108
97 72 77
5 17 1075 -110.89 394.78 18 1206 -100.45 383.21 16 836 -179.81 462.27 14 1087 -168.39 350.50 15 1186 -156.77 385.07
2.342456 1.755688 -9.336641
82 68 35
5 17 2946 388.82 321.51 18 3199 431.84 272.06 16 2118 332.76 414.73 14 1097 292.84 368.87 15 2036 312.68 384.40
2.486911 1.729416 -9.428638
76 59 30
8 17 2457 414.19 313.99 18 2617 458.30 264.17 19 3276 485.44 197.04 16 1565 359.47 404.72 20 2591 467.98 157.00 14 1099 317.96 360.72 15 1249 338.01 376.05 21 3156 538.60 33.05
2.488908 1.730739 -9.435919
76 59 30
10 17 2456 414.19 313.99 18 2618 458.30 264.17 19 3277 485.44 197.04 16 1566 359.47 404.72 20 2590 467.98 157.00 14 1100 317.96 360.72 15 1250 338.01 376.05 21 3155 538.60 33.05 22 1520 613.12 -45.79 23 2342 540.63 -346.14
3.244786 1.727714 -9.991983
59 46 22
8 17 1875 535.31 295.59 18 2035 587.93 246.54 19 2679 614.47 189.63 16 1589 479.35 377.58 20 2614 600.48 152.52 14 1138 431.64 338.59 15 1267 455.62 353.48 21 2416 675.11 41.83
0.033532 1.728769 -9.077291
82 68 76
4 17 2424 -84.24 320.58 18 2578 -77.44 294.61 16 1548 -148.08 399.34 14 1151 -134.14 310.61
-1.132052 2.718199 -11.117478
130 82 59
7 17 1047 -253.99 418.65 18 1854 -247.48 441.47 19 1910 -213.78 435.06 16 862 -328.31 440.14 20 1766 -215.07 473.16 14 1170 -297.35 283.37 15 1271 -285.82 335.50
-0.655840 0.905766 -10.005841
89 82 87
5 17 1345 -199.00 133.36 18 1406 -205.76 115.70 19 459 -177.72 87.40 14 1432 -214.37 87.30 15 699 -211.27 120.14
1.961821 -0.540878 -7.401752
59 43 20
6 17 3157 396.50 -191.79 18 3807 403.06 -329.27 19 3978 398.24 -435.02 16 2404 388.75 -38.62 14 1488 389.27 56.56 15 2337 381.59 29.78
0.178448 -0.607651 -8.305408
206 222 212
5 17 2264 -61.19 -183.52 18 2359 -83.10 -262.63 16 1969 -96.12 -95.40 14 1603 -41.56 -85.12 15 1855 -52.23 -81.21
1.584854 2.318103 -8.950945
129 113 74
4 17 3247 243.11 455.78 18 3833 284.55 419.78 14 1732 136.79 474.36 15 2505 158.15 497.12
0.361553 1.938858 -8.519701
215 223 213
7 17 2366 -19.93 391.87 18 2522 -6.06 357.52 19 2603 23.06 278.70 16 2093 -84.19 493.01 20 2516 1.15 246.94 14 1753 -86.96 409.25 15 2005 -75.33 432.55
2.116335 1.901959 -9.184058
69 54 22
8 17 2938 349.22 356.77 18 3179 390.81 311.24 19 3238 421.05 239.57 16 2100 288.62 452.78 20 3811 404.24 198.36 14 1757 246.24 398.67 15 2012 265.64 416.10 21 3702 477.39 67.43
2.410007 1.737250 -9.372440
62 47 18
7 17 2947 402.89 316.61 18 3200 444.86 267.37 19 3274 472.76 199.29 16 2133 344.68 409.46 20 3814 453.73 158.86 14 1781 304.13 364.51 15 2039 323.57 379.77
0.073111 1.899357 -9.108425
78 67 74
6 17 2396 -76.50 353.64 18 3163 -66.44 331.62 19 3205 -34.90 271.71 16 2113 -142.45 433.60 20 3794 -50.55 260.95 14 1796 -133.06 339.65
3.092123 1.750674 -9.879380
62 51 23
5 17 2467 512.67 303.34 18 3208 563.23 254.39 19 3287 591.72 195.11 16 2144 455.69 386.83 14 1808 408.88 346.34
-0.953572 2.396488 -10.788947
129 74 56
6 17 2392 -232.95 378.72 18 3139 -227.37 391.59 19 3151 -193.54 378.11 16 2126 -304.66 407.35 14 1836 -274.83 263.12 15 2097 -263.70 310.23
-0.255505 1.470778 -9.547726
81 64 67
5 17 2486 -134.50 251.66 18 3220 -133.41 231.68 16 2170 -196.04 313.91 14 1854 -168.98 221.82 15 2111 -162.58 252.60
-0.158852 1.444975 -9.412602
92 79 79
4 17 1918 -117.72 250.63 18 2022 -115.62 227.24 14 1856 -154.08 229.78 15 2112 -147.55 259.60
-0.375625 1.046707 -9.655979
210 230 218
10 17 1990 -154.54 166.16 18 2117 -158.59 142.64 16 2194 -213.60 222.97 20 1981 -154.65 107.83 14 1897 -176.66 139.82 15 2180 -172.88 169.60 22 1479 -25.78 -0.23 23 2239 -94.66 -232.26 24 2228 -80.35 -439.98 25 2060 -122.27 -444.61
-0.136173 2.110675 -9.452917
210 223 207
7 17 2933 -112.98 382.57 18 3151 -103.11 370.36 19 3169 -70.99 321.82 16 2505 -181.66 449.41 20 3096 -84.01 317.91 14 2076 -168.79 338.80 15 2535 -157.57 372.29
-1.183027 1.620648 -10.893793
204 225 208
8 17 2482 -268.09 242.61 18 2634 -270.53 248.83 19 2631 -239.21 238.35 16 2179 -335.67 266.02 20 2486 -250.68 269.80 14 2113 -291.54 136.79 15 2175 -284.54 181.83 21 2279 -193.32 234.17
0.337483 -0.239840 -8.201732
78 68 89
6 17 2765 -25.99 -100.70 18 3475 -42.23 -180.53 19 3588 -26.08 -248.73 16 2357 -62.81 -2.22 14 2151 -20.26 5.23 15 2368 -27.13 10.58
-0.853519 -0.917434 -9.761420
210 224 215
8 17 2835 -242.12 -212.97 18 3018 -268.37 -250.11 19 3004 -243.14 -264.70 16 2449 -289.04 -181.80 20 2852 -281.00 -241.17 14 2190 -210.65 -231.90 15 2666 -220.25 -203.38 21 2604 -236.35 -282.24
-24.762221 0.531199 -66.262044
197 38 53
5 17 2646 -612.77 7.94 18 2732 -601.37 129.24 19 2596 -570.59 279.34 16 2021 -686.06 -158.17 14 2206 -606.69 -479.65
-18.072918 0.051192 -68.408229
158 70 74
6 17 2647 -425.89 -1.40 18 2757 -414.39 109.53 19 2629 -383.95 251.35 16 2443 -491.16 -157.43 20 2327 -364.78 412.82 14 2208 -414.85 -462.24
2.399042 1.632019 -9.317559
133 118 72
10 17 3394 403.95 298.17 18 3850 444.86 246.04 19 4127 469.07 177.63 16 2725 350.62 392.20 20 4128 448.26 135.14 14 2236 312.70 351.28 15 2731 330.43 365.85 21 3975 514.73 9.19 22 2923 586.76 -71.03 23 3353 509.46 -373.28
-0.270850 2.305742 -9.750300
211 225 211
7 17 2932 -133.68 406.59 18 3638 -123.73 402.71 19 3762 -91.66 362.98 16 2504 -203.30 464.51 20 3779 -102.27 367.73 14 2247 -188.41 342.56 15 2720 -176.66 380.47
1.613489 0.482510 -7.619756
67 54 25
7 17 3296 293.94 76.57 18 3886 312.98 -28.67 19 4054 323.15 -140.52 16 2757 259.75 223.84 20 4069 265.31 -209.52 14 2268 239.46 256.22 15 2756 244.76 245.90
0.492003 0.602574 -8.048543
88 71 87
7 17 3012 9.11 99.47 18 3323 6.54 26.58 19 3422 26.08 -60.33 16 2763 -37.57 211.95 20 3420 -18.32 -102.16 14 2284 -20.26 200.18 15 2764 -19.12 204.46
-0.192113 -0.121993 -9.082329
208 228 216
10 17 2705 -128.95 -63.95 18 2943 -145.03 -113.92 19 2942 -122.71 -157.42 16 2602 -175.31 -0.07 20 2813 -162.07 -158.91 14 2341 -122.10 -36.69 15 2635 -127.17 -17.92 21 2585 -116.36 -239.85 22 2312 -56.84 -271.49 23 2441 -141.90 -497.21
3.818335 -1.069374 -9.120014
42 28 18
7 17 3206 715.73 -258.70 18 3604 733.19 -367.61 19 3983 719.85 -431.12 16 2827 713.14 -156.12 20 3720 644.43 -467.70 14 2347 725.59 -82.29 15 2826 718.63 -96.70
-18.431060 1.437243 -67.929285
190 86 95
7 17 3024 -439.14 32.65 18 3246 -425.33 143.71 19 3184 -394.89 287.84 16 2639 -505.39 -122.96 20 3005 -373.06 451.21 14 2391 -431.73 -426.87 15 2873 -419.67 -306.54
-18.665973 0.742095 -67.423478
195 61 67
7 17 3045 -447.63 15.69 18 3678 -436.18 126.86 19 3203 -405.04 270.79 16 2645 -513.92 -141.23 20 3761 -386.37 433.70 14 2392 -438.54 -446.80 15 2878 -427.63 -324.96
-22.064244 1.287251 -59.217633
197 35 54
3 17 3022 -613.29 35.05 18 3245 -603.46 148.55 16 2637 -686.48 -130.42
-18.097072 -0.438454 -66.621354
186 116 116
7 17 3062 -439.22 -14.26 18 3264 -428.68 95.78 19 3226 -398.09 238.73 16 2659 -504.03 -170.24 20 3049 -379.15 400.39 14 2400 -426.81 -475.89 15 2879 -416.32 -354.81
-16.995817 -2.324477 -68.493718
158 47 50
6 17 3080 -398.14 -60.37 18 2820 -389.35 48.82 19 3266 -359.02 189.14 16 2672 -460.27 -216.75 14 2405 -379.90 -519.94 15 2882 -372.24 -398.49
0.453509 0.764190 -8.093803
84 76 83
5 17 3286 0.22 136.17 18 3700 0.01 68.14 16 2755 -50.20 250.65 14 2441 -36.02 226.68 15 2955 -32.79 234.70
-0.171617 0.297237 -9.164089
80 64 68
10 17 3312 -123.46 21.57 18 3722 -134.54 -22.46 19 3447 -110.95 -69.63 16 2784 -174.23 90.19 20 3389 -145.66 -73.11 14 2476 -129.78 42.07 15 2979 -131.02 61.90 21 3279 -96.97 -157.44 22 2713 -31.59 -189.40 23 3200 -112.68 -423.53
-0.171617 0.297237 -9.164089
80 64 68
10 17 3311 -123.46 21.57 18 3721 -134.54 -22.46 19 3446 -110.95 -69.63 16 2783 -174.23 90.19 20 3388 -145.66 -73.11 14 2477 -129.78 42.07 15 2978 -131.02 61.90 21 3278 -96.97 -157.44 22 2712 -31.59 -189.40 23 3199 -112.68 -423.53
-0.997356 0.435834 -10.293719
204 227 214
7 17 3434 -252.53 44.96 18 3880 -265.22 29.28 19 4042 -238.13 11.01 16 2907 -311.37 76.41 20 4052 -261.84 34.05 14 2488 -254.36 -16.51 15 2987 -253.84 20.96
0.471035 -0.641644 -7.770178
77 63 96
6 17 3467 4.88 -207.26 18 3911 -15.98 -308.25 19 4079 -3.05 -384.02 16 2927 -25.79 -95.41 14 2496 19.10 -54.84 15 3000 8.68 -60.76
-19.648032 1.019161 -66.896402
196 106 110
7 17 3307 -476.50 22.73 18 3677 -464.87 135.17 19 3780 -434.04 279.97 16 2823 -543.93 -135.04 20 3750 -414.05 444.80 14 2544 -469.74 -443.93 15 3036 -457.00 -321.68
-24.064357 -0.854418 -64.465281
176 30 37
6 17 3319 -612.52 -26.46 18 3688 -602.43 92.22 19 3787 -570.78 239.60 16 2828 -684.42 -194.08 14 2548 -604.92 -518.59 15 3038 -590.82 -387.61
-0.595508 2.560311 -10.326430
198 181 134
6 17 3481 -181.21 427.62 18 4011 -171.96 436.29 19 4193 -138.48 411.17 16 2966 -254.27 469.13 14 2570 -235.24 327.90 15 3084 -222.55 372.64
-1.370870 2.750385 -11.377367
77 49 37
5 17 3387 -285.58 413.11 18 3930 -279.47 440.39 16 2970 -359.79 429.98 14 2579 -326.07 265.24 15 3088 -314.18 318.41
0.278334 0.489963 -8.414710
205 228 212
8 17 3428 -38.11 67.53 18 3981 -45.17 5.36 19 4147 -24.05 -66.45 16 3004 -85.18 164.91 20 4061 -64.57 -92.58 14 2594 -55.71 141.85 15 3108 -56.42 151.47 22 2933 50.62 -269.17
-0.650206 0.492307 -9.959241
100 66 90
5 17 3526 -199.83 56.60 18 3977 -210.00 33.90 16 3008 -255.53 99.21 14 2606 -202.93 20.08 15 3122 -203.56 51.34
-0.822159 0.406226 -10.097663
108 78 95
5 17 3436 -226.88 39.51 18 3882 -239.80 19.62 19 4043 -213.78 -2.39 14 2613 -226.78 -6.34 15 3127 -227.48 27.16
-18.678731 3.701025 -69.831107
165 41 52
6 17 3425 -431.46 87.00 18 3855 -417.42 199.80 19 4010 -386.22 343.74 16 2925 -499.73 -68.16 14 2639 -429.36 -371.14 15 3155 -415.86 -251.84
-18.680910 2.666214 -67.585890
197 126 124
7 17 3426 -447.35 63.97 18 3858 -434.01 175.69 19 4011 -402.77 320.64 16 2924 -514.67 -91.59 20 4010 -380.90 484.98 14 2645 -443.79 -396.03 15 3160 -430.35 -275.93
-25.786187 2.021222 -67.672523
198 120 121
7 17 3430 -625.13 46.01 18 3857 -612.38 168.41 19 4008 -582.11 317.69 16 2930 -697.98 -119.50 20 4009 -562.88 493.70 14 2654 -622.76 -446.04 15 3167 -606.66 -316.38
-19.559149 -0.019001 -68.464846
186 127 125
7 17 3445 -462.36 -5.29 18 3689 -451.02 109.42 19 3781 -420.63 252.52 16 2824 -528.74 -160.91 20 3762 -401.22 417.07 14 2658 -452.13 -470.69 15 3172 -440.81 -347.68
-34.216910 1.372991 -77.794107
136 121 100
7 17 3439 -720.96 25.88 18 3861 -708.73 154.12 19 4014 -678.10 311.59 16 2934 -796.80 -150.28 20 4008 -659.97 494.11 14 2663 -720.07 -493.28 15 3174 -701.95 -356.96
-17.655909 -0.988315 -66.485041
175 40 48
7 17 3446 -428.18 -27.48 18 3867 -418.98 81.00 19 4020 -388.31 223.92 16 2938 -492.77 -184.74 20 4027 -371.16 383.82 14 2664 -414.18 -488.73 15 3175 -404.73 -368.00
-0.128935 1.981415 -9.449078
91 71 80
7 17 3570 -112.29 354.79 18 4016 -104.68 341.01 19 4202 -73.74 293.85 16 2974 -176.47 425.64 20 4187 -88.07 291.41 14 2678 -160.71 317.65 15 3198 -151.18 351.89
0.196486 0.578887 -8.485517
91 75 94
9 17 3524 -55.69 86.49 18 3980 -61.00 26.83 19 4146 -38.30 -42.38 16 3003 -106.68 182.34 20 4059 -76.71 -67.81 14 2697 -80.28 152.09 15 3213 -78.33 162.89 21 3925 -27.31 -185.39 22 2931 40.84 -237.11
-24.873758 6.666497 -68.311005
203 200 191
6 17 3509 -596.83 161.31 18 3943 -580.79 283.90 19 4105 -550.57 435.48 16 3019 -670.67 0.17 14 2734 -602.97 -322.55 15 3251 -584.93 -197.68
-24.873758 6.666497 -68.311005
203 200 191
6 17 3510 -596.83 161.31 18 3944 -580.79 283.90 19 4106 -550.57 435.48 16 3020 -670.67 0.17 14 2735 -602.97 -322.55 15 3252 -584.93 -197.68
-27.206527 6.992954 -70.701689
54 30 59
6 17 3508 -630.99 163.47 18 3941 -615.03 288.82 19 4189 -586.24 442.07 16 3018 -705.45 -0.65 14 2741 -637.14 -328.30 15 3250 -618.80 -201.86
-20.540787 4.664821 -68.016285
44 32 53
6 17 3519 -490.93 112.90 18 3948 -476.05 227.85 19 4115 -444.20 375.29 16 3025 -561.39 -43.19 14 2742 -493.32 -353.38 15 3257 -476.71 -232.34
-24.353783 3.840293 -65.991622
199 47 60
6 17 3518 -605.85 94.00 18 3952 -592.11 215.59 19 4114 -562.46 364.44 16 3028 -677.84 -67.04 14 2750 -606.16 -391.49 15 3259 -589.64 -263.77
-17.742039 0.582138 -67.733455
180 126 121
7 17 3440 -422.12 11.71 18 3864 -410.94 121.76 19 4016 -380.62 264.55 16 3036 -487.33 -143.47 20 4022 -360.50 426.11 14 2752 -412.45 -446.28 15 3266 -400.98 -326.67
-24.934841 0.293224 -65.379111
203 122 120
7 17 3530 -626.35 3.61 18 3965 -615.10 123.59 19 4121 -584.06 272.39 16 3040 -698.59 -163.51 20 4110 -566.19 445.20 14 2756 -621.15 -489.85 15 3267 -606.21 -359.25
-0.201258 0.028415 -9.172794
75 62 72
8 17 3581 -129.11 -33.74 18 4035 -143.49 -79.95 19 4221 -120.71 -123.55 16 3077 -176.96 30.81 20 4143 -157.43 -123.53 14 2800 -126.40 -10.43 15 3317 -130.31 8.91 21 3995 -110.94 -203.78
-19.655232 3.214785 -68.210862
168 89 87
6 17 3663 -467.20 76.43 18 4109 -453.30 190.21 19 4274 -422.47 335.74 16 3156 -535.74 -79.59 14 2905 -465.04 -386.17 15 3418 -450.54 -266.19
4.378593 1.958459 -9.092371
171 125 48
4 17 1103 835.27 379.85 18 2003 919.86 304.66 16 828 772.06 498.97 15 124 707.08 495.69
